1.000121100000000096e+00 1.071446830346418563e-03 6.161218744041334827e-04
1.005121699999999896e+00 1.064478331741915617e-03 6.075541947414531650e-04
1.010147300000000081e+00 1.057238478817099526e-03 5.990861118912323667e-04
1.015198000000000045e+00 1.049903106189073844e-03 5.907363458050300274e-04
1.020273999999999903e+00 1.042516820131745127e-03 5.824938744210179150e-04
1.025375399999999937e+00 1.035094623265929827e-03 5.743576583969054123e-04
1.030502299999999982e+00 1.027645753331628839e-03 5.663266663847883048e-04
1.035654800000000098e+00 1.020170510669833391e-03 5.583998749855933162e-04
1.040833099999999956e+00 1.012667319334823856e-03 5.505762158062694426e-04
1.046037200000000000e+00 1.005131711056663673e-03 5.428642625520104046e-04
1.051267399999999963e+00 9.975555171537265394e-04 5.352438132412939932e-04
1.056523799999999902e+00 9.899180719806204704e-04 5.277328875174739503e-04
1.061806400000000039e+00 9.821817364312299559e-04 5.203210298467908588e-04
1.067115400000000047e+00 9.742694996329501851e-04 5.130072187461627879e-04
1.072451000000000043e+00 9.659565148571736242e-04 5.057997357313920696e-04
1.077813200000000027e+00 9.560652912806366296e-04 4.986513074200011513e-04
1.078928700000000074e+00 9.529626806853500054e-04 4.971474992206143667e-04
1.081071399999999905e+00 9.503237226969450278e-04 5.015268575885717395e-04
1.083202299999999951e+00 9.500914179776403677e-04 4.986635272167254558e-04
1.088618300000000039e+00 9.453438288873748261e-04 4.914592501116231155e-04
1.094061399999999962e+00 9.394193206529172354e-04 4.843598469013650249e-04
1.099531700000000001e+00 9.331189863047012478e-04 4.773642416075667225e-04
1.105029400000000050e+00 9.266332470390188560e-04 4.704623062803306292e-04
1.110554500000000111e+00 9.200436836909654413e-04 4.636621336724530370e-04
1.116107299999999913e+00 9.133897153644628900e-04 4.569536621396745927e-04
1.121687799999999902e+00 9.066950802836425865e-04 4.503449107518929929e-04
1.127296300000000029e+00 8.999763345223681706e-04 4.438259278749126600e-04
1.132932800000000073e+00 8.932426986335448250e-04 4.374046594403543887e-04
1.138597400000000093e+00 8.865071766004081538e-04 4.310975941563664369e-04
1.144290400000000041e+00 8.797777429392659781e-04 4.248075961349277447e-04
1.150011899999999976e+00 8.730442235097889223e-04 4.185695020685053515e-04
1.155761899999999898e+00 8.663108416135874333e-04 4.124174907095853166e-04
1.161540699999999982e+00 8.595853352407850602e-04 4.063592106725250151e-04
1.167348400000000064e+00 8.528673151841571938e-04 4.003936840421111216e-04
1.173185200000000039e+00 8.461616455274496417e-04 3.945114129513584969e-04
1.179051099999999908e+00 8.394706398360846523e-04 3.887200482107711552e-04
1.184946400000000066e+00 8.327868979508510098e-04 3.827662792700079310e-04
1.190871100000000071e+00 8.260972297637664188e-04 3.768454191773277237e-04
1.196825400000000039e+00 8.194028932211345345e-04 3.710239631790896017e-04
1.202809599999999923e+00 8.127062614067967700e-04 3.652924889172115921e-04
1.208823600000000109e+00 8.060063785849479580e-04 3.596583586605117222e-04
1.214867700000000106e+00 7.993043200113475293e-04 3.541122513628842971e-04
1.220942100000000030e+00 7.925888798637243000e-04 3.484736545809227455e-04
1.227046800000000104e+00 7.858483479789205419e-04 3.428986611647713242e-04
1.233182000000000000e+00 7.790724656371543879e-04 3.374190056834972277e-04
1.239347900000000058e+00 7.722502138865068545e-04 3.320336232461561514e-04
1.245544699999999949e+00 7.653555731964413814e-04 3.267414595435253247e-04
1.251772399999999896e+00 7.583331959526949662e-04 3.215335613489102664e-04
1.258031200000000016e+00 7.510527170284131979e-04 3.164169317965259253e-04
1.264321400000000040e+00 7.430075706977395640e-04 3.113826374422780743e-04
1.267540700000000076e+00 7.374801991057070667e-04 3.088543542923746343e-04
1.270459400000000016e+00 7.347147448533462378e-04 3.127803899715507897e-04
1.270642999999999967e+00 7.347667360142674147e-04 3.126332427109958191e-04
1.276996199999999915e+00 7.315926753474955762e-04 3.077145579705340903e-04
1.283381200000000000e+00 7.264599400233157436e-04 3.028758922668168315e-04
1.289798100000000058e+00 7.209139914711319751e-04 2.981241180277157277e-04
1.296247099999999985e+00 7.151943667942326248e-04 2.934428751836705841e-04
1.302728300000000061e+00 7.093888686968649084e-04 2.888390894778666211e-04
1.309242000000000017e+00 7.035364536136669679e-04 2.843194964094201884e-04
1.315788200000000074e+00 6.976621145881837117e-04 2.798680336815464412e-04
1.322367099999999907e+00 6.917801775940142766e-04 2.754915117693741071e-04
1.328978999999999910e+00 6.859001432910924543e-04 2.711890795649648275e-04
1.335623900000000086e+00 6.800304285741852342e-04 2.669599556504148033e-04
1.342302000000000106e+00 6.741738025496902490e-04 2.627959002492784107e-04
1.349013500000000088e+00 6.683359811128240574e-04 2.586962161101322220e-04
1.355758599999999925e+00 6.625184430942498374e-04 2.546675628146097292e-04
1.362537399999999899e+00 6.567256965683416743e-04 2.507091651082688009e-04
1.369350000000000067e+00 6.509591192964211568e-04 2.468129766582256553e-04
1.376196799999999998e+00 6.452217051798635802e-04 2.429782900522639761e-04
1.383077799999999913e+00 6.395128412668349069e-04 2.392116813329200388e-04
1.389993199999999929e+00 6.338365343525847843e-04 2.354980453870596983e-04
1.396943100000000104e+00 6.281929360564909642e-04 2.318511201427996666e-04
1.403927799999999948e+00 6.225829483802237420e-04 2.282630370083930742e-04
1.410947500000000021e+00 6.170065962560652680e-04 2.247260931129600400e-04
1.418002200000000101e+00 6.114622358709838855e-04 2.212468183792595984e-04
1.425092199999999920e+00 6.059516661990692983e-04 2.178175743178669234e-04
1.432217700000000038e+00 6.004757973845956890e-04 2.144517570354121652e-04
1.439378800000000069e+00 5.950355828928847275e-04 2.111348126687365872e-04
1.446575699999999909e+00 5.896300860564572663e-04 2.078731202389138167e-04
1.453808599999999895e+00 5.842618989063762909e-04 2.046455087391197498e-04
1.461077600000000087e+00 5.789292590518561920e-04 2.014721577691218617e-04
1.468382999999999994e+00 5.736337377608020363e-04 1.983524550285985688e-04
1.475724899999999895e+00 5.683744497614698918e-04 1.952858213971271390e-04
1.483103499999999908e+00 5.631529813390787152e-04 1.922649502002776603e-04
1.490518999999999927e+00 5.579691874061699659e-04 1.892960451589867235e-04
1.497971600000000070e+00 5.528237454045184128e-04 1.863718767001507439e-04
1.505461500000000008e+00 5.477164843189173942e-04 1.834919722443627721e-04
1.512988800000000023e+00 5.426432697711201444e-04 1.806492891649555551e-04
1.520553700000000008e+00 5.376056453044801261e-04 1.778500145916260707e-04
1.528156499999999918e+00 5.326042277341886018e-04 1.750936761165446131e-04
1.535797300000000032e+00 5.276389591128116110e-04 1.723798289244702264e-04
1.543476300000000023e+00 5.227097086736030894e-04 1.697144766364344041e-04
1.551193700000000009e+00 5.178171122833391538e-04 1.670906503230684551e-04
1.558949600000000046e+00 5.129603198806183262e-04 1.645079166132649333e-04
1.566744399999999926e+00 5.081413228015731632e-04 1.619594539583303302e-04
1.574578100000000092e+00 5.033578144774994000e-04 1.594512709580365680e-04
1.582451000000000052e+00 4.986110693249201945e-04 1.569829246247362686e-04
1.590363299999999924e+00 4.939009072285126083e-04 1.545539864251245076e-04
1.598315099999999989e+00 4.892264860212524810e-04 1.521702759057959873e-04
1.606306599999999918e+00 4.845883600946513520e-04 1.498188712215567245e-04
1.614338199999999945e+00 4.799869359691508251e-04 1.475056023454706527e-04
1.622409900000000071e+00 4.754221314378491328e-04 1.452300744399418852e-04
1.630521899999999969e+00 4.708937421901515739e-04 1.429918773578716838e-04
1.638674500000000034e+00 4.664008193837087851e-04 1.407905960551523506e-04
1.646867899999999940e+00 4.619452256205109448e-04 1.386197773730283439e-04
1.655102199999999968e+00 4.575247514419121184e-04 1.364911627659612500e-04
1.663377700000000070e+00 4.531404948331439037e-04 1.343862857487454227e-04
1.671694599999999920e+00 4.487902524077827895e-04 1.323228166642325071e-04
1.680053100000000077e+00 4.444758269198035758e-04 1.302884148558381555e-04
1.688453399999999993e+00 4.401969987225751928e-04 1.282827838156738135e-04
1.696895599999999948e+00 4.359523171041278168e-04 1.263173820273610296e-04
1.705380099999999954e+00 4.317427686852455429e-04 1.243800411771015760e-04
1.713907000000000069e+00 4.275681874324321202e-04 1.224704808251697303e-04
1.722476600000000024e+00 4.234283066150771853e-04 1.205941936946303399e-04
1.731088900000000042e+00 4.193223918796465388e-04 1.187508244818287430e-04
1.739744399999999969e+00 4.152513205009581289e-04 1.169342585853235797e-04
1.748443100000000028e+00 4.112137481004859724e-04 1.151442325928412350e-04
1.757185299999999950e+00 4.072106276331566820e-04 1.133861360311616513e-04
1.765971200000000074e+00 4.032417285123442380e-04 1.116539691915246531e-04
1.774801099999999909e+00 3.993056031418440043e-04 1.099530710761401000e-04
1.783675099999999958e+00 3.954032652127395823e-04 1.082719235374087868e-04
1.792593499999999951e+00 3.915338678635078449e-04 1.066270164650012586e-04
1.801556500000000005e+00 3.876977718684911588e-04 1.050013276011077876e-04
1.810564199999999957e+00 3.838947947779684485e-04 1.034056935918016584e-04
1.819617100000000098e+00 3.801240274165346134e-04 1.018342812686904957e-04
1.828715099999999927e+00 3.763859427727616822e-04 1.002868529144344953e-04
1.837858699999999956e+00 3.726801947523093479e-04 9.876313939349353626e-05
1.847048000000000023e+00 3.690060636744907667e-04 9.726289609979667900e-05
1.856283300000000080e+00 3.653643792588418004e-04 9.579123805792967008e-05
1.865564699999999965e+00 3.617538858935393301e-04 9.433716144138974496e-05
1.874892500000000073e+00 3.581748689491141640e-04 9.291112749636890945e-05
1.884266999999999914e+00 3.546270753558993004e-04 9.150223346680191362e-05
1.893688299999999991e+00 3.511098140329801313e-04 9.012084872802167141e-05
1.903156700000000034e+00 3.476238697974175511e-04 8.876141660905359672e-05
1.912672499999999998e+00 3.441558509119787505e-04 8.741848781313856583e-05
1.922235899999999997e+00 3.407309208730771458e-04 8.610227578143162333e-05
1.931847099999999928e+00 3.373361206000473475e-04 8.480215568708211478e-05
1.941506299999999907e+00 3.339712419974033629e-04 8.352824120794113006e-05
1.951213800000000109e+00 3.306355585241782633e-04 8.227001035996823748e-05
1.960969900000000044e+00 3.273298067304924227e-04 8.103239247682573056e-05
1.970774699999999990e+00 3.240533262641709898e-04 7.981516894230653578e-05
1.980628599999999961e+00 3.208053773692306067e-04 7.861307955236118662e-05
1.990531800000000073e+00 3.175862397511342743e-04 7.743599313483440043e-05
2.000484399999999940e+00 3.143957447140057686e-04 7.627365897756257401e-05
2.010486799999999796e+00 3.112331723418443612e-04 7.513088524418624426e-05
2.020539299999999816e+00 3.080987606358275748e-04 7.400745495033011947e-05
2.030641999999999836e+00 3.050080233263432485e-04 7.289825306310439952e-05
2.040795199999999809e+00 3.019296630710498783e-04 7.180802247926116992e-05
2.050999200000000133e+00 2.988779620167044348e-04 7.073655163879205435e-05
2.061254200000000036e+00 2.958536230642570906e-04 6.967879995526540609e-05
2.071560400000000080e+00 2.928564536450563912e-04 6.863944556950069313e-05
2.081918200000000052e+00 2.898857798168492038e-04 6.761827895297161804e-05
2.092327800000000071e+00 2.869414252571692438e-04 6.661033653621602332e-05
2.102789500000000089e+00 2.840231868394349837e-04 6.562022600143547363e-05
2.113303399999999943e+00 2.811313301325547593e-04 6.464303732104298211e-05
2.123869899999999866e+00 2.782647957105078640e-04 6.368333056298859619e-05
2.134489299999999812e+00 2.754242079678895162e-04 6.273623966358256256e-05
2.145161700000000060e+00 2.726086057377878668e-04 6.180628979063751535e-05
2.155887499999999957e+00 2.698181758628438297e-04 6.088866143705420680e-05
2.166666999999999899e+00 2.670779077065429095e-04 5.998323115728180414e-05
2.177500300000000166e+00 2.643374281673131960e-04 5.909445842279993107e-05
2.188387800000000105e+00 2.616211732109513001e-04 5.821304358675115831e-05
2.199329699999999832e+00 2.589282233047212429e-04 5.735253012064272539e-05
2.210326400000000024e+00 2.562587771454239534e-04 5.649913575788343252e-05
2.221378000000000075e+00 2.536130892682679342e-04 5.566178734341764394e-05
2.232484900000000216e+00 2.509902182832087630e-04 5.483583488512534099e-05
2.243647300000000122e+00 2.483900331767387257e-04 5.402560683164318834e-05
2.254865600000000025e+00 2.458127221628430181e-04 5.322650070562807040e-05
2.266139900000000207e+00 2.432578062230551460e-04 5.243840815493856653e-05
2.277470600000000012e+00 2.407251117568632410e-04 5.166559015051167789e-05
2.288857900000000001e+00 2.382141563514863299e-04 5.090351882419815263e-05
2.300302199999999964e+00 2.357251283643951195e-04 5.015208210893590572e-05
2.311803700000000017e+00 2.332575532511017575e-04 4.941117337646084402e-05
2.323362799999999950e+00 2.308112722139906434e-04 4.868497166283046717e-05
2.334979600000000044e+00 2.283861869675003656e-04 4.796904253038517305e-05
2.346654500000000088e+00 2.259818041364579865e-04 4.726327817391336557e-05
2.358387800000000034e+00 2.235976644205896397e-04 4.656757387195858982e-05
2.370179700000000000e+00 2.212343272254907391e-04 4.588603210256135301e-05
2.382030600000000220e+00 2.188906602769059720e-04 4.521011842201043407e-05
2.393940699999999921e+00 2.165668973120160449e-04 4.454812069606358435e-05
2.405910399999999782e+00 2.142629033542419717e-04 4.389573193867145502e-05
2.417940000000000200e+00 2.119779303210827235e-04 4.325285232180334368e-05
2.430029699999999959e+00 2.097122111239375876e-04 4.261938465656492099e-05
2.442179799999999901e+00 2.074653285168124336e-04 4.199523077352842023e-05
2.454390699999999814e+00 2.052371674713781690e-04 4.138435176431972155e-05
2.466662700000000097e+00 2.030270230705836577e-04 4.077851094124070719e-05
2.478995999999999977e+00 2.008348316917568275e-04 4.018370470256528844e-05
2.491391000000000133e+00 1.986607938502949063e-04 3.959780683058469769e-05
2.503847899999999793e+00 1.965039514991529315e-04 3.902072522222714291e-05
2.516367199999999915e+00 1.943645009199419305e-04 3.845275990091105288e-05
2.528948999999999891e+00 1.922418222283148171e-04 3.789342198525226085e-05
2.541593799999999792e+00 1.901286787147564547e-04 3.734222518921177634e-05
2.554301699999999897e+00 1.880394121092997088e-04 3.678894465814166228e-05
2.567073199999999833e+00 1.859644704568010629e-04 3.623364508007008677e-05
2.579908599999999996e+00 1.839038614569754604e-04 3.568759473871058321e-05
2.592808199999999896e+00 1.818567661746721973e-04 3.514992391189796796e-05
2.605772200000000094e+00 1.798234981862435766e-04 3.462092765816606013e-05
2.618801100000000215e+00 1.778035078840991211e-04 3.409974863018201577e-05
2.631895099999999932e+00 1.757963064265003394e-04 3.358706398606551912e-05
2.645054500000000086e+00 1.738019374413246924e-04 3.308278167707492153e-05
2.658279799999999859e+00 1.718196314461458351e-04 3.258605827629045297e-05
2.671571199999999813e+00 1.698331577895898371e-04 3.209681588062325352e-05
2.684929100000000179e+00 1.678740541051878990e-04 3.161571710498794086e-05
2.698353700000000188e+00 1.659262110104346537e-04 3.114193566899435669e-05
2.711845499999999909e+00 1.639884298965917705e-04 3.066547072128490009e-05
2.725404699999999902e+00 1.620598442127250233e-04 3.019517036550549755e-05
2.739031699999999958e+00 1.601400906796116008e-04 2.973279250301659313e-05
2.752726899999999866e+00 1.582285775859574727e-04 2.927752537674151910e-05
2.766490500000000186e+00 1.563245190707831037e-04 2.882929496976840639e-05
2.780323000000000100e+00 1.544276058877180121e-04 2.838838316742755893e-05
2.794224600000000169e+00 1.525368662390224792e-04 2.795471189500579523e-05
2.808195700000000183e+00 1.506518153603693822e-04 2.752749200574772340e-05
2.822236699999999932e+00 1.487712945704279890e-04 2.710736158798762979e-05
2.836347899999999811e+00 1.468946636718285192e-04 2.669389226057975912e-05
2.850529600000000219e+00 1.450208564367045858e-04 2.628701287975512127e-05
2.864782299999999893e+00 1.431486075005928052e-04 2.588630325319518484e-05
2.879106199999999838e+00 1.412769589010690833e-04 2.549239185658564469e-05
2.893501699999999843e+00 1.394045348171794841e-04 2.510417015843401003e-05
2.907969200000000143e+00 1.375295830181187044e-04 2.472260697465001345e-05
2.922509100000000082e+00 1.356506438128230580e-04 2.434694633837682288e-05
2.937121600000000221e+00 1.337661272897600377e-04 2.397678745908989398e-05
2.951807200000000186e+00 1.318738517938007116e-04 2.361308471310818394e-05
2.966566199999999931e+00 1.299721695399343733e-04 2.325475902222469529e-05
2.981399099999999969e+00 1.280594915617443543e-04 2.290208739522736883e-05
2.996306099999999972e+00 1.261400907569567545e-04 2.255501045159865911e-05
3.011287600000000175e+00 1.241754893355813015e-04 2.217640451530757158e-05
3.026343999999999923e+00 1.221446814667271252e-04 2.179211713036059060e-05
3.041475800000000174e+00 1.200624668540075773e-04 2.141470776564536566e-05
3.056683099999999875e+00 1.179213865518252691e-04 2.104442752220298313e-05
3.071966600000000103e+00 1.157085919843557658e-04 2.068054434295590860e-05
3.087326399999999804e+00 1.134062116807951168e-04 2.032266673758082508e-05
3.102762999999999938e+00 1.109894282901933808e-04 1.997137103174653118e-05
3.118276799999999849e+00 1.084215593950993721e-04 1.962626334772182173e-05
3.133868200000000215e+00 1.056478931318665054e-04 1.928759280702735032e-05
3.149537599999999937e+00 1.025794876404325859e-04 1.895497004041760201e-05
3.165285299999999857e+00 9.905676567799555669e-05 1.862832805558546222e-05
3.181111700000000209e+00 9.474977556423078119e-05 1.830759984905662208e-05
3.197017199999999892e+00 8.876341378972999623e-05 1.799271902936862112e-05
3.213002299999999867e+00 7.622387367552244987e-05 1.768361926060302517e-05
3.218069799999999869e+00 5.951565612681936160e-05 1.758702874889267025e-05
3.219930399999999970e+00 5.898721284483365954e-05 4.521180377866141123e-05
3.229067300000000085e+00 7.942304443967467952e-05 4.474440966198832306e-05
3.245212700000000172e+00 8.660939092378331804e-05 4.393529976963204882e-05
3.261438699999999802e+00 8.941964412609185262e-05 4.314230113242139523e-05
3.277745900000000212e+00 9.067982936206631843e-05 4.236218502297628847e-05
3.294134699999999860e+00 9.104939418620440440e-05 4.159783783708069429e-05
3.310605300000000195e+00 9.073694401995928340e-05 4.084606941161242539e-05
3.327158400000000071e+00 8.973270314196343735e-05 4.010973500048361747e-05
3.343794100000000213e+00 8.772702394392710445e-05 3.938567856291365934e-05
3.360513099999999920e+00 8.307162805380528369e-05 3.867672841802960947e-05
3.369131599999999782e+00 7.241063779846632314e-05 3.831750931046975389e-05
3.371268300000000107e+00 7.218495151939536539e-05 5.355139601026317906e-05
3.377315700000000032e+00 8.148997117685856991e-05 5.325486834675954373e-05
3.394202299999999894e+00 8.743615814958229147e-05 5.243503479049656252e-05
3.411173300000000186e+00 8.993928432131609134e-05 5.163372627603791151e-05
3.428229099999999807e+00 9.144230046817178326e-05 5.084200067908267045e-05
3.445370299999999997e+00 9.243882644362655821e-05 5.006555000616406248e-05
3.462597099999999983e+00 9.312060766594133158e-05 4.930132410805376444e-05
3.479910100000000117e+00 9.358540373740855582e-05 4.854918945899339410e-05
3.497309700000000188e+00 9.389133964819730267e-05 4.781186597339428423e-05
3.514796200000000148e+00 9.407791455952205445e-05 4.708634900842668779e-05
3.532370199999999905e+00 9.417632476893105517e-05 4.637250889323124787e-05
3.550032100000000135e+00 9.420077664944084394e-05 4.560846540490379170e-05
3.567782199999999904e+00 9.412984885754537749e-05 4.483970570745739859e-05
3.585621100000000006e+00 9.398006737724166242e-05 4.407746583526680952e-05
3.603549199999999786e+00 9.376324243674400978e-05 4.332446583570864453e-05
3.621567000000000203e+00 9.348751691935608236e-05 4.257786667261122959e-05
3.639674799999999877e+00 9.315894726096578444e-05 4.184310080815874884e-05
3.657873200000000047e+00 9.278198851034328762e-05 4.111731573166012895e-05
3.676162600000000058e+00 9.235986685006975362e-05 4.040042733374129554e-05
3.694543400000000144e+00 9.189503280407056315e-05 3.969235216398686779e-05
3.713016099999999931e+00 9.138879012372198352e-05 3.899569018074078069e-05
3.731581199999999932e+00 9.084122295525201834e-05 3.830764777074873400e-05
3.750239099999999937e+00 9.025152302308075102e-05 3.762814376701206158e-05
3.768990300000000016e+00 8.961685433279763897e-05 3.695974060149343794e-05
3.787835199999999958e+00 8.893233570416899378e-05 3.629968817853967944e-05
3.806774400000000114e+00 8.818870954415002788e-05 3.565052330655608042e-05
3.825808299999999829e+00 8.736993239082555484e-05 3.500952395350862798e-05
3.844937299999999780e+00 8.644551502674212306e-05 3.437920436177625095e-05
3.864161999999999875e+00 8.534885459862377049e-05 3.375686839255880289e-05
3.883482799999999902e+00 8.389247736491189770e-05 3.314500607348909184e-05
3.902900199999999931e+00 8.095041971941867407e-05 3.254350288721374049e-05
3.904074599999999950e+00 8.055449326941159212e-05 3.250818870275735988e-05
3.913925299999999829e+00 8.023634270566527382e-05 3.759483307506122549e-05
3.922414700000000032e+00 8.174996239617751388e-05 3.730768252106581517e-05
3.942026799999999831e+00 8.278825302195639462e-05 3.665694005973870698e-05
3.961736900000000006e+00 8.305816538359472119e-05 3.601678039840520859e-05
3.981545600000000018e+00 8.305447284954853261e-05 3.538458550812783373e-05
4.001453299999999658e+00 8.290538176869899009e-05 3.476526105854871708e-05
4.021460600000000163e+00 8.266436840712386533e-05 3.415617859407234095e-05
4.041567900000000435e+00 8.235913000433934064e-05 3.355476208855377984e-05
4.061775700000000100e+00 8.200623711826438217e-05 3.296584478361915725e-05
4.082084599999999952e+00 8.161609372052798734e-05 3.238439747353415502e-05
4.102495000000000225e+00 8.119642238866320327e-05 3.181520713081645860e-05
4.123007499999999936e+00 8.075215458920969431e-05 3.125329535814853627e-05
4.143622599999999601e+00 8.028664949931264643e-05 3.070099679655605710e-05
4.164340700000000339e+00 7.980336529363943451e-05 3.015820660405283047e-05
4.185162400000000282e+00 7.930510152814808540e-05 2.962481939911048301e-05
4.206088199999999944e+00 7.879247366061581631e-05 2.909362392817939986e-05
4.227118599999999837e+00 7.826690982178162014e-05 2.857405311017008177e-05
4.248254199999999869e+00 7.772978753740174762e-05 2.806127737631591729e-05
4.269495499999999666e+00 7.718254359586989004e-05 2.755989849373068166e-05
4.290842999999999741e+00 7.662606428533841308e-05 2.706513632394782649e-05
4.312297199999999719e+00 7.606120811487417262e-05 2.658154774585204762e-05
4.333858700000000397e+00 7.548870459986509987e-05 2.610440024374293983e-05
4.355527999999999622e+00 7.490897210037307963e-05 2.563820628162197612e-05
4.377305599999999686e+00 7.432251483929474254e-05 2.517828171882946289e-05
4.399192099999999606e+00 7.372991496924840920e-05 2.472909442605808784e-05
4.421188100000000176e+00 7.313164264820368361e-05 2.429051483888624086e-05
4.443293999999999855e+00 7.252750624163700841e-05 2.385793028098573420e-05
4.465510499999999716e+00 7.191713175807979796e-05 2.343351153590172184e-05
4.487838100000000274e+00 7.129962134367567146e-05 2.301716614623671209e-05
4.510277199999999986e+00 7.067375809670450404e-05 2.260880297533272783e-05
4.532828600000000208e+00 7.003710828305646525e-05 2.220613128518380845e-05
4.555492799999999676e+00 6.938601557692591459e-05 2.181303138588007996e-05
4.578270200000000401e+00 6.871310224552922691e-05 2.142590576649611067e-05
4.601161600000000185e+00 6.800325440204750278e-05 2.104599007231166763e-05
4.624167400000000150e+00 6.721442640754701845e-05 2.067298803913890622e-05
4.647288200000000202e+00 6.611834476890647767e-05 2.030660748928222128e-05
4.648969600000000035e+00 6.598941541200687116e-05 2.028040046996641859e-05
4.663030700000000195e+00 6.563417911383255966e-05 2.135635696900108448e-05
4.670524699999999640e+00 6.575483713565107686e-05 2.123653284658636429e-05
4.693877299999999586e+00 6.558956854643658587e-05 2.086762892265112905e-05
4.717346700000000226e+00 6.522403379954628926e-05 2.050524974700092319e-05
4.740933400000000297e+00 6.479140848685521856e-05 2.014953326892459314e-05
4.764638099999999987e+00 6.432448950795943829e-05 1.979998561266084755e-05
4.788461299999999810e+00 6.383612678619947605e-05 1.945674707851101105e-05
4.812403599999999670e+00 6.333261676438344434e-05 1.911953987135558186e-05
4.836465600000000364e+00 6.281725582438908945e-05 1.878850303918105360e-05
4.860647900000000021e+00 6.229126508016462316e-05 1.846336210854707856e-05
4.884951199999999716e+00 6.175466188117465676e-05 1.814405094022596973e-05
4.909375899999999682e+00 6.120540877659920703e-05 1.783091107106242449e-05
4.933922800000000386e+00 6.063813233727571134e-05 1.752326521570691774e-05
4.958592399999999678e+00 6.003807220548447427e-05 1.722125375484467855e-05
4.983385400000000409e+00 5.934754659922245360e-05 1.692461297758997082e-05
4.990995500000000362e+00 5.907519165261709528e-05 1.683491576514625874e-05
5.008302300000000429e+00 5.860147978839048510e-05 1.735733471013718010e-05
5.013004300000000413e+00 5.863780709599585874e-05 1.730169513549688955e-05
5.033343799999999924e+00 5.847941549250522235e-05 1.706389281166266996e-05
5.058510499999999688e+00 5.812190583720797186e-05 1.677589605524365364e-05
5.083803099999999908e+00 5.771398263602790649e-05 1.649269453645089783e-05
5.109222100000000211e+00 5.728366470248160786e-05 1.621267607176370346e-05
5.134768199999999894e+00 5.684099948359292646e-05 1.593794665908097240e-05
5.160442100000000032e+00 5.639100224132678291e-05 1.566786661266598470e-05
5.186244300000000251e+00 5.593651024723384304e-05 1.540257750829943109e-05
5.212175499999999850e+00 5.547936544254579422e-05 1.514183456500230006e-05
5.238236399999999904e+00 5.502073468444101527e-05 1.488577777770579530e-05
5.264427600000000318e+00 5.456161014828581296e-05 1.463397623010434213e-05
5.290749700000000111e+00 5.410222087366169108e-05 1.438619535178490327e-05
5.317203400000000357e+00 5.364317841407214584e-05 1.414257928011060909e-05
5.343789499999999748e+00 5.318487548080579562e-05 1.390345503692641339e-05
5.370508400000000293e+00 5.272769821569143892e-05 1.366821592890567646e-05
5.397360899999999795e+00 5.227188368206053825e-05 1.343718888482069592e-05
5.424347700000000216e+00 5.181766215021434716e-05 1.321032671651593317e-05
5.451469499999999968e+00 5.136519312787009436e-05 1.298721707994407217e-05
5.478726799999999564e+00 5.091469544937948820e-05 1.276800145878614438e-05
5.506120499999999751e+00 5.046631124321510758e-05 1.255245517424906402e-05
5.533651100000000156e+00 5.002012412529085507e-05 1.234053855652616622e-05
5.561319300000000077e+00 4.957627057796275998e-05 1.213221182384538533e-05
5.589125899999999980e+00 4.913476166234290448e-05 1.192725704894830185e-05
5.617071600000000053e+00 4.869578534441299623e-05 1.172599265462695079e-05
5.645156899999999922e+00 4.825929360620412101e-05 1.152802464478208545e-05
5.673382700000000334e+00 4.782546291199571306e-05 1.133366817029526293e-05
5.701749600000000306e+00 4.739429712613020540e-05 1.114253324870576728e-05
5.730258400000000307e+00 4.696579637292572245e-05 1.095458462633459584e-05
5.758909599999999962e+00 4.654013245422100397e-05 1.076978794114139519e-05
5.787704200000000299e+00 4.611724144481536613e-05 1.058828036977402396e-05
5.816642700000000055e+00 4.569717868254534238e-05 1.040985427564646179e-05
5.845725899999999697e+00 4.528004628736631467e-05 1.023447567135430410e-05
5.874954599999999694e+00 4.486578136886145042e-05 1.006228050536513229e-05
5.904329299999999670e+00 4.445448655673888051e-05 9.892895843000475218e-06
5.933850999999999765e+00 4.404614754586058461e-05 9.726458744032405172e-06
5.963520199999999605e+00 4.364080940579998191e-05 9.562936939940916187e-06
5.993337799999999937e+00 4.323850906635774092e-05 9.402297796640312662e-06
6.023304500000000061e+00 4.283928432005675019e-05 9.244343861400260677e-06
6.053421000000000163e+00 4.244317086315734265e-05 9.089045876379532281e-06
6.083688200000000101e+00 4.204995002708329790e-05 8.935555553254995528e-06
6.114106600000000391e+00 4.165961432817515830e-05 8.784671597185717191e-06
6.144677100000000003e+00 4.127215062145919402e-05 8.636527347134064579e-06
6.175400500000000292e+00 4.088759555174835544e-05 8.490769229329286769e-06
6.206277499999999669e+00 4.050603305284079353e-05 8.347692765233236920e-06
6.237308900000000378e+00 4.012739941747761862e-05 8.206948117613430675e-06
6.268495399999999940e+00 3.975172814960051037e-05 8.068669125215979058e-06
6.299837899999999991e+00 3.937900177434148060e-05 7.932670071352443468e-06
6.331337099999999829e+00 3.900929755289650540e-05 7.799083678789821676e-06
6.362993799999999922e+00 3.864255095703062262e-05 7.667883022141612395e-06
6.394808799999999849e+00 3.827878970186657736e-05 7.538729762138331166e-06
6.426782799999999796e+00 3.791799622256496866e-05 7.411912337870991587e-06
6.458916699999999622e+00 3.762515428784781059e-05 7.286324428636415778e-06
6.491211299999999795e+00 3.726950515440988454e-05 7.162416719383166794e-06
6.523667399999999894e+00 3.691664476950492818e-05 7.040630805772490471e-06
6.556285700000000105e+00 3.656664556600216690e-05 6.920943437591817692e-06
6.589067100000000288e+00 3.621944665739311919e-05 6.803180123173481174e-06
6.622012500000000301e+00 3.587503108932510904e-05 6.687621047109437443e-06
6.655122500000000052e+00 3.553346861556535863e-05 6.573941955345399397e-06
6.688398099999999680e+00 3.519473878133224135e-05 6.462271344263748452e-06
6.721840099999999651e+00 3.485886428809859309e-05 6.352438634749571337e-06
6.755449300000000434e+00 3.456897570312072017e-05 6.244128887159342497e-06
6.789226600000000111e+00 3.423820448242082990e-05 6.136886341825658029e-06
6.823172699999999757e+00 3.391011853636994786e-05 6.031578736792355206e-06
6.857288600000000400e+00 3.358473961237078083e-05 5.928184248351205145e-06
6.891574999999999562e+00 3.326201314013437415e-05 5.826536918237180571e-06
6.926032900000000048e+00 3.294199875370839388e-05 5.726761356870837920e-06
6.960663099999999659e+00 3.262464065575108353e-05 5.628693332567357864e-06
6.995466399999999751e+00 3.230999787197112776e-05 5.532314100107052539e-06
7.030443700000000185e+00 3.199801344076649254e-05 5.437605001960048393e-06
7.065595899999999929e+00 3.168874303136099980e-05 5.344688586725636757e-06
7.100923899999999733e+00 3.138212958267730336e-05 5.253404096953961540e-06
7.136428500000000064e+00 3.107815478659828914e-05 5.163593828163402025e-06
7.172110700000000172e+00 3.077683461055861380e-05 5.075519695407667555e-06
7.207971200000000245e+00 3.047818631334102188e-05 4.988885441065162900e-06
7.244011099999999814e+00 3.018215205267169604e-05 4.903812895916990499e-06
7.280231099999999955e+00 2.988874864020969578e-05 4.820284692424193453e-06
7.316632300000000200e+00 2.959791929962503557e-05 4.738147154528120125e-06
7.353215500000000127e+00 2.930971376762185051e-05 4.657520713836338254e-06
7.389981500000000203e+00 2.902411150790325475e-05 4.578253545312607044e-06
7.426931399999999961e+00 2.874105630313075519e-05 4.500330648782482399e-06
7.464066100000000148e+00 2.846052821397799466e-05 4.423870792988595911e-06
7.501386400000000343e+00 2.818257385943335677e-05 4.348724594918329016e-06
7.538893400000000078e+00 2.790717012976219897e-05 4.274877471625170083e-06
7.576587800000000428e+00 2.763423274611027399e-05 4.202446725010882440e-06
7.614470800000000317e+00 2.736383578831754786e-05 4.131154278235822328e-06
7.652543099999999932e+00 2.709589563016331269e-05 4.061118344176896491e-06
7.690805799999999692e+00 2.683045339395063084e-05 3.992324862779031090e-06
7.729259899999999739e+00 2.656742496265873633e-05 3.924759958364743299e-06
7.767906199999999650e+00 2.630688332906351863e-05 3.858409982154731935e-06
7.806745699999999566e+00 2.604874506144669386e-05 3.793133659593855187e-06
7.845779399999999626e+00 2.582032805353118193e-05 3.728665370455464368e-06
7.885008299999999970e+00 2.556678191958729104e-05 3.665250171556156393e-06
7.924433399999999850e+00 2.531551895442961094e-05 3.602876654930456870e-06
7.964055499999999732e+00 2.506658025277095562e-05 3.541533604500404433e-06
8.003875799999999430e+00 2.481994452548764597e-05 3.481334226642995293e-06
8.043895199999999690e+00 2.457559257852051846e-05 3.422265603530137689e-06
8.084114700000000653e+00 2.433353302967422414e-05 3.364068357170353568e-06
8.124535200000000401e+00 2.409371817810479312e-05 3.307101440325614919e-06
8.165157900000000524e+00 2.385615525679966504e-05 3.250984181139908651e-06
8.205983700000000880e+00 2.362082493844969456e-05 3.195829194951186856e-06
8.247013600000000721e+00 2.338773464330087893e-05 3.141746716670360487e-06
8.288248700000000468e+00 2.315683655871746718e-05 3.088604173201110350e-06
8.329689899999999980e+00 2.292813852096616971e-05 3.036391204838507687e-06
8.371338400000000846e+00 2.270164582900068245e-05 2.984978397607073695e-06
8.413195099999999371e+00 2.247731239936707497e-05 2.934594244790928567e-06
8.455261000000000138e+00 2.225517034821438190e-05 2.884991138900486391e-06
8.497537299999999405e+00 2.203517214134971281e-05 2.836395282366898779e-06
8.540024999999999977e+00 2.181732321520193555e-05 2.788561609649338254e-06
9.030794000000000210e+00 1.953154161715878626e-05 2.299254712689229642e-06
9.653919000000000139e+00 1.708551042442184512e-05 1.806702608289639670e-06
1.032004000000000055e+01 1.492082841564979348e-05 1.420877755375530480e-06
1.103212000000000081e+01 1.301460475057734650e-05 1.118883810108480278e-06
1.179334000000000060e+01 1.134071629375983199e-05 8.828240869455573436e-07
1.260707999999999984e+01 9.870149856707996052e-06 6.974831845624780307e-07
1.347696999999999967e+01 8.573905727754965020e-06 5.517776333979701964e-07
1.440687999999999924e+01 7.418943634832845906e-06 4.368055246130568454e-07
1.540094999999999992e+01 6.328550659790737141e-06 3.456351816628555383e-07
1.555358000000000018e+01 6.150012169039283672e-06 3.339336631436756602e-07
1.579165000000000063e+01 5.776559509558548207e-06 3.167078747996581288e-07
1.585513000000000083e+01 5.509335079509359671e-06 3.123161904733522691e-07
1.595035999999999987e+01 5.661557883608631221e-06 7.333958403832933011e-07
1.618842000000000070e+01 5.684087566925733667e-06 6.957722341080966970e-07
1.646361999999999881e+01 5.575646551217025528e-06 6.552703520872461111e-07
1.759960999999999842e+01 4.975458593364288631e-06 5.142569760631608011e-07
1.870154000000000138e+01 4.380187017456475189e-06 4.114092114485765250e-07
1.881398000000000081e+01 4.312895171573131489e-06 4.024409415686470670e-07
1.898778000000000077e+01 4.186339614112551164e-06 3.890535256127367337e-07
1.906411999999999907e+01 4.075616685926026242e-06 3.833557414091521401e-07
1.917861999999999867e+01 4.103510722469382786e-06 5.253051162884739067e-07
1.944320000000000093e+01 4.052430481451886442e-06 5.002033017359424611e-07
1.946486000000000161e+01 4.045552131439782007e-06 4.982183510499850265e-07
1.974080000000000013e+01 3.936088014092874018e-06 4.737631091023521032e-07
1.982016000000000133e+01 3.875786561975177251e-06 4.670194422118765532e-07
1.993919999999999959e+01 3.874405321149679877e-06 5.268574331496609278e-07
2.011214999999999975e+01 3.842441232854833602e-06 5.113769022290917625e-07
2.023679999999999879e+01 3.811133738318959165e-06 5.005452826421795679e-07
2.149988000000000099e+01 3.450727970200055925e-06 4.050498748729565066e-07
2.298338000000000036e+01 3.056455884819846934e-06 3.202035870592045429e-07
2.456923000000000101e+01 2.694901400135157044e-06 2.531687211263056380e-07
2.626450000000000173e+01 2.370412033655006897e-06 2.002942955438266162e-07
2.807676000000000016e+01 2.082168995501360095e-06 1.575633178916021314e-07
3.001405000000000101e+01 1.826089572410176179e-06 1.238203975742677088e-07
3.208502000000000010e+01 1.601137095386282599e-06 9.737349661080704584e-08
3.429889000000000010e+01 1.402031131981244724e-06 7.648612183257948440e-08
3.666550999999999760e+01 1.227103282781616716e-06 6.015886382422263675e-08
3.919543000000000177e+01 1.074107526920185889e-06 4.733169908542964194e-08
4.189992000000000161e+01 9.398334796556947553e-07 3.713698345360006784e-08
4.479100999999999999e+01 8.218942051043154593e-07 2.915351054834394754e-08
4.788159000000000276e+01 7.186394044211231723e-07 2.291377186145745086e-08
5.118542000000000058e+01 6.282891446478339740e-07 1.803285405490259762e-08
5.471721000000000146e+01 5.492563759587257975e-07 1.420942583230403513e-08
5.849269999999999925e+01 4.801365181061023961e-07 1.121127105999594647e-08
6.252870000000000061e+01 4.196931480997049950e-07 8.857618520974722634e-09
6.684318000000000382e+01 3.668373832871748253e-07 7.007974301830361139e-09
7.145535999999999888e+01 3.206135456475451527e-07 5.547355025283588355e-09
7.638577999999999690e+01 2.801773717630595341e-07 4.395075324983917380e-09
8.165640000000000498e+01 2.447990372138747297e-07 3.480341766352819463e-09
8.729068999999999789e+01 2.137985013400351404e-07 2.742668377786597259e-09
9.331373999999999569e+01 1.865696944307013884e-07 2.161651375807381527e-09
9.975239000000000544e+01 1.624683906077839199e-07 1.707747367736779758e-09
1.046201999999999970e+02 1.463391727886913688e-07 1.445505010247814220e-09
1.062215000000000060e+02 1.403366458178317020e-07 1.370990679722366100e-09
1.066353000000000009e+02 1.374642380595418988e-07 1.352681052217176827e-09
1.066484999999999985e+02 1.372892372518519512e-07 1.352046439913470458e-09
1.072891000000000048e+02 1.376372478728563609e-07 5.067904558270478136e-09
1.088903999999999996e+02 1.353012005038394029e-07 4.813735648289898614e-09
1.139930999999999983e+02 1.248491578969638940e-07 4.105046727397291626e-09
1.218586999999999989e+02 1.099645023348272924e-07 3.254814064726475841e-09
1.302668999999999926e+02 9.656533271433204559e-08 2.579321970475940316e-09
1.392553000000000054e+02 8.468793111858613286e-08 2.044950175041452615e-09
1.488640000000000043e+02 7.421687342809395680e-08 1.622567764688212448e-09
1.591356000000000108e+02 6.501016199540118333e-08 1.287584791317692357e-09
1.701159000000000106e+02 5.692650401082840784e-08 1.022592337457284189e-09
1.818539000000000101e+02 4.983644130526515722e-08 8.132393323843879128e-10
1.944018000000000086e+02 4.362219686957025867e-08 6.477197875677635118e-10
2.078155999999999892e+02 3.817812346770727665e-08 5.168182762056061766e-10
2.221547999999999945e+02 3.341052558635874765e-08 4.131835807300325797e-10
2.374834999999999923e+02 2.923643551604235013e-08 3.312516231047607506e-10
2.538699000000000012e+02 2.558267845306210923e-08 2.661982472095885405e-10
2.713869000000000256e+02 2.238484962945803240e-08 2.144784145443550446e-10
2.901125999999999863e+02 1.958628375055551575e-08 1.732998684980249353e-10
3.101304000000000087e+02 1.713734327481076392e-08 1.404572311842109089e-10
3.315294000000000096e+02 1.499445351256834346e-08 1.142192695149847023e-10
3.544048999999999978e+02 1.311945848150636616e-08 9.321262639100378840e-11
3.788587999999999738e+02 1.147889840519341092e-08 7.635938919544326050e-11
4.050000999999999749e+02 1.004348250227939969e-08 6.280416554290701795e-11
4.329451000000000249e+02 8.787594347332294124e-09 5.187066724077674874e-11
