1.067676000000000069e+00 1.419779921298472327e-03 5.673735392210513045e-04
1.141345000000000054e+00 1.261825090204878128e-03 4.548615390324805240e-04
1.220097999999999905e+00 1.116585407639387323e-03 3.643252833722813479e-04
1.304284999999999917e+00 9.849243005802975001e-04 2.914687390216669639e-04
1.394281000000000104e+00 8.666394342917272493e-04 2.331346699221868376e-04
1.490485999999999978e+00 7.611770598930873771e-04 1.862463724419673411e-04
1.593328999999999995e+00 6.669794755057277275e-04 1.476711555801135060e-04
1.703268999999999922e+00 5.831655837730107981e-04 1.172713884502233044e-04
1.820794999999999941e+00 5.091886353256588806e-04 9.328731903708755010e-05
1.946430000000000105e+00 4.439101744224951615e-04 7.434318982406045817e-05
2.080732999999999944e+00 3.865136513908411188e-04 5.934794082662672840e-05
2.224304000000000059e+00 3.361039520537274978e-04 4.746910317888929011e-05
2.377781000000000144e+00 2.917696997997049372e-04 3.790296520527612108e-05
2.541847999999999885e+00 2.525620780911270557e-04 3.016465191790514467e-05
2.717235000000000067e+00 2.176611619147107127e-04 2.402609392477532971e-05
2.904723999999999862e+00 1.861467233922210328e-04 1.916060518196338651e-05
3.105150000000000077e+00 1.565482824381572594e-04 1.509402154752423393e-05
3.284078000000000053e+00 1.272675500416800358e-04 1.224613406160455806e-05
3.319405999999999857e+00 1.177265756953063854e-04 1.176812738849153816e-05
3.334344000000000197e+00 1.110553892174228989e-04 1.157372841302666236e-05
3.347748999999999864e+00 9.641665592598928425e-05 1.140236660048036027e-05
3.367855000000000043e+00 1.079056973380635999e-04 3.725087793382884346e-05
3.418121999999999883e+00 1.147478138071208851e-04 3.574533063520625681e-05
3.453225999999999907e+00 1.144025537617247417e-04 3.474595981994918757e-05
3.506081000000000003e+00 1.092601392182089901e-04 3.331799637345587528e-05
3.520176000000000194e+00 1.030597595867273559e-04 3.293149625624141593e-05
3.541317999999999966e+00 1.087623716272755563e-04 4.407655226821607897e-05
3.548445000000000071e+00 1.099233517987835700e-04 4.380117750171857408e-05
3.594174000000000202e+00 1.127005173351988107e-04 4.208518662702236308e-05
3.729684000000000221e+00 1.109201302964125637e-04 3.730351275078890217e-05
3.786770999999999887e+00 1.074863066202358006e-04 3.536780077493611546e-05
3.793287999999999993e+00 1.066476840637853367e-04 3.515409876897774031e-05
3.801994000000000096e+00 1.044859707771554668e-04 3.486924126120869821e-05
3.824828999999999812e+00 1.065400072288393327e-04 3.925744112895951268e-05
3.881915999999999922e+00 1.072238470100067695e-04 3.727905875224146168e-05
4.055024000000000406e+00 1.033167723214231621e-04 3.190145103787944084e-05
4.334820999999999813e+00 9.427143791928593636e-05 2.501717692582310087e-05
4.633924000000000376e+00 8.456752888504274058e-05 1.962556229328692997e-05
4.953663999999999845e+00 7.521976346636797867e-05 1.542804036845052775e-05
5.295467000000000368e+00 6.656201624053420367e-05 1.213392369800160532e-05
5.660854999999999748e+00 5.869902414956024216e-05 9.556904017211027665e-06
6.051453000000000415e+00 5.164596824648247343e-05 7.534034253924177156e-06
6.469003999999999976e+00 4.536688009221293255e-05 5.942431431626110916e-06
6.915365000000000428e+00 3.987184542778601749e-05 4.680104754196463760e-06
7.392525000000000013e+00 3.497118688707438668e-05 3.674673570667406265e-06
7.902608999999999995e+00 3.064190430361882417e-05 2.884148919793332062e-06
8.447889999999999233e+00 2.681176388604808962e-05 2.264489626732987521e-06
9.030794000000000210e+00 2.345562903368167784e-05 1.775557173152769341e-06
9.653919000000000139e+00 2.050502032347574570e-05 1.381729634102570999e-06
1.032004000000000055e+01 1.791619272804152618e-05 1.076517711170964246e-06
1.103212000000000081e+01 1.564970403314668745e-05 8.394412175882153322e-07
1.179334000000000060e+01 1.366732038334693742e-05 6.549425176660957366e-07
1.260707999999999984e+01 1.193445943804634654e-05 5.115622716897853458e-07
1.347696999999999967e+01 1.042036508607782114e-05 4.001052286589849112e-07
1.440687999999999924e+01 9.097656209063739247e-06 3.131439533367669620e-07
1.540094999999999992e+01 7.941989301149250156e-06 2.446546562506409788e-07
1.646361999999999881e+01 6.931720634634233017e-06 1.910894066429256829e-07
1.759960999999999842e+01 6.048177705685849226e-06 1.487881140496596742e-07
1.881398000000000081e+01 5.274825431880924762e-06 1.160026129751304995e-07
2.011214999999999975e+01 4.597104717341111665e-06 9.057428832723218720e-08
2.149988000000000099e+01 4.001317895570628659e-06 7.083160022101743202e-08
2.298338000000000036e+01 3.472816064427917505e-06 5.547330710704941197e-08
2.456923000000000101e+01 2.983683387356774404e-06 4.351449081953054757e-08
2.500372000000000128e+01 2.845736346545980123e-06 4.083504229020593004e-08
2.538643000000000072e+01 2.680201775387770371e-06 3.865159956571716106e-08
2.548848999999999876e+01 2.562900146128677388e-06 3.809526483268390748e-08
2.564157000000000153e+01 2.628660318141937493e-06 2.239595182721435864e-07
2.602428000000000097e+01 2.636399682685514545e-06 2.119242261126641285e-07
2.626450000000000173e+01 2.611986806291420348e-06 2.047872604083041154e-07
2.807676000000000016e+01 2.351157447498967146e-06 1.614752072672092403e-07
3.001405000000000101e+01 2.083273015112339516e-06 1.272917594115287854e-07
3.208502000000000010e+01 1.836678951316315890e-06 9.944433687563187804e-08
3.429889000000000010e+01 1.614570312017522205e-06 7.751878512883811366e-08
3.666550999999999760e+01 1.417124911169427977e-06 6.057770353438283881e-08
3.919543000000000177e+01 1.242590369734334870e-06 4.735606576653432561e-08
4.189992000000000161e+01 1.088805730423463629e-06 3.704020357261846705e-08
4.479100999999999999e+01 9.535951554216670466e-07 2.898281929751349425e-08
4.788159000000000276e+01 8.348943021501749398e-07 2.268968460595314482e-08
5.118542000000000058e+01 7.313174239032166252e-07 1.776864972954591309e-08
5.471721000000000146e+01 6.399890716690078707e-07 1.384218132463427478e-08
5.849269999999999925e+01 5.599583614220492833e-07 1.079186855120190194e-08
6.252870000000000061e+01 4.898775909969777728e-07 8.420945018933752719e-09
6.684318000000000382e+01 4.285360444956928864e-07 6.577548014539858291e-09
7.145535999999999888e+01 3.748588974763200630e-07 5.143344204413919128e-09
7.638577999999999690e+01 3.278968352597411428e-07 4.026645851332655659e-09
8.165640000000000498e+01 2.868174876803368233e-07 3.152821582464760290e-09
8.729068999999999789e+01 2.508803469111954465e-07 2.465222609309706754e-09
9.331373999999999569e+01 2.194436611112293795e-07 1.931410205531243550e-09
9.975239000000000544e+01 1.919473083438422488e-07 1.516784933414347260e-09
1.066353000000000009e+02 1.678983801326722936e-07 1.194173174544449511e-09
1.139930999999999983e+02 1.468653756143166758e-07 9.426957914721208495e-10
1.218586999999999989e+02 1.284691386671415273e-07 7.462252627423335787e-10
1.302668999999999926e+02 1.123797918852784045e-07 5.929652258503945043e-10
1.392553000000000054e+02 9.830747710251805655e-08 4.731490424756598895e-10
1.488640000000000043e+02 8.599900890128339970e-08 3.792874821510902485e-10
1.591356000000000108e+02 7.523345578289695471e-08 3.055775847674171696e-10
1.701159000000000106e+02 6.581698055883448011e-08 2.475308567396864624e-10
1.818539000000000101e+02 5.758028118426865966e-08 2.016744740942152232e-10
1.944018000000000086e+02 5.037533851244181200e-08 1.653214728169434777e-10
2.078155999999999892e+02 4.407273960421802227e-08 1.363853833133191985e-10
2.221547999999999945e+02 3.855946630342338569e-08 1.132520427040060516e-10
2.374834999999999923e+02 3.373634696976273687e-08 9.466557141988819154e-11
2.538699000000000012e+02 2.951701250164662995e-08 7.965116031755458713e-11
2.713869000000000256e+02 2.582572217568424824e-08 6.745941602480669850e-11
2.901125999999999863e+02 2.259638237268711700e-08 5.749168527122707843e-11
3.101304000000000087e+02 1.977105703004502672e-08 4.929795696428105230e-11
3.315294000000000096e+02 1.729921809283702283e-08 4.251304897964917216e-11
3.544048999999999978e+02 1.513654731581415949e-08 3.685756851778361857e-11
3.788587999999999738e+02 1.324438512495476821e-08 3.211052721342241433e-11
4.050000999999999749e+02 1.158887324818350695e-08 2.810154636929802460e-11
4.329451000000000249e+02 1.014036290603549358e-08 2.469167422423150757e-11
