1.067676000000000069e+00 4.170990430830821176e-04 2.297599605169514648e-05
1.141345000000000054e+00 3.604608273529451073e-04 1.791168291409275649e-05
1.220097999999999905e+00 3.102610139552230886e-04 1.397765736964739984e-05
1.304284999999999917e+00 2.651782883901728817e-04 1.091843584786060628e-05
1.394281000000000104e+00 2.232412927210510923e-04 8.525864131185173668e-06
1.490485999999999978e+00 1.786369793631912683e-04 6.637238775834784325e-06
1.528407999999999989e+00 1.543221022521756706e-04 6.042228958460958453e-06
1.551801999999999904e+00 1.221488687719088340e-04 5.709262894693405722e-06
1.558040000000000092e+00 8.867560159383763971e-05 5.624510209870378209e-06
1.567398000000000069e+00 1.193604670334590210e-04 6.862893288362478111e-05
1.590791999999999984e+00 1.439155501669967788e-04 6.626327119269048195e-05
1.593328999999999995e+00 1.450862500403443591e-04 6.601397771137576108e-05
1.703268999999999922e+00 1.562597331873049591e-04 5.451794072237060016e-05
1.820794999999999941e+00 1.479042693003437153e-04 4.305756141454951098e-05
1.946430000000000105e+00 1.351513472476882801e-04 3.349823111439072416e-05
2.080732999999999944e+00 1.212911690016890145e-04 2.606003360434775687e-05
2.224304000000000059e+00 1.079541458595669682e-04 2.043172825209313548e-05
2.377781000000000144e+00 9.561414322045729995e-05 1.604433465690650672e-05
2.541847999999999885e+00 8.440888223918273261e-05 1.261399987011819033e-05
2.717235000000000067e+00 7.434680332237018159e-05 9.915530826097756061e-06
2.904723999999999862e+00 6.537505448060367983e-05 7.789181275342367167e-06
3.105150000000000077e+00 5.743031960466170305e-05 6.096937302288690024e-06
3.319405999999999857e+00 5.052947946104967633e-05 4.728330673937995704e-06
3.548445000000000071e+00 4.425165945039481079e-05 3.665500544517801995e-06
3.793287999999999993e+00 3.872287614507041389e-05 2.841948109039980991e-06
4.055024000000000406e+00 3.386643222951287314e-05 2.203579345255594199e-06
4.334820999999999813e+00 2.960842166669973451e-05 1.708847030129173985e-06
4.633924000000000376e+00 2.587916892722246808e-05 1.325367874488796436e-06
4.953663999999999845e+00 2.261604838715117701e-05 1.028101827978224280e-06
5.295467000000000368e+00 1.976270454356694517e-05 7.975945910736577351e-07
5.660854999999999748e+00 1.726866513441611625e-05 6.188664889855287644e-07
6.051453000000000415e+00 1.508934883882942569e-05 4.802698301274836638e-07
6.469003999999999976e+00 1.318562386525341794e-05 3.727830274622399106e-07
6.915365000000000428e+00 1.152284184197691918e-05 2.886698422573800263e-07
7.392525000000000013e+00 1.006957538763405147e-05 2.224959853259089573e-07
7.902608999999999995e+00 8.799712288935007803e-06 1.715365112928255986e-07
8.447889999999999233e+00 7.690381428597400544e-06 1.322924292975447267e-07
9.030794000000000210e+00 6.721499824247998686e-06 1.018746945504285243e-07
9.653919000000000139e+00 5.875120234901759115e-06 7.797270856910468754e-08
1.032004000000000055e+01 5.135349810830646078e-06 5.970809948149950141e-08
1.103212000000000081e+01 4.488929988031946971e-06 4.574628719886301415e-08
1.179334000000000060e+01 3.924138986632030587e-06 3.507284156388820771e-08
1.260707999999999984e+01 3.430617173468756251e-06 2.690732699185343796e-08
1.347696999999999967e+01 2.999411413438487602e-06 2.066381256682270754e-08
1.440687999999999924e+01 2.622564377761950971e-06 1.588247443522119023e-08
1.540094999999999992e+01 2.293221749888816588e-06 1.222176838786161005e-08
1.646361999999999881e+01 2.005357278205842272e-06 9.416953126872711676e-09
1.759960999999999842e+01 1.753748764302320148e-06 7.266894941162485305e-09
1.881398000000000081e+01 1.533779487569795734e-06 5.617390092976987832e-09
2.011214999999999975e+01 1.341481093903318617e-06 4.351212711643887657e-09
2.149988000000000099e+01 1.173338379723027370e-06 3.378109764010179671e-09
2.298338000000000036e+01 1.026324144819955149e-06 2.629793679454572540e-09
2.456923000000000101e+01 8.977652938784832772e-07 2.053457495758527690e-09
2.626450000000000173e+01 7.853340912239307577e-07 1.609130099765277612e-09
2.807676000000000016e+01 6.870191378631134573e-07 1.261520279846532570e-09
3.001405000000000101e+01 6.010219401810985170e-07 9.926422962604999874e-10
3.208502000000000010e+01 5.258052456012348693e-07 7.852916693248019127e-10
3.429889000000000010e+01 4.600122538174467958e-07 6.242459550082893456e-10
3.666550999999999760e+01 4.024612211956138425e-07 4.989329492806269349e-10
3.919543000000000177e+01 3.521155919667584073e-07 4.018017886997294213e-10
4.189992000000000161e+01 3.080749236993422141e-07 3.262124833544838789e-10
4.479100999999999999e+01 2.695468747744074600e-07 2.671288338344988646e-10
4.788159000000000276e+01 2.358407369811559517e-07 2.207114196358731284e-10
5.118542000000000058e+01 2.063526321945946594e-07 1.840237695619232024e-10
5.471721000000000146e+01 1.805543432264480547e-07 1.548332978623929999e-10
5.849269999999999925e+01 1.579825426267233029e-07 1.314498274657675468e-10
6.252870000000000061e+01 1.382335873144471409e-07 1.125700722685400192e-10
6.684318000000000382e+01 1.209552676722767120e-07 9.719795117406176566e-11
7.145535999999999888e+01 1.058374385343050321e-07 8.457525889470606368e-11
7.638577999999999690e+01 9.260985334908599737e-08 7.411175084251864009e-11
8.165640000000000498e+01 8.103607529660333602e-08 6.535783535562133876e-11
8.729068999999999789e+01 7.090871730708117634e-08 5.796843706838064028e-11
9.331373999999999569e+01 6.204797211528488177e-08 5.167175333695293204e-11
9.975239000000000544e+01 5.429445357976959280e-08 4.625619141879575589e-11
1.066353000000000009e+02 4.750982136567188471e-08 4.155929161486987169e-11
1.139930999999999983e+02 4.157333832316881750e-08 3.745596488450410193e-11
1.218586999999999989e+02 3.637856693177470092e-08 3.384470571040943008e-11
1.302668999999999926e+02 3.183321420121906241e-08 3.064790895338444362e-11
1.392553000000000054e+02 2.785598380636014497e-08 2.779930098462360813e-11
1.488640000000000043e+02 2.437544642879169369e-08 2.524977712920991617e-11
1.591356000000000108e+02 2.132998621603214860e-08 2.296044760729749783e-11
1.701159000000000106e+02 1.866503341339120322e-08 2.089278085227732460e-11
1.818539000000000101e+02 1.633302650061728345e-08 1.902273679879854516e-11
1.944018000000000086e+02 1.429249342945163334e-08 1.732624395787171703e-11
2.078155999999999892e+02 1.250678237980000051e-08 1.578487777966186231e-11
2.221547999999999945e+02 1.094427862290575090e-08 1.438110814383631016e-11
2.374834999999999923e+02 9.576974283525537145e-09 1.310175945500687557e-11
2.538699000000000012e+02 8.380490508780525958e-09 1.193499473343451970e-11
2.713869000000000256e+02 7.333490969324083480e-09 1.086917645797090131e-11
2.901125999999999863e+02 6.417294922815034458e-09 9.896731951516538609e-12
3.101304000000000087e+02 5.615604362110330382e-09 9.007115541298782477e-12
3.315294000000000096e+02 4.914029342540545245e-09 8.195128427344941863e-12
3.544048999999999978e+02 4.300138117814422042e-09 7.452918305789332439e-12
3.788587999999999738e+02 3.762909222250579802e-09 6.775121627922738936e-12
4.050000999999999749e+02 3.292821882204378335e-09 6.156073795260998879e-12
4.329451000000000249e+02 2.881461641727469888e-09 5.590991106705019031e-12
