1.067676000000000069e+00 2.873033136464937006e-07 4.207629754409138644e-08
1.141345000000000054e+00 2.506790486425535356e-07 3.283166248438175708e-08
1.220097999999999905e+00 2.185709427994596927e-07 2.564004662339489277e-08
1.304284999999999917e+00 1.904978447750017744e-07 2.001695840275067976e-08
1.394281000000000104e+00 1.659515907650546346e-07 1.559361449248775916e-08
1.490485999999999978e+00 1.445112803812852367e-07 1.215867273959516867e-08
1.593328999999999995e+00 1.258037196182283502e-07 9.490504086728993341e-09
1.703268999999999922e+00 1.094867947668187155e-07 7.415438813435317128e-09
1.820794999999999941e+00 9.525430184419179410e-08 5.800100236118959238e-09
1.946430000000000105e+00 8.283496729162265697e-08 4.541588077806051446e-09
2.080732999999999944e+00 7.198894239933754591e-08 3.559883523837847844e-09
2.224304000000000059e+00 6.250240707078220911e-08 2.793524075314590169e-09
2.377781000000000144e+00 5.418311576037546459e-08 2.194578440559913763e-09
2.541847999999999885e+00 4.684957532050328407e-08 1.725914650569536105e-09
2.717235000000000067e+00 4.031232174567180698e-08 1.358957634984018602e-09
2.904723999999999862e+00 3.430034764349231062e-08 1.071178309553493009e-09
3.105150000000000077e+00 2.789311189030133507e-08 8.368883982075538950e-10
3.138841999999999910e+00 2.645669713086324123e-08 8.029512289892553976e-10
3.186885000000000190e+00 2.286721421506080928e-08 7.576167874086122849e-10
3.199697000000000013e+00 1.934505600672931959e-08 7.460757439780131218e-10
3.218913999999999831e+00 2.245672381243699650e-08 7.232897996431491446e-09
3.266957999999999807e+00 2.474335590386813600e-08 6.865810563667599624e-09
3.319405999999999857e+00 2.524027227363177714e-08 6.492791096628296237e-09
3.548445000000000071e+00 2.415310163162417088e-08 5.120482117737397998e-09
3.793287999999999993e+00 2.198633661720009313e-08 4.029716870061583527e-09
4.055024000000000406e+00 1.970071872960081722e-08 3.168521991341580358e-09
4.334820999999999813e+00 1.751425345153517054e-08 2.485818445198206128e-09
4.633924000000000376e+00 1.549149727231094716e-08 1.947249724513797491e-09
4.953663999999999845e+00 1.365760272816878345e-08 1.524574552142341582e-09
5.295467000000000368e+00 1.201381537116765687e-08 1.193454228454405657e-09
5.660854999999999748e+00 1.055101358574554625e-08 9.341254029512078975e-10
6.051453000000000415e+00 9.255801032225134940e-09 7.310174090003907619e-10
6.469003999999999976e+00 8.131289849858079696e-09 5.711683471458150487e-10
6.915365000000000428e+00 7.121280361032947158e-09 4.439180239763388607e-10
7.392525000000000013e+00 6.232694254003390819e-09 3.450641149482638585e-10
7.902608999999999995e+00 5.452733600518478833e-09 2.682780802272895931e-10
8.447889999999999233e+00 4.769027792936713997e-09 2.086150250890575636e-10
9.030794000000000210e+00 4.171617565995417075e-09 1.620005084077102335e-10
9.653919000000000139e+00 3.647256658835779360e-09 1.251642157036223640e-10
1.032004000000000055e+01 3.188282683311124606e-09 9.672901985114868211e-11
1.103212000000000081e+01 2.786882658848227156e-09 7.477342724478604474e-11
1.179334000000000060e+01 2.435946020751029231e-09 5.781938583766713096e-11
1.260707999999999984e+01 2.129222886748384513e-09 4.472059446528855382e-11
1.347696999999999967e+01 1.861189290722594586e-09 3.460433454595861367e-11
1.440687999999999924e+01 1.626975482187088315e-09 2.668895889713859523e-11
1.540094999999999992e+01 1.422234490348272303e-09 2.053840782213962427e-11
1.646361999999999881e+01 1.243296559110955601e-09 1.581201555807239437e-11
1.759960999999999842e+01 1.086912887376554267e-09 1.218198146422015904e-11
1.881398000000000081e+01 9.502510745481948105e-10 9.392475974951834177e-12
2.011214999999999975e+01 8.308211677616639159e-10 7.247805256906562777e-12
2.149988000000000099e+01 7.264459406739505917e-10 5.598338778030980659e-12
2.298338000000000036e+01 6.352169276687564433e-10 4.329055348833720851e-12
2.456923000000000101e+01 5.554786411151872928e-10 3.351914481395752984e-12
2.626450000000000173e+01 4.857765531247719452e-10 2.599293846817537022e-12
2.807676000000000016e+01 4.248646692146925510e-10 2.008052610313476091e-12
3.001405000000000101e+01 3.715888246721601409e-10 1.551821454049501841e-12
3.208502000000000010e+01 3.250040352425054693e-10 1.202388720629974087e-12
3.429889000000000010e+01 2.842718757527287426e-10 9.343544638465380602e-13
3.666550999999999760e+01 2.486529059084145879e-10 7.284829431578193848e-13
3.919543000000000177e+01 2.175065114316803998e-10 5.701627173154973841e-13
4.189992000000000161e+01 1.902667214898272199e-10 4.481906899899087359e-13
4.479100999999999999e+01 1.664448614144745921e-10 3.540375320538234762e-13
4.788159000000000276e+01 1.456095456351287817e-10 2.811823391542010859e-13
5.118542000000000058e+01 1.273858832858887357e-10 2.246702092645283587e-13
5.471721000000000146e+01 1.114460902118018885e-10 1.806883079851664233e-13
5.849269999999999925e+01 9.750243739622565646e-11 1.463480851877740760e-13
6.252870000000000061e+01 8.530571311718745381e-11 1.194264513718610447e-13
6.684318000000000382e+01 7.463594411923454214e-11 9.822380186974533873e-14
7.145535999999999888e+01 6.530216180459296956e-11 8.131048119453893489e-14
7.638577999999999690e+01 5.713627220541143102e-11 6.783589497876615393e-14
8.165640000000000498e+01 4.999206157328249379e-11 5.708041831852478774e-14
8.729068999999999789e+01 4.374187994352297888e-11 4.842667171321772237e-14
9.331373999999999569e+01 3.827354706681564939e-11 4.142389232421678485e-14
9.975239000000000544e+01 3.348919527368705153e-11 3.570962903891942207e-14
1.066353000000000009e+02 2.930307355276008551e-11 3.100348024981224815e-14
1.139930999999999983e+02 2.564051183682311101e-11 2.709503130804234007e-14
1.218586999999999989e+02 2.243593699710602715e-11 2.382135695032932100e-14
1.302668999999999926e+02 1.963202150340803405e-11 2.105426039709744842e-14
1.392553000000000054e+02 1.717851403530055703e-11 1.869772295084392646e-14
1.488640000000000043e+02 1.503177952360389131e-11 1.667092393340421170e-14
1.591356000000000108e+02 1.315340494467963459e-11 1.491727258643475403e-14
1.701159000000000106e+02 1.150975777921535840e-11 1.338765624911450460e-14
1.818539000000000101e+02 1.007154939853414214e-11 1.204646375624516313e-14
1.944018000000000086e+02 8.813104124312870635e-12 1.086238380030991398e-14
2.078155999999999892e+02 7.711937922377218656e-12 9.811389842904977419e-15
2.221547999999999945e+02 6.748368105376610939e-12 8.875329374632529570e-15
2.374834999999999923e+02 5.905186736222835899e-12 8.038454559587329763e-15
2.538699000000000012e+02 5.167385429419462477e-12 7.287856050504534116e-15
2.713869000000000256e+02 4.521768066947224401e-12 6.612961234324674177e-15
2.901125999999999863e+02 3.956813884780154013e-12 6.003604518460586012e-15
3.101304000000000087e+02 3.462464280813896909e-12 5.453174384416832425e-15
3.315294000000000096e+02 3.029877430618857499e-12 4.955198556010381724e-15
3.544048999999999978e+02 2.651336768692626707e-12 4.503992116792441525e-15
3.788587999999999738e+02 2.320102430314807057e-12 4.094699721099070306e-15
4.050000999999999749e+02 2.030237436131197209e-12 3.723251111251538576e-15
4.329451000000000249e+02 1.776597400833406314e-12 3.385858774949432816e-15
