1.004374899999999959e+00 7.572984110622182257e-04 1.101173710327263151e-04
1.009396799999999983e+00 7.484803512166107427e-04 1.081345068163218934e-04
1.014443800000000007e+00 7.396849367076784379e-04 1.061911342734127826e-04
1.019516000000000089e+00 7.309288028731451836e-04 1.042812066272082091e-04
1.024613599999999902e+00 7.222247463030850205e-04 1.024043481184659833e-04
1.029736699999999949e+00 7.135731191840830739e-04 1.005657348182559360e-04
1.034885300000000008e+00 7.049773827502738271e-04 9.875942413791496911e-05
1.040059800000000090e+00 6.964284730371488605e-04 9.698503191568108356e-05
1.045260099999999914e+00 6.879359387895233116e-04 9.524768095097276488e-05
1.050486400000000042e+00 6.794911376425762138e-04 9.354150266238856468e-05
1.055738800000000088e+00 6.710973890362610531e-04 9.186074978791612612e-05
1.061017499999999947e+00 6.627520632679523597e-04 9.021590135122952391e-05
1.066322599999999898e+00 6.544499404277325221e-04 8.860118947504031341e-05
1.071654200000000001e+00 6.461943720167485699e-04 8.701627781122226390e-05
1.077012499999999928e+00 6.379829356034426389e-04 8.546082491509132532e-05
1.082397499999999901e+00 6.298080716812543955e-04 8.393450839587357644e-05
1.087809500000000096e+00 6.216757074532126837e-04 8.243698520507168007e-05
1.093248599999999904e+00 6.135756910200931358e-04 8.096793127556386593e-05
1.098714799999999991e+00 6.055116503477217310e-04 7.952184212440490437e-05
1.104208400000000090e+00 5.974788662577641164e-04 7.810362651402033118e-05
1.109729399999999977e+00 5.894731366635290980e-04 7.671297553943950596e-05
1.115278100000000050e+00 5.814926914415565395e-04 7.534444876746038296e-05
1.120854500000000087e+00 5.735336043621583942e-04 7.400290694706611425e-05
1.126458699999999924e+00 5.655945351736180876e-04 7.268804183494365068e-05
1.132090999999999958e+00 5.576690136381076820e-04 7.139449784173079955e-05
1.137751500000000027e+00 5.497535141005639248e-04 7.012706030254021138e-05
1.143440199999999907e+00 5.418423126119301103e-04 6.888044791711807346e-05
1.149157399999999996e+00 5.339344997812394116e-04 6.765938807297300502e-05
1.154903199999999908e+00 5.260222096877117601e-04 6.645864806988931758e-05
1.160677699999999923e+00 5.180979114397663487e-04 6.528292256507162183e-05
1.166481099999999937e+00 5.101590209573270661e-04 6.412702700420315873e-05
1.172313500000000008e+00 5.021938555961016253e-04 6.299074700244475570e-05
1.178175100000000031e+00 4.941957610556805061e-04 6.187386465006700803e-05
1.184066000000000063e+00 4.861584735428878886e-04 6.078098560837311880e-05
1.189986299999999941e+00 4.780669749706208658e-04 5.970703682741508947e-05
1.195936200000000005e+00 4.699090526919979713e-04 5.865180656798050710e-05
1.201915899999999926e+00 4.616774745773487374e-04 5.761508521589791957e-05
1.207925499999999985e+00 4.533500731216472883e-04 5.659666993586140248e-05
1.213965100000000019e+00 4.449099771843321549e-04 5.560105715463662627e-05
1.220034999999999981e+00 4.363387733003168292e-04 5.461861974168230740e-05
1.226135100000000033e+00 4.276063767066556410e-04 5.365854122658154392e-05
1.232265799999999967e+00 4.186857624384955514e-04 5.271128731995918340e-05
1.238427100000000003e+00 4.095388485435823311e-04 5.178594744290247964e-05
1.244619300000000095e+00 4.001207361789632872e-04 5.087308828977525643e-05
1.250842400000000021e+00 3.903743383664715874e-04 4.997715128510289337e-05
1.257096599999999897e+00 3.802246301975455937e-04 4.910247981709614875e-05
1.263382100000000063e+00 3.695837412915471232e-04 4.823978727428903090e-05
1.269698999999999911e+00 3.583199389346741607e-04 4.739344724192085765e-05
1.276047500000000001e+00 3.462617468001582231e-04 4.655880297448186569e-05
1.282427699999999948e+00 3.331612132156674022e-04 4.574463258708208306e-05
1.288839899999999927e+00 3.186418061122193350e-04 4.494183220344022904e-05
1.295284000000000102e+00 3.020888939506751478e-04 4.415469857480781385e-05
1.301760500000000098e+00 2.823987321001182149e-04 4.338216407988853006e-05
1.308269300000000079e+00 2.572553697439886435e-04 4.262320075678661008e-05
1.314810599999999940e+00 2.201288287825988821e-04 4.187809035467828970e-05
1.321384700000000079e+00 1.285094856395190086e-04 4.114624120705608046e-05
1.322979300000000080e+00 -1.881738482655512956e-05 4.097121064818563964e-05
1.323220599999999969e+00 -2.180438608702323243e-05 2.142850611319535158e-04
1.327991600000000050e+00 1.791047812799288796e-04 2.115226718307922093e-04
1.334631600000000029e+00 2.192079246241274702e-04 2.077484752936078333e-04
1.341304700000000016e+00 2.345559264263478332e-04 2.040448775746899325e-04
1.348011199999999965e+00 2.375528269585549970e-04 2.004068279409897254e-04
1.354751299999999992e+00 2.230050512264658558e-04 1.968378023961787698e-04
1.358473899999999901e+00 1.401535580810943696e-04 1.948963100117365903e-04
1.358726099999999937e+00 1.391833914372419395e-04 2.759528746552217205e-04
1.361525000000000096e+00 2.241799216972979888e-04 2.739154316628144431e-04
1.368332700000000068e+00 2.622928005724757864e-04 2.690393135226154726e-04
1.375174300000000072e+00 2.813384109470623584e-04 2.642505773317021926e-04
1.382050199999999895e+00 2.943289287458786025e-04 2.595482026479437434e-04
1.388960500000000042e+00 3.040387495733388556e-04 2.549312369186032957e-04
1.395905299999999905e+00 3.116019871676393538e-04 2.503946497715755495e-04
1.402884800000000043e+00 3.176083154401522827e-04 2.459416121436553272e-04
1.409899199999999908e+00 3.224221994203634121e-04 2.415671329657656356e-04
1.416948700000000061e+00 3.262764681991316639e-04 2.372703353060539829e-04
1.424033499999999952e+00 3.293369445038988176e-04 2.330503505016433339e-04
1.431153600000000026e+00 3.317259743895211084e-04 2.289023653275614270e-04
1.438309400000000071e+00 3.335318987435270579e-04 2.248334831972638784e-04
1.445500900000000088e+00 3.348217195058782289e-04 2.208349404646146256e-04
1.452728400000000031e+00 3.356463159677628501e-04 2.169098680548826603e-04
1.459992100000000015e+00 3.360398606635302439e-04 2.130535300016232856e-04
1.467292000000000041e+00 3.360266017807849370e-04 2.092651909372868517e-04
1.474628499999999898e+00 3.356122174632184376e-04 2.055440642489904824e-04
1.482001600000000030e+00 3.347879925071574250e-04 2.018894274469067184e-04
1.489411700000000005e+00 3.335167364554622702e-04 1.983005092525963323e-04
1.496858699999999986e+00 3.317145939244476975e-04 1.947766128088904310e-04
1.504342999999999986e+00 3.292005949396893975e-04 1.913169809196647452e-04
1.511864700000000061e+00 3.255295503126452456e-04 1.879171308197263455e-04
1.519424000000000108e+00 3.191741337931851123e-04 1.845764014465379750e-04
1.525138300000000058e+00 3.052489630097049000e-04 1.821012577593672868e-04
1.527021200000000078e+00 2.968071742041436837e-04 2.073352000147395320e-04
1.527861600000000042e+00 3.047449082595696268e-04 2.069374850234205975e-04
1.534656299999999973e+00 3.191459194594904324e-04 2.037619532665097585e-04
1.542329499999999909e+00 3.239171123129899179e-04 2.002487189855637511e-04
1.550041199999999897e+00 3.263117986283618202e-04 1.968021724012166925e-04
1.557791399999999937e+00 3.276371491224651161e-04 1.934105962842844607e-04
1.565580399999999983e+00 3.283251182608685711e-04 1.900806732091434297e-04
1.573408300000000093e+00 3.285777343260352901e-04 1.868080975710073761e-04
1.581275299999999939e+00 3.285035077932979249e-04 1.835922359956602425e-04
1.589181699999999919e+00 3.281738768357293128e-04 1.804360380083363516e-04
1.597127600000000092e+00 3.276338565477785857e-04 1.773316987580667080e-04
1.605113199999999907e+00 3.269168374642403827e-04 1.742857612813875545e-04
1.613138799999999984e+00 3.260537359729499861e-04 1.712975512792714152e-04
1.621204499999999937e+00 3.250646756415466877e-04 1.683664222297242001e-04
1.629310500000000106e+00 3.239642017996340138e-04 1.654847223216649138e-04
1.637457099999999999e+00 3.227663179060914723e-04 1.626519004468665770e-04
1.645644300000000060e+00 3.214811072869336577e-04 1.598709057346350511e-04
1.653872599999999915e+00 3.201169477968733297e-04 1.571376776828287006e-04
1.662141899999999950e+00 3.186821679988599229e-04 1.544517189434198008e-04
1.670452599999999954e+00 3.171846250772142502e-04 1.518159028363837474e-04
1.678804900000000044e+00 3.156308472728349118e-04 1.492228680907469525e-04
1.687198900000000057e+00 3.140238053426782586e-04 1.466755424731561587e-04
1.695634899999999945e+00 3.123718848221810002e-04 1.441767727759719398e-04
1.704113100000000047e+00 3.106776949206473733e-04 1.417159666259419084e-04
1.712633700000000037e+00 3.089470474044468586e-04 1.393027152977521028e-04
1.721196799999999971e+00 3.071823442627502794e-04 1.369265431947514909e-04
1.729802800000000085e+00 3.053836707047084061e-04 1.345771533855021171e-04
1.738451799999999992e+00 3.035544172513419178e-04 1.322707162482569723e-04
1.747144100000000089e+00 3.016967456436374980e-04 1.300034778200518445e-04
1.755879799999999991e+00 2.998149004886909103e-04 1.277782642085721707e-04
1.764659200000000094e+00 2.979108543623490684e-04 1.255881308415993732e-04
1.773482500000000073e+00 2.959855356698728990e-04 1.234294891525068976e-04
1.782349900000000043e+00 2.940408620876279792e-04 1.213084164833749801e-04
1.791261699999999957e+00 2.920786599714292092e-04 1.192244915846773655e-04
1.800218000000000096e+00 2.901007642433861360e-04 1.171741426395774634e-04
1.809219099999999969e+00 2.881088884410396771e-04 1.151601552559206840e-04
1.818265199999999915e+00 2.861056929849921837e-04 1.131821258409012996e-04
1.827356500000000050e+00 2.840918277337083856e-04 1.112365335699480481e-04
1.836493300000000106e+00 2.820688476469040127e-04 1.093261277519532929e-04
1.845675699999999919e+00 2.800383185254412435e-04 1.074474315036637632e-04
1.854904099999999945e+00 2.780016645611656429e-04 1.056031641058743822e-04
1.864178600000000019e+00 2.759603526529765438e-04 1.037898860868903089e-04
1.873499500000000095e+00 2.739148292480050547e-04 1.020072547410367104e-04
1.882867000000000068e+00 2.718664639502539767e-04 1.002549360710119149e-04
1.892281399999999891e+00 2.698156569804216888e-04 9.853259373799160416e-05
1.901742800000000067e+00 2.677646277712791129e-04 9.683990489172602937e-05
1.911251500000000103e+00 2.657137050812452290e-04 9.517952285913381500e-05
1.920807699999999896e+00 2.636623699641119285e-04 9.354514290265722291e-05
1.930411799999999900e+00 2.616135134816541729e-04 9.193943462408985282e-05
1.940063799999999894e+00 2.595674724742880906e-04 9.035915168370260600e-05
1.949764199999999947e+00 2.575235993569226613e-04 8.880985986600918841e-05
1.959513000000000060e+00 2.554839100649914448e-04 8.728539313860332529e-05
1.969310499999999964e+00 2.534494411331801068e-04 8.578837796481223875e-05
1.979157099999999891e+00 2.514203483210816965e-04 8.431561872520591165e-05
1.989052899999999902e+00 2.493968596168950631e-04 8.286399302208161935e-05
1.998998100000000111e+00 2.473767667226809482e-04 8.143043323072138252e-05
2.008993100000000087e+00 2.453610768466259434e-04 8.002327670615366621e-05
2.019038099999999947e+00 2.433508096585834570e-04 7.863940317503639681e-05
2.029133299999999807e+00 2.413453915382857487e-04 7.727856154113039566e-05
2.039279000000000064e+00 2.393473313616359356e-04 7.594329553444197187e-05
2.049475399999999947e+00 2.373552518652498680e-04 7.463053420748408428e-05
2.059722700000000017e+00 2.353708516512630934e-04 7.333726446208953568e-05
2.070021300000000064e+00 2.333934763749255428e-04 7.206878815076341873e-05
2.080371400000000204e+00 2.314240239660197464e-04 7.082208287616726706e-05
2.090773299999999946e+00 2.294633361694048217e-04 6.959690745461971000e-05
2.101227199999999851e+00 2.275107932412341952e-04 6.839302624262292316e-05
2.111733300000000035e+00 2.255672368977274043e-04 6.721020556519981975e-05
2.122291999999999845e+00 2.236327228648869291e-04 6.604820748058416117e-05
2.132903400000000005e+00 2.217080718777283369e-04 6.490413197210253117e-05
2.143568000000000140e+00 2.197932928094475881e-04 6.378044277683281998e-05
2.154285799999999806e+00 2.178878056901479491e-04 6.267692038126751811e-05
2.165057200000000126e+00 2.159923393718460836e-04 6.159333525501402176e-05
2.175882500000000164e+00 2.141076139523900683e-04 6.052684215031130856e-05
2.186761900000000036e+00 2.122330004846527222e-04 5.947986850434383230e-05
2.197695700000000141e+00 2.103692011738253107e-04 5.844959889485584954e-05
2.208684199999999986e+00 2.085162334067374671e-04 5.743843554073116078e-05
2.219727600000000134e+00 2.066741316979830924e-04 5.644359523824876105e-05
2.230826299999999929e+00 2.048428913300885960e-04 5.546745541486078693e-05
2.241980400000000095e+00 2.030231987166256850e-04 5.450726452469630804e-05
2.253190299999999979e+00 2.012150270505644019e-04 5.356284702578212786e-05
2.264456200000000141e+00 1.994177600991228218e-04 5.263655220785868569e-05
2.275778499999999926e+00 1.976326250049816827e-04 5.172566437243280424e-05
2.287157399999999896e+00 1.958583844848769137e-04 5.083001764930737589e-05
2.298593200000000003e+00 1.940962562870807704e-04 4.994944533419201410e-05
2.310086200000000201e+00 1.923456080947557180e-04 4.908378224916588498e-05
2.321636600000000161e+00 1.906070357425603868e-04 4.823532315272861749e-05
2.333244800000000119e+00 1.888804888896376702e-04 4.740142291081388788e-05
2.344911000000000190e+00 1.871659494735039846e-04 4.657949103112369595e-05
2.356635600000000164e+00 1.854633664894179653e-04 4.577424242647047171e-05
2.368418699999999877e+00 1.837727358288964189e-04 4.498067133830216239e-05
2.380260799999999843e+00 1.820939898815405393e-04 4.420344527165614534e-05
2.392162100000000180e+00 1.804276672234695483e-04 4.343760749863851599e-05
2.404122999999999788e+00 1.787731447383239644e-04 4.268541043416887210e-05
2.416143599999999836e+00 1.771315119505687387e-04 4.194670542511957131e-05
2.428224300000000113e+00 1.755015963827958757e-04 4.122133979435368251e-05
2.440365400000000129e+00 1.738838974058456814e-04 4.050682720685847346e-05
2.452567199999999836e+00 1.722783600434333738e-04 3.980770483660018406e-05
2.464830099999999913e+00 1.706849152914100682e-04 3.911684847939144507e-05
2.477154200000000195e+00 1.691040576878430812e-04 3.844109135664666716e-05
2.489539999999999864e+00 1.675356886780198450e-04 3.777567010902797639e-05
2.501987699999999926e+00 1.659792395319059112e-04 3.712275678582037933e-05
2.514497599999999888e+00 1.644346547030335723e-04 3.647994154862963163e-05
2.527070099999999986e+00 1.629028686948194810e-04 3.584937288624519177e-05
2.539705500000000171e+00 1.613828031519093798e-04 3.522866595200236034e-05
2.552404000000000117e+00 1.598753986877522151e-04 3.461995173013419094e-05
2.565166000000000057e+00 1.583800709789344116e-04 3.402086858106276947e-05
2.577991899999999781e+00 1.568967380931645598e-04 3.343352464446285965e-05
2.590881800000000013e+00 1.554258320564329461e-04 3.285558668408242872e-05
2.603836199999999934e+00 1.539667725349318412e-04 3.228695142702069331e-05
2.616855399999999943e+00 1.525199584873922871e-04 3.172969836506093762e-05
2.629939699999999991e+00 1.510853073133105356e-04 3.118152769799793393e-05
2.643089400000000033e+00 1.496627367864124031e-04 3.064234156862744951e-05
2.656304800000000021e+00 1.487265320321432341e-04 3.010560235155898242e-05
2.669586300000000190e+00 1.473218099741345380e-04 2.957771748170380809e-05
2.682934299999999883e+00 1.459285312119769698e-04 2.905859014679835095e-05
2.696348899999999826e+00 1.445462091945870357e-04 2.854812763790264625e-05
2.709830699999999926e+00 1.431756294194307436e-04 2.804623270063336858e-05
2.723379800000000017e+00 1.420343875060026844e-04 2.755281423784252816e-05
2.736996700000000171e+00 1.406832023788122301e-04 2.706777781808652363e-05
2.750681699999999896e+00 1.393431521645284790e-04 2.658895871153128503e-05
2.764435100000000034e+00 1.380141698166982708e-04 2.612042293333254164e-05
2.778257299999999930e+00 1.366961785288286092e-04 2.565794340470898259e-05
2.792148599999999981e+00 1.353887010014367335e-04 2.520350408622966618e-05
2.806109300000000140e+00 1.340929033845583110e-04 2.475904875845620737e-05
2.820139900000000033e+00 1.328074680038495998e-04 2.432041334564280624e-05
2.834240600000000221e+00 1.315335470427722760e-04 2.389156636500028370e-05
2.848411800000000049e+00 1.302702523109545301e-04 2.347038873276238724e-05
2.862653900000000196e+00 1.290179006093824415e-04 2.305480232667385545e-05
2.876967099999999888e+00 1.277764245990878139e-04 2.264871767905606676e-05
2.891351999999999922e+00 1.265457216979432031e-04 2.224807432473413965e-05
2.905808700000000133e+00 1.253261136145631370e-04 2.185478289368308384e-05
2.920337799999999984e+00 1.241171126227721966e-04 2.146875879980495014e-05
2.934939400000000198e+00 1.229190334680545064e-04 2.109186501898016659e-05
2.949614099999999794e+00 1.217317659928206225e-04 2.071818936762618454e-05
2.964362200000000058e+00 1.205555908789955941e-04 2.035348094615766179e-05
2.979184000000000054e+00 1.193907748022770860e-04 1.999571732533824217e-05
2.994079900000000016e+00 1.182432796149847571e-04 1.964291448689005188e-05
3.009050300000000178e+00 1.171421747931584740e-04 1.928744146038571363e-05
3.024095599999999884e+00 1.160211550722034567e-04 1.893313320951574112e-05
3.039216099999999976e+00 1.149053022245283338e-04 1.858543832326928804e-05
3.054412199999999800e+00 1.139416181808547169e-04 1.824390846667280753e-05
3.069684200000000196e+00 1.128392481003773142e-04 1.790531736617740767e-05
3.085032599999999903e+00 1.117445043852382397e-04 1.757334056455768070e-05
3.100457800000000042e+00 1.106580394744040616e-04 1.724753428324647938e-05
3.115960100000000121e+00 1.095801559032153909e-04 1.692782934384452423e-05
3.131539899999999932e+00 1.085108089629872581e-04 1.661415662622474335e-05
3.147197600000000151e+00 1.074502773380039581e-04 1.630626644442049837e-05
3.162933600000000123e+00 1.063988268908836257e-04 1.600427394583400225e-05
3.178748199999999802e+00 1.053557666471587712e-04 1.570811237706681217e-05
3.194641999999999982e+00 1.043219804150214450e-04 1.541735708736419606e-05
3.210615199999999891e+00 1.032970982466338209e-04 1.513194836172220433e-05
3.226668300000000045e+00 1.022810509511947120e-04 1.485217904186282372e-05
3.242801599999999951e+00 1.012740871737450221e-04 1.457745713122688223e-05
3.259015600000000124e+00 1.002758280259454285e-04 1.430790074064736651e-05
3.275310699999999908e+00 9.928680928306742406e-05 1.404345136604759845e-05
3.291687299999999983e+00 9.830636093215092402e-05 1.378405103378011270e-05
3.308145699999999856e+00 9.733472104128805091e-05 1.352947031957343985e-05
3.324686400000000042e+00 9.637210445558334806e-05 1.327965444071091390e-05
3.341309900000000166e+00 9.541814158854033088e-05 1.303437846928456900e-05
3.358016399999999901e+00 9.447306022627286371e-05 1.279393201384608046e-05
3.374806500000000042e+00 9.353649206864487087e-05 1.255775191867264891e-05
3.391680500000000098e+00 9.260865455232674651e-05 1.232629561577049666e-05
3.408638900000000138e+00 9.168919210216637755e-05 1.209900635948724935e-05
3.425682099999999952e+00 9.077831221309694601e-05 1.187583767731335905e-05
3.442810500000000218e+00 8.987621199993048706e-05 1.165707479493521966e-05
3.460024600000000117e+00 8.898227068405562391e-05 1.144233715194674513e-05
3.477324700000000046e+00 8.809669459962489273e-05 1.123157987676618409e-05
3.494711300000000076e+00 8.721966970824385071e-05 1.102475783853885911e-05
3.512184899999999832e+00 8.635059347365826312e-05 1.082182633523640077e-05
3.529745800000000155e+00 8.548992300293758388e-05 1.062274169043699890e-05
3.547394499999999784e+00 8.463732197892961202e-05 1.042729924369917488e-05
3.565131500000000120e+00 8.379296918681927351e-05 1.023561786765265541e-05
3.582957200000000064e+00 8.295629036119411012e-05 1.004733642962408735e-05
3.600871900000000014e+00 8.212797140797133643e-05 9.862734271410072309e-06
3.618876300000000157e+00 8.130718350994135932e-05 9.681610915579936857e-06
3.636970700000000001e+00 8.049459917318114175e-05 9.503770515878360721e-06
3.655155499999999780e+00 7.968965908784086559e-05 9.329176432512193654e-06
3.673431299999999844e+00 7.889228989924918108e-05 9.157947091359407786e-06
3.691798499999999983e+00 7.810266272665418626e-05 8.989889739365190043e-06
3.710257499999999986e+00 7.732070716257064631e-05 8.824968737398386476e-06
3.728808799999999923e+00 7.654634930432143824e-05 8.663148526112659790e-06
3.747452800000000028e+00 7.577952014245549505e-05 8.504394104440173428e-06
3.766190100000000207e+00 7.501991747773116602e-05 8.348518915066209062e-06
3.785020999999999969e+00 7.426770805421704989e-05 8.195491075391063732e-06
3.803946100000000108e+00 7.352281698952703394e-05 8.045428243103737123e-06
3.822965899999999806e+00 7.278517423950803689e-05 7.898147273609280633e-06
3.842080699999999904e+00 7.205471804116928664e-05 7.753320280799010238e-06
3.861291099999999865e+00 7.133137586395557226e-05 7.611068017612949661e-06
3.880597499999999922e+00 7.061508343912541489e-05 7.471655900531937201e-06
3.900000499999999981e+00 6.990576985361027934e-05 7.334758468252062781e-06
3.919500499999999832e+00 6.920337220672511172e-05 7.200493258808220023e-06
3.939097999999999988e+00 6.850782462553364240e-05 7.068540656342367596e-06
3.958793500000000076e+00 6.781906194705857591e-05 6.939163294567836943e-06
3.978587500000000166e+00 6.713701970612624811e-05 6.812188296516640627e-06
3.998480400000000046e+00 6.646183778619667174e-05 6.687588699171288607e-06
4.018472799999999623e+00 6.579304699340366011e-05 6.565337444654403617e-06
4.038565199999999855e+00 6.513098361604933648e-05 6.445266688035851741e-06
4.058758000000000088e+00 6.447538876439801538e-05 6.327492802579828697e-06
4.079051800000000227e+00 6.382619807836274837e-05 6.211849654224558059e-06
4.099447099999999899e+00 6.318354169422045279e-05 6.098452513001482455e-06
4.119944300000000226e+00 6.254716843851751071e-05 5.987137404750235268e-06
4.140544000000000224e+00 6.191701601574973134e-05 5.877880775741471798e-06
4.161246700000000409e+00 6.129302585995576220e-05 5.770522391293366973e-06
4.182052999999999798e+00 6.067532023073121206e-05 5.665313904897043710e-06
4.202963200000000121e+00 6.006366080952036133e-05 5.561959402934321569e-06
4.223978100000000069e+00 5.945816177238507136e-05 5.460572953379125493e-06
4.245097999999999594e+00 5.885858963298514222e-05 5.361132451173769114e-06
4.266323400000000099e+00 5.826488879250194084e-05 5.263348384135905840e-06
4.287655100000000274e+00 5.767717035373632928e-05 5.167601418198581090e-06
4.309093299999999793e+00 5.709521043076955151e-05 5.073471123754216948e-06
4.330638800000000010e+00 5.651911804037308842e-05 4.981071199786719830e-06
4.352292000000000272e+00 5.594866851550783733e-05 4.890513361510065127e-06
4.374053499999999595e+00 5.538397411188845720e-05 4.801515528952500515e-06
4.395923699999999990e+00 5.482481457965653044e-05 4.714190411194913032e-06
4.417903299999999867e+00 5.427129752781785602e-05 4.628518879009790225e-06
4.439992900000000020e+00 5.372336477537296669e-05 4.544353652949773879e-06
4.462192800000000403e+00 5.318080514418067211e-05 4.461806088549607762e-06
4.484503799999999707e+00 5.264372090967647523e-05 4.380857471254268543e-06
4.506926299999999941e+00 5.211190278834802834e-05 4.301236593466542011e-06
4.529460900000000123e+00 5.158545584575829776e-05 4.223180864366250805e-06
4.552108200000000160e+00 5.106417038775912958e-05 4.146546982697978429e-06
4.574868799999999958e+00 5.054814959399325748e-05 4.071443615850595593e-06
4.597743099999999750e+00 5.003734396289621287e-05 3.997605170968797715e-06
4.620731799999999723e+00 4.953154792525616237e-05 3.925141135278479600e-06
4.643835499999999783e+00 4.903101031864646217e-05 3.854035954736950481e-06
4.667054699999999556e+00 4.853523554352926324e-05 3.784152108018148989e-06
4.690389999999999837e+00 4.804461758850385900e-05 3.715719311664474177e-06
4.713841900000000251e+00 4.755881481508447830e-05 3.648357748915804952e-06
4.737411100000000097e+00 4.707792176024655061e-05 3.582417086087341522e-06
4.761098200000000169e+00 4.660188857246446521e-05 3.517641095626496584e-06
4.784903700000000093e+00 4.613052800445555405e-05 3.454016908124930810e-06
4.808828199999999775e+00 4.566407243571375365e-05 3.391531694396656251e-06
4.832872300000000010e+00 4.520219518766314319e-05 3.330290740882710381e-06
4.857036700000000096e+00 4.474485080243798636e-05 3.270044797417894513e-06
4.881321899999999658e+00 4.429226686913291413e-05 3.211016868307385752e-06
4.905728500000000381e+00 4.384412649169871633e-05 3.153076592827428092e-06
4.930257100000000392e+00 4.340051925189087901e-05 3.096211721380058342e-06
4.954908399999999880e+00 4.296139773869482120e-05 3.040294960962799761e-06
4.979682900000000245e+00 4.252671856693028145e-05 2.985430585029806372e-06
5.004581400000000180e+00 4.209630581219128963e-05 2.931606547754480356e-06
5.029604299999999917e+00 4.167037579362911740e-05 2.878811150879867197e-06
5.054752299999999643e+00 4.124862864849527524e-05 2.826919804851865947e-06
5.080026000000000153e+00 4.083114906703003713e-05 2.776034847532355195e-06
5.105426200000000136e+00 4.041789115400247549e-05 2.726032964504398767e-06
5.130953299999999828e+00 4.000881590163426642e-05 2.677015674740429883e-06
5.156608099999999695e+00 3.960387841794642076e-05 2.628860975817029280e-06
5.182391100000000250e+00 3.920291972032001910e-05 2.581559367967616210e-06
5.208303100000000185e+00 3.880613566193725112e-05 2.535101285383362862e-06
5.234344600000000014e+00 3.841325004681799471e-05 2.489586346496559593e-06
5.260516299999999923e+00 3.802434070340165567e-05 2.444786767299903280e-06
5.286818900000000099e+00 3.763948129901469118e-05 2.400910650549346234e-06
5.313252999999999560e+00 3.725840247605199240e-05 2.357839927716573140e-06
5.339819199999999988e+00 3.688118134881856574e-05 2.315458762953951182e-06
5.366518300000000075e+00 3.650777696253780638e-05 2.273972237035385795e-06
5.393350899999999726e+00 3.613815159679423911e-05 2.233158408643599313e-06
5.420317700000000016e+00 3.577226659263634244e-05 2.193115230543194813e-06
5.447419299999999964e+00 3.540997710947916280e-05 2.153833979917673528e-06
5.474656399999999756e+00 3.505146227968562809e-05 2.115201806088038991e-06
5.502029699999999579e+00 3.469657571171572130e-05 2.077315307581434059e-06
5.529539800000000227e+00 3.434528171017263589e-05 2.040165988489326952e-06
5.557187500000000391e+00 3.399754248469764569e-05 2.003642736579264007e-06
5.584973399999999977e+00 3.365322046413901468e-05 1.967738742185538708e-06
5.612898300000000340e+00 3.331248512103453913e-05 1.932548786091750470e-06
5.640962799999999611e+00 3.297519863817572732e-05 1.897963568175422703e-06
5.669167599999999752e+00 3.264132609107019047e-05 1.864077024524437012e-06
5.697513500000000342e+00 3.231083181516144256e-05 1.830780933417616766e-06
5.726001000000000118e+00 3.198368395332079996e-05 1.798068830390740743e-06
5.754630999999999830e+00 3.165984649255195311e-05 1.765537787415807877e-06
5.783404199999999662e+00 3.133928609677754100e-05 1.733384521235980483e-06
5.812321200000000410e+00 3.102187605516482614e-05 1.701899966801911974e-06
5.841382799999999875e+00 3.070767935433200155e-05 1.670978662647917592e-06
5.870589700000000022e+00 3.039666371748733390e-05 1.640614333146235176e-06
5.899942700000000428e+00 3.008870418428126697e-05 1.610800731567847608e-06
5.929442400000000113e+00 2.978386406747730706e-05 1.581243192259714676e-06
5.959089600000000431e+00 2.948202091355232637e-05 1.552322680333246532e-06
5.988884999999999792e+00 2.918323582449446215e-05 1.523936471711420838e-06
6.018829499999999832e+00 2.888738788170511443e-05 1.495983756052569299e-06
6.048923600000000178e+00 2.859453897587185866e-05 1.468648595315158299e-06
6.079168199999999800e+00 2.830465727961112491e-05 1.441829814646849681e-06
6.109564100000000053e+00 2.801762650186701313e-05 1.415521541800821308e-06
6.140111899999999956e+00 2.773342088679534958e-05 1.389625127191891279e-06
6.170812500000000256e+00 2.745218043591606338e-05 1.364320997478223626e-06
6.201666499999999971e+00 2.717370834121142964e-05 1.339418187093631710e-06
6.232674900000000129e+00 2.689797615162649373e-05 1.315003861403574816e-06
6.263838200000000356e+00 2.662512333351165373e-05 1.291072468187728851e-06
6.295157399999999903e+00 2.635495552109706912e-05 1.267527811128137366e-06
6.326633199999999846e+00 2.608744776676730781e-05 1.244455888402258674e-06
6.358266399999999763e+00 2.582273299349610788e-05 1.221761540059162000e-06
6.390057699999999841e+00 2.556062514214023186e-05 1.199619192520557305e-06
6.422007999999999939e+00 2.530117610882068964e-05 1.177755717907180288e-06
6.454118000000000244e+00 2.504428278751450433e-05 1.156345181712381328e-06
6.486388599999999727e+00 2.479007224098823094e-05 1.135382281198239970e-06
6.518820599999999743e+00 2.453836505023824881e-05 1.114774299695628931e-06
6.551414699999999591e+00 2.428921273849531155e-05 1.094517372393430266e-06
6.584171699999999738e+00 2.404251556925717596e-05 1.074694264344071989e-06
6.915365000000000428e+00 2.175483663300948578e-05 8.953215218959139063e-07
7.392525000000000013e+00 1.896939047342636979e-05 6.983906299389762040e-07
7.902608999999999995e+00 1.653483772221792369e-05 5.455224345478786637e-07
8.447889999999999233e+00 1.440587052014883661e-05 4.266654528205072249e-07
9.030794000000000210e+00 1.254210362552261136e-05 3.329973960340511557e-07
9.653919000000000139e+00 1.090168287695255662e-05 2.570452902146489514e-07
1.032004000000000055e+01 9.447476851891861910e-06 1.987334181765100107e-07
1.103212000000000081e+01 8.125524935493377943e-06 1.538929552333888205e-07
1.162936999999999976e+01 7.033740640903227789e-06 1.258841038155309653e-07
1.179334000000000060e+01 6.567927277828314359e-06 1.193659905051052035e-07
1.180737000000000059e+01 6.502082579291895585e-06 1.188281095523790985e-07
1.185482999999999976e+01 6.065162784405030472e-06 1.170343161644293270e-07
1.192603000000000080e+01 6.382414605311689083e-06 8.647347163592849024e-07
1.210402999999999984e+01 6.537871004156214019e-06 8.139024552959570844e-07
1.260707999999999984e+01 6.286897780867596255e-06 6.917259597803092170e-07
1.347696999999999967e+01 5.649011896600888978e-06 5.409520791466074347e-07
1.440687999999999924e+01 5.012482266042176857e-06 4.265519561094591224e-07
1.540094999999999992e+01 4.426764832231987105e-06 3.374412361586320323e-07
1.646361999999999881e+01 3.898747558835917734e-06 2.647073460587296121e-07
1.759960999999999842e+01 3.426540212268633010e-06 2.072606541180054615e-07
1.881398000000000081e+01 3.007352823500080909e-06 1.620468876002538773e-07
2.011214999999999975e+01 2.636840247126151888e-06 1.265926087085714970e-07
2.149988000000000099e+01 2.310334447846316623e-06 9.887561817373925108e-08
2.298338000000000036e+01 2.023245337148309528e-06 7.725369603034080668e-08
2.456923000000000101e+01 1.773078426126066137e-06 6.029506149824200596e-08
2.626450000000000173e+01 1.551691040273876887e-06 4.700379632556506385e-08
2.807676000000000016e+01 1.357794212502894806e-06 3.647499756320410785e-08
3.001405000000000101e+01 1.187765069797593018e-06 2.827049651507003182e-08
3.208502000000000010e+01 1.038877799183187768e-06 2.192584503656814692e-08
3.429889000000000010e+01 9.085797767134341282e-07 1.700571701776935760e-08
3.666550999999999760e+01 7.945835367935259562e-07 1.319663044602820574e-08
3.919543000000000177e+01 6.948729287318908434e-07 1.024941396221087669e-08
4.189992000000000161e+01 6.076725586081580121e-07 7.967668139295247120e-09
4.479100999999999999e+01 5.314214652235108690e-07 6.200311115735333547e-09
4.788159000000000276e+01 4.647492925928431791e-07 4.830859248326444227e-09
5.118542000000000058e+01 4.064538898668170583e-07 3.768897658573118408e-09
5.471721000000000146e+01 3.554781423094041825e-07 2.930207914130953578e-09
5.849269999999999925e+01 3.109000713716581031e-07 2.281579469858949793e-09
6.252870000000000061e+01 2.719186940306796818e-07 1.780630029927943688e-09
6.684318000000000382e+01 2.378320272229527041e-07 1.393029080859322714e-09
7.145535999999999888e+01 2.080251769909592651e-07 1.092978248267676531e-09
7.638577999999999690e+01 1.819593927868854165e-07 8.603497283054372475e-10
8.165640000000000498e+01 1.591649310025323347e-07 6.790873118443630502e-10
8.729068999999999789e+01 1.392297532149334596e-07 5.372066453277594553e-10
9.331373999999999569e+01 1.217947371260979390e-07 4.270076510621661662e-10
9.975239000000000544e+01 1.065455583885614402e-07 3.412249155466382874e-10
1.066353000000000009e+02 9.320817455847722994e-08 2.742563690055802210e-10
1.139930999999999983e+02 8.154237440204830113e-08 2.218053583355750543e-10
1.218586999999999989e+02 7.133823563534794446e-08 1.805936733613698392e-10
1.302668999999999926e+02 6.241247728117123669e-08 1.480683856326164141e-10
1.392553000000000054e+02 5.460462357628175801e-08 1.222860475562657766e-10
1.488640000000000043e+02 4.777433913006261087e-08 1.017472500614088416e-10
1.591356000000000108e+02 4.179911572175416331e-08 8.529275693262915586e-11
1.701159000000000106e+02 3.657190431806221572e-08 7.203029122623802274e-11
1.818539000000000101e+02 3.199874917766772520e-08 6.126913937240309598e-11
1.944018000000000086e+02 2.799787653182517417e-08 5.247713012110799833e-11
2.078155999999999892e+02 2.449751524029906456e-08 4.524262411738484492e-11
2.221547999999999945e+02 2.143500228887685807e-08 3.924454215363787403e-11
2.374834999999999923e+02 1.875555501512807437e-08 3.423088084601379455e-11
2.538699000000000012e+02 1.641114453782090312e-08 3.001318229298659415e-11
2.713869000000000256e+02 1.435996179146441783e-08 2.643270024325557883e-11
2.901125999999999863e+02 1.256518611894311443e-08 2.337219802967680545e-11
3.101304000000000087e+02 1.099482794689559358e-08 2.074008592691439765e-11
3.315294000000000096e+02 9.620788301543119600e-09 1.845875651676769055e-11
3.544048999999999978e+02 8.418516849784990767e-09 1.647080605607960697e-11
3.788587999999999738e+02 7.366511047479053299e-09 1.472971602191434539e-11
4.050000999999999749e+02 6.446003765556182588e-09 1.319629985942879768e-11
4.329451000000000249e+02 5.640540034148697038e-09 1.184017207933257294e-11
