1.000000000000000000e+00 5.767830892021467374e-04 8.916104303111302442e-05
1.298597194388777520e+00 2.968848409275436084e-04 3.520053931785271456e-05
1.597194388777555041e+00 2.105404081858136003e-04 1.217827282462358781e-04
1.895791583166332783e+00 1.870709973966548330e-04 7.670045704463975878e-05
2.194388777555110082e+00 1.499378145539280764e-04 4.609756858976371460e-05
2.492985971943888046e+00 1.198252474866628217e-04 2.946984717043108144e-05
2.791583166332665567e+00 9.708420568395452227e-05 1.982027329956798092e-05
3.090180360721443087e+00 8.033876536914290279e-05 1.377965479510011421e-05
3.388777555110220607e+00 6.711724038088758676e-05 9.779794846746762976e-06
3.687374749498998128e+00 5.671621352838756837e-05 7.136193975355948892e-06
3.985971943887775648e+00 4.849103501734023096e-05 5.344105951318596505e-06
4.284569138276553169e+00 4.189889508900494742e-05 4.091549250100842931e-06
4.583166332665331133e+00 3.654534338940437131e-05 3.191851862091966988e-06
4.881763527054108209e+00 3.214347187952282936e-05 2.531380348718869548e-06
5.180360721442886174e+00 2.848353738719073096e-05 2.037247283436216302e-06
5.478957915831663250e+00 2.540957896257182720e-05 1.660975987407685099e-06
5.777555110220441215e+00 2.280391617445066464e-05 1.369862401764324720e-06
6.076152304609219179e+00 2.057693588041099056e-05 1.141540169906083129e-06
6.374749498997996255e+00 1.865892083702838013e-05 9.586922663079832226e-07
6.673346693386774220e+00 1.699625834563907894e-05 8.116813727774589052e-07
6.971943887775551296e+00 1.554704697018888273e-05 6.910253462168474952e-07
7.270541082164329261e+00 1.426843870891772617e-05 5.930647564872184719e-07
7.569138276553106337e+00 1.313892276042904514e-05 5.112705761706920379e-07
7.867735470941884302e+00 1.213632863546797042e-05 4.412913635953219371e-07
8.166332665330662266e+00 1.124202837156169868e-05 3.860925780069824825e-07
8.464929859719440230e+00 1.044139283248646705e-05 3.364586132501083230e-07
8.763527054108216419e+00 9.721506792905120858e-06 2.971957884209808359e-07
9.062124248496994383e+00 9.071983811093539923e-06 2.610260103690273015e-07
9.360721442885772348e+00 8.481974313121710751e-06 2.313395003109102113e-07
9.659318637274550312e+00 7.946374229364207504e-06 2.035758686411245783e-07
9.957915831663326500e+00 7.454711370891912479e-06 1.820853951368244968e-07
1.025651302605210446e+01 7.005999971734532072e-06 1.618462231378547913e-07
1.055511022044088243e+01 6.590244912667917978e-06 1.454100065016691051e-07
1.085370741482966039e+01 6.207685868710463987e-06 1.305766607006796592e-07
1.115230460921843836e+01 5.849898242343649599e-06 1.175211795816443675e-07
1.145090180360721455e+01 5.511767242538389251e-06 1.065685769145199963e-07
1.174949899799599251e+01 5.200015663886404670e-06 9.617266460980439903e-08
1.204809619238477048e+01 4.866665130200553537e-06 8.761256790153607241e-08
1.234669338677354844e+01 4.551657909986816750e-06 7.968826433360657000e-08
1.264529058116232463e+01 3.892785454049568566e-06 7.364149573029671910e-08
1.294388777555110259e+01 4.164324445070498274e-06 4.955779835816260096e-07
1.324248496993988056e+01 4.068334014502301983e-06 4.536518213203688550e-07
1.354108216432865852e+01 3.965112194459736799e-06 4.152974454286635910e-07
1.383967935871743649e+01 3.826457344425419731e-06 3.847629393955645248e-07
1.413827655310621267e+01 3.695855002270980752e-06 3.555181970474923639e-07
1.443687374749499064e+01 3.571278825414712585e-06 3.279997739437497063e-07
1.473547094188376860e+01 3.441686115670057422e-06 3.061290362042353660e-07
1.503406813627254657e+01 3.319469165691951379e-06 2.851270641067331427e-07
1.533266533066132453e+01 3.204069423950134745e-06 2.649431011171979283e-07
1.563126252505010072e+01 3.091492915463502136e-06 2.480054595088553610e-07
1.592985971943887868e+01 2.984030872612023557e-06 2.324228989462120251e-07
1.622845691382765665e+01 2.882311882911064010e-06 2.174137642970866498e-07
1.652705410821643284e+01 2.785431456129165552e-06 2.033326005700319082e-07
1.682565130260520903e+01 2.691770361934332141e-06 1.911554426440744650e-07
1.712424849699398877e+01 2.602891188480830009e-06 1.794029533034808374e-07
1.742284569138276495e+01 2.518471487427567110e-06 1.680532983111156500e-07
1.772144288577154470e+01 2.437634847577571071e-06 1.577811233708478306e-07
1.802004008016032088e+01 2.359913814542904899e-06 1.488410355416632732e-07
1.831863727454910062e+01 2.285923610370677596e-06 1.401923979009806078e-07
1.861723446893787681e+01 2.215428045686377037e-06 1.318211869574910590e-07
1.891583166332665300e+01 2.147940943252605747e-06 1.241499617821079256e-07
1.921442885771543274e+01 2.083043742631588282e-06 1.175457134860931936e-07
1.951302605210420893e+01 2.021082548864867035e-06 1.111435876089152204e-07
1.981162324649298867e+01 1.961882309180781713e-06 1.049344450931977164e-07
2.011022044088176486e+01 1.905280842541809239e-06 9.890968966962617172e-08
2.040881763527054105e+01 1.850681763338826667e-06 9.400339987973585988e-08
2.070741482965932079e+01 1.798414061808418074e-06 8.924464534572172396e-08
2.100601202404809698e+01 1.748349242471855332e-06 8.462118072309244438e-08
2.130460921843687672e+01 1.700364959032193078e-06 8.012731749803099290e-08
2.160320641282565290e+01 1.654255885836340367e-06 7.600414142764638670e-08
2.190180360721442909e+01 1.609844090191368759e-06 7.245281201072499879e-08
2.220040080160320883e+01 1.567207069699425940e-06 6.899701393215370998e-08
2.249899799599198502e+01 1.526251372531892115e-06 6.563294363726590740e-08
2.279759519038076476e+01 1.486889621227946569e-06 6.235699684342206483e-08
2.309619238476954095e+01 1.448983537368339174e-06 5.936451030995112531e-08
2.339478957915831714e+01 1.412425205320358527e-06 5.677155334471995673e-08
2.369338677354709688e+01 1.377237906216920470e-06 5.424395214161669291e-08
2.399198396793587307e+01 1.343353872667727387e-06 5.177926650471167095e-08
2.429058116232464926e+01 1.310709474547354451e-06 4.937517622460870627e-08
2.458917835671342900e+01 1.279255244860967950e-06 4.705444261141616893e-08
2.488777555110220518e+01 1.249064926387451787e-06 4.513398880887344644e-08
2.518637274549098493e+01 1.219938200860423095e-06 4.325907090966914732e-08
2.548496993987976111e+01 1.191825603076414849e-06 4.142808833593181143e-08
2.578356713426853730e+01 1.164680512355183866e-06 3.963951465438890244e-08
2.608216432865731704e+01 1.138458958415802091e-06 3.789189333220823607e-08
2.638076152304609323e+01 1.113017437021723659e-06 3.628150196783672331e-08
2.667935871743487297e+01 1.088266885950856177e-06 3.485861878033298576e-08
2.697795591182364916e+01 1.064333346034494533e-06 3.346723308130616586e-08
2.727655310621242535e+01 1.041181244187445237e-06 3.210631045907826119e-08
2.757515030060120509e+01 1.018776922666684836e-06 3.077486130643056801e-08
2.787374749498998128e+01 9.970885166350513124e-07 2.947193842076751511e-08
2.817234468937876102e+01 9.760695879943209275e-07 2.826415595474453934e-08
2.847094188376753721e+01 9.556746577930020781e-07 2.722361178561118476e-08
2.876953907815631339e+01 9.359117553537757855e-07 2.620466709839492566e-08
2.906813627254509314e+01 9.167550389105335362e-07 2.520665626273263146e-08
2.936673346693386932e+01 8.981799739456782136e-07 2.422894072043921345e-08
2.966533066132264906e+01 8.801632546339758512e-07 2.327090762302880823e-08
2.996392785571142525e+01 8.626827307390405310e-07 2.233196855070056586e-08
3.026252505010020144e+01 8.457004231791334476e-07 2.154341842762790933e-08
3.056112224448898118e+01 8.292105215456474898e-07 2.079661616189769289e-08
3.085971943887775737e+01 8.131973984358210966e-07 2.006426594339052724e-08
3.115831663326653356e+01 7.976428571702713324e-07 1.934595228039628899e-08
3.145691382765531330e+01 7.825295608220959783e-07 1.864127545702569220e-08
3.175551102204408949e+01 7.678409839321203626e-07 1.794985079150972953e-08
3.205410821643286567e+01 7.535613673583144333e-07 1.727130793595460985e-08
3.235270541082164186e+01 7.396675912665869458e-07 1.670799193407145911e-08
3.265130260521041805e+01 7.261527676383273172e-07 1.616673035138290802e-08
3.294989979959920134e+01 7.130041311168440082e-07 1.563527876453677222e-08
3.324849699398797753e+01 7.002085786168475861e-07 1.511337286950429181e-08
3.354709418837675372e+01 6.877535877944403435e-07 1.460075777236426969e-08
3.384569138276552991e+01 6.756271864354011716e-07 1.409718757420865145e-08
3.414428857715431320e+01 6.638179237094666512e-07 1.360242497782849219e-08
3.444288577154308939e+01 6.523134188891054511e-07 1.315626642719548603e-08
3.474148296593186558e+01 6.411031545312181915e-07 1.276038133396881430e-08
3.504008016032064177e+01 6.301786404214694453e-07 1.237124338159324140e-08
3.533867735470941795e+01 6.195302531107290247e-07 1.198868153842760518e-08
3.563727454909820125e+01 6.091487707801522946e-07 1.161253050498266508e-08
3.593587174348697744e+01 5.990253532961873730e-07 1.124263047577411142e-08
3.623446893787575362e+01 5.891515234115530040e-07 1.087882691295037979e-08
3.653306613226452981e+01 5.795191490375568327e-07 1.052097033102196049e-08
3.683166332665330600e+01 5.701203521335293233e-07 1.020235917627482518e-08
3.713026052104208929e+01 5.609476601135356466e-07 9.915316203760061629e-09
3.742885771543086548e+01 5.519939398163033362e-07 9.632853131968618688e-09
3.772745490981964167e+01 5.432522814696888350e-07 9.354861216843162956e-09
3.802605210420841786e+01 5.347160456421383372e-07 9.081235129949982437e-09
3.832464929859719405e+01 5.263788506507835560e-07 8.811872825418971284e-09
3.862324649298597734e+01 5.182345606484644693e-07 8.546675413055764958e-09
3.892184368737475353e+01 5.102772743481653211e-07 8.285547037294576188e-09
3.922044088176352972e+01 5.025014264194814645e-07 8.032076686782375135e-09
3.951903807615230590e+01 4.949026452595489778e-07 7.822407798505511074e-09
3.981763527054108209e+01 4.874744279676001217e-07 7.615883574213070690e-09
4.011623246492986539e+01 4.802117115027967420e-07 7.412433793863031835e-09
4.041482965931864157e+01 4.731096192501994774e-07 7.211990312642485094e-09
4.071342685370741776e+01 4.661634528449549787e-07 7.014486984867680002e-09
4.101202404809619395e+01 4.593686844117287999e-07 6.819859591208531653e-09
4.131062124248497014e+01 4.527209491954513651e-07 6.628045769069243197e-09
4.160921843687375343e+01 4.462160385609909358e-07 6.438984945966580433e-09
4.190781563126252962e+01 4.398499412708913628e-07 6.253459330890035737e-09
4.220641282565130581e+01 4.336204318300481527e-07 6.101305703137484659e-09
4.250501002004008200e+01 4.275219428591486514e-07 5.951289830268020476e-09
4.280360721442885819e+01 4.215508284368426829e-07 5.803366973462751685e-09
4.310220440881764148e+01 4.157035685475066082e-07 5.657493633643156030e-09
4.340080160320641767e+01 4.099767639002814944e-07 5.513627508824081682e-09
4.369939879759519386e+01 4.043671309951180553e-07 5.371727453215137751e-09
4.399799599198397004e+01 3.988714974224686955e-07 5.231753437987495494e-09
4.429659318637274623e+01 3.934867973840626713e-07 5.093666513627471757e-09
4.459519038076152952e+01 3.882100674229623403e-07 4.957428773802531092e-09
4.489378757515030571e+01 3.830391763324192939e-07 4.830903450418770318e-09
4.519238476953908190e+01 3.779719800126067337e-07 4.721002568540134792e-09
4.549098196392785809e+01 3.730043827793113186e-07 4.612544438326689934e-09
4.578957915831663428e+01 3.681337932578844711e-07 4.505500834911073845e-09
4.608817635270541047e+01 3.633577037828149044e-07 4.399844264881747348e-09
4.638677354709419376e+01 3.586736871741668640e-07 4.295547942740642148e-09
4.668537074148296995e+01 3.540793936579047043e-07 4.192585768264289564e-09
4.698396793587174614e+01 3.495725479228169329e-07 4.090932304728179235e-09
4.728256513026052232e+01 3.451509463071548799e-07 3.990562757956236275e-09
4.758116232464929851e+01 3.408124541084969272e-07 3.891452956159150805e-09
4.787975951903808181e+01 3.365550030107044544e-07 3.793579330527119354e-09
4.817835671342685799e+01 3.323784541656502822e-07 3.713342354731531673e-09
4.847695390781563418e+01 3.282789647502074193e-07 3.634194506724604522e-09
4.877555110220441037e+01 3.242546408703439873e-07 3.556015723128954442e-09
4.907414829659318656e+01 3.203036573958198269e-07 3.478788314799209123e-09
4.937274549098196985e+01 3.164242442426531416e-07 3.402495020512661657e-09
4.967134268537074604e+01 3.126146843931012036e-07 3.327118994107071923e-09
4.996993987975952223e+01 3.088733119982313250e-07 3.252643792079619925e-09
5.026853707414829842e+01 3.051985105591671604e-07 3.179053361627841167e-09
5.056713426853707460e+01 3.015887111833062665e-07 3.106332029114262972e-09
5.086573146292585790e+01 2.980423909119963259e-07 3.034464488937340328e-09
5.116432865731463409e+01 2.945580711163427835e-07 2.963435792792097200e-09
5.146292585170341027e+01 2.911359809706101581e-07 2.904347923459832677e-09
5.176152304609218646e+01 2.877731477186114458e-07 2.846781798049670782e-09
5.206012024048096265e+01 2.844680897642927128e-07 2.789876027762006793e-09
5.235871743486974594e+01 2.812194920407538088e-07 2.733619314754002550e-09
5.265731462925852213e+01 2.780260766759622709e-07 2.678000617443837297e-09
5.295591182364729832e+01 2.748866017376148196e-07 2.623009143285931471e-09
5.325450901803607451e+01 2.717998600271341250e-07 2.568634341789237934e-09
5.355310621242485070e+01 2.687646779206121627e-07 2.514865897769100462e-09
5.385170340681363399e+01 2.657799142546249272e-07 2.461693724823611131e-09
5.415030060120241018e+01 2.628444592549438593e-07 2.409107959025814274e-09
5.444889779559118637e+01 2.599572335062645793e-07 2.357098952823444675e-09
5.474749498997996255e+01 2.571173145199590225e-07 2.306458060946667635e-09
5.504609218436873874e+01 2.543246682334948585e-07 2.263422763248364236e-09
5.534468937875752204e+01 2.515771586279543812e-07 2.220851835999931332e-09
5.564328657314629822e+01 2.488738188251051276e-07 2.178737803382343993e-09
5.594188376753507441e+01 2.462137076917507707e-07 2.137073349189261439e-09
5.624048096192385060e+01 2.435959090215781316e-07 2.095851312589876234e-09
5.653907815631262679e+01 2.410195307471775692e-07 2.055064684026028556e-09
5.683767535070141008e+01 2.384837041809678396e-07 2.014706601238643530e-09
5.713627254509018627e+01 2.359875832838233811e-07 1.974770345418767198e-09
5.743486973947896246e+01 2.335303439602526393e-07 1.935249337478664435e-09
5.773346693386773865e+01 2.311111833790323806e-07 1.896137134438633243e-09
5.803206412825651483e+01 2.287293193182523826e-07 1.857427425925362890e-09
5.833066132264529813e+01 2.263839895337734129e-07 1.819114030777843322e-09
5.862925851703407432e+01 2.240747973191489430e-07 1.784188732061907888e-09
5.892785571142285050e+01 2.218010720201888303e-07 1.753156551480279110e-09
5.922645290581162669e+01 2.195616931284366008e-07 1.722437275744470057e-09
5.952505010020040288e+01 2.173559727695927833e-07 1.692026195954163285e-09
5.982364729458917907e+01 2.151832401997970983e-07 1.661918697222998538e-09
6.012224448897796236e+01 2.130428412963010349e-07 1.632110256343967553e-09
6.042084168336673855e+01 2.109341380657209148e-07 1.602596439524040782e-09
6.071943887775551474e+01 2.088565081691776696e-07 1.573372900185625544e-09
6.101803607214429093e+01 2.068093444636691569e-07 1.544435376832590387e-09
6.131663326653306711e+01 2.047920545590377572e-07 1.515779690978630327e-09
6.161523046092185041e+01 2.028040603899351377e-07 1.487401745135873587e-09
6.191382765531062660e+01 2.008447978022047618e-07 1.459297520861693309e-09
6.221242484969940278e+01 1.989137161531291630e-07 1.431463076861759895e-09
6.251102204408817897e+01 1.970102779250148114e-07 1.403894547147466004e-09
6.280961923847695516e+01 1.951347539404424013e-07 1.381040976330610716e-09
6.310821643286573845e+01 1.932858708057273651e-07 1.358682555923428054e-09
6.340681362725451464e+01 1.914630779783399550e-07 1.336534717351938920e-09
6.370541082164329083e+01 1.896658871552749427e-07 1.314594499526440437e-09
6.400400801603205991e+01 1.878938214013706259e-07 1.292858996614588510e-09
6.430260521042083610e+01 1.861464148332426662e-07 1.271325356758419596e-09
6.460120240480962650e+01 1.844232123134222657e-07 1.249990780826965652e-09
6.489979959919840269e+01 1.827237691543237365e-07 1.228852521203296336e-09
6.519839679358717888e+01 1.810476508316820056e-07 1.207907880604888112e-09
6.549699398797595506e+01 1.793944327071166340e-07 1.187154210936269934e-09
6.579559118236473125e+01 1.777636997594901560e-07 1.166588912172904316e-09
6.609418837675350744e+01 1.761550463247443715e-07 1.146209431275324382e-09
6.639278557114228363e+01 1.745680758439101346e-07 1.126013261132573386e-09
6.669138276553105982e+01 1.730024006189985469e-07 1.105997939534025412e-09
6.698997995991985022e+01 1.714579895205216106e-07 1.087841928465676489e-09
6.728857715430862640e+01 1.699344743662852537e-07 1.071577441098564619e-09
6.758717434869740259e+01 1.684311298831622899e-07 1.055456665325931624e-09
6.788577154308617878e+01 1.669476017676023820e-07 1.039477704791091840e-09
6.818436873747495497e+01 1.654835434595986061e-07 1.023638696355928182e-09
6.848296593186373116e+01 1.640386159405054785e-07 1.007937809376699660e-09
6.878156312625250735e+01 1.626124875369887067e-07 9.923732449987129454e-10
6.908016032064128353e+01 1.612048337308958591e-07 9.769432354692841459e-10
6.937875751503005972e+01 1.598153369748423376e-07 9.616460434684448459e-10
6.967735470941883591e+01 1.584436865133194742e-07 9.464799614568557762e-10
6.997595190380762631e+01 1.570895782091348867e-07 9.314433110404165059e-10
7.027454909819640250e+01 1.557527143750055997e-07 9.165344423510745345e-10
7.057314629258517868e+01 1.544328036101279605e-07 9.017517334433492658e-10
7.087174348697395487e+01 1.531295606415597354e-07 8.870935897061178773e-10
7.117034068136273106e+01 1.518427061702495832e-07 8.725584432892020351e-10
7.146893787575150725e+01 1.505719923341088148e-07 8.582564140585124839e-10
7.176753507014028344e+01 1.493176584798220798e-07 8.464075803683690144e-10
7.206613226452905963e+01 1.480789003600087953e-07 8.346569350611862247e-10
7.236472945891783581e+01 1.468554612903141686e-07 8.230032626784438036e-10
7.266332665330661200e+01 1.456470898511951207e-07 8.114453677404755869e-10
7.296192384769540240e+01 1.444535397588804281e-07 7.999820743376502226e-10
7.326052104208417859e+01 1.432745697400061942e-07 7.886122257315551373e-10
7.355911823647295478e+01 1.421099434098055232e-07 7.773346839658843656e-10
7.385771543086173097e+01 1.409594291537402978e-07 7.661483294867739189e-10
7.415631262525050715e+01 1.398228000124620614e-07 7.550520607723042807e-10
7.445490981963928334e+01 1.386998335699967872e-07 7.440447939709212525e-10
7.475350701402805953e+01 1.375903118450508568e-07 7.331254625485209999e-10
7.505210420841683572e+01 1.364940211853374540e-07 7.222930169439594160e-10
7.535070140280561191e+01 1.354107521648296678e-07 7.115464242327529515e-10
7.564929859719438809e+01 1.343402994838476360e-07 7.008846677987446764e-10
7.594789579158317849e+01 1.332824618718888313e-07 6.903067470135120291e-10
7.624649298597195468e+01 1.322370419931196986e-07 6.798116769233150401e-10
7.654509018036073087e+01 1.312041066316354091e-07 6.703310973833072307e-10
7.684368737474950706e+01 1.301834275315192713e-07 6.617364210514366264e-10
7.714228456913828325e+01 1.291745894014476737e-07 6.532082801159110110e-10
7.744088176352705943e+01 1.281774098786805846e-07 6.447459049335302777e-10
7.773947895791583562e+01 1.271917100970395870e-07 6.363485376858874692e-10
7.803807615230461181e+01 1.262173146067732681e-07 6.280154321531413941e-10
7.833667334669338800e+01 1.252540512965562048e-07 6.197458534929653261e-10
7.863527054108216419e+01 1.243017513175581513e-07 6.115390780245306484e-10
7.893386773547094037e+01 1.233602490095196089e-07 6.033943930173935074e-10
7.923246492985973077e+01 1.224293818287751220e-07 5.953110964851559532e-10
7.953106212424850696e+01 1.215089902781644517e-07 5.872884969837763518e-10
7.982965931863728315e+01 1.205989178387751140e-07 5.793259134144014770e-10
8.012825651302605934e+01 1.196990109034634487e-07 5.714226748306126449e-10
8.042685370741483553e+01 1.188091187120998906e-07 5.635781202499629508e-10
8.072545090180361171e+01 1.179290932884874342e-07 5.557915984696960083e-10
8.102404809619238790e+01 1.170587893789061386e-07 5.480624678865433080e-10
8.132264529058116409e+01 1.161980643922328733e-07 5.403900963204870812e-10
8.162124248496994028e+01 1.153467783415929781e-07 5.327738608423947819e-10
8.191983967935871647e+01 1.145050696067982742e-07 5.263012445141302342e-10
8.221843687374750687e+01 1.136725599642337892e-07 5.200203274044668330e-10
8.251703406813628305e+01 1.128490798985931552e-07 5.137848667087019434e-10
8.281563126252505924e+01 1.120344993579085104e-07 5.075943707385837053e-10
8.311422845691383543e+01 1.112286906227857622e-07 5.014483548716406697e-10
8.341282565130261162e+01 1.104315282563853729e-07 4.953463414247140519e-10
8.371142284569138781e+01 1.096428890556495672e-07 4.892878595301954848e-10
8.401002004008016399e+01 1.088626520037408764e-07 4.832724450149036861e-10
8.430861723446894018e+01 1.080906982236584157e-07 4.772996402815364480e-10
8.460721442885771637e+01 1.073269109329975633e-07 4.713689941926309493e-10
8.490581162324649256e+01 1.065711753998221511e-07 4.654800619569755203e-10
8.520440881763528296e+01 1.058233788996168473e-07 4.596324050184063252e-10
8.550300601202405915e+01 1.050834106732906943e-07 4.538255909469376231e-10
8.580160320641283533e+01 1.043511618862014258e-07 4.480591933321614523e-10
8.610020040080161152e+01 1.036265255881735140e-07 4.423327916788694305e-10
8.639879759519038771e+01 1.029093966744817934e-07 4.366459713048359790e-10
8.669739478957916390e+01 1.021996718477738360e-07 4.309983232407159229e-10
8.699599198396794009e+01 1.014972495809061559e-07 4.253894441320012039e-10
8.729458917835671627e+01 1.008020337206159588e-07 4.198312892696011162e-10
8.759318637274549246e+01 1.001141957157316817e-07 4.152414895292455934e-10
8.789178356713426865e+01 9.943336219652112389e-08 4.106828758968436532e-10
8.819038076152305905e+01 9.875943841957150215e-08 4.061551316002845925e-10
8.848897795591183524e+01 9.809233123768715821e-08 4.016579441431220349e-10
8.878757515030061143e+01 9.743194906772902793e-08 3.971910052326749258e-10
8.908617234468938761e+01 9.677820185920802281e-08 3.927540107095791967e-10
8.938476953907816380e+01 9.613100106361158472e-08 3.883466604787481175e-10
8.968336673346693999e+01 9.549025960444381290e-08 3.839686584417137821e-10
8.998196392785571618e+01 9.485589184796075356e-08 3.796197124303143136e-10
9.028056112224449237e+01 9.422781357458200560e-08 3.752995341416983539e-10
9.057915831663326856e+01 9.360594195096109297e-08 3.710078390746140629e-10
9.087775551102204474e+01 9.299019550269701443e-08 3.667443464669544480e-10
9.117635270541082093e+01 9.238049408767083761e-08 3.625087792345301798e-10
9.147494989979961133e+01 9.177675886999021107e-08 3.583008639110411461e-10
9.177354709418838752e+01 9.117891229452673339e-08 3.541203305892205355e-10
9.207214428857716371e+01 9.058687806203015166e-08 3.499669128631229111e-10
9.237074148296593989e+01 9.000058110480537360e-08 3.458403477715334244e-10
9.266933867735471608e+01 8.941994756293647777e-08 3.417403757424692180e-10
9.296793587174349227e+01 8.884490476104521473e-08 3.376667405387516647e-10
9.326653306613226846e+01 8.827538118556949383e-08 3.336191892046239568e-10
9.356513026052104465e+01 8.771147055703711730e-08 3.301676865300497667e-10
9.386372745490982084e+01 8.715296805863682457e-08 3.268448797684897292e-10
9.416232464929859702e+01 8.659977455437764626e-08 3.235431468446921764e-10
9.446092184368738742e+01 8.605182299539906431e-08 3.202622879112901172e-10
9.475951903807616361e+01 8.550904738781591427e-08 3.170021056398772574e-10
9.505811623246493980e+01 8.497138277286323151e-08 3.137624051814441576e-10
9.535671342685371599e+01 8.443876520747567840e-08 3.105429941275592161e-10
9.565531062124249218e+01 8.391113174529031574e-08 3.073436824722759156e-10
9.595390781563126836e+01 8.338842041806338820e-08 3.041642825747519629e-10
9.625250501002004455e+01 8.287057021748927824e-08 3.010046091225635702e-10
9.655110220440882074e+01 8.235752107741276125e-08 2.978644790957006094e-10
9.684969939879759693e+01 8.184921385642474167e-08 2.947437117312279569e-10
9.714829659318637312e+01 8.134559032083198064e-08 2.916421284885989678e-10
9.744689378757516351e+01 8.084659312799098154e-08 2.885595530156054121e-10
9.774549098196393970e+01 8.035216580999879418e-08 2.854958111149534852e-10
9.804408817635271589e+01 7.986225275772993769e-08 2.824507307114480016e-10
9.834268537074149208e+01 7.937679920521282490e-08 2.794241418197768637e-10
9.864128256513026827e+01 7.889575121433666191e-08 2.764158765128791583e-10
9.893987975951904446e+01 7.841905565988067010e-08 2.734257688908866441e-10
9.923847695390782064e+01 7.794666021485853679e-08 2.704536550506258095e-10
9.953707414829659683e+01 7.747851333617019333e-08 2.674993730556688678e-10
9.983567134268537302e+01 7.701461013916125960e-08 2.646986188984258254e-10
1.001342685370741492e+02 7.655497210555158527e-08 2.622647633844474124e-10
1.004328657314629396e+02 7.609943063359427329e-08 2.598453800738204752e-10
1.007314629258517158e+02 7.564793720398279192e-08 2.574403402671539610e-10
1.010300601202404920e+02 7.520044401350799933e-08 2.550495167865553097e-10
1.013286573146292682e+02 7.475690396241362251e-08 2.526727839532129807e-10
1.016272545090180444e+02 7.431727064201162973e-08 2.503100175653733891e-10
1.019258517034068205e+02 7.388149832255111731e-08 2.479610948767055838e-10
1.022244488977955967e+02 7.344954194133474178e-08 2.456258945750447213e-10
1.025230460921843729e+02 7.302135709107765491e-08 2.433042967615070482e-10
1.028216432865731491e+02 7.259690000850209922e-08 2.409961829299689458e-10
1.031202404809619253e+02 7.217612756316316401e-08 2.387014359469023351e-10
1.034188376753507015e+02 7.175899724650028898e-08 2.364199400315594611e-10
1.037174348697394919e+02 7.134546716110877139e-08 2.341515807365000798e-10
1.040160320641282681e+02 7.093549601022668425e-08 2.318962449284538586e-10
1.043146292585170443e+02 7.052904308743222933e-08 2.296538207695114008e-10
1.046132264529058205e+02 7.012606826654672063e-08 2.274241976986377156e-10
1.049118236472945966e+02 6.972653199173807635e-08 2.252072664135009728e-10
1.052104208416833728e+02 6.933039526782144470e-08 2.230029188526114242e-10
1.055090180360721490e+02 6.893761965075072958e-08 2.208110481777622982e-10
1.058076152304609252e+02 6.854816723829856805e-08 2.186315487567694872e-10
1.061062124248497014e+02 6.816200066091921376e-08 2.164643161465016271e-10
1.064048096192384776e+02 6.777908307279076658e-08 2.143092470761965105e-10
1.067034068136272680e+02 6.739940773792658129e-08 2.122462151590561655e-10
1.070020040080160442e+02 6.702300850526266376e-08 2.104645997807942769e-10
1.073006012024048204e+02 6.664974934688409990e-08 2.086929001969915110e-10
1.075991983967935965e+02 6.627959544360434489e-08 2.069310338560550045e-10
1.078977955911823727e+02 6.591251245746026611e-08 2.051789191202074494e-10
1.081963927855711489e+02 6.554846652375405684e-08 2.034364752528778615e-10
1.084949899799599251e+02 6.518742424324762911e-08 2.017036224062997649e-10
1.087935871743487013e+02 6.482935267450723581e-08 1.999802816093141812e-10
1.090921843687374775e+02 6.447421932639436480e-08 1.982663747553729260e-10
1.093907815631262537e+02 6.412199215069979483e-08 1.965618245907379206e-10
1.096893787575150441e+02 6.377263953491831180e-08 1.948665547028739354e-10
1.099879759519038203e+02 6.342613029516003569e-08 1.931804895090298011e-10
1.102865731462925964e+02 6.308243366919617411e-08 1.915035542450052955e-10
1.105851703406813726e+02 6.274151930963602637e-08 1.898356749541002695e-10
1.108837675350701488e+02 6.240335727723257767e-08 1.881767784762420817e-10
1.111823647294589250e+02 6.206791803431344100e-08 1.865267924372880072e-10
1.114809619238477012e+02 6.173517243833508193e-08 1.848856452385001143e-10
1.117795591182364774e+02 6.140509173555746777e-08 1.832532660461886527e-10
1.120781563126252536e+02 6.107764755483632192e-08 1.816295847815204910e-10
1.123767535070140298e+02 6.075281190153077321e-08 1.800145321104908437e-10
1.126753507014028202e+02 6.043055715152401798e-08 1.784080394340536365e-10
1.129739478957915964e+02 6.011085604535434788e-08 1.768100388784094239e-10
1.132725450901803725e+02 5.979368168245426709e-08 1.752204632854455078e-10
1.135711422845691487e+02 5.947900751549569370e-08 1.736392462033283602e-10
1.138697394789579249e+02 5.916680734483871093e-08 1.720663218772427166e-10
1.141683366733467011e+02 5.885711130549740890e-08 1.706493347697078097e-10
1.144669338677354773e+02 5.854987651239673765e-08 1.693434514585805196e-10
1.147655310621242535e+02 5.824503816459482223e-08 1.680443634472143068e-10
1.150641282565130297e+02 5.794257141117234188e-08 1.667520178331761602e-10
1.153627254509018059e+02 5.764245172246471102e-08 1.654663622617496776e-10
1.156613226452905963e+02 5.734465488509191489e-08 1.641873449188648679e-10
1.159599198396793724e+02 5.704915699707734980e-08 1.629149145241374788e-10
1.162585170340681486e+02 5.675593446305466228e-08 1.616490203240152879e-10
1.165571142284569248e+02 5.646496398956041635e-08 1.603896120850298602e-10
1.168557114228457010e+02 5.617622258041078257e-08 1.591366400871518575e-10
1.171543086172344772e+02 5.588968753216052165e-08 1.578900551172480662e-10
1.174529058116232534e+02 5.560533642964291257e-08 1.566498084626376081e-10
1.177515030060120296e+02 5.532314714158856734e-08 1.554158519047471809e-10
1.180501002004008058e+02 5.504309781632174258e-08 1.541881377128616573e-10
1.183486973947895819e+02 5.476516687753278490e-08 1.529666186379698866e-10
1.186472945891783581e+02 5.448933302012457905e-08 1.517512479067030896e-10
1.189458917835671485e+02 5.421557520613225794e-08 1.505419792153647602e-10
1.192444889779559247e+02 5.394387266071426841e-08 1.493387667240503413e-10
1.195430861723447009e+02 5.367420486821321810e-08 1.481415650508545054e-10
1.198416833667334771e+02 5.340655156828565615e-08 1.469503292661658055e-10
1.201402805611222533e+02 5.314089275209888866e-08 1.457650148870456722e-10
1.204388777555110295e+02 5.287720865859390905e-08 1.445855778716916289e-10
1.207374749498998057e+02 5.261547977081276903e-08 1.434119746139822684e-10
1.210360721442885819e+02 5.235568681228939774e-08 1.422441619381030602e-10
1.213346693386773580e+02 5.209781074350255198e-08 1.410820970932517228e-10
1.216332665330661342e+02 5.184183275838948156e-08 1.399257377484211951e-10
1.219318637274549246e+02 5.158775272292821973e-08 1.388195511080441323e-10
1.222304609218437008e+02 5.133559021233149836e-08 1.378555764046327237e-10
1.225290581162324770e+02 5.108527000544849035e-08 1.368963000176259234e-10
1.228276553106212532e+02 5.083677420432648351e-08 1.359416876818392622e-10
1.231262525050100294e+02 5.059008512780982944e-08 1.349917054644781079e-10
1.234248496993988056e+02 5.034518530839645861e-08 1.340463197611173092e-10
1.237234468937875818e+02 5.010205748914781160e-08 1.331054972917389487e-10
1.240220440881763579e+02 4.986068462064990984e-08 1.321692050968265256e-10
1.243206412825651341e+02 4.962104985802640640e-08 1.312374105335164716e-10
1.246192384769539103e+02 4.938313655800095004e-08 1.303100812718042616e-10
1.249178356713427007e+02 4.914692827600924622e-08 1.293871852908055052e-10
1.252164328657314769e+02 4.891240876335875706e-08 1.284686908750699013e-10
1.255150300601202531e+02 4.867956196443592128e-08 1.275545666109483375e-10
1.258136272545090293e+02 4.844837201395977555e-08 1.266447813830114057e-10
1.261122244488978055e+02 4.821882323428078631e-08 1.257393043705190464e-10
1.264108216432865817e+02 4.799090013272452134e-08 1.248381050439399022e-10
1.267094188376753578e+02 4.776458739897908911e-08 1.239411531615203534e-10
1.270080160320641340e+02 4.753986990252524088e-08 1.230484187659014012e-10
1.273066132264529102e+02 4.731673269010908240e-08 1.221598721807835526e-10
1.276052104208416864e+02 4.709516098325575432e-08 1.212754840076384677e-10
1.279038076152304768e+02 4.687514017582384290e-08 1.203952251224664635e-10
1.282024048096192530e+02 4.665665583159964105e-08 1.195190666725997445e-10
1.285010020040080292e+02 4.643969368193043232e-08 1.186469800735495786e-10
1.287995991983968054e+02 4.622423962339619595e-08 1.177789370058979848e-10
1.290981963927855816e+02 4.601027971551902454e-08 1.169149094122321243e-10
1.293967935871743578e+02 4.579780017850925547e-08 1.160548694941212912e-10
1.296953907815631339e+02 4.558678739104819010e-08 1.151987897091356246e-10
1.299939879759519101e+02 4.537722788810630230e-08 1.143466427679060760e-10
1.302925851703406863e+02 4.516911307560463088e-08 1.135096398652605143e-10
1.305911823647294625e+02 4.496247492325167980e-08 1.127956008912810166e-10
1.308897795591182387e+02 4.475725007939746907e-08 1.120848197734157973e-10
1.311883767535070149e+02 4.455342568812931667e-08 1.113772742660957805e-10
1.314869739478957911e+02 4.435098903936516572e-08 1.106729423258242424e-10
1.317855711422845673e+02 4.414992756687275818e-08 1.099718021088871889e-10
1.320841683366733434e+02 4.395022884632077753e-08 1.092738319690954238e-10
1.323827655310621196e+02 4.375188059336033234e-08 1.085790104555568997e-10
1.326813627254509242e+02 4.355487066173648310e-08 1.078873163104787566e-10
1.329799599198397004e+02 4.335918704143012323e-08 1.071987284670001480e-10
1.332785571142284766e+02 4.316481785682812324e-08 1.065132260470525829e-10
1.335771543086172528e+02 4.297175136492263792e-08 1.058307883592503179e-10
1.338757515030060290e+02 4.277997595353825981e-08 1.051513948968082920e-10
1.341743486973948052e+02 4.258948013958684670e-08 1.044750253354880563e-10
1.344729458917835814e+02 4.240025256734949405e-08 1.038016595315710908e-10
1.347715430861723576e+02 4.221228200678488441e-08 1.031312775198589272e-10
1.350701402805611337e+02 4.202555735186414640e-08 1.024638595117000393e-10
1.353687374749499099e+02 4.184006761893114450e-08 1.017993858930425816e-10
1.356673346693386861e+02 4.165580194508798792e-08 1.011378372225129914e-10
1.359659318637274623e+02 4.147274958660552699e-08 1.004791942295198838e-10
1.362645290581162385e+02 4.129089991735808917e-08 9.982343781238290482e-11
1.365631262525050147e+02 4.111024242728205776e-08 9.917054903648598561e-11
1.368617234468937909e+02 4.093076672085820067e-08 9.852050913245507687e-11
1.371603206412825671e+02 4.075246251561689543e-08 9.787329949435937978e-11
1.374589178356713433e+02 4.057531964066609183e-08 9.722890167793604849e-11
1.377575150300601194e+02 4.039932803524168124e-08 9.658729739883826030e-11
1.380561122244488956e+02 4.022447774727978941e-08 9.594846853090565857e-11
1.383547094188376718e+02 4.005075893201047689e-08 9.531239710445749135e-11
1.386533066132264764e+02 3.987816185057270110e-08 9.467906530460754111e-11
1.389519038076152526e+02 3.970667686865024922e-08 9.404845546960120734e-11
1.392505010020040288e+02 3.953629445512773515e-08 9.342055008917317823e-11
1.395490981963928050e+02 3.936704393880984874e-08 9.288794775545558708e-11
1.398476953907815812e+02 3.919887753271037903e-08 9.235912939388262428e-11
1.401462925851703574e+02 3.903178537486768158e-08 9.183256444445768953e-11
1.404448897795591336e+02 3.886575833711203336e-08 9.130823853437141618e-11
1.407434869739479097e+02 3.870078738801468098e-08 9.078613741278597997e-11
1.410420841683366859e+02 3.853686359166026492e-08 9.026624694954432250e-11
1.413406813627254621e+02 3.837397810643719696e-08 8.974855313389505227e-11
1.416392785571142383e+02 3.821212218384606349e-08 8.923304207323409621e-11
1.419378757515030145e+02 3.805128716732540623e-08 8.871969999186180909e-11
1.422364729458917907e+02 3.789146449109474802e-08 8.820851322975585108e-11
1.425350701402805669e+02 3.773264567901476437e-08 8.769946824135971714e-11
1.428336673346693431e+02 3.757482234346379358e-08 8.719255159438594881e-11
1.431322645290581193e+02 3.741798618423107566e-08 8.668774996863506253e-11
1.434308617234468954e+02 3.726212898742584007e-08 8.618505015482837186e-11
1.437294589178356716e+02 3.710724262440236798e-08 8.568443905345621609e-11
1.440280561122244478e+02 3.695331905070066504e-08 8.518590367363973385e-11
1.443266533066132240e+02 3.680035030500237423e-08 8.468943113200746136e-11
1.446252505010020002e+02 3.664832850810175649e-08 8.419500865158519143e-11
1.449238476953908048e+02 3.649724586189165995e-08 8.370262356070017885e-11
1.452224448897795810e+02 3.634709464836384242e-08 8.321226329189841272e-11
1.455210420841683572e+02 3.619786722862384556e-08 8.272391538087540788e-11
1.458196392785571334e+02 3.604955604191981206e-08 8.223756746542002459e-11
1.461182364729459096e+02 3.590215360468526561e-08 8.175320728437148419e-11
1.464168336673346857e+02 3.575565250959554931e-08 8.127082267658885721e-11
1.467154308617234619e+02 3.561004542463766436e-08 8.079040157993317881e-11
1.470140280561122381e+02 3.546532509219335029e-08 8.031193203026234679e-11
1.473126252505010143e+02 3.532148432813508902e-08 7.983540216043753552e-11
1.476112224448897905e+02 3.517851602093497991e-08 7.936080019934235363e-11
1.479098196392785667e+02 3.503641313078621436e-08 7.888811447091351749e-11
1.482084168336673429e+02 3.489516868873681262e-08 7.841733339318337682e-11
1.485070140280561191e+02 3.475477579583564245e-08 7.794844547733387853e-11
1.488056112224448952e+02 3.461522762229036918e-08 7.748143932676196892e-11
1.491042084168336714e+02 3.447654238886641167e-08 7.707087662844102261e-11
1.494028056112224476e+02 3.433869426818033463e-08 7.667519387983334473e-11
1.497014028056112238e+02 3.420167053824351109e-08 7.628108960352305535e-11
1.500000000000000000e+02 3.406546463991310585e-08 7.588855437296211686e-11
