1.000121100000000096e+00 7.915548473200528573e-04 3.873010103404963059e-04
1.005121699999999896e+00 7.867804711251865507e-04 3.810796095482357673e-04
1.010147300000000081e+00 7.816024528823653462e-04 3.749652244065560533e-04
1.015198000000000045e+00 7.761059983256691185e-04 3.689498779351303367e-04
1.020273999999999903e+00 7.703344746779527746e-04 3.630392413056765088e-04
1.025375399999999937e+00 7.642890747359276519e-04 3.572254266056322991e-04
1.030502299999999982e+00 7.579111731040732861e-04 3.515140937191903766e-04
1.035654800000000098e+00 7.509536877196808496e-04 3.458907717979410514e-04
1.040655899999999967e+00 7.420127737777581318e-04 3.405584637043034446e-04
1.040833099999999956e+00 7.415046477607084964e-04 3.403677743036330407e-04
1.043344199999999944e+00 7.392478666057711442e-04 3.446919556048528405e-04
1.046037200000000000e+00 7.387184347174237040e-04 3.418634233343080140e-04
1.051267399999999963e+00 7.347660656347347130e-04 3.364573311257092300e-04
1.056523799999999902e+00 7.299266476178853076e-04 3.311423125423077710e-04
1.061806400000000039e+00 7.247489086439317914e-04 3.259174084659913944e-04
1.067115400000000047e+00 7.193918106457887745e-04 3.207816053271415652e-04
1.072451000000000043e+00 7.139239897285892204e-04 3.157274604118104778e-04
1.077813200000000027e+00 7.083831493516319026e-04 3.107541352017017221e-04
1.083202299999999951e+00 7.027933901244135190e-04 3.058670870731579057e-04
1.088618300000000039e+00 6.971712943132495630e-04 3.010653969871763050e-04
1.094061399999999962e+00 6.915279506647646233e-04 2.963354719599213408e-04
1.099531700000000001e+00 6.858718789671402897e-04 2.916891319234848098e-04
1.105029400000000050e+00 6.802100322830176163e-04 2.871129266684142151e-04
1.110554500000000111e+00 6.745493552819490247e-04 2.826185911542604141e-04
1.116107299999999913e+00 6.688939527983635844e-04 2.781927898074616420e-04
1.121687799999999902e+00 6.632470397978560382e-04 2.738471470769468898e-04
1.127296300000000029e+00 6.576124535797387826e-04 2.695684680155761956e-04
1.132932800000000073e+00 6.519931601820117689e-04 2.653621714406347986e-04
1.138597400000000093e+00 6.463908336409540612e-04 2.612214040169742930e-04
1.144290400000000041e+00 6.408089780382705781e-04 2.571514657781934178e-04
1.150011899999999976e+00 6.352480489600042775e-04 2.531455788012463280e-04
1.155761899999999898e+00 6.297106685427180522e-04 2.492090638528639333e-04
1.161540699999999982e+00 6.241990340125872123e-04 2.453351711548815085e-04
1.167348400000000064e+00 6.187124255495041582e-04 2.415291530823143870e-04
1.173185200000000039e+00 6.132540696801474286e-04 2.377843554369727134e-04
1.179051099999999908e+00 6.078232912635764739e-04 2.340942886635284225e-04
1.184946400000000066e+00 6.024220909512028677e-04 2.304700104399541117e-04
1.190871100000000071e+00 5.970517171494226644e-04 2.269050126627378662e-04
1.196825400000000039e+00 5.917122009860834508e-04 2.233986403460840237e-04
1.202809599999999923e+00 5.864044299712216097e-04 2.199502268506959765e-04
1.208823600000000109e+00 5.811296409699331618e-04 2.165534718554346333e-04
1.214867700000000106e+00 5.758876980164785719e-04 2.132191753616102759e-04
1.220942100000000030e+00 5.706785625500249278e-04 2.099353087015189254e-04
1.227046800000000104e+00 5.655042171858061083e-04 2.067013661980611039e-04
1.233182000000000000e+00 5.603654679031039093e-04 2.035280128089916808e-04
1.239347900000000058e+00 5.552612822894631081e-04 2.003978327366488961e-04
1.245544699999999949e+00 5.501924480823815493e-04 1.973270193399696382e-04
1.251772399999999896e+00 5.451598914812148334e-04 1.942983663617417543e-04
1.258031200000000016e+00 5.401599500027749225e-04 1.913004606656416612e-04
1.264321400000000040e+00 5.351933450247456413e-04 1.883494098753980351e-04
1.270642999999999967e+00 5.302593031108501602e-04 1.854501723096033073e-04
1.276996199999999915e+00 5.253603046099586740e-04 1.825967554024038352e-04
1.283381200000000000e+00 5.204945263728986450e-04 1.797886614237926152e-04
1.289798100000000058e+00 5.156636197962335142e-04 1.770307659220380096e-04
1.296247099999999985e+00 5.108674388004876173e-04 1.743118440482206580e-04
1.302728300000000061e+00 5.061067307631245821e-04 1.716368063352741527e-04
1.309242000000000017e+00 5.013804385770121103e-04 1.690104348516704427e-04
1.315788200000000074e+00 4.966893675632660932e-04 1.664217036523057047e-04
1.322367099999999907e+00 4.920333425900796876e-04 1.638754426128602481e-04
1.328978999999999910e+00 4.874128995364268471e-04 1.613711725353236446e-04
1.335623900000000086e+00 4.828279892353007341e-04 1.589084554241002912e-04
1.342302000000000106e+00 4.782784127844294172e-04 1.564816872657899137e-04
1.349013500000000088e+00 4.737647329616887924e-04 1.540956101329077734e-04
1.355758599999999925e+00 4.692859776754794237e-04 1.517497736808515489e-04
1.362537399999999899e+00 4.648427654251160632e-04 1.494386740530917999e-04
1.369350000000000067e+00 4.604334681088180395e-04 1.471619552515182226e-04
1.376196799999999998e+00 4.560592379619227686e-04 1.449192323188268274e-04
1.383077799999999913e+00 4.517192684387321831e-04 1.427151602777799717e-04
1.389993199999999929e+00 4.474140793766710712e-04 1.405493075848905399e-04
1.396943100000000104e+00 4.431428083285450428e-04 1.384113687950497696e-04
1.403927799999999948e+00 4.389066001557143256e-04 1.363158159642974569e-04
1.410947500000000021e+00 4.347038295907574060e-04 1.342474709456934303e-04
1.418002200000000101e+00 4.305364911654036768e-04 1.322158239164863405e-04
1.425092199999999920e+00 4.264022231229834016e-04 1.302156058370623336e-04
1.432217700000000038e+00 4.223986618334104942e-04 1.282464799429541857e-04
1.439378800000000069e+00 4.183337228957964538e-04 1.263081213988675186e-04
1.446575699999999909e+00 4.143032379486682906e-04 1.244001991833257456e-04
1.453808599999999895e+00 4.103056479684953975e-04 1.225271359615117306e-04
1.461077600000000087e+00 4.063420967532733281e-04 1.206790903253174849e-04
1.468382999999999994e+00 4.024116394324041951e-04 1.188605061916553612e-04
1.475724899999999895e+00 3.985147408411182559e-04 1.170757526960469020e-04
1.483103499999999908e+00 3.946517857513600681e-04 1.153151301338055086e-04
1.490518999999999927e+00 3.908212671159839178e-04 1.135830285296910607e-04
1.497971600000000070e+00 3.870241966186598027e-04 1.118791373813302065e-04
1.505461500000000008e+00 3.832584853391430429e-04 1.101939738760697874e-04
1.512988800000000023e+00 3.795239831411944230e-04 1.085365068843648637e-04
1.520553700000000008e+00 3.758210871386245279e-04 1.069018912649595792e-04
1.528156499999999918e+00 3.721495304530632060e-04 1.052944071008023267e-04
1.535797300000000032e+00 3.685091464797259097e-04 1.037137637119056881e-04
1.543476300000000023e+00 3.648991389277606435e-04 1.021596659893439773e-04
1.551193700000000009e+00 3.613204613953411399e-04 1.006273691979158482e-04
1.558949600000000046e+00 3.577723603823373239e-04 9.912108663187958258e-05
1.566744399999999926e+00 3.542545320716077744e-04 9.763610991895921396e-05
1.574578100000000092e+00 3.507674157475996340e-04 9.617661891927350667e-05
1.582451000000000052e+00 3.473096348255073928e-04 9.473796041670838586e-05
1.590363299999999924e+00 3.438826399207177593e-04 9.332426235468827002e-05
1.598315099999999989e+00 3.404846095448746455e-04 9.193093175781281458e-05
1.606306599999999918e+00 3.372156527079643129e-04 9.056205724034006312e-05
1.614338199999999945e+00 3.338765576440060447e-04 8.921307630081301327e-05
1.622409900000000071e+00 3.305663436076298361e-04 8.788379352044454215e-05
1.630521899999999969e+00 3.272853282627122815e-04 8.657823954058712387e-05
1.638674500000000034e+00 3.240332548400921093e-04 8.529192801843706018e-05
1.646867899999999940e+00 3.208093990700158272e-04 8.402465811189240908e-05
1.655102199999999968e+00 3.176141071041983658e-04 8.277623574802748542e-05
1.663377700000000070e+00 3.144466278165783651e-04 8.155061046426675996e-05
1.671694599999999920e+00 3.113072612732095895e-04 8.034339330224783866e-05
1.680053100000000077e+00 3.081957985971182706e-04 7.915439070257160846e-05
1.688453399999999993e+00 3.051115467751741280e-04 7.798341080418099835e-05
1.696895599999999948e+00 3.020548301993272039e-04 7.683026795602072910e-05
1.705380099999999954e+00 2.990253719752075981e-04 7.569476450141281567e-05
1.713907000000000069e+00 2.960225332091584731e-04 7.457671819791034887e-05
1.722476600000000024e+00 2.930460912365252650e-04 7.347593955469867424e-05
1.731088900000000042e+00 2.900968505718296529e-04 7.239624323602333953e-05
1.739744399999999969e+00 2.871735819049436064e-04 7.132943553845653138e-05
1.748443100000000028e+00 2.842761676843046743e-04 7.027935417905691463e-05
1.757185299999999950e+00 2.814048393976217410e-04 6.924581637946356134e-05
1.765971200000000074e+00 2.785589575987674105e-04 6.822864509805354606e-05
1.774801099999999909e+00 2.757383098615346869e-04 6.722766104658251603e-05
1.783675099999999958e+00 2.729431826811041227e-04 6.624269418889498675e-05
1.792593499999999951e+00 2.701733532749800329e-04 6.527356842218739465e-05
1.801556500000000005e+00 2.674277786574652603e-04 6.431627940239650876e-05
1.810564199999999957e+00 2.647071686602021630e-04 6.337453310908032500e-05
1.819617100000000098e+00 2.620108292257787748e-04 6.244815096146016573e-05
1.828715099999999927e+00 2.593386731928735869e-04 6.153697683948694574e-05
1.837858699999999956e+00 2.566908510690678780e-04 6.063707759502902378e-05
1.847048000000000023e+00 2.540663960554462005e-04 5.975582755755049478e-05
1.856283300000000080e+00 2.514655235351577500e-04 5.888556418109852300e-05
1.865564699999999965e+00 2.488884884436481644e-04 5.802618556536667826e-05
1.874892500000000073e+00 2.463342953576541498e-04 5.718126795022682613e-05
1.884266999999999914e+00 2.438031520410569464e-04 5.635065002060248972e-05
1.893688299999999991e+00 2.412949178622828938e-04 5.553417792801346924e-05
1.903156700000000034e+00 2.388094011025320579e-04 5.472080637312245447e-05
1.912672499999999998e+00 2.363445207781989248e-04 5.389248650793248305e-05
1.922235899999999997e+00 2.338990465887775996e-04 5.307823946597976957e-05
1.931847099999999928e+00 2.314732756513024272e-04 5.227791102530301520e-05
1.941506299999999907e+00 2.290667549351764031e-04 5.148779102611698085e-05
1.951213800000000109e+00 2.266797488640355908e-04 5.071131793979537759e-05
1.960969900000000044e+00 2.243117879955168340e-04 4.994481687574934322e-05
1.970774699999999990e+00 2.219628190918640509e-04 4.919520281056834660e-05
1.980628599999999961e+00 2.196327199125247900e-04 4.845180947428378681e-05
1.990531800000000073e+00 2.173217628900273837e-04 4.772500364206096510e-05
2.000484399999999940e+00 2.150291895943900913e-04 4.700768558193821079e-05
2.010486799999999796e+00 2.127552305650452650e-04 4.629975805507398589e-05
2.020539299999999816e+00 2.104994470776157104e-04 4.560454529495879678e-05
2.030641999999999836e+00 2.082617908194885114e-04 4.492190771652296467e-05
2.040795199999999809e+00 2.060425029195073394e-04 4.424831824159048354e-05
2.050999200000000133e+00 2.038408244787094799e-04 4.358368587649297655e-05
2.061254200000000036e+00 2.016563683336105553e-04 4.293127317532858259e-05
2.071560400000000080e+00 1.994897264205951312e-04 4.228760883161396608e-05
2.081918200000000052e+00 1.973401485238598279e-04 4.165591975542410534e-05
2.092327800000000071e+00 1.951949358004902548e-04 4.102946922889053456e-05
2.102789500000000089e+00 1.930794297545342856e-04 4.041478882464190087e-05
2.113303399999999943e+00 1.909805110110262909e-04 3.980847924037306907e-05
2.123869899999999866e+00 1.888977882465198860e-04 3.921370530175703989e-05
2.134489299999999812e+00 1.868309005688135311e-04 3.862386294849757797e-05
2.145161700000000060e+00 1.847789315289038981e-04 3.802926217009961959e-05
2.155887499999999957e+00 1.827409466800397544e-04 3.744282465058687640e-05
2.166666999999999899e+00 1.807169479681541521e-04 3.686765500155512841e-05
2.177500300000000166e+00 1.787066765155861654e-04 3.630045503719573686e-05
2.188387800000000105e+00 1.767098327203784291e-04 3.574114169893445538e-05
2.199329699999999832e+00 1.747261594194764200e-04 3.519277626198359134e-05
2.210326400000000024e+00 1.727556597684306390e-04 3.465210572921037307e-05
2.221378000000000075e+00 1.708121244243759711e-04 3.411905430021718499e-05
2.232484900000000216e+00 1.688668199664705011e-04 3.359354212956341089e-05
2.243647300000000122e+00 1.669336870693646411e-04 3.307857138162816622e-05
2.254865600000000025e+00 1.650122088269584365e-04 3.257401775199254037e-05
2.266139900000000207e+00 1.631024704430179405e-04 3.207366711881615818e-05
2.277470600000000012e+00 1.612037093757577686e-04 3.158355343854018696e-05
2.288857900000000001e+00 1.593157491343217028e-04 3.110054077466078618e-05
2.300302199999999964e+00 1.574381305781655553e-04 3.062455399856513195e-05
2.311803700000000017e+00 1.555704397997617703e-04 3.015552136692889969e-05
2.323362799999999950e+00 1.537122524414793903e-04 2.969574721834084447e-05
2.334979600000000044e+00 1.518632005545445625e-04 2.924246479014632106e-05
2.346654500000000088e+00 1.500223894656945930e-04 2.879648913162948692e-05
2.358387800000000034e+00 1.481894711730700294e-04 2.835744823628398624e-05
2.370179700000000000e+00 1.463638785764287528e-04 2.792526921171532644e-05
2.382030600000000220e+00 1.445450437201847458e-04 2.750016736918400377e-05
2.393940699999999921e+00 1.427319640244829619e-04 2.708177827579758880e-05
2.405910399999999782e+00 1.409241329936382727e-04 2.666974162924395643e-05
2.417940000000000200e+00 1.391206051586882527e-04 2.626456156572552552e-05
2.430029699999999959e+00 1.373204866547265740e-04 2.586531145399658283e-05
2.442179799999999901e+00 1.355226789174478490e-04 2.547277796930000329e-05
2.454390699999999814e+00 1.337263496650429868e-04 2.508632347086000151e-05
2.466662700000000097e+00 1.319300328336818105e-04 2.470588325093858289e-05
2.478995999999999977e+00 1.301323360382036721e-04 2.433139415764802634e-05
2.491391000000000133e+00 1.283319070444278499e-04 2.396306881787541366e-05
2.503847899999999793e+00 1.265268123122282662e-04 2.360028937015310480e-05
2.516367199999999915e+00 1.247153910024631691e-04 2.324327006665733179e-05
2.528948999999999891e+00 1.228952309378089777e-04 2.289195088478252935e-05
2.541593799999999792e+00 1.210637722666184953e-04 2.254599691712087789e-05
2.554301699999999897e+00 1.192181817627585539e-04 2.220562359749461429e-05
2.567073199999999833e+00 1.173548739722126631e-04 2.187049984765520206e-05
2.579908599999999996e+00 1.154698151066238683e-04 2.154056998531303789e-05
2.592808199999999896e+00 1.135581188165010302e-04 2.121577881391855421e-05
2.605772200000000094e+00 1.116141012817263383e-04 2.089607242023293156e-05
2.618801100000000215e+00 1.096302828716531766e-04 2.058113122098345559e-05
2.631895099999999932e+00 1.075979334767684107e-04 2.027116861887620251e-05
2.645054500000000086e+00 1.055055262753912948e-04 1.996613129802970795e-05
2.658279799999999859e+00 1.033320237754127157e-04 1.966570511907939585e-05
2.671571199999999813e+00 1.010710567846852931e-04 1.937010089934285546e-05
2.684929100000000179e+00 9.868909613500278014e-05 1.907900878721986476e-05
2.698353700000000188e+00 9.614850571684653428e-05 1.879238190136337983e-05
2.711845499999999909e+00 9.339193674188539550e-05 1.851042634190023042e-05
2.725404699999999902e+00 9.032792241616522354e-05 1.823258543297428549e-05
2.739031699999999958e+00 8.679422544448382379e-05 1.795932025379910849e-05
2.752726899999999866e+00 8.246155440100341283e-05 1.769032957619105038e-05
2.766490500000000186e+00 7.646428748472607984e-05 1.742531890628034718e-05
2.780323000000000100e+00 6.458351121345916638e-05 1.716449401323299413e-05
2.785922499999999857e+00 4.443187014753503512e-05 1.706058120998633397e-05
2.787477500000000052e+00 4.388413381542652857e-05 4.659750349929387461e-05
2.794224600000000169e+00 6.484948794014457627e-05 4.619579922490210753e-05
2.808195700000000183e+00 7.355994716686920616e-05 4.537817591974597250e-05
2.822236699999999932e+00 7.688083217182731992e-05 4.457243832896542915e-05
2.836347899999999811e+00 7.839589720169561190e-05 4.378576980961280566e-05
2.850529600000000219e+00 7.886179119785141926e-05 4.301067216642525179e-05
2.864782299999999893e+00 7.847633466266342502e-05 4.224943421887387811e-05
2.879106199999999838e+00 7.711357777809983748e-05 4.150190356862743212e-05
2.893501699999999843e+00 7.395567020116968664e-05 4.076792619450363787e-05
2.907969200000000143e+00 5.673006956248190789e-05 4.004972452884231291e-05
2.909569700000000037e+00 5.756205720275211297e-05 5.855916557391769450e-05
2.922509100000000082e+00 7.447587119760481458e-05 5.756494298785223905e-05
2.937121600000000221e+00 7.907093477032973148e-05 5.646730681438190440e-05
2.951807200000000186e+00 8.168147061112726321e-05 5.539320522620779609e-05
2.966566199999999931e+00 8.343526793051225256e-05 5.434003452116268029e-05
2.981399099999999969e+00 8.468783246509225919e-05 5.330291967582309192e-05
2.996306099999999972e+00 8.560148376606354021e-05 5.228861044754695432e-05
3.011287600000000175e+00 8.628948878754554041e-05 5.127619454485377292e-05
3.026343999999999923e+00 8.678510876312539471e-05 5.027940462278683868e-05
3.041475800000000174e+00 8.711816360114765909e-05 4.930034491000530675e-05
3.056683099999999875e+00 8.731386736873660394e-05 4.835237970441217959e-05
3.071966600000000103e+00 8.740455852667024499e-05 4.744185095347699645e-05
3.087326399999999804e+00 8.740848205680032098e-05 4.655037234654763745e-05
3.102762999999999938e+00 8.733600928769327343e-05 4.567994527570232535e-05
3.118276799999999849e+00 8.719601684026926085e-05 4.482810083815798536e-05
3.133868200000000215e+00 8.699580508541215808e-05 4.399462039915089524e-05
3.149537599999999937e+00 8.674158691456720070e-05 4.317928735580713946e-05
3.165285299999999857e+00 8.643840250855577053e-05 4.238188845622704501e-05
3.181111700000000209e+00 8.609043472553102910e-05 4.160221100856603368e-05
3.197017199999999892e+00 8.570091713523305657e-05 4.083572374453963192e-05
3.213002299999999867e+00 8.527244030274610577e-05 4.008872973740027406e-05
3.229067300000000085e+00 8.480673127649522396e-05 3.935457456925398756e-05
3.245212700000000172e+00 8.430506772777721688e-05 3.863737223255070744e-05
3.261438699999999802e+00 8.376767414790479006e-05 3.793480406560022065e-05
3.277745900000000212e+00 8.319360876454574589e-05 3.724459067472896823e-05
3.294134699999999860e+00 8.258072430257225012e-05 3.656869176665121100e-05
3.310605300000000195e+00 8.192522392784806512e-05 3.590694256396033840e-05
3.327158400000000071e+00 8.121971098365696792e-05 3.525917431884487016e-05
3.343794100000000213e+00 8.045206364444439150e-05 3.462316085700840147e-05
3.360513099999999920e+00 7.960010500001470188e-05 3.400082259999995048e-05
3.377315700000000032e+00 7.861978615936791143e-05 3.338995458765565451e-05
3.394202299999999894e+00 7.740650884960299447e-05 3.279042774684268934e-05
3.411173300000000186e+00 7.559349347882156009e-05 3.220211416215598016e-05
3.422060200000000219e+00 7.293748739438701259e-05 3.183326272978087503e-05
3.428229099999999807e+00 7.168974925014228675e-05 3.728988785739733859e-05
3.429940000000000211e+00 7.268167924031246449e-05 3.722094776822062090e-05
3.445370299999999997e+00 7.517501509701288447e-05 3.661124421405852056e-05
3.462597099999999983e+00 7.585347752668175115e-05 3.594441512294403572e-05
3.479910100000000117e+00 7.605587748288880265e-05 3.529125291101456425e-05
3.497309700000000188e+00 7.604436392878704133e-05 3.464962415525455955e-05
3.514796200000000148e+00 7.590796447878023754e-05 3.402136705633512689e-05
3.532370199999999905e+00 7.568791924526674787e-05 3.340436853683623506e-05
3.550032100000000135e+00 7.540722126280016040e-05 3.279850332122467800e-05
3.567782199999999904e+00 7.507930648891239197e-05 3.220171235881422872e-05
3.585621100000000006e+00 7.471268765806713872e-05 3.161775193713141499e-05
3.603549199999999786e+00 7.431269862995479336e-05 3.105222093415156183e-05
3.621567000000000203e+00 7.389334434075413099e-05 3.050679026033021972e-05
3.639674799999999877e+00 7.345671514037505556e-05 2.996601890366181264e-05
3.657873200000000047e+00 7.300388787131742105e-05 2.943364896444649974e-05
3.676162600000000058e+00 7.253683741640000199e-05 2.891334930794011937e-05
3.694543400000000144e+00 7.205716672643672509e-05 2.840310668429402727e-05
3.713016099999999931e+00 7.156652117786441408e-05 2.790280565854903139e-05
3.731581199999999932e+00 7.106589317821592952e-05 2.741048106866863840e-05
3.750239099999999937e+00 7.055634565659248039e-05 2.692788957490103110e-05
3.768990300000000016e+00 7.003861053986465965e-05 2.645491876744625567e-05
3.787835199999999958e+00 6.951320808648475311e-05 2.598963465130068120e-05
3.806774400000000114e+00 6.897882236733680113e-05 2.552832490227945473e-05
3.825808299999999829e+00 6.843543203019359354e-05 2.507818288607852403e-05
3.844937299999999780e+00 6.788292969761625356e-05 2.463368471576579896e-05
3.864161999999999875e+00 6.732065597062611071e-05 2.419835024974075795e-05
3.883482799999999902e+00 6.674707384807045704e-05 2.377207313173368623e-05
3.902900199999999931e+00 6.615998445190935653e-05 2.335297777922887999e-05
3.922414700000000032e+00 6.555476588325381978e-05 2.294274633809277288e-05
3.942026799999999831e+00 6.492307083391801064e-05 2.253952262138131363e-05
3.961736900000000006e+00 6.424667085744181728e-05 2.214323012174366985e-05
3.981545600000000018e+00 6.347428738067711234e-05 2.175552650115463921e-05
4.001453299999999658e+00 6.230285916291779930e-05 2.137285876064612549e-05
4.002348600000000367e+00 6.220976117569739666e-05 2.135599860295211413e-05
4.013651199999999974e+00 6.191770049203808323e-05 2.266040487344094260e-05
4.021460600000000163e+00 6.214828748056626395e-05 2.250133433207644182e-05
4.041567900000000435e+00 6.209053895655097528e-05 2.209888246133158893e-05
4.061775700000000100e+00 6.180879258767729484e-05 2.170327903319122856e-05
4.082084599999999952e+00 6.144778712984643322e-05 2.131614031838556332e-05
4.102495000000000225e+00 6.104460842057095739e-05 2.093568371221238709e-05
4.123007499999999936e+00 6.061423290676017518e-05 2.056183508392153681e-05
4.143622599999999601e+00 6.016421988484663358e-05 2.019618826064196039e-05
4.164340700000000339e+00 5.969841697931890865e-05 1.983532961185026057e-05
4.185162400000000282e+00 5.921855084540996340e-05 1.948251232078259326e-05
4.206088199999999944e+00 5.872418085152994130e-05 1.913599874877462725e-05
4.227118599999999837e+00 5.821621013710411463e-05 1.880388786595420887e-05
4.248254199999999869e+00 5.769359615170019417e-05 1.847785913012685877e-05
4.269495499999999666e+00 5.714585980873555093e-05 1.815946181339001613e-05
4.290842999999999741e+00 5.654295369009918425e-05 1.784538487584483716e-05
4.308063699999999940e+00 5.591464429128158826e-05 1.759930856625020013e-05
4.312297199999999719e+00 5.566842376672072562e-05 1.753878846546084319e-05
4.325936099999999840e+00 5.553448554204749339e-05 1.811252074025964108e-05
4.333858700000000397e+00 5.552320387561888499e-05 1.799972969391381455e-05
4.355527999999999622e+00 5.526960344401625496e-05 1.769452721823649923e-05
4.377305599999999686e+00 5.492246770242147650e-05 1.739664959467437092e-05
4.399192099999999606e+00 5.454159469218486530e-05 1.710286783844560687e-05
4.421188100000000176e+00 5.414361228970016959e-05 1.681470267245335033e-05
4.443293999999999855e+00 5.373596196634754149e-05 1.653209050014938053e-05
4.465510499999999716e+00 5.332204597790995797e-05 1.625187393312647598e-05
4.487838100000000274e+00 5.290335652312714708e-05 1.597557525601197282e-05
4.510277199999999986e+00 5.248146977022435613e-05 1.570468657706224302e-05
4.532828600000000208e+00 5.205755728153246419e-05 1.543762116749911885e-05
4.555492799999999676e+00 5.163248729930255645e-05 1.517585640226842969e-05
4.578270200000000401e+00 5.120670205894190332e-05 1.491752137301568645e-05
4.601161600000000185e+00 5.078088073618465813e-05 1.466453299052615186e-05
4.624167400000000150e+00 5.035536235812928933e-05 1.441593318225536328e-05
4.647288200000000202e+00 4.993046939083956980e-05 1.417197052698555336e-05
4.670524699999999640e+00 4.950657387888679771e-05 1.393214847172754894e-05
4.693877299999999586e+00 4.908385182993801183e-05 1.369656922812063025e-05
4.717346700000000226e+00 4.866246666452848137e-05 1.346518518137690148e-05
4.740933400000000297e+00 4.824270310456982871e-05 1.323780405655546982e-05
4.764638099999999987e+00 4.782458712402065383e-05 1.301452623957348077e-05
4.788461299999999810e+00 4.740832899955445127e-05 1.279516173103091850e-05
4.812403599999999670e+00 4.699406917601948384e-05 1.257952353689973983e-05
4.836465600000000364e+00 4.658182432237071164e-05 1.236771351291287543e-05
4.860647900000000021e+00 4.617172764004456062e-05 1.215968895382740028e-05
4.884951199999999716e+00 4.576384719862510521e-05 1.195512453289328830e-05
4.909375899999999682e+00 4.535831129910620471e-05 1.175426438822039569e-05
4.933922800000000386e+00 4.495517884787241040e-05 1.155678650246098539e-05
4.958592399999999678e+00 4.455439910335630746e-05 1.136279338182929470e-05
4.983385400000000409e+00 4.415614244624147027e-05 1.117210744435090928e-05
5.008302300000000429e+00 4.376046546385753563e-05 1.098469257291565002e-05
5.033343799999999924e+00 4.336730945858383951e-05 1.080051252665458885e-05
5.058510499999999688e+00 4.297683577368852087e-05 1.061953161524685224e-05
5.083803099999999908e+00 4.258903670452910691e-05 1.044171426143023119e-05
5.109222100000000211e+00 4.220396077151109839e-05 1.026689044712952032e-05
5.134768199999999894e+00 4.182165085273478983e-05 1.009516175291981900e-05
5.160442100000000032e+00 4.144214768277911274e-05 9.926225886491060600e-06
5.186244300000000251e+00 4.106554452406505323e-05 9.760319255994890630e-06
5.212175499999999850e+00 4.069192725392390591e-05 9.597010318632073907e-06
5.238236399999999904e+00 4.032082296846943386e-05 9.434689139126064072e-06
5.264427600000000318e+00 3.995212797621705276e-05 9.275188659618584125e-06
5.290749700000000111e+00 3.958594007670996609e-05 9.118347201827516486e-06
5.317203400000000357e+00 3.922225348006148308e-05 8.964265568370253682e-06
5.343789499999999748e+00 3.886115772664371629e-05 8.812654352183933132e-06
5.370508400000000293e+00 3.850269620286444735e-05 8.663744631408284663e-06
5.397360899999999795e+00 3.814685690209306895e-05 8.517378055365880632e-06
5.424347700000000216e+00 3.779367627619884126e-05 8.373399266842474045e-06
5.451469499999999968e+00 3.744318885825621655e-05 8.232035767681034777e-06
5.478726799999999564e+00 3.709538391167927846e-05 8.093006310549727427e-06
5.506120499999999751e+00 3.675024521007385660e-05 7.956285196000641667e-06
5.533651100000000156e+00 3.640785233913007378e-05 7.821972354008154503e-06
5.561319300000000077e+00 3.606818906143422014e-05 7.689916782861230861e-06
5.589125899999999980e+00 3.580491267616893209e-05 7.558734368483385918e-06
5.617071600000000053e+00 3.546988248100413365e-05 7.428789778058469738e-06
5.645156899999999922e+00 3.513723896970644226e-05 7.300929987349896064e-06
5.673382700000000334e+00 3.480705858221442461e-05 7.175375803278923234e-06
5.701749600000000306e+00 3.447933285111763277e-05 7.051859267433991655e-06
5.730258400000000307e+00 3.415409292877349381e-05 6.930599326967224029e-06
5.758909599999999962e+00 3.383137181646076011e-05 6.811570841022047136e-06
5.787704200000000299e+00 3.351119488696932644e-05 6.694509639885592372e-06
5.816642700000000055e+00 3.319350995266823998e-05 6.579513335344253724e-06
5.845725899999999697e+00 3.292471455557581343e-05 6.465259271676868178e-06
5.874954599999999694e+00 3.261155239193895658e-05 6.353154691909246325e-06
5.904329299999999670e+00 3.230080900972594275e-05 6.242941487704923918e-06
5.933850999999999765e+00 3.199250912510060026e-05 6.134715062099097460e-06
5.963520199999999605e+00 3.168668135381549179e-05 6.028453407011835628e-06
5.993337799999999937e+00 3.138330990577845600e-05 5.924019064002492040e-06
6.023304500000000061e+00 3.108238118231682214e-05 5.821506599998668771e-06
6.053421000000000163e+00 3.078388158817563637e-05 5.720780294664349347e-06
6.083688200000000101e+00 3.048790770369593035e-05 5.621820230509802891e-06
6.114106600000000391e+00 3.019433360111801554e-05 5.524607042482856570e-06
6.144677100000000003e+00 2.990325374347963588e-05 5.429121168635339040e-06
6.175400500000000292e+00 2.961465043601636528e-05 5.335343320718620207e-06
6.206277499999999669e+00 2.932847112307400531e-05 5.243254472273725757e-06
6.237308900000000378e+00 2.904469938295090419e-05 5.152835682206937431e-06
6.268495399999999940e+00 2.876342546981464890e-05 5.063958087054893908e-06
6.299837899999999991e+00 2.848452445556065541e-05 4.976604651833231351e-06
6.331337099999999829e+00 2.820808470374874352e-05 4.890867740810221234e-06
6.362993799999999922e+00 2.793401872059708100e-05 4.806729076719405503e-06
6.394808799999999849e+00 2.766237724846172454e-05 4.723954548056812914e-06
6.426782799999999796e+00 2.739314229218538590e-05 4.642744433683505787e-06
6.458916699999999622e+00 2.712626110085883353e-05 4.562867004319798268e-06
6.491211299999999795e+00 2.686174895308803706e-05 4.484520612074064377e-06
6.523667399999999894e+00 2.659958742833524374e-05 4.407476033600989709e-06
6.556285700000000105e+00 2.633979124602814649e-05 4.331824507281538331e-06
6.589067100000000288e+00 2.608230860278775229e-05 4.257550350052483224e-06
6.622012500000000301e+00 2.582715228320463686e-05 4.184638025835575031e-06
6.655122500000000052e+00 2.557430505784659091e-05 4.112968552930582270e-06
6.688398099999999680e+00 2.532377766371556971e-05 4.042528160539827992e-06
6.721840099999999651e+00 2.507552008144146784e-05 3.973406075028589114e-06
6.755449300000000434e+00 2.482951399632641641e-05 3.905485128232482985e-06
6.789226600000000111e+00 2.458580056084088143e-05 3.838751991140545221e-06
6.823172699999999757e+00 2.434430124854729624e-05 3.773193568563524772e-06
6.857288600000000400e+00 2.413130835671400634e-05 3.708695998390501086e-06
6.891574999999999562e+00 2.389409542365314592e-05 3.644947275654993743e-06
6.926032900000000048e+00 2.365901167974703869e-05 3.582239621446505612e-06
6.960663099999999659e+00 2.342606919180242628e-05 3.520661026221779369e-06
6.995466399999999751e+00 2.319525072341015680e-05 3.460198876553271837e-06
7.030443700000000185e+00 2.296653851123970681e-05 3.400742386382946689e-06
7.065595899999999929e+00 2.273991495544176061e-05 3.342476082435049282e-06
7.100923899999999733e+00 2.251539006305702616e-05 3.285094394510931857e-06
7.136428500000000064e+00 2.229294635998244363e-05 3.228878395738942007e-06
7.172110700000000172e+00 2.207253837101556208e-05 3.173525596954044418e-06
7.207971200000000245e+00 2.185417698810414934e-05 3.119218600831587148e-06
7.244011099999999814e+00 2.163786973355255535e-05 3.065850080484480313e-06
7.280231099999999955e+00 2.142357344980275080e-05 3.013504619797112589e-06
7.316632300000000200e+00 2.121126965423671514e-05 2.961981657834729827e-06
7.353215500000000127e+00 2.100099299592744716e-05 2.911460320020499516e-06
7.389981500000000203e+00 2.079267484739975711e-05 2.861835697140105249e-06
7.426931399999999961e+00 2.058632234906625176e-05 2.813004727713740770e-06
7.464066100000000148e+00 2.038191811369285643e-05 2.765051430253678532e-06
7.501386400000000343e+00 2.017944545407233514e-05 2.717966024524088992e-06
7.538893400000000078e+00 1.997891057044124007e-05 2.671738709125115550e-06
7.576587800000000428e+00 1.978027278901521655e-05 2.626359915142190498e-06
7.614470800000000317e+00 1.958353766558433874e-05 2.581729283118167678e-06
7.652543099999999932e+00 1.938866532244448452e-05 2.537929019981318378e-06
7.690805799999999692e+00 1.919566172097023296e-05 2.494859869962228199e-06
7.729259899999999739e+00 1.900453259254460700e-05 2.452513840767997615e-06
7.767906199999999650e+00 1.881521509894061760e-05 2.410971985114869311e-06
7.806745699999999566e+00 1.862773823974170343e-05 2.370136657117254205e-06
7.845779399999999626e+00 1.844203945043529315e-05 2.330000083755893594e-06
7.885008299999999970e+00 1.825816944013641132e-05 2.290642152387429218e-06
7.924433399999999850e+00 1.807606623775779618e-05 2.251966769798909876e-06
7.964055499999999732e+00 1.789571435915487884e-05 2.213879715161260562e-06
8.003875799999999430e+00 1.771713987135761610e-05 2.176547314672106392e-06
8.043895199999999690e+00 1.754828242037387648e-05 2.139703302680066173e-06
8.084114700000000653e+00 1.737309043396325018e-05 2.103513752699596036e-06
8.124535200000000401e+00 1.719960588614931921e-05 2.067886382848539900e-06
8.165157900000000524e+00 1.702777022037874974e-05 2.032899760807036080e-06
8.205983700000000880e+00 1.685761018784547692e-05 1.998462574313148911e-06
8.247013600000000721e+00 1.668910992363354900e-05 1.964736459255083359e-06
8.288248700000000468e+00 1.652225332770920456e-05 1.931546434304671123e-06
8.329689899999999980e+00 1.635702527031221277e-05 1.898886785634379995e-06
8.371338400000000846e+00 1.619340959554328271e-05 1.866916783339650545e-06
8.413195099999999371e+00 1.603139149303999171e-05 1.835382080371811295e-06
8.455261000000000138e+00 1.587097526486038157e-05 1.804441692580929368e-06
8.497537299999999405e+00 1.571214468985958565e-05 1.774088828359775348e-06
8.540024999999999977e+00 1.555488447962808177e-05 1.744235930006233170e-06
9.030794000000000210e+00 1.395070007662439115e-05 1.437836516881820091e-06
9.653919000000000139e+00 1.217121116226733300e-05 1.129192323945064859e-06
1.032004000000000055e+01 1.060480882279954882e-05 8.883981484392982786e-07
1.103212000000000081e+01 9.228266645452166768e-06 7.001525531459659346e-07
1.179334000000000060e+01 8.016481286536427991e-06 5.529036715971375913e-07
1.260707999999999984e+01 6.941765677861042955e-06 4.367077843704245073e-07
1.347696999999999967e+01 5.958280216348727279e-06 3.447848835629396046e-07
1.392923000000000044e+01 5.448660061618467767e-06 3.070141086845244024e-07
1.414242999999999917e+01 5.103674350209455436e-06 2.910609913883576268e-07
1.419928999999999952e+01 4.851049907212732853e-06 2.869868254849488894e-07
1.428457000000000043e+01 5.001783027439229425e-06 6.903750975190153827e-07
1.440687999999999924e+01 5.048469483109293058e-06 6.694613313046064131e-07
1.449776999999999916e+01 5.034901713514970231e-06 6.544028592838524186e-07
1.540094999999999992e+01 4.605703633834087483e-06 5.249919002733411334e-07
1.646361999999999881e+01 4.015280767419348776e-06 4.106291196577411464e-07
1.670078000000000173e+01 3.843195132522629096e-06 3.895507393190413370e-07
1.676792000000000016e+01 3.736452163767712059e-06 3.838350359561124905e-07
1.686861999999999995e+01 3.768293722606207377e-06 5.241875310716534563e-07
1.712039000000000044e+01 3.721427760214425086e-06 4.968331005854537725e-07
1.714313999999999893e+01 3.714020021730819634e-06 4.944414347473379498e-07
1.740553999999999846e+01 3.605526474806484779e-06 4.680205678096078256e-07
1.747550999999999988e+01 3.547705051584396554e-06 4.612460985725961893e-07
1.758046999999999827e+01 3.549727466002848971e-06 5.207586705130177389e-07
1.759960999999999842e+01 3.548006822829599452e-06 5.188188619035884178e-07
1.784286000000000172e+01 3.495213961926076094e-06 4.945212186583133531e-07
1.881398000000000081e+01 3.211775087141471704e-06 4.105913596705224305e-07
2.011214999999999975e+01 2.849931534727779029e-06 3.241045829883540899e-07
2.149988000000000099e+01 2.515215643070564373e-06 2.558835727349471679e-07
2.298338000000000036e+01 2.213460174929402049e-06 2.020333607826577837e-07
2.456923000000000101e+01 1.944376056740791654e-06 1.595531330049453543e-07
2.626450000000000173e+01 1.706117447750282869e-06 1.261090985915426038e-07
2.807676000000000016e+01 1.495816123775986234e-06 9.915137832608476879e-08
3.001405000000000101e+01 1.311063680680326484e-06 7.773015596810185620e-08
3.208502000000000010e+01 1.147607903976555727e-06 6.098804932405333431e-08
3.429889000000000010e+01 1.004559989544216660e-06 4.788354335641976827e-08
3.666550999999999760e+01 8.789848391479336994e-07 3.750882495274146666e-08
3.919543000000000177e+01 7.686431566600152652e-07 2.938928841956524870e-08
4.189992000000000161e+01 6.720295316369440626e-07 2.305503982245130617e-08
4.479100999999999999e+01 5.874897768566889738e-07 1.810838346660274216e-08
4.788159000000000276e+01 5.135414488279620432e-07 1.424139931905646767e-08
5.118542000000000058e+01 4.488741857826412471e-07 1.121429451675186814e-08
5.471721000000000146e+01 3.923297659711559521e-07 8.842264233069619329e-09
5.849269999999999925e+01 3.428890393533614230e-07 6.981810396130391222e-09
6.252870000000000061e+01 2.996584493513217477e-07 5.517869771458391903e-09
6.684318000000000382e+01 2.618459393585437176e-07 4.360854406246767946e-09
7.145535999999999888e+01 2.287617795170959454e-07 3.452576358211552799e-09
7.638577999999999690e+01 1.997953602297099146e-07 2.734791895481280654e-09
8.165640000000000498e+01 1.743885691232401297e-07 2.159648740806008774e-09
8.729068999999999789e+01 1.519816798365800487e-07 1.700685537810904179e-09
9.331373999999999569e+01 1.316238775165066276e-07 1.342524562400844246e-09
9.381529999999999347e+01 1.299586017746682899e-07 1.317384431113164599e-09
9.525124999999999886e+01 1.245126938548439106e-07 1.248871712310376473e-09
9.563416999999999746e+01 1.216701596767940665e-07 1.231449839705776440e-09
9.620855000000000246e+01 1.221238560081188862e-07 4.797685577312230829e-09
9.764449000000000467e+01 1.201727741180560385e-07 4.556671274301013084e-09
9.975239000000000544e+01 1.159982347741333537e-07 4.230035024164462869e-09
1.066353000000000009e+02 1.025034116820956577e-07 3.351042415171375015e-09
1.139930999999999983e+02 9.011525496363181504e-08 2.652659136734719539e-09
1.218586999999999989e+02 7.907853957607910968e-08 2.099273061810120072e-09
1.302668999999999926e+02 6.932641369062985954e-08 1.662156129184277807e-09
1.392553000000000054e+02 6.074130600388176607e-08 1.316166862074397427e-09
1.488640000000000043e+02 5.319714400616525114e-08 1.042294787225715803e-09
1.591356000000000108e+02 4.657661953853842770e-08 8.263310913182251907e-10
1.701159000000000106e+02 4.077172269577600421e-08 6.560305580660471480e-10
1.818539000000000101e+02 3.568503694142237126e-08 5.216655511285879054e-10
1.944018000000000086e+02 3.122964042623364294e-08 4.155196566132592325e-10
2.078155999999999892e+02 2.732837464906469306e-08 3.316505949868873787e-10
2.221547999999999945e+02 2.391312222969643220e-08 2.652931198810386199e-10
2.374834999999999923e+02 2.092382501581016420e-08 2.127303467979478990e-10
2.538699000000000012e+02 1.830769141317128800e-08 1.710411309146743537e-10
2.713869000000000256e+02 1.601834438495109203e-08 1.379268684816837727e-10
2.901125999999999863e+02 1.401512545545559815e-08 1.115791009798100548e-10
3.101304000000000087e+02 1.226233598116227722e-08 9.057444575377146499e-11
3.315294000000000096e+02 1.072873411184919114e-08 7.379552846037447521e-11
3.544048999999999978e+02 9.386946193749890462e-09 6.036039481163347519e-11
3.788587999999999738e+02 8.212988233607337507e-09 4.957539456521744529e-11
4.050000999999999749e+02 7.185879376241914715e-09 4.089295964171167739e-11
4.329451000000000249e+02 6.287258122100655317e-09 3.388096190512342075e-11
