1.000121100000000096e+00 2.167249487858386500e-03 8.478780163652657395e-04
1.005121699999999896e+00 2.149402887986511489e-03 8.353049676642403326e-04
1.010147300000000081e+00 2.130672445326201384e-03 8.229114427691133207e-04
1.015198000000000045e+00 2.111975874577979792e-03 8.107143682822677772e-04
1.020273999999999903e+00 2.093366099976061000e-03 7.986742430061520700e-04
1.025375399999999937e+00 2.074851826453549646e-03 7.868266921853155939e-04
1.030502299999999982e+00 2.056445246277699684e-03 7.751511782774775979e-04
1.035654800000000098e+00 2.038146685679166018e-03 7.636459350221964665e-04
1.040833099999999956e+00 2.019959814239634041e-03 7.523091380942060428e-04
1.046037200000000000e+00 2.001888916223575586e-03 7.411573287063927176e-04
1.051267399999999963e+00 1.983933272624588927e-03 7.301521454545707767e-04
1.056523799999999902e+00 1.966566720903806156e-03 7.193101816016842344e-04
1.061806400000000039e+00 1.948840988674249534e-03 7.086477493415501479e-04
1.067115400000000047e+00 1.931234141510495585e-03 6.981271481104532562e-04
1.072451000000000043e+00 1.913749249316385641e-03 6.877646758948962550e-04
1.077813200000000027e+00 1.896379444246227165e-03 6.775587515171352859e-04
1.083202299999999951e+00 1.879134398808567303e-03 6.675076170945526671e-04
1.088618300000000039e+00 1.862007257188070912e-03 6.576097189061663392e-04
1.094061399999999962e+00 1.844997528951366128e-03 6.478285830387931670e-04
1.099531700000000001e+00 1.828101695923155853e-03 6.381804589518497422e-04
1.105029400000000050e+00 1.811322694557049870e-03 6.286812021181483563e-04
1.110554500000000111e+00 1.794660679458281744e-03 6.193293047831551542e-04
1.116107299999999913e+00 1.778114817043997256e-03 6.101231032722680830e-04
1.121687799999999902e+00 1.761688472217227963e-03 6.010441396181715303e-04
1.127296300000000029e+00 1.745380719715847618e-03 5.920910359059161458e-04
1.132932800000000073e+00 1.729188404601114540e-03 5.832962022747620106e-04
1.138597400000000093e+00 1.713114444029444029e-03 5.746077142022970033e-04
1.144290400000000041e+00 1.697157917623973037e-03 5.660744068225545544e-04
1.150011899999999976e+00 1.681318513029001448e-03 5.576448848228169469e-04
1.155761899999999898e+00 1.665596195107969368e-03 5.493511819684601628e-04
1.161540699999999982e+00 1.649993064508043211e-03 5.411917519282596770e-04
1.167348400000000064e+00 1.634505713915279180e-03 5.331488466144132304e-04
1.173185200000000039e+00 1.619133525557536540e-03 5.252212403495405951e-04
1.179051099999999908e+00 1.603882284223891218e-03 5.174239580976486719e-04
1.184946400000000066e+00 1.588745122562830892e-03 5.097394398408136660e-04
1.190871100000000071e+00 1.573724826630048135e-03 5.021665800368574828e-04
1.196825400000000039e+00 1.558820682234191707e-03 4.947041958538078883e-04
1.202809599999999923e+00 1.544034537656792253e-03 4.873510759936011856e-04
1.208823600000000109e+00 1.529360811424228164e-03 4.801219356385608432e-04
1.214867700000000106e+00 1.514804135457016934e-03 4.729996745637846480e-04
1.220942100000000030e+00 1.500361001350261235e-03 4.659831559226873055e-04
1.227046800000000104e+00 1.486033905573211356e-03 4.590713290919568338e-04
1.233182000000000000e+00 1.471819387903055675e-03 4.522630754175227617e-04
1.239347900000000058e+00 1.457719399749845754e-03 4.455572874762365175e-04
1.245544699999999949e+00 1.443733171510885134e-03 4.389528689059076145e-04
1.251772399999999896e+00 1.429860398265378387e-03 4.324488033336299137e-04
1.258031200000000016e+00 1.416100305773996832e-03 4.260440119409780345e-04
1.264321400000000040e+00 1.402451905789600314e-03 4.197373934524243374e-04
1.270642999999999967e+00 1.388917406177331065e-03 4.135279574260091471e-04
1.276996199999999915e+00 1.375493476082654621e-03 4.073997432402327260e-04
1.283381200000000000e+00 1.362181832502213502e-03 4.013816096113675415e-04
1.289798100000000058e+00 1.348976974435374615e-03 3.954280454095599243e-04
1.296247099999999985e+00 1.335883069781029862e-03 3.895678514299466804e-04
1.302728300000000061e+00 1.322894714330732826e-03 3.838000447529802436e-04
1.309242000000000017e+00 1.310015783669278436e-03 3.781235922548989437e-04
1.315788200000000074e+00 1.297243524317624698e-03 3.725230858633346012e-04
1.322367099999999907e+00 1.284579525092988941e-03 3.670121550970802549e-04
1.328978999999999910e+00 1.272022794364959701e-03 3.615897948370363547e-04
1.335623900000000086e+00 1.259572925504664912e-03 3.562408345721745158e-04
1.342302000000000106e+00 1.247220093974513340e-03 3.507801069265910885e-04
1.349013500000000088e+00 1.234957076991472944e-03 3.453931257697357088e-04
1.355758599999999925e+00 1.222785773310080789e-03 3.401072344770560184e-04
1.362537399999999899e+00 1.210705978359528879e-03 3.348933473414811052e-04
1.369350000000000067e+00 1.198717476444970250e-03 3.297646617897334966e-04
1.376196799999999998e+00 1.186819523617073293e-03 3.247063592831668207e-04
1.383077799999999913e+00 1.175012075842673306e-03 3.197453055494323495e-04
1.389993199999999929e+00 1.163296838949562243e-03 3.148529784460015347e-04
1.396943100000000104e+00 1.151673515014609277e-03 3.100423277641589236e-04
1.403927799999999948e+00 1.140141472273701597e-03 3.052988665243551621e-04
1.410947500000000021e+00 1.128700249669066296e-03 3.005949133940015493e-04
1.418002200000000101e+00 1.117341609145111950e-03 2.958899435780809844e-04
1.425092199999999920e+00 1.106065162627673524e-03 2.912644294141432497e-04
1.432217700000000038e+00 1.094872663777181863e-03 2.867174928768419597e-04
1.439378800000000069e+00 1.083760043430350914e-03 2.822350544593873957e-04
1.446575699999999909e+00 1.072731004583023142e-03 2.778296123541118610e-04
1.453808599999999895e+00 1.061783316626453309e-03 2.735003109050309212e-04
1.461077600000000087e+00 1.050918778113778783e-03 2.692332880378819730e-04
1.468382999999999994e+00 1.040136929462127805e-03 2.650408474593662694e-04
1.475724899999999895e+00 1.029435728407485789e-03 2.609092705618205389e-04
1.483103499999999908e+00 1.018814908022916670e-03 2.568507631876292322e-04
1.490518999999999927e+00 1.008276029176970743e-03 2.528517305845362365e-04
1.497971600000000070e+00 9.978187637409924662e-04 2.489242636745317839e-04
1.505461500000000008e+00 9.874409864032744014e-04 2.450549087818903191e-04
1.512988800000000023e+00 9.771425472687147919e-04 2.412430731043713325e-04
1.520553700000000008e+00 9.669249176213511651e-04 2.375006755566621511e-04
1.528156499999999918e+00 9.567858865254881464e-04 2.338144544498085625e-04
1.535797300000000032e+00 9.467235645778678639e-04 2.301962322182849417e-04
1.543476300000000023e+00 9.367411216965784281e-04 2.266205626308491320e-04
1.551193700000000009e+00 9.268331347676455646e-04 2.231116006170518742e-04
1.558949600000000046e+00 9.170045413787042540e-04 2.196075273563898392e-04
1.566744399999999926e+00 9.072497763201433155e-04 2.161206272903220464e-04
1.574578100000000092e+00 8.975655814879356185e-04 2.126871841031734124e-04
1.582451000000000052e+00 8.879533470229529360e-04 2.093066174263915127e-04
1.590363299999999924e+00 8.784096843262156201e-04 2.059903394556677288e-04
1.598315099999999989e+00 8.689362132192922144e-04 2.027257141612569952e-04
1.606306599999999918e+00 8.595312157985217057e-04 1.995240449973531972e-04
1.614338199999999945e+00 8.501959420718996439e-04 1.963609933943519096e-04
1.622409900000000071e+00 8.409273645586934484e-04 1.932596941582357894e-04
1.630521899999999969e+00 8.317269457572250019e-04 1.901493646677167304e-04
1.638674500000000034e+00 8.227080897779074503e-04 1.870884362671552362e-04
1.646867899999999940e+00 8.136332957643305826e-04 1.840763793231299582e-04
1.655102199999999968e+00 8.046220193729575112e-04 1.811126798457944164e-04
1.663377700000000070e+00 7.956712139232932158e-04 1.782082539787525378e-04
1.671694599999999920e+00 7.867824082306533592e-04 1.753510243397784791e-04
1.680053100000000077e+00 7.779527389465490730e-04 1.725404806954726011e-04
1.688453399999999993e+00 7.691823017212474694e-04 1.697761173320633721e-04
1.696895599999999948e+00 7.604698580504599481e-04 1.670686645581869433e-04
1.705380099999999954e+00 7.518153432152111047e-04 1.643951064504536907e-04
1.713907000000000069e+00 7.432175680138179566e-04 1.617773487870968535e-04
1.722476600000000024e+00 7.346738394531342068e-04 1.591926183671164125e-04
1.731088900000000042e+00 7.261858916317445256e-04 1.566626160510122716e-04
1.739744399999999969e+00 7.177495914221589156e-04 1.541647804151173053e-04
1.748443100000000028e+00 7.093653681319630599e-04 1.517097097546672366e-04
1.757185299999999950e+00 7.010320688153502070e-04 1.493077612253020841e-04
1.765971200000000074e+00 6.927486625798528292e-04 1.469367412284247935e-04
1.774801099999999909e+00 6.845114954799520497e-04 1.446070702610284878e-04
1.783675099999999958e+00 6.763210451937532721e-04 1.423182986679637620e-04
1.792593499999999951e+00 6.681750858641401442e-04 1.400593418990694081e-04
1.801556500000000005e+00 6.600715536472404965e-04 1.378510484434035367e-04
1.810564199999999957e+00 6.520097790951781807e-04 1.356717872032857613e-04
1.819617100000000098e+00 6.439863772705275730e-04 1.335317158049931794e-04
1.828715099999999927e+00 6.359997385127760458e-04 1.314304181047579623e-04
1.837858699999999956e+00 6.280479034601068157e-04 1.293570767745324797e-04
1.847048000000000023e+00 6.201292688680466129e-04 1.273217327494251922e-04
1.856283300000000080e+00 6.122398045217558463e-04 1.253239517974643225e-04
1.865564699999999965e+00 6.043781151233969598e-04 1.233531101037104469e-04
1.874892500000000073e+00 5.965392673012011272e-04 1.214190898855869267e-04
1.884266999999999914e+00 5.887231173540987501e-04 1.195113623359693352e-04
1.893688299999999991e+00 5.809239911965403264e-04 1.176397274417689614e-04
1.903156700000000034e+00 5.731385752768321934e-04 1.158037690087124243e-04
1.912672499999999998e+00 5.653625923036584029e-04 1.139931192242685779e-04
1.922235899999999997e+00 5.575931125111965392e-04 1.122075244966323695e-04
1.931847099999999928e+00 5.498251614866112892e-04 1.104565901986716335e-04
1.941506299999999907e+00 5.420518247071292933e-04 1.087399197058428591e-04
1.951213800000000109e+00 5.342664312381017978e-04 1.070473553140940856e-04
1.960969900000000044e+00 5.264647208824394962e-04 1.053786479675793115e-04
1.970774699999999990e+00 5.186375047602587249e-04 1.037432237675034680e-04
1.980628599999999961e+00 5.107779105992298280e-04 1.021310742864813871e-04
1.990531800000000073e+00 5.028753773915302025e-04 1.005419630655509576e-04
2.000484399999999940e+00 4.949188406691665569e-04 9.898517921851298382e-05
2.010486799999999796e+00 4.868955654895211417e-04 9.745086665182484586e-05
2.020539299999999816e+00 4.787924352234790206e-04 9.594821508882721186e-05
2.030641999999999836e+00 4.705920812625231692e-04 9.445810618100220542e-05
2.040795199999999809e+00 4.622738977311673146e-04 9.300284363568118561e-05
2.050999200000000133e+00 4.538152816595027324e-04 9.156714919572788781e-05
2.061254200000000036e+00 4.451870094758158484e-04 9.015544869914749186e-05
2.071560400000000080e+00 4.363544920951734920e-04 8.876564307723970148e-05
2.081918200000000052e+00 4.272732965251332645e-04 8.739932219397447048e-05
2.092327800000000071e+00 4.178907662249214277e-04 8.605532004621388442e-05
2.102789500000000089e+00 4.081343915839372519e-04 8.473339241099394768e-05
2.113303399999999943e+00 3.979120555190390133e-04 8.343240422075823488e-05
2.123869899999999866e+00 3.870966573244689663e-04 8.215212495673370353e-05
2.134489299999999812e+00 3.755066666679576608e-04 8.089322246156219187e-05
2.145161700000000060e+00 3.628762749413234922e-04 7.965458101124061783e-05
2.155887499999999957e+00 3.487781891864691710e-04 7.843685976486851753e-05
2.166666999999999899e+00 3.324752025571056278e-04 7.723806964825939030e-05
2.177500300000000166e+00 3.124967383959311481e-04 7.605801470962702626e-05
2.188387800000000105e+00 2.851493286863152564e-04 7.488778864726323395e-05
2.199329699999999832e+00 2.345906901991373606e-04 7.373078855016300631e-05
2.205113199999999996e+00 1.231363734657661604e-04 7.312895499709752393e-05
2.206286599999999876e+00 1.204706051576665080e-04 2.169959655247971771e-04
2.210326400000000024e+00 2.137822262641477791e-04 2.156430937678963425e-04
2.221378000000000075e+00 2.643381918540657041e-04 2.119728750084663683e-04
2.232484900000000216e+00 2.821492772458197114e-04 2.083764819247630612e-04
2.243647300000000122e+00 2.900430158716956960e-04 2.048360915916221331e-04
2.254865600000000025e+00 2.920577451261455442e-04 2.013510980123935340e-04
2.266139900000000207e+00 2.887232329935526809e-04 1.979377333599538990e-04
2.277470600000000012e+00 2.773452767519953661e-04 1.945784293738282602e-04
2.288857900000000001e+00 2.313704978795908288e-04 1.912809342662588911e-04
2.290458500000000175e+00 1.968196004859483332e-04 1.908230327929070743e-04
2.291741500000000098e+00 1.959594829400109514e-04 2.788994935113858244e-04
2.300302199999999964e+00 2.740804879324760038e-04 2.753201876716912977e-04
2.311803700000000017e+00 2.997504936114574214e-04 2.705980260885465657e-04
2.323362799999999950e+00 3.141693648427369072e-04 2.659570053831849883e-04
2.334979600000000044e+00 3.240738477789932462e-04 2.613962527780048020e-04
2.346654500000000088e+00 3.314111217610718084e-04 2.569148688327901235e-04
2.358387800000000034e+00 3.370443291079268855e-04 2.525119739160659261e-04
2.370179700000000000e+00 3.414395941263782168e-04 2.481867068879454888e-04
2.382030600000000220e+00 3.448855690248345371e-04 2.439381931439708363e-04
2.393940699999999921e+00 3.475721865058640689e-04 2.397576326308994098e-04
2.405910399999999782e+00 3.496359371275812060e-04 2.356522002929814865e-04
2.417940000000000200e+00 3.511756483811211572e-04 2.316210552406905182e-04
2.430029699999999959e+00 3.522686957209062689e-04 2.276555374449550778e-04
2.442179799999999901e+00 3.529746473092420004e-04 2.237627346998079258e-04
2.454390699999999814e+00 3.533408026472446232e-04 2.199340602959734537e-04
2.466662700000000097e+00 3.534068153333233824e-04 2.161688186803336839e-04
2.478995999999999977e+00 3.532037064966078656e-04 2.124740104235374254e-04
2.491391000000000133e+00 3.527581054420272878e-04 2.088411855694639581e-04
2.503847899999999793e+00 3.520925513747710659e-04 2.052772808740404903e-04
2.516367199999999915e+00 3.512261764994700970e-04 2.017663611533325062e-04
2.528948999999999891e+00 3.501731398425365406e-04 1.983229508261824265e-04
2.541593799999999792e+00 3.489464174271346224e-04 1.949312786435762515e-04
2.554301699999999897e+00 3.475568188287340423e-04 1.916057294829924507e-04
2.567073199999999833e+00 3.460116339320093892e-04 1.883381120884395482e-04
2.579908599999999996e+00 3.443167921529091333e-04 1.851204053398830399e-04
2.592808199999999896e+00 3.424738459618016260e-04 1.819594290368221933e-04
2.605772200000000094e+00 3.404838047510015545e-04 1.788472529311928262e-04
2.618801100000000215e+00 3.383417194940328528e-04 1.757906196106570488e-04
2.631895099999999932e+00 3.360394819243444514e-04 1.727889171908064854e-04
2.645054500000000086e+00 3.335623972887542246e-04 1.698415322567560601e-04
2.658279799999999859e+00 3.308831633284128296e-04 1.669406809752705550e-04
2.671571199999999813e+00 3.279597857767735727e-04 1.640930023119366961e-04
2.684929100000000179e+00 3.247153335831715537e-04 1.612908006843609312e-04
2.698353700000000188e+00 3.210096411207578036e-04 1.585406530480037860e-04
2.711845499999999909e+00 3.165373012105094784e-04 1.558349387321636295e-04
2.725404699999999902e+00 3.104330450960502536e-04 1.531801736255203675e-04
2.739031699999999958e+00 2.972994866269547160e-04 1.505688229553402255e-04
2.740435300000000129e+00 2.937756886287354948e-04 1.503040935435724949e-04
2.745564700000000080e+00 2.928117825905497901e-04 1.734724459889942793e-04
2.752726899999999866e+00 3.022106283711761322e-04 1.719765495662789673e-04
2.766490500000000186e+00 3.072145354683165951e-04 1.691592612076625666e-04
2.780323000000000100e+00 3.089011742838207626e-04 1.663862904540568317e-04
2.794224600000000169e+00 3.093934083681738954e-04 1.636639873406352025e-04
2.808195700000000183e+00 3.092511532319156247e-04 1.609849965395317509e-04
2.822236699999999932e+00 3.087094027774156427e-04 1.583488502898088544e-04
2.836347899999999811e+00 3.078890307330637644e-04 1.557550907252667517e-04
2.850529600000000219e+00 3.068622874611200970e-04 1.532099440420667854e-04
2.864782299999999893e+00 3.056768657275702578e-04 1.507062029383279703e-04
2.879106199999999838e+00 3.043586288362853053e-04 1.482103580423830603e-04
2.893501699999999843e+00 3.029242062703848756e-04 1.457487800735419092e-04
2.907969200000000143e+00 3.013920532099932052e-04 1.433342187044188670e-04
2.922509100000000082e+00 2.997761529059007478e-04 1.409596191983278281e-04
2.937121600000000221e+00 2.980867338005218433e-04 1.386180710006495260e-04
2.951807200000000186e+00 2.963331439315630895e-04 1.363221349091344283e-04
2.966566199999999931e+00 2.945221358954997924e-04 1.340584519258418243e-04
2.981399099999999969e+00 2.926597391837024924e-04 1.318330750919055226e-04
2.996306099999999972e+00 2.907445903927621377e-04 1.296328811678259022e-04
3.011287600000000175e+00 2.888422234982846956e-04 1.273754353934395561e-04
3.026343999999999923e+00 2.868588097451445500e-04 1.251372433821137432e-04
3.041475800000000174e+00 2.847882213553180387e-04 1.229369467235192444e-04
3.056683099999999875e+00 2.826316674792809245e-04 1.207679118553396398e-04
3.071966600000000103e+00 2.803781855279861672e-04 1.186422047058255396e-04
3.087326399999999804e+00 2.780029018825833846e-04 1.165531676149146714e-04
3.102762999999999938e+00 2.754531870150963820e-04 1.145003916554319543e-04
3.118276799999999849e+00 2.726003602142408264e-04 1.124834755545609270e-04
3.133868200000000215e+00 2.689970345963117499e-04 1.105020217042521042e-04
3.143172700000000042e+00 2.653722142902687365e-04 1.093449337428464320e-04
3.149537599999999937e+00 2.622936135312177236e-04 1.156959427934879826e-04
3.152427199999999985e+00 2.641827888638228561e-04 1.153180728869632117e-04
3.165285299999999857e+00 2.656501380723017263e-04 1.136644918620168562e-04
3.181111700000000209e+00 2.651561690467110440e-04 1.116683499697364610e-04
3.197017199999999892e+00 2.640468141874925852e-04 1.097071264278386555e-04
3.213002299999999867e+00 2.626598603010800426e-04 1.077804307375271770e-04
3.229067300000000085e+00 2.611090014882575254e-04 1.058819856936757679e-04
3.245212700000000172e+00 2.594456086725052137e-04 1.040232314145345111e-04
3.261438699999999802e+00 2.576977433139224943e-04 1.021978710986645527e-04
3.277745900000000212e+00 2.558813793080209312e-04 1.004055250879713930e-04
3.294134699999999860e+00 2.540044436450189448e-04 9.864004305460082305e-05
3.310605300000000195e+00 2.520701700196069719e-04 9.691840623246839568e-05
3.327158400000000071e+00 2.500886113607753538e-04 9.523434720059939680e-05
3.343794100000000213e+00 2.480560876809938925e-04 9.358742973568205410e-05
3.360513099999999920e+00 2.459578426736836430e-04 9.196587170490281822e-05
3.377315700000000032e+00 2.437658901623193251e-04 9.037504667049395452e-05
3.394202299999999894e+00 2.414057138944293134e-04 8.880899512244699065e-05
3.411173300000000186e+00 2.386061865408910362e-04 8.727861912299331084e-05
3.417742000000000058e+00 2.371201177659241349e-04 8.669300996234771065e-05
3.428229099999999807e+00 2.350668978893674600e-04 8.952721587536261469e-05
3.432058099999999889e+00 2.355770785327592593e-04 8.918875774170774570e-05
3.445370299999999997e+00 2.354106471942242896e-04 8.800959608510174666e-05
3.462597099999999983e+00 2.342928845119994095e-04 8.651586242386426423e-05
3.479910100000000117e+00 2.328888960354935211e-04 8.504575572360233214e-05
3.497309700000000188e+00 2.313573144931784485e-04 8.360446901081179021e-05
3.514796200000000148e+00 2.297538433722683105e-04 8.219167379416359755e-05
3.532370199999999905e+00 2.281052796093349655e-04 8.080164675758786199e-05
3.550032100000000135e+00 2.264270988198973798e-04 7.943414360029415718e-05
3.567782199999999904e+00 2.247287725717700608e-04 7.809426154853773910e-05
3.585621100000000006e+00 2.230136852427431506e-04 7.676574441537644257e-05
3.603549199999999786e+00 2.212863812810184311e-04 7.545908175653717905e-05
3.621567000000000203e+00 2.195502966264480918e-04 7.417403531829925461e-05
3.639674799999999877e+00 2.178081526430141672e-04 7.291560487574595597e-05
3.657873200000000047e+00 2.160622329974577998e-04 7.167827051139770628e-05
3.676162600000000058e+00 2.143150637414846082e-04 7.046180274086190300e-05
3.694543400000000144e+00 2.125675875265797550e-04 6.927112816198495264e-05
3.713016099999999931e+00 2.108212940217813207e-04 6.809568555629942339e-05
3.731581199999999932e+00 2.090776189897913936e-04 6.694553247804932775e-05
3.750239099999999937e+00 2.073373781074040127e-04 6.581021622857572968e-05
3.768990300000000016e+00 2.056013471371142187e-04 6.469969633484591609e-05
3.787835199999999958e+00 2.038702848534127874e-04 6.360865272693495278e-05
3.806774400000000114e+00 2.021449011029281904e-04 6.253186472019993283e-05
3.825808299999999829e+00 2.004256228450458090e-04 6.147914832453056720e-05
3.844937299999999780e+00 1.987131368281267840e-04 6.044031254436834017e-05
3.864161999999999875e+00 1.970080834352271059e-04 5.942507443332319426e-05
3.883482799999999902e+00 1.953105594176873566e-04 5.842334588738698931e-05
3.902900199999999931e+00 1.936211823851793012e-04 5.743987186179574158e-05
3.922414700000000032e+00 1.919402815613204102e-04 5.647444671982173274e-05
3.942026799999999831e+00 1.902681732685263731e-04 5.552203619006192814e-05
3.961736900000000006e+00 1.886051707460286179e-04 5.459212485153469796e-05
3.981545600000000018e+00 1.869515556161192816e-04 5.367487398573307059e-05
4.001453299999999658e+00 1.853073624461182094e-04 5.277491688550449146e-05
4.021460600000000163e+00 1.836733600274088744e-04 5.188732033375762729e-05
4.041567900000000435e+00 1.820495569122500040e-04 5.102138443676333912e-05
4.061775700000000100e+00 1.804364442776002690e-04 5.016278095921924122e-05
4.082084599999999952e+00 1.788339955444593027e-04 4.932545153383547439e-05
4.102495000000000225e+00 1.772424427850244745e-04 4.849521265572605901e-05
4.123007499999999936e+00 1.756600756023072197e-04 4.767663188741943923e-05
4.143622599999999601e+00 1.740871538441469643e-04 4.687418645574667453e-05
4.164340700000000339e+00 1.725241691739417724e-04 4.608311897139010486e-05
4.185162400000000282e+00 1.709713440797709010e-04 4.530695228729044198e-05
4.206088199999999944e+00 1.694286692102860679e-04 4.454370626396130580e-05
4.227118599999999837e+00 1.678963618585917899e-04 4.379369069749671379e-05
4.248254199999999869e+00 1.663748468475706140e-04 4.305675842046520610e-05
4.269495499999999666e+00 1.648638688773006037e-04 4.233231864516777453e-05
4.290842999999999741e+00 1.633636228413882206e-04 4.162023453106648114e-05
4.312297199999999719e+00 1.618742941516684386e-04 4.092037044797183949e-05
4.333858700000000397e+00 1.603960515662825894e-04 4.023259103703825750e-05
4.355527999999999622e+00 1.589288480861640335e-04 3.955632592459118138e-05
4.377305599999999686e+00 1.574726364136492369e-04 3.889188464882302514e-05
4.399192099999999606e+00 1.560277822853619386e-04 3.823870261601559607e-05
4.421188100000000176e+00 1.549994352853782556e-04 3.758933387979834973e-05
4.443293999999999855e+00 1.535732932168050317e-04 3.694248082008787991e-05
4.465510499999999716e+00 1.521567186110806599e-04 3.630582379501507865e-05
4.487838100000000274e+00 1.507494981235146477e-04 3.568010308375018513e-05
4.510277199999999986e+00 1.493518320092602212e-04 3.506562159160978519e-05
4.532828600000000208e+00 1.479640829821209525e-04 3.446183157562209741e-05
4.555492799999999676e+00 1.465864214612348716e-04 3.386861519106654732e-05
4.578270200000000401e+00 1.452186275211235966e-04 3.328585634635532176e-05
4.601161600000000185e+00 1.441169973780345324e-04 3.270557384975498609e-05
4.624167400000000150e+00 1.427668519627723113e-04 3.213394797567579422e-05
4.647288200000000202e+00 1.414261100781756574e-04 3.157252728375851427e-05
4.670524699999999640e+00 1.400947423174308626e-04 3.102119703727845417e-05
4.693877299999999586e+00 1.387731060953062813e-04 3.048025123201548664e-05
4.717346700000000226e+00 1.374613426393968263e-04 2.994876382303403298e-05
4.740933400000000297e+00 1.361592354376310696e-04 2.942663052098966673e-05
4.764638099999999987e+00 1.348671009060069877e-04 2.891414637594058864e-05
4.788461299999999810e+00 1.335848975686201911e-04 2.841080534168324446e-05
4.812403599999999670e+00 1.323127536938504569e-04 2.791650533478101049e-05
4.836465600000000364e+00 1.310506165702663740e-04 2.743114519989369937e-05
4.860647900000000021e+00 1.297984335026498533e-04 2.695462470066975027e-05
4.884951199999999716e+00 1.285564875120400624e-04 2.648645415810171039e-05
4.909375899999999682e+00 1.273245575936100674e-04 2.602654206172868865e-05
4.933922800000000386e+00 1.261027428334212188e-04 2.557518150797701893e-05
4.958592399999999678e+00 1.248911515078415856e-04 2.513189231132673327e-05
4.983385400000000409e+00 1.236893838650394875e-04 2.469620176708787218e-05
5.008302300000000429e+00 1.224978744766324669e-04 2.426878722833733965e-05
5.033343799999999924e+00 1.213163864583437083e-04 2.384879739766734849e-05
5.058510499999999688e+00 1.201448537092599894e-04 2.343615026535923141e-05
5.083803099999999908e+00 1.189833631398588907e-04 2.303113866326720563e-05
5.109222100000000211e+00 1.178320051920789371e-04 2.263330422092587420e-05
5.134768199999999894e+00 1.166903922356447436e-04 2.224256669718561210e-05
5.160442100000000032e+00 1.155587606794721776e-04 2.185884660102620783e-05
5.186244300000000251e+00 1.144370416570754693e-04 2.148206601151574075e-05
5.212175499999999850e+00 1.133251577839163341e-04 2.111178151983155471e-05
5.238236399999999904e+00 1.122230323676988797e-04 2.074828475598585901e-05
5.264427600000000318e+00 1.111305936160279843e-04 2.039113774519827211e-05
5.290749700000000111e+00 1.100480608193269111e-04 2.004027030112173722e-05
5.317203400000000357e+00 1.089750624778589385e-04 1.969597060716424876e-05
5.343789499999999748e+00 1.079118051485489108e-04 1.935780732406296956e-05
5.370508400000000293e+00 1.068580777198196606e-04 1.902535834525677293e-05
5.397360899999999795e+00 1.058139383764303905e-04 1.869891337793889828e-05
5.424347700000000216e+00 1.047791680297775724e-04 1.837840500498132327e-05
5.451469499999999968e+00 1.037539645173709407e-04 1.806341712826742271e-05
5.478726799999999564e+00 1.027382519157083775e-04 1.775423698990025162e-05
5.506120499999999751e+00 1.018653210002650936e-04 1.744664830053651008e-05
5.533651100000000156e+00 1.008672768909266452e-04 1.714340153176997306e-05
5.561319300000000077e+00 9.987795925473547836e-05 1.684547968076402784e-05
5.589125899999999980e+00 9.889729962916277465e-05 1.655282330122228503e-05
5.617071600000000053e+00 9.792523370982781196e-05 1.626537380043419670e-05
5.645156899999999922e+00 9.696195982845247200e-05 1.598341099998883973e-05
5.673382700000000334e+00 9.600714711585231432e-05 1.570620046191996031e-05
5.701749600000000306e+00 9.506098628176890323e-05 1.543402444696597152e-05
5.730258400000000307e+00 9.412340397046949569e-05 1.516682617534176929e-05
5.758909599999999962e+00 9.319433730226584617e-05 1.490421952538577264e-05
5.787704200000000299e+00 9.227358618282145545e-05 1.464648216820323876e-05
5.816642700000000055e+00 9.136145313749477980e-05 1.439323224236625066e-05
5.845725899999999697e+00 9.045762193829013926e-05 1.414474561423030735e-05
5.874954599999999694e+00 8.956202240637686448e-05 1.390064388872326313e-05
5.904329299999999670e+00 8.867482747283941965e-05 1.366055632426932226e-05
5.933850999999999765e+00 8.779572401000651114e-05 1.342508057660608284e-05
5.963520199999999605e+00 8.692499577673762031e-05 1.319384515313814641e-05
5.993337799999999937e+00 8.606222202989509710e-05 1.296648448547588493e-05
6.023304500000000061e+00 8.520756287312049467e-05 1.274358863239353458e-05
6.053421000000000163e+00 8.436094794708845924e-05 1.252416260784825847e-05
6.083688200000000101e+00 8.352219208886715570e-05 1.230910827450129503e-05
6.114106600000000391e+00 8.269145272114611920e-05 1.209744128648955926e-05
6.144677100000000003e+00 8.186854492315543666e-05 1.188974501207176833e-05
6.175400500000000292e+00 8.105339831628814024e-05 1.168597431456321699e-05
6.206277499999999669e+00 8.024594583041565839e-05 1.148547102126113623e-05
6.237308900000000378e+00 7.944622297288823855e-05 1.128881055804612750e-05
6.268495399999999940e+00 7.865416077764592637e-05 1.109534159959104108e-05
6.299837899999999991e+00 7.791202006463144312e-05 1.090472721749348808e-05
6.331337099999999829e+00 7.713474632042827909e-05 1.071573488787842037e-05
6.362993799999999922e+00 7.636482468008645664e-05 1.053044799789005412e-05
6.394808799999999849e+00 7.560218946610658029e-05 1.034852613980774688e-05
6.426782799999999796e+00 7.484658098447361906e-05 1.016963538216015681e-05
6.458916699999999622e+00 7.409813333427971442e-05 9.994037346614478460e-06
6.491211299999999795e+00 7.335678267919628205e-05 9.821401547504009485e-06
6.523667399999999894e+00 7.262237020472722205e-05 9.651987458340838551e-06
6.556285700000000105e+00 7.189502761308356105e-05 9.485758739745949966e-06
6.589067100000000288e+00 7.117450036582516901e-05 9.322101098654426583e-06
6.622012500000000301e+00 7.046091322687347586e-05 9.161562313066761934e-06
6.655122500000000052e+00 6.975411497357032016e-05 9.003534868427775487e-06
6.688398099999999680e+00 6.905413201742981806e-05 8.847991812758783313e-06
6.721840099999999651e+00 6.836072192203735732e-05 8.695473283841204275e-06
6.755449300000000434e+00 6.767400657471126446e-05 8.545662745588735376e-06
6.789226600000000111e+00 6.699392277695893059e-05 8.398529936242582928e-06
6.823172699999999757e+00 6.632023715297785378e-05 8.254045116245604669e-06
6.857288600000000400e+00 6.566733911404213817e-05 8.111900756305949982e-06
6.891574999999999562e+00 6.500665063714226096e-05 7.972071794977627897e-06
6.926032900000000048e+00 6.435218293167672033e-05 7.834533041491859343e-06
6.960663099999999659e+00 6.370405081395052582e-05 7.699533331664383453e-06
6.995466399999999751e+00 6.306219660430591515e-05 7.567044067676879709e-06
7.030443700000000185e+00 6.242639676221313288e-05 7.436765949449459964e-06
7.065595899999999929e+00 6.179676086804902887e-05 7.308944336740223276e-06
7.100923899999999733e+00 6.117323118939375199e-05 7.183283119176981363e-06
7.136428500000000064e+00 6.055567241752851686e-05 7.060025536618311654e-06
7.172110700000000172e+00 5.994410774023052233e-05 6.938878528489949057e-06
7.207971200000000245e+00 5.933848448432684327e-05 6.819819043009947615e-06
7.244011099999999814e+00 5.873874386836702873e-05 6.702823851744716267e-06
7.280231099999999955e+00 5.814475751133751545e-05 6.587870313162395115e-06
7.316632300000000200e+00 5.755654613900304257e-05 6.475195878889482787e-06
7.353215500000000127e+00 5.697405756656319067e-05 6.364256414326726722e-06
7.389981500000000203e+00 5.639724005605181451e-05 6.255549020479103031e-06
7.426931399999999961e+00 5.582603780118261169e-05 6.148534880960341373e-06
7.464066100000000148e+00 5.526039866540016044e-05 6.043451146584499588e-06
7.501386400000000343e+00 5.470020018919969810e-05 5.940276281484088164e-06
7.538893400000000078e+00 5.414553362951992336e-05 5.838988705055716474e-06
7.576587800000000428e+00 5.359627824562094737e-05 5.739316018763067126e-06
7.614470800000000317e+00 5.305237966982544493e-05 5.641490787002885673e-06
7.652543099999999932e+00 5.251379113520604920e-05 5.545492298529115548e-06
7.690805799999999692e+00 5.198046077582318421e-05 5.451052138146005628e-06
7.729259899999999739e+00 5.145233869063535335e-05 5.358153448939303965e-06
7.767906199999999650e+00 5.092937814150991894e-05 5.267024800431132886e-06
7.806745699999999566e+00 5.041153017987634914e-05 5.177645972997966269e-06
7.845779399999999626e+00 4.989881247099254517e-05 5.089511525060415813e-06
7.885008299999999970e+00 4.939104427413161763e-05 5.003333344535469516e-06
7.924433399999999850e+00 4.888830972355999444e-05 4.918367239963459801e-06
7.964055499999999732e+00 4.839043413852117599e-05 4.834840104538390725e-06
8.003875799999999430e+00 4.789749753999754958e-05 4.752973933405958595e-06
8.043895199999999690e+00 4.740939041469561458e-05 4.672512861294109862e-06
8.084114700000000653e+00 4.692606727418416617e-05 4.593441397611427413e-06
8.124535200000000401e+00 4.644748424109303587e-05 4.515744247248777722e-06
8.165157900000000524e+00 4.597359445069185201e-05 4.439406085674750845e-06
8.205983700000000880e+00 4.550435495598911790e-05 4.364411894746305733e-06
8.247013600000000721e+00 4.503978190901314322e-05 4.290746735379129484e-06
8.288248700000000468e+00 4.457971078764910391e-05 4.218166004579017788e-06
8.329689899999999980e+00 4.412421895503354714e-05 4.147115722514130927e-06
8.371338400000000846e+00 4.367320215969662999e-05 4.077122889051293583e-06
8.413195099999999371e+00 4.322661959222797676e-05 4.008629216077833154e-06
8.455261000000000138e+00 4.278448668251946905e-05 3.940941404350460399e-06
8.497537299999999405e+00 4.234670233344275058e-05 3.874724205290448409e-06
8.540024999999999977e+00 4.191328176162930404e-05 3.809514278284100387e-06
9.030794000000000210e+00 3.738098353322443868e-05 3.143033034932487979e-06
9.653919000000000139e+00 3.249901180974522043e-05 2.473278466566327204e-06
1.032004000000000055e+01 2.816041090501313478e-05 1.942946110402691998e-06
1.103212000000000081e+01 2.423628841947301026e-05 1.527852657436202608e-06
1.168032999999999966e+01 2.084230680379757186e-05 1.246306269527736267e-06
1.179334000000000060e+01 2.007505685142802157e-05 1.204444141451189031e-06
1.185910999999999937e+01 1.942859501324475463e-05 1.180936727799047178e-06
1.190677999999999948e+01 1.835485876152144876e-05 1.164134304952385136e-06
1.197828999999999944e+01 1.904030133265500275e-05 2.912991546692284617e-06
1.215706999999999915e+01 1.925772413521607330e-05 2.755967668704416725e-06
1.260707999999999984e+01 1.840306460429442438e-05 2.406107526749136812e-06
1.345893000000000050e+01 1.618208792352556188e-05 1.887803192688932224e-06
1.347696999999999967e+01 1.612770773371280424e-05 1.878635433343806222e-06
1.366493000000000002e+01 1.543541250776633210e-05 1.784652903101294108e-06
1.371987000000000023e+01 1.497026492415619275e-05 1.758353152530876700e-06
1.380227000000000004e+01 1.514346939663091788e-05 2.394213299274800304e-06
1.400826999999999956e+01 1.500024243140659471e-05 2.266841459773876604e-06
1.406573999999999991e+01 1.491227623625914816e-05 2.232940595739222829e-06
1.428104000000000084e+01 1.447099943090715944e-05 2.111407192817873477e-06
1.433844999999999992e+01 1.422231739922825705e-05 2.080376587403940171e-06
1.440687999999999924e+01 1.425183962345756711e-05 2.361805200872414080e-06
1.442455999999999960e+01 1.425389752393033994e-05 2.351649743358237112e-06
1.463986000000000054e+01 1.406089550446446217e-05 2.232259801719971624e-06
1.540094999999999992e+01 1.300927309613034559e-05 1.866995198192288364e-06
1.646361999999999881e+01 1.157175170126430046e-05 1.472600898181989230e-06
1.759960999999999842e+01 1.022790883092072650e-05 1.161482763492343472e-06
1.881398000000000081e+01 9.009882864357048537e-06 9.153332400974452429e-07
2.011214999999999975e+01 7.919165232660900429e-06 7.210779253907159028e-07
2.149988000000000099e+01 6.950135217183113188e-06 5.683863059458842461e-07
2.298338000000000036e+01 6.093497033503958253e-06 4.483586523110593038e-07
2.456923000000000101e+01 5.342651913698235573e-06 3.537189593733140511e-07
2.626450000000000173e+01 4.678359490288597017e-06 2.790785043139711926e-07
2.807676000000000016e+01 4.097575413881530924e-06 2.188393237139813018e-07
3.001405000000000101e+01 3.586106171506285888e-06 1.709937201154065640e-07
3.208502000000000010e+01 3.136071609882804588e-06 1.336652159506741370e-07
3.429889000000000010e+01 2.741827308337245437e-06 1.046069882956149497e-07
3.666550999999999760e+01 2.396765306936679321e-06 8.196823636835942746e-08
3.919543000000000177e+01 2.094904588165767913e-06 6.431328721228021796e-08
4.189992000000000161e+01 1.830922043278632903e-06 5.052288900641912291e-08
4.479100999999999999e+01 1.600109378060909153e-06 3.974678491393981089e-08
4.788159000000000276e+01 1.398314825932418856e-06 3.131096731467161593e-08
5.118542000000000058e+01 1.221887742742008597e-06 2.469773228293967406e-08
5.471721000000000146e+01 1.067608618187613647e-06 1.947351020644201205e-08
5.849269999999999925e+01 9.326427414521923595e-07 1.537683028829664485e-08
6.252870000000000061e+01 8.145140279641987291e-07 1.214173082653736259e-08
6.684318000000000382e+01 7.109651248643548377e-07 9.570996581030396763e-09
7.145535999999999888e+01 6.198935636044048412e-07 7.556556269899351084e-09
7.638577999999999690e+01 5.387502234236482849e-07 5.976179483822216006e-09
7.911039999999999850e+01 4.975887632805982028e-07 5.287266040401309385e-09
8.032126999999999839e+01 4.759942877415490253e-07 5.013158383614609194e-09
8.064417000000000257e+01 4.642258037972132129e-07 4.941374417075426131e-09
8.112851999999999464e+01 4.669100655294697216e-07 2.032957533892423046e-08
8.165640000000000498e+01 4.651410596642216625e-07 1.987330790915427803e-08
8.233939999999999770e+01 4.602538446674192168e-07 1.930166857073623917e-08
8.729068999999999789e+01 4.159990739432315297e-07 1.572151281874678495e-08
9.331373999999999569e+01 3.665621280545929260e-07 1.242530362316777841e-08
9.975239000000000544e+01 3.220235623001892424e-07 9.808665215820071912e-09
1.066353000000000009e+02 2.824941364392656801e-07 7.744121345412846285e-09
1.139930999999999983e+02 2.476143818132357390e-07 6.117045073306703556e-09
1.218586999999999989e+02 2.169238177038169758e-07 4.825882074900190450e-09
1.302668999999999926e+02 1.899632625361680333e-07 3.810255312439454916e-09
1.392553000000000054e+02 1.663086589749120398e-07 3.011333043110288934e-09
1.488640000000000043e+02 1.455714403147408284e-07 2.383070744363489515e-09
1.591356000000000108e+02 1.274026198405032368e-07 1.888702220480045859e-09
1.701159000000000106e+02 1.114906812139283052e-07 1.499155651416250958e-09
1.818539000000000101e+02 9.755849094248773359e-08 1.191084438502499635e-09
1.944018000000000086e+02 8.536237412259414938e-08 9.483128745876149912e-10
2.078155999999999892e+02 7.468794505242980336e-08 7.568510340726365309e-10
2.221547999999999945e+02 6.534677910475874706e-08 6.056553391475849799e-10
2.374834999999999923e+02 5.717291822081631334e-08 4.860751511445350155e-10
2.538699000000000012e+02 5.002102886919879102e-08 3.913497046280686053e-10
2.713869000000000256e+02 4.376363894312367127e-08 3.161666603144136932e-10
2.901125999999999863e+02 3.828905773573570443e-08 2.563903345415449414e-10
3.101304000000000087e+02 3.349939301160971542e-08 2.087420866697190508e-10
3.315294000000000096e+02 2.930906764076411867e-08 1.706740332392104602e-10
3.544048999999999978e+02 2.564309383328337237e-08 1.401645493243452661e-10
3.788587999999999738e+02 2.243582974006088663e-08 1.156519617505902120e-10
4.050000999999999749e+02 1.962987343022562338e-08 9.587318576816963579e-11
4.329451000000000249e+02 1.717500212353514688e-08 7.987240841445925809e-11
