2.080732999999999944e+00 1.056211989507650393e-04 1.427244005333800580e-06
2.224304000000000059e+00 9.227535141901431069e-05 1.095456811115155045e-06
2.377781000000000144e+00 8.062708592178732998e-05 8.409953030283471040e-07
2.541847999999999885e+00 7.045824218234707497e-05 6.457279387372362323e-07
2.717235000000000067e+00 6.157949381614909233e-05 4.959039902872282983e-07
2.904723999999999862e+00 5.382567660949548938e-05 3.809322001093674617e-07
3.105150000000000077e+00 4.705482763318379541e-05 2.914876165537264605e-07
3.319405999999999857e+00 4.113833459494107349e-05 2.222615561981865846e-07
3.548445000000000071e+00 3.596838282616977714e-05 1.694696548122881425e-07
3.793287999999999993e+00 3.145024649094223257e-05 1.286592260553111589e-07
4.055024000000000406e+00 2.750145440710027888e-05 9.773452176381516718e-08
4.334820999999999813e+00 2.404996367786921968e-05 7.429769696213797865e-08
4.633924000000000376e+00 2.103293070674872465e-05 5.652833391205044052e-08
4.953663999999999845e+00 1.839540737495372601e-05 4.304895421708129206e-08
5.295467000000000368e+00 1.608948319621530677e-05 3.282417409632275954e-08
5.660854999999999748e+00 1.407328090851543161e-05 2.506342614166308832e-08
6.051453000000000415e+00 1.231030203127259380e-05 1.916812211845068793e-08
6.469003999999999976e+00 1.076859568092824489e-05 1.468568399219142839e-08
6.915365000000000428e+00 9.420308112030744788e-06 1.127626883890098487e-08
7.392525000000000013e+00 8.241128484715682864e-06 8.682090469981806137e-09
7.902608999999999995e+00 7.209752659235136657e-06 6.705071775877443865e-09
8.447889999999999233e+00 6.307627395517492161e-06 5.197159784102576083e-09
9.030794000000000210e+00 5.518514896002082444e-06 4.040297997215396536e-09
9.653919000000000139e+00 4.828229124167083153e-06 3.143135981269221222e-09
2.011214999999999975e+01 1.111239926076248886e-06 3.390857994703832609e-10
2.149988000000000099e+01 9.723727814319612276e-07 2.934138119849334493e-10
2.298338000000000036e+01 8.508631282564077273e-07 2.561223626091033330e-10
2.456923000000000101e+01 7.445427615394425991e-07 2.253450673830748944e-10
2.626450000000000173e+01 6.515092237918325801e-07 1.996977955180495622e-10
2.807676000000000016e+01 5.701021867212151414e-07 1.780259139404365188e-10
3.001405000000000101e+01 4.988696252190056981e-07 1.595967159731563487e-10
3.208502000000000010e+01 4.365380294089664730e-07 1.437690763247969601e-10
3.429889000000000010e+01 3.819951922886469465e-07 1.300534412100903517e-10
3.666550999999999760e+01 3.342686286089342498e-07 1.180509612170623009e-10
3.919543000000000177e+01 2.925049806880494866e-07 1.074625008649133789e-10
4.189992000000000161e+01 2.559597428159394671e-07 9.805765797955280660e-11
4.479100999999999999e+01 2.239814227743518240e-07 8.963570516897122981e-11
4.788159000000000276e+01 1.959978791134532774e-07 8.206600742546322653e-11
5.118542000000000058e+01 1.715111987796878292e-07 7.522184312300404215e-11
5.471721000000000146e+01 1.500837460622385922e-07 6.900791670599772382e-11
5.849269999999999925e+01 1.313332644217125915e-07 6.334986314828071785e-11
6.252870000000000061e+01 1.149255714191089362e-07 5.817902628659374470e-11
6.684318000000000382e+01 1.005677328233908530e-07 5.344631939009829432e-11
7.145535999999999888e+01 8.800381613998781766e-08 4.910479943831042598e-11
7.638577999999999690e+01 7.700950922259849006e-08 4.511920322338567594e-11
8.165640000000000498e+01 6.738871817355501758e-08 4.145201794926603850e-11
8.729068999999999789e+01 5.896985554865017433e-08 3.808084316868325357e-11
9.331373999999999569e+01 5.160286991774173916e-08 3.497464002661204144e-11
9.975239000000000544e+01 4.515612757492579168e-08 3.211308249009981629e-11
2.078155999999999892e+02 1.040401429373560867e-08 1.227154393050665471e-11
2.221547999999999945e+02 9.104284666442230257e-09 1.121965460836120019e-11
2.374834999999999923e+02 7.966918038846379987e-09 1.025339806298771345e-11
2.538699000000000012e+02 6.971637658653735064e-09 9.366952668699854915e-12
2.713869000000000256e+02 6.100685009604101281e-09 8.555627799100355770e-12
2.901125999999999863e+02 5.338548345262395654e-09 7.810968298737097169e-12
3.101304000000000087e+02 4.671621880491916187e-09 7.129324645602595598e-12
3.315294000000000096e+02 4.088012990340518114e-09 6.505362959241175921e-12
3.544048999999999978e+02 3.577312885314489783e-09 5.934398008285094223e-12
3.788587999999999738e+02 3.130412750190714965e-09 5.412231490779092483e-12
4.050000999999999749e+02 2.739341024547615842e-09 4.934856933645328335e-12
4.329451000000000249e+02 2.397125131032052976e-09 4.498586289628874511e-12
