1.040955999999999992e+00 3.478636512798463100e-04 2.615420435508324527e-04
1.056888999999999967e+00 3.253270433388392828e-04 2.483494356067530106e-04
1.061137999999999915e+00 3.037757520258281096e-04 2.449783807746384076e-04
1.067676000000000069e+00 3.222998789650371597e-04 2.789556211291291973e-04
1.083444000000000074e+00 3.335420264313489029e-04 2.650227643788717873e-04
1.113966000000000012e+00 3.294057810425216819e-04 2.405212512148370964e-04
1.131016999999999939e+00 3.195934978090492055e-04 2.285961620374543006e-04
1.135563000000000100e+00 3.110334708075043124e-04 2.255662225869150877e-04
1.141345000000000054e+00 3.163343958453905752e-04 2.364832218243865017e-04
1.142384000000000066e+00 3.170524874236521802e-04 2.357596497093218961e-04
1.159434000000000076e+00 3.190940218905625688e-04 2.243253740583002215e-04
1.220097999999999905e+00 3.047591199047113095e-04 1.897905279411300598e-04
1.266944000000000070e+00 2.890459244635314238e-04 1.684364655338718665e-04
1.286335999999999924e+00 2.802464519401667137e-04 1.606103635697156157e-04
1.291506999999999961e+00 2.749830144657877998e-04 1.586124853954831986e-04
1.299263999999999974e+00 2.766510886747446758e-04 1.630769752541116619e-04
1.304284999999999917e+00 2.766267984282358297e-04 1.611456652399016743e-04
1.318656000000000050e+00 2.745581506506326983e-04 1.557954859893079550e-04
1.394281000000000104e+00 2.567175663307665187e-04 1.301899667951451174e-04
1.490485999999999978e+00 2.325444641769681042e-04 1.045838206527867044e-04
1.593328999999999995e+00 2.085628437941418984e-04 8.381270018188986088e-05
1.703268999999999922e+00 1.858437796790155937e-04 6.710889460026519962e-05
1.820794999999999941e+00 1.647895809131183194e-04 5.359730856918826935e-05
1.946430000000000105e+00 1.455626336346855327e-04 4.280965684008053207e-05
2.080732999999999944e+00 1.282251920254150863e-04 3.422121476055657054e-05
2.224304000000000059e+00 1.129448535781150178e-04 2.733701987026662187e-05
2.377781000000000144e+00 9.921861274765582167e-05 2.182013247717482047e-05
2.541847999999999885e+00 8.694906866004859099e-05 1.742967142547122662e-05
2.717235000000000067e+00 7.613478680787259811e-05 1.393351794397829516e-05
2.904723999999999862e+00 6.658586252585455890e-05 1.115214054196350836e-05
3.105150000000000077e+00 5.824400343354322435e-05 8.863175289145679234e-06
3.319405999999999857e+00 5.082080294409853724e-05 6.959499096904466154e-06
3.548445000000000071e+00 4.423877817969350018e-05 5.465185177017783998e-06
3.793287999999999993e+00 3.842909388429439612e-05 4.298469013587797398e-06
4.055024000000000406e+00 3.330137005612746320e-05 3.387740010464740147e-06
4.334820999999999813e+00 2.875530488109055970e-05 2.675621827779462518e-06
4.633924000000000376e+00 2.466716062939597703e-05 2.116379682960334576e-06
4.953663999999999845e+00 2.078824650074345012e-05 1.668522869655123914e-06
5.142059999999999853e+00 1.828433624480057761e-05 1.459429870606382302e-06
5.220765000000000100e+00 1.644957237860119898e-05 1.382202723571439455e-06
5.241753000000000107e+00 1.484179333896829938e-05 1.362545583894601629e-06
5.273234999999999673e+00 1.610507198765075710e-05 4.166540036694783656e-06
5.295467000000000368e+00 1.652186551311945017e-05 4.094199658045265379e-06
5.351939999999999920e+00 1.682147527993083289e-05 3.917641513744273143e-06
5.511128000000000249e+00 1.631850187056621180e-05 3.469761317984122241e-06
5.595481999999999623e+00 1.550361056148334726e-05 3.272366520890995117e-06
5.617975999999999637e+00 1.479035676662263525e-05 3.222570272793228162e-06
5.651717999999999797e+00 1.530973270115596510e-05 4.380177142511343937e-06
5.660854999999999748e+00 1.538922450773711268e-05 4.352271302130831127e-06
5.736072000000000060e+00 1.552428172844212871e-05 4.131995048572865566e-06
5.869023999999999575e+00 1.518476876260978648e-05 3.778701580464246624e-06
5.958855999999999931e+00 1.470153259175153246e-05 3.567010627776931668e-06
5.982810999999999879e+00 1.435413490064980418e-05 3.514009489748707832e-06
6.018743999999999872e+00 1.452001918424059465e-05 3.974127372690236529e-06
6.051453000000000415e+00 1.454619839302778792e-05 3.898329195161791485e-06
6.108576000000000228e+00 1.447320865776351564e-05 3.770897357968789505e-06
6.469003999999999976e+00 1.347775722788187724e-05 3.086466156904658354e-06
6.915365000000000428e+00 1.212520650927234584e-05 2.448192265284741049e-06
7.392525000000000013e+00 1.080343252423123365e-05 1.934795960175434761e-06
7.902608999999999995e+00 9.570101773184411400e-06 1.525209831994709548e-06
8.447889999999999233e+00 8.445609488452920146e-06 1.201610421639879039e-06
9.030794000000000210e+00 7.437735194236850250e-06 9.455928187859205695e-07
9.653919000000000139e+00 6.534651974532723525e-06 7.399998292494782260e-07
1.032004000000000055e+01 5.731885306585139653e-06 5.797288126960945834e-07
1.103212000000000081e+01 5.028826211444806150e-06 4.533105902992251322e-07
1.179334000000000060e+01 4.405366221058947104e-06 3.539514303188035233e-07
1.260707999999999984e+01 3.856378961373880617e-06 2.757767644214757191e-07
1.347696999999999967e+01 3.371704568920041149e-06 2.149316824029389660e-07
1.440687999999999924e+01 2.946861033189706264e-06 1.676984370065480619e-07
1.540094999999999992e+01 2.574933052778162124e-06 1.309730284262050488e-07
1.646361999999999881e+01 2.249578838444591631e-06 1.024033761817891338e-07
1.759960999999999842e+01 1.965123600260471200e-06 8.016209707246022217e-08
1.881398000000000081e+01 1.716509965923417361e-06 6.283165333053454520e-08
2.011214999999999975e+01 1.499262442341144753e-06 4.930646896295384827e-08
2.149988000000000099e+01 1.309441902790382823e-06 3.874331587436103202e-08
2.298338000000000036e+01 1.143580638573366990e-06 3.046489873949264742e-08
2.456923000000000101e+01 9.986048503809878751e-07 2.391983046994062614e-08
2.626450000000000173e+01 8.718518649871309794e-07 1.877245197314149789e-08
2.807676000000000016e+01 7.608646733085509772e-07 1.459359180265304824e-08
3.001405000000000101e+01 6.634984130424291964e-07 1.132962748789914827e-08
3.208502000000000010e+01 5.778645053724683367e-07 8.810608436111441018e-09
3.429889000000000010e+01 5.018100226202519908e-07 6.863994328855845067e-09
3.666550999999999760e+01 4.298419893432590481e-07 5.357537361640406187e-09
3.669178999999999746e+01 4.289886473899634281e-07 5.343370919221683313e-09
3.725339999999999918e+01 4.066325090312275418e-07 5.051646806501011203e-09
3.740315999999999974e+01 3.920589875576663849e-07 4.977442232934579080e-09
3.762780000000000058e+01 3.987125586151210599e-07 2.690133972701219624e-08
3.818941000000000230e+01 3.970077030243007517e-07 2.551610215275125594e-08
3.919543000000000177e+01 3.828655953065393131e-07 2.325534396545562663e-08
4.189992000000000161e+01 3.407460538464291250e-07 1.829088652658877452e-08
4.479100999999999999e+01 3.006405448476460259e-07 1.437494354338626323e-08
4.788159000000000276e+01 2.644095717420856731e-07 1.129517426429449296e-08
5.118542000000000058e+01 2.321504472849418085e-07 8.856186196236946766e-09
5.471721000000000146e+01 2.035964669882354192e-07 6.940044502107240689e-09
5.849269999999999925e+01 1.784239110180093811e-07 5.439222083677926164e-09
6.252870000000000061e+01 1.562847737669277675e-07 4.264559622044558417e-09
6.684318000000000382e+01 1.368437612436162685e-07 3.344992839459639179e-09
7.145535999999999888e+01 1.197910897834266714e-07 2.625160545668402372e-09
7.638577999999999690e+01 1.049026599692871881e-07 2.060039741592593924e-09
8.165640000000000498e+01 9.180177949595643472e-08 1.612500914319808976e-09
8.729068999999999789e+01 8.032192268143049309e-08 1.259559481655440593e-09
9.331373999999999569e+01 7.027077937105506460e-08 9.851664381266876683e-10
9.975239000000000544e+01 6.147377788946148616e-08 7.717333296604258441e-10
1.066353000000000009e+02 5.377604614653923372e-08 6.055644895710743544e-10
1.139930999999999983e+02 4.704132359187526138e-08 4.761196892086233526e-10
1.218586999999999989e+02 4.114965924052164437e-08 3.751917845102733166e-10
1.302668999999999926e+02 3.599596113731408371e-08 2.963761989415237573e-10
1.392553000000000054e+02 3.148792926444960642e-08 2.347716094201419376e-10
1.488640000000000043e+02 2.754472330889788817e-08 1.865636950935231277e-10
1.591356000000000108e+02 2.409569373840047637e-08 1.487760398207946975e-10
1.701159000000000106e+02 2.107884400698074553e-08 1.191722864985201728e-10
1.818539000000000101e+02 1.844009165181972318e-08 9.588469669405548882e-11
1.944018000000000086e+02 1.613198935656064493e-08 7.749917145375887882e-11
2.078155999999999892e+02 1.411302389279198592e-08 6.294537513452576481e-11
2.221547999999999945e+02 1.234697443330770099e-08 5.139204872882606797e-11
2.374834999999999923e+02 1.080210428275705274e-08 4.218949759755733499e-11
2.538699000000000012e+02 9.450680100672079607e-09 3.483421704145510844e-11
2.713869000000000256e+02 8.268465400712875282e-09 2.893006123232369833e-11
2.901125999999999863e+02 7.234251952162274642e-09 2.416917120289185127e-11
3.101304000000000087e+02 6.329486150416851301e-09 2.031350441480948216e-11
3.315294000000000096e+02 5.537946638698461306e-09 1.717433136857121122e-11
3.544048999999999978e+02 4.845455038106842657e-09 1.460363096913283033e-11
3.788587999999999738e+02 4.239608955010974620e-09 1.248676490756614069e-11
4.050000999999999749e+02 3.709552279209143886e-09 1.073275264265386290e-11
4.329451000000000249e+02 3.245795585535982616e-09 9.270958590388317902e-12
