2.080732999999999944e+00 7.959682507776340982e-05 5.302747522214129589e-07
2.224304000000000059e+00 6.957949774105198022e-05 4.034503389130289219e-07
2.377781000000000144e+00 6.082824021173363648e-05 3.069860180566337140e-07
2.541847999999999885e+00 5.318222249008963865e-05 2.336735208205644227e-07
2.717235000000000067e+00 4.650109225479713874e-05 1.779371160244074771e-07
2.904723999999999862e+00 4.066279327210007172e-05 1.355669999329916327e-07
3.105150000000000077e+00 3.556128008458033922e-05 1.029746018803913174e-07
3.319405999999999857e+00 3.109992948518621456e-05 7.801695379729876385e-08
3.548445000000000071e+00 2.719990434247257589e-05 5.916480930517510114e-08
3.793287999999999993e+00 2.379018705161411437e-05 4.490806327751366036e-08
4.055024000000000406e+00 2.080894782993175033e-05 3.412365346208907052e-08
4.334820999999999813e+00 1.820210121387171192e-05 2.596544387423013642e-08
4.633924000000000376e+00 1.592250034395991924e-05 1.979080611561047748e-08
4.953663999999999845e+00 1.392891846937133981e-05 1.511425366658563750e-08
5.295467000000000368e+00 1.218536336544431053e-05 1.156939288490990000e-08
5.660854999999999748e+00 1.066034762631539441e-05 8.879941181018119260e-09
6.051453000000000415e+00 9.326474095285690799e-06 6.837254147489605502e-09
6.469003999999999976e+00 8.159679499292803463e-06 5.283953350532373825e-09
6.915365000000000428e+00 7.139019807104141138e-06 4.100910037237645471e-09
7.392525000000000013e+00 6.246170072272356115e-06 3.197954039373548319e-09
7.902608999999999995e+00 5.465067399506681128e-06 2.507884472634993443e-09
8.447889999999999233e+00 4.781726120689950883e-06 1.979048521209812991e-09
9.030794000000000210e+00 4.183892475665810033e-06 1.571255404510599742e-09
9.653919000000000139e+00 3.660847957693727146e-06 1.253596331826803032e-09
2.011214999999999975e+01 8.429794218320285123e-07 1.989980868581695945e-10
2.149988000000000099e+01 7.376530292891529281e-07 1.775195469484760844e-10
2.298338000000000036e+01 6.454857171366188635e-07 1.593028570214831438e-10
2.456923000000000101e+01 5.648377850704579272e-07 1.436937957408652432e-10
2.626450000000000173e+01 4.942662527656778161e-07 1.302074771300070135e-10
2.807676000000000016e+01 4.325125771767260433e-07 1.184094943555309773e-10
3.001405000000000101e+01 3.784757766090015104e-07 1.080178299105572512e-10
3.208502000000000010e+01 3.311908432605356122e-07 9.880995119837757906e-11
3.429889000000000010e+01 2.898134095621860941e-07 9.057486060696798691e-11
3.666550999999999760e+01 2.536055794272751917e-07 8.317540426026417283e-11
3.919543000000000177e+01 2.219218891507005960e-07 7.648419270215228256e-11
4.189992000000000161e+01 1.941964841049276451e-07 7.041042457823272786e-11
4.479100999999999999e+01 1.699354038315568070e-07 6.486730109473013643e-11
4.788159000000000276e+01 1.487052428218632688e-07 5.979595840188667890e-11
5.118542000000000058e+01 1.301273824013647825e-07 5.514469687255822190e-11
5.471721000000000146e+01 1.138704862324180612e-07 5.086477437768707690e-11
5.849269999999999925e+01 9.964480043692198003e-08 4.692008955056223038e-11
6.252870000000000061e+01 8.719608950091109227e-08 4.328439600819341394e-11
6.684318000000000382e+01 7.630280723465575398e-08 3.991983588829780007e-11
7.145535999999999888e+01 6.677040539777156404e-08 3.681694587184440027e-11
7.638577999999999690e+01 5.842887374959529551e-08 3.394113255827959068e-11
8.165640000000000498e+01 5.112956432789338423e-08 3.128094209728915323e-11
8.729068999999999789e+01 4.474202250537089045e-08 2.881857505194116686e-11
9.331373999999999569e+01 3.915247190740004578e-08 2.653789141429333255e-11
9.975239000000000544e+01 3.426129381779157225e-08 2.442790035571695979e-11
2.078155999999999892e+02 7.893885651233212331e-09 9.496336068081272394e-12
2.221547999999999945e+02 6.907735808902495647e-09 8.686196247155880970e-12
2.374834999999999923e+02 6.044776392634074494e-09 7.941840716320528763e-12
2.538699000000000012e+02 5.289622728832668390e-09 7.257386832629418613e-12
2.713869000000000256e+02 4.628810074302871088e-09 6.628205006091257893e-12
2.901125999999999863e+02 4.050539332245517500e-09 6.050575616427078878e-12
3.101304000000000087e+02 3.544519399005500078e-09 5.520546254681113026e-12
3.315294000000000096e+02 3.101715361030604102e-09 5.034447920669639855e-12
3.544048999999999978e+02 2.714229713508914422e-09 4.588925894301213459e-12
3.788587999999999738e+02 2.375151286597016359e-09 4.180810096773992674e-12
4.050000999999999749e+02 2.078431784590025939e-09 3.807206165008033526e-12
4.329451000000000249e+02 1.818780874425570286e-09 3.465341492936862584e-12
