1.000121100000000096e+00 1.097242182868543667e-03 5.062993900454899237e-04
1.005121699999999896e+00 1.089237505929911308e-03 4.982627477810038603e-04
1.010147300000000081e+00 1.081077362284815595e-03 4.903606132558833725e-04
1.015198000000000045e+00 1.072820675670906315e-03 4.826010591244022968e-04
1.020273999999999903e+00 1.064499595660567312e-03 4.749634743833317831e-04
1.025375399999999937e+00 1.056137868171018327e-03 4.674560067666491355e-04
1.030502299999999982e+00 1.047747345248876277e-03 4.600678419702081655e-04
1.035654800000000098e+00 1.039341272239344182e-03 4.528070558912950677e-04
1.040833099999999956e+00 1.030926813408435160e-03 4.456536085841974787e-04
1.046037200000000000e+00 1.022511274383109802e-03 4.386249410688622483e-04
1.051267399999999963e+00 1.014099354137877303e-03 4.317195945375745044e-04
1.056523799999999902e+00 1.005697720811735661e-03 4.249178869336776225e-04
1.061806400000000039e+00 9.973112582656355144e-04 4.182370135643185736e-04
1.067115400000000047e+00 9.889443005551910425e-04 4.116665247035376026e-04
1.072451000000000043e+00 9.805976376104938528e-04 4.051961656724714840e-04
1.077813200000000027e+00 9.722774363495583893e-04 3.988428887151888435e-04
1.083202299999999951e+00 9.639841106247610657e-04 3.925874434858128660e-04
1.088618300000000039e+00 9.557218865192936095e-04 3.864377317691126447e-04
1.094061399999999962e+00 9.474912243749578078e-04 3.803925673838296027e-04
1.099531700000000001e+00 9.392959686630539956e-04 3.744508106101448932e-04
1.105029400000000050e+00 9.311364551094018218e-04 3.686025388386871492e-04
1.110554500000000111e+00 9.230165037430723479e-04 3.628467965742056874e-04
1.116107299999999913e+00 9.149345968856816740e-04 3.571912095625129346e-04
1.121687799999999902e+00 9.068959628335001135e-04 3.516260805108777066e-04
1.127296300000000029e+00 8.988990072416435783e-04 3.461503841474729303e-04
1.132932800000000073e+00 8.909457098634471868e-04 3.407717414863307439e-04
1.138597400000000093e+00 8.830393157031679943e-04 3.354805777993007890e-04
1.144290400000000041e+00 8.751781664881846771e-04 3.302758971519952633e-04
1.150011899999999976e+00 8.673639183194064217e-04 3.251399398179718233e-04
1.155761899999999898e+00 8.595910107665012331e-04 3.200720651142675149e-04
1.161540699999999982e+00 8.518623235097995666e-04 3.150798864152561476e-04
1.167348400000000064e+00 8.441780531132799491e-04 3.101792051625795244e-04
1.173185200000000039e+00 8.365396575881297496e-04 3.053524724389554694e-04
1.179051099999999908e+00 8.289474142689644189e-04 3.006071564477645099e-04
1.184946400000000066e+00 8.214039419727067141e-04 2.959423227466357795e-04
1.190871100000000071e+00 8.139066674833259725e-04 2.913489939984175684e-04
1.196825400000000039e+00 8.064596437430994469e-04 2.868344859886418248e-04
1.202809599999999923e+00 7.990598906352245007e-04 2.823978910106382501e-04
1.208823600000000109e+00 7.917104013172638656e-04 2.780303973047990517e-04
1.214867700000000106e+00 7.844108812960657803e-04 2.737312324488956746e-04
1.220942100000000030e+00 7.771598633238062468e-04 2.694996555030434223e-04
1.227046800000000104e+00 7.699613605868934566e-04 2.653428641310230391e-04
1.233182000000000000e+00 7.628112799176118338e-04 2.612521630078288182e-04
1.239347900000000058e+00 7.557132954654062441e-04 2.572268311276466792e-04
1.245544699999999949e+00 7.486659043582097675e-04 2.532661546654699225e-04
1.251772399999999896e+00 7.416703795636807707e-04 2.493694667146189280e-04
1.258031200000000016e+00 7.347264666117392633e-04 2.455437587549798295e-04
1.264321400000000040e+00 7.278325781609633121e-04 2.417728908060080210e-04
1.270642999999999967e+00 7.209899379944379860e-04 2.380639452974833302e-04
1.276996199999999915e+00 7.142006808667776844e-04 2.344162394964296732e-04
1.283381200000000000e+00 7.074609316231444392e-04 2.308290974012245863e-04
1.289798100000000058e+00 7.007740966796089082e-04 2.272943630821542226e-04
1.296247099999999985e+00 6.941375305620832523e-04 2.238189515118793561e-04
1.302728300000000061e+00 6.875533817426706046e-04 2.204022216700331270e-04
1.309242000000000017e+00 6.810200835926462143e-04 2.170435044357010975e-04
1.315788200000000074e+00 6.745386823088310967e-04 2.137348311683362348e-04
1.322367099999999907e+00 6.682604301350584869e-04 2.104756707801290667e-04
1.328978999999999910e+00 6.618824524287874982e-04 2.072800476453698891e-04
1.335623900000000086e+00 6.555543833411458599e-04 2.041255148737999142e-04
1.342302000000000106e+00 6.492780973128090558e-04 2.010260862627626761e-04
1.349013500000000088e+00 6.430532428417913646e-04 1.979739681508059404e-04
1.355758599999999925e+00 6.368794714759120484e-04 1.949757938302623846e-04
1.362537399999999899e+00 6.307554805223295966e-04 1.920167627298434627e-04
1.369350000000000067e+00 6.246810458308734706e-04 1.891035664215669123e-04
1.376196799999999998e+00 6.186556705029708182e-04 1.862286516640223927e-04
1.383077799999999913e+00 6.126782060109492575e-04 1.834056593556641533e-04
1.389993199999999929e+00 6.067483701031032737e-04 1.806270375091926280e-04
1.396943100000000104e+00 6.009408719126958006e-04 1.778853910904450446e-04
1.403927799999999948e+00 5.951087480349017160e-04 1.751941239621754211e-04
1.410947500000000021e+00 5.893262787363197667e-04 1.725458027627477372e-04
1.418002200000000101e+00 5.835903583520319010e-04 1.699399857940572247e-04
1.425092199999999920e+00 5.779025450708936236e-04 1.673761985843400034e-04
1.432217700000000038e+00 5.722625068320386088e-04 1.648472255219166007e-04
1.439378800000000069e+00 5.666690521326317670e-04 1.623661741165265322e-04
1.446575699999999909e+00 5.611228097782937352e-04 1.599191119472200332e-04
1.453808599999999895e+00 5.556234514178244425e-04 1.575190085601975345e-04
1.461077600000000087e+00 5.501707264461917204e-04 1.551454598962551720e-04
1.468382999999999994e+00 5.447642337942587912e-04 1.528179900174643274e-04
1.475724899999999895e+00 5.394028304685459518e-04 1.505229591582053273e-04
1.483103499999999908e+00 5.340879930719025269e-04 1.482665611206372930e-04
1.490518999999999927e+00 5.288193751251366080e-04 1.460483692421348824e-04
1.497971600000000070e+00 5.235948958415353408e-04 1.438614995062583606e-04
1.505461500000000008e+00 5.184151259003989820e-04 1.417120587786951014e-04
1.512988800000000023e+00 5.132806713324704817e-04 1.395932437413091489e-04
1.520553700000000008e+00 5.081903497302462259e-04 1.375111031983818251e-04
1.528156499999999918e+00 5.031446181046624706e-04 1.354588858918746451e-04
1.535797300000000032e+00 4.981423835178099870e-04 1.334425928612935331e-04
1.543476300000000023e+00 4.931841567195816749e-04 1.314555516403173769e-04
1.551193700000000009e+00 4.882687980638051261e-04 1.294974579093977204e-04
1.558949600000000046e+00 4.833960664688579018e-04 1.275742268728841220e-04
1.566744399999999926e+00 4.785663297883686906e-04 1.256792727699845651e-04
1.574578100000000092e+00 4.737793882558000874e-04 1.238123160985372918e-04
1.582451000000000052e+00 4.690348593312608895e-04 1.219791720145047372e-04
1.590363299999999924e+00 4.643308836618285462e-04 1.201672868809178148e-04
1.598315099999999989e+00 4.596687745048838288e-04 1.183885829285748415e-04
1.606306599999999918e+00 4.550467043770593041e-04 1.166306329667518473e-04
1.614338199999999945e+00 4.504650399432935637e-04 1.149052211580577673e-04
1.622409900000000071e+00 4.459236056651584676e-04 1.132060264604310956e-04
1.630521899999999969e+00 4.414221127139039279e-04 1.115327712060566187e-04
1.638674500000000034e+00 4.369602206500440979e-04 1.098851735016312435e-04
1.646867899999999940e+00 4.325369278739677305e-04 1.082629610105143725e-04
1.655102199999999968e+00 4.281534490308574917e-04 1.066658702556683733e-04
1.663377700000000070e+00 4.238080207991506694e-04 1.050936270090128440e-04
1.671694599999999920e+00 4.195017807228160070e-04 1.035517559826120397e-04
1.680053100000000077e+00 4.152330501483894425e-04 1.020283858303991441e-04
1.688453399999999993e+00 4.110022580698108482e-04 1.005290748823751073e-04
1.696895599999999948e+00 4.068091785267028619e-04 9.905357079220328590e-05
1.705380099999999954e+00 4.026527723406381470e-04 9.759593036597716015e-05
1.713907000000000069e+00 3.985341641315056716e-04 9.616728515407787039e-05
1.722476600000000024e+00 3.944517048362636085e-04 9.476167437162971534e-05
1.731088900000000042e+00 3.904058885829555072e-04 9.337326873004674857e-05
1.739744399999999969e+00 3.863963131448899064e-04 9.200745190189139747e-05
1.748443100000000028e+00 3.824228045830421101e-04 9.066398965445521035e-05
1.757185299999999950e+00 3.784850556660717064e-04 8.933712565373138617e-05
1.765971200000000074e+00 3.745809307890260497e-04 8.799381683933394781e-05
1.774801099999999909e+00 3.707077095810167879e-04 8.665075253432804366e-05
1.783675099999999958e+00 3.668646927048252525e-04 8.532972921307379070e-05
1.792593499999999951e+00 3.630517267970807208e-04 8.403050297593192075e-05
1.801556500000000005e+00 3.592686992639456734e-04 8.275283698379978282e-05
1.810564199999999957e+00 3.555155351689157344e-04 8.149115517405620425e-05
1.819617100000000098e+00 3.517925895415078110e-04 8.025592947652509428e-05
1.828715099999999927e+00 3.480992625638863660e-04 7.903627744799325712e-05
1.837858699999999956e+00 3.444353213548646256e-04 7.783730281219394657e-05
1.847048000000000023e+00 3.408006861877949968e-04 7.665354294359584379e-05
1.856283300000000080e+00 3.371946352632293606e-04 7.548484711563584150e-05
1.865564699999999965e+00 3.336159816020277933e-04 7.431032135032944203e-05
1.874892500000000073e+00 3.300629538368201276e-04 7.315077664336557461e-05
1.884266999999999914e+00 3.265360421915984059e-04 7.200606470674221732e-05
1.893688299999999991e+00 3.230341517361985139e-04 7.088626846331517561e-05
1.903156700000000034e+00 3.195583107539756718e-04 6.978091809280138088e-05
1.912672499999999998e+00 3.161073724266317848e-04 6.869493034339554645e-05
1.922235899999999997e+00 3.126813189226845227e-04 6.762809095903630683e-05
1.931847099999999928e+00 3.092796067365711186e-04 6.657517735776771924e-05
1.941506299999999907e+00 3.059032608287808844e-04 6.554103898977210578e-05
1.951213800000000109e+00 3.025506709478855837e-04 6.452546342165163529e-05
1.960969900000000044e+00 2.992218073339765407e-04 6.352330453426285992e-05
1.970774699999999990e+00 2.959166984259058316e-04 6.253443404194883423e-05
1.980628599999999961e+00 2.926352783203266033e-04 6.156848866115643807e-05
1.990531800000000073e+00 2.893765556424437741e-04 6.061546838960329552e-05
2.000484399999999940e+00 2.861400900331074288e-04 5.967524874960562401e-05
2.010486799999999796e+00 2.829258521987565011e-04 5.875251145839195113e-05
2.020539299999999816e+00 2.797338398652468474e-04 5.784226627324362709e-05
2.030641999999999836e+00 2.765626848079395751e-04 5.694915865735840973e-05
2.040795199999999809e+00 2.734203745165658932e-04 5.607299176241334484e-05
2.050999200000000133e+00 2.702904854764700757e-04 5.520413242601447180e-05
2.061254200000000036e+00 2.671811182697988096e-04 5.435661798065906299e-05
2.071560400000000080e+00 2.640905168270158364e-04 5.351617205002001052e-05
2.081918200000000052e+00 2.610191902921123923e-04 5.269203959229631597e-05
2.092327800000000071e+00 2.579663410803788282e-04 5.188403434785457760e-05
2.102789500000000089e+00 2.549307362919336190e-04 5.108276347300565125e-05
2.113303399999999943e+00 2.519125479395613147e-04 5.029734379730017483e-05
2.123869899999999866e+00 2.489105731749957748e-04 4.952758849754481247e-05
2.134489299999999812e+00 2.459241079981992631e-04 4.876424594924882387e-05
2.145161700000000060e+00 2.429529454756507070e-04 4.801629907381481523e-05
2.155887499999999957e+00 2.399955614924759227e-04 4.728356561855888792e-05
2.166666999999999899e+00 2.370517611798953774e-04 4.655693302019586586e-05
2.177500300000000166e+00 2.341197578482665897e-04 4.584525223513920744e-05
2.188387800000000105e+00 2.311994005808706593e-04 4.514392260964043743e-05
2.199329699999999832e+00 2.282893805319685210e-04 4.445283822545509123e-05
2.210326400000000024e+00 2.253884021406256540e-04 4.377189003486697908e-05
2.221378000000000075e+00 2.224956804652643391e-04 4.310271882072411653e-05
2.232484900000000216e+00 2.196088415044733240e-04 4.244432434937518695e-05
2.243647300000000122e+00 2.167275852543431170e-04 4.179616014049379944e-05
2.254865600000000025e+00 2.138492912105675740e-04 4.115811482300972389e-05
2.266139900000000207e+00 2.109730236870092370e-04 4.053051065668266349e-05
2.277470600000000012e+00 2.080963328431907882e-04 3.991280688079001373e-05
2.288857900000000001e+00 2.052172829487690397e-04 3.930489869171617312e-05
2.300302199999999964e+00 2.023332524401186565e-04 3.870625799164949943e-05
2.311803700000000017e+00 1.994414052706375414e-04 3.811762547583278342e-05
2.323362799999999950e+00 1.965393570816412704e-04 3.753805634509487546e-05
2.334979600000000044e+00 1.936227380399291223e-04 3.696745730485941300e-05
2.346654500000000088e+00 1.906880252516624972e-04 3.640614347859991515e-05
2.358387800000000034e+00 1.877304689850049042e-04 3.585360349161149186e-05
2.370179700000000000e+00 1.847448503103746884e-04 3.531015326659403607e-05
2.382030600000000220e+00 1.817247757365621143e-04 3.477487942063232028e-05
2.393940699999999921e+00 1.786628024355976015e-04 3.424810154825908118e-05
2.405910399999999782e+00 1.755497634490916473e-04 3.372972675330375864e-05
2.417940000000000200e+00 1.723869064764209022e-04 3.321926415664728876e-05
2.430029699999999959e+00 1.691368686720215095e-04 3.271702961197680968e-05
2.442179799999999901e+00 1.657948396182435345e-04 3.222253772224843271e-05
2.454390699999999814e+00 1.623387784812128866e-04 3.173609918547627478e-05
2.466662700000000097e+00 1.587411924716392161e-04 3.125723418097601852e-05
2.478995999999999977e+00 1.549637206125034118e-04 3.078586315702699108e-05
2.491391000000000133e+00 1.509532679215959091e-04 3.032151625201739574e-05
2.503847899999999793e+00 1.466322556656868650e-04 2.986489421278739156e-05
2.516367199999999915e+00 1.418813640617212052e-04 2.941552553194958430e-05
2.528948999999999891e+00 1.365009289742790777e-04 2.897295188265363498e-05
2.541593799999999792e+00 1.301163017362918486e-04 2.853709938715756286e-05
2.554301699999999897e+00 1.218821318407833904e-04 2.810827830293208707e-05
2.567073199999999833e+00 1.090636523929759276e-04 2.768641043554670344e-05
2.578893299999999833e+00 6.238440770408684483e-05 2.730317465446127585e-05
2.579908599999999996e+00 4.842960112980958541e-05 7.676980668096705695e-05
2.580306900000000070e+00 6.147185931936073990e-05 7.673169895441223261e-05
2.592808199999999896e+00 1.060503724187247273e-04 7.544715598661858491e-05
2.605772200000000094e+00 1.146804341410448164e-04 7.414691184628699916e-05
2.618801100000000215e+00 1.185187448671138228e-04 7.286882351047164162e-05
2.631895099999999932e+00 1.201028126357194951e-04 7.161265104709337059e-05
2.645054500000000086e+00 1.200888015200735716e-04 7.037815374945313349e-05
2.658279799999999859e+00 1.184475755529360258e-04 6.916872885855750532e-05
2.671571199999999813e+00 1.141764578874148730e-04 6.797684259061212441e-05
2.684929100000000179e+00 9.830642449444144612e-05 6.680591744919714718e-05
2.686825900000000100e+00 8.662010637490811648e-05 6.664347972698600583e-05
2.688373900000000205e+00 8.630519055147419796e-05 9.663500747888342400e-05
2.698353700000000188e+00 1.123925593862712489e-04 9.537727802427152469e-05
2.711845499999999909e+00 1.208922666283553202e-04 9.370710963572534619e-05
2.725404699999999902e+00 1.255626763040622470e-04 9.206540653079689376e-05
2.739031699999999958e+00 1.287056488828843090e-04 9.045185395302659658e-05
2.752726899999999866e+00 1.309839885156314273e-04 8.886614014911738114e-05
2.766490500000000186e+00 1.326892742055728693e-04 8.730796264294060356e-05
2.780323000000000100e+00 1.339794475370499529e-04 8.578049327516684263e-05
2.794224600000000169e+00 1.349511210038962096e-04 8.427645517344439091e-05
2.808195700000000183e+00 1.356691162335232047e-04 8.280249290618037390e-05
2.822236699999999932e+00 1.361782456156875206e-04 8.135139815675245553e-05
2.836347899999999811e+00 1.365127332841496656e-04 7.992634259430992944e-05
2.850529600000000219e+00 1.366978889047832724e-04 7.853043199749297596e-05
2.864782299999999893e+00 1.367531114357076498e-04 7.715656596703082768e-05
2.879106199999999838e+00 1.366947924987008350e-04 7.580787525812467261e-05
2.893501699999999843e+00 1.365357030562615033e-04 7.448073021064976411e-05
2.907969200000000143e+00 1.362860984425325842e-04 7.317822721467927803e-05
2.922509100000000082e+00 1.359549726786845106e-04 7.190008673433774251e-05
2.937121600000000221e+00 1.355494526632680338e-04 7.064274130046084088e-05
2.951807200000000186e+00 1.350752846039754678e-04 6.940924207162636067e-05
2.966566199999999931e+00 1.345373843737695510e-04 6.819605653642438203e-05
2.981399099999999969e+00 1.339389609154492114e-04 6.699971495626213505e-05
2.996306099999999972e+00 1.332833779072644461e-04 6.582651185048710098e-05
3.011287600000000175e+00 1.325523916915019606e-04 6.464403957961798450e-05
3.026343999999999923e+00 1.317555429699182417e-04 6.347170401008241114e-05
3.041475800000000174e+00 1.308963425908586241e-04 6.232216016751946947e-05
3.056683099999999875e+00 1.299713532180316934e-04 6.118881969861867146e-05
3.071966600000000103e+00 1.289727187407886037e-04 6.007781326856373390e-05
3.087326399999999804e+00 1.278878742907335370e-04 5.898888954348463346e-05
3.102762999999999938e+00 1.266952520668424887e-04 5.791867212881089054e-05
3.118276799999999849e+00 1.253549608797471814e-04 5.686695499592254576e-05
3.133868200000000215e+00 1.237872853536173213e-04 5.583662247261151311e-05
3.149537599999999937e+00 1.217949340730495322e-04 5.482127993968086111e-05
3.165285299999999857e+00 1.186221396854862041e-04 5.382689038800013540e-05
3.173500600000000116e+00 1.146765799524303292e-04 5.331850873001086960e-05
3.180299199999999882e+00 1.143080136994751927e-04 6.216426606080684603e-05
3.181111700000000209e+00 1.149134997370085723e-04 6.210274926915027374e-05
3.197017199999999892e+00 1.188999895610991475e-04 6.096122601756101181e-05
3.213002299999999867e+00 1.199162234583019197e-04 5.983855989897729136e-05
3.229067300000000085e+00 1.202476762387378473e-04 5.873454843164020007e-05
3.245212700000000172e+00 1.202546403238452478e-04 5.765196974901492968e-05
3.261438699999999802e+00 1.200665888550093622e-04 5.659058214095272394e-05
3.277745900000000212e+00 1.197457931600023033e-04 5.554718611788885712e-05
3.294134699999999860e+00 1.193266770182367762e-04 5.452452324148487748e-05
3.310605300000000195e+00 1.188304760172561697e-04 5.351943438588664963e-05
3.327158400000000071e+00 1.182696829272700484e-04 5.253463069355967656e-05
3.343794100000000213e+00 1.176546398333650509e-04 5.158435516909899167e-05
3.360513099999999920e+00 1.170071834879143696e-04 5.065951400644882438e-05
3.377315700000000032e+00 1.163293783684955286e-04 4.975119593166075300e-05
3.394202299999999894e+00 1.156244049065018579e-04 4.885921691619423616e-05
3.411173300000000186e+00 1.148950017453788288e-04 4.798623198193602523e-05
3.428229099999999807e+00 1.141441481612939671e-04 4.712919473191839103e-05
3.445370299999999997e+00 1.133738872643883715e-04 4.628792354731058690e-05
3.462597099999999983e+00 1.125858965890382766e-04 4.546503917232798500e-05
3.479910100000000117e+00 1.117817746827486200e-04 4.465754020608352944e-05
3.497309700000000188e+00 1.109622852227655439e-04 4.386525284936167494e-05
3.514796200000000148e+00 1.101266018605385214e-04 4.308249856697570710e-05
3.532370199999999905e+00 1.092745484555555051e-04 4.231466647530324497e-05
3.550032100000000135e+00 1.084056707243561042e-04 4.156431347839314300e-05
3.567782199999999904e+00 1.075186317635048013e-04 4.082580630094269608e-05
3.585621100000000006e+00 1.066109294124029122e-04 4.010171616946537325e-05
3.603549199999999786e+00 1.056779346314417912e-04 3.939187813216019724e-05
3.621567000000000203e+00 1.047110504185787164e-04 3.869612763749579100e-05
3.639674799999999877e+00 1.036935171122930880e-04 3.801164450345311495e-05
3.657873200000000047e+00 1.025873971042187151e-04 3.734095183936749532e-05
3.676162600000000058e+00 1.012749657863369103e-04 3.668389043769485196e-05
3.690903399999999834e+00 9.957848234952677640e-05 3.616500609530528756e-05
3.694543400000000144e+00 9.851052576591511577e-05 3.603768272943406380e-05
3.701696600000000004e+00 9.910460121997658671e-05 3.835005003316878754e-05
3.713016099999999931e+00 9.955896497372662799e-05 3.792554011210982239e-05
3.731581199999999932e+00 9.937935938685072172e-05 3.724403808328135185e-05
3.750239099999999937e+00 9.892121440527620435e-05 3.657612131284004636e-05
3.768990300000000016e+00 9.834973303702633247e-05 3.592163261544013901e-05
3.787835199999999958e+00 9.771451623130471276e-05 3.527786195072419629e-05
3.806774400000000114e+00 9.703702812015900568e-05 3.464723476430128324e-05
3.825808299999999829e+00 9.632847594514088666e-05 3.402706904088878087e-05
3.844937299999999780e+00 9.559477081276706917e-05 3.341976907009136988e-05
3.864161999999999875e+00 9.483846689955180594e-05 3.282267873981233177e-05
3.883482799999999902e+00 9.405958821526925985e-05 3.224067189020904075e-05
3.902900199999999931e+00 9.326315826886598099e-05 3.168100321481999524e-05
3.922414700000000032e+00 9.244755617303368478e-05 3.113350801088805072e-05
3.942026799999999831e+00 9.160296041555660777e-05 3.059313145044977169e-05
3.961736900000000006e+00 9.070592606493676395e-05 3.006469090025105118e-05
3.981545600000000018e+00 8.967555250434611843e-05 2.954804366513947599e-05
3.990421899999999855e+00 8.906750786507462681e-05 2.931980644696473743e-05
4.001453299999999658e+00 8.813317834510787875e-05 3.031536139512482485e-05
4.007778000000000063e+00 8.843655528937411194e-05 3.015159928338855214e-05
4.021460600000000163e+00 8.832856242658175983e-05 2.980351708533644171e-05
4.041567900000000435e+00 8.786588547952081565e-05 2.930080533372570530e-05
4.061775700000000100e+00 8.730009112183077823e-05 2.880712409542866614e-05
4.082084599999999952e+00 8.669078753253695729e-05 2.832474262252204151e-05
4.102495000000000225e+00 8.605811538356595083e-05 2.784880751030590468e-05
4.123007499999999936e+00 8.541168938474575365e-05 2.738394925052310406e-05
4.143622599999999601e+00 8.475633516169376767e-05 2.692069104558230555e-05
4.164340700000000339e+00 8.409366626724548602e-05 2.646601352396396202e-05
4.185162400000000282e+00 8.342645520114889350e-05 2.601750642533299601e-05
4.206088199999999944e+00 8.275627287463744187e-05 2.557740937469293353e-05
4.227118599999999837e+00 8.208419609109394652e-05 2.514562701358872169e-05
4.248254199999999869e+00 8.141115072032228744e-05 2.471978594080098430e-05
4.269495499999999666e+00 8.073803272388925707e-05 2.430209354017328989e-05
4.290842999999999741e+00 8.006528155253558551e-05 2.389245687864222971e-05
4.312297199999999719e+00 7.939363558706895481e-05 2.349078386031313871e-05
4.333858700000000397e+00 7.872349067200054660e-05 2.309474936751182238e-05
4.355527999999999622e+00 7.805512910874684346e-05 2.270651853247700585e-05
4.377305599999999686e+00 7.738892474527841103e-05 2.232600159483247738e-05
4.399192099999999606e+00 7.672523396952921103e-05 2.195024890688290954e-05
4.421188100000000176e+00 7.606420030528389734e-05 2.158184159793037231e-05
4.443293999999999855e+00 7.540596884928339370e-05 2.121982458182322689e-05
4.465510499999999716e+00 7.475086465949103446e-05 2.086412641377321302e-05
4.487838100000000274e+00 7.409901330953482651e-05 2.051467726399190826e-05
4.510277199999999986e+00 7.345053869644767536e-05 2.017119376569937502e-05
4.532828600000000208e+00 7.280545201391584482e-05 1.983360916956792273e-05
4.555492799999999676e+00 7.216414920550691327e-05 1.950207116205178359e-05
4.578270200000000401e+00 7.152645560296939280e-05 1.917608995575378750e-05
4.601161600000000185e+00 7.089265102156712482e-05 1.885560380762042737e-05
4.624167400000000150e+00 7.026265160936877015e-05 1.854076251977409377e-05
4.647288200000000202e+00 6.963682155122956157e-05 1.823150315680441096e-05
4.670524699999999640e+00 6.901497118318889606e-05 1.792734851145084829e-05
4.693877299999999586e+00 6.839728039937334632e-05 1.762824376196621035e-05
4.717346700000000226e+00 6.778382516461077848e-05 1.733433860022155464e-05
4.740933400000000297e+00 6.717477024057676822e-05 1.704557573115735931e-05
4.764638099999999987e+00 6.657009584508376298e-05 1.676169451049593499e-05
4.788461299999999810e+00 6.596995775405188004e-05 1.648243957641055892e-05
4.812403599999999670e+00 6.537433370873808002e-05 1.620715746026887946e-05
4.836465600000000364e+00 6.478253489718984555e-05 1.593420653584287861e-05
4.860647900000000021e+00 6.419455890364188916e-05 1.566576081698858587e-05
4.884951199999999716e+00 6.361040031076781978e-05 1.540196915900763147e-05
4.909375899999999682e+00 6.303022288467863396e-05 1.514258356364214697e-05
4.933922800000000386e+00 6.245401304738670693e-05 1.488755532884879153e-05
4.958592399999999678e+00 6.188200250910228884e-05 1.463703231606960379e-05
4.983385400000000409e+00 6.131401580218212967e-05 1.439057565500212543e-05
5.008302300000000429e+00 6.075027704521915594e-05 1.414833501747949264e-05
5.033343799999999924e+00 6.019068824065797104e-05 1.391007144985020435e-05
5.058510499999999688e+00 5.963530918468479990e-05 1.367593321134197525e-05
5.083803099999999908e+00 5.908411878626048297e-05 1.344568409662660849e-05
5.109222100000000211e+00 5.853724990710988381e-05 1.321947151485039485e-05
5.134768199999999894e+00 5.799467691020354968e-05 1.299706195576745907e-05
5.160442100000000032e+00 5.758422963455731014e-05 1.277803852196867256e-05
5.186244300000000251e+00 5.704912477634502694e-05 1.255844675695582893e-05
5.212175499999999850e+00 5.651782173962357266e-05 1.234258070627318792e-05
5.238236399999999904e+00 5.599023695540252871e-05 1.213021459227662732e-05
5.264427600000000318e+00 5.546643230106091597e-05 1.192149462899000672e-05
5.290749700000000111e+00 5.494646657338973133e-05 1.171656369907331780e-05
5.317203400000000357e+00 5.443039351596819605e-05 1.151501509099124896e-05
5.343789499999999748e+00 5.391826203926542978e-05 1.131717401791388917e-05
5.370508400000000293e+00 5.341005880627695807e-05 1.112263877652676818e-05
5.397360899999999795e+00 5.298644569209700212e-05 1.092957974768885785e-05
5.424347700000000216e+00 5.248530184819483912e-05 1.073923692621936791e-05
5.451469499999999968e+00 5.198777009977877540e-05 1.055247041814003088e-05
5.478726799999999564e+00 5.149410220912953881e-05 1.036888664478812540e-05
5.506120499999999751e+00 5.100414613758830597e-05 1.018862601131782769e-05
5.533651100000000156e+00 5.051801706233150760e-05 1.001147668086781055e-05
5.561319300000000077e+00 5.003569519212901299e-05 9.837578330673096009e-06
5.589125899999999980e+00 4.955728374750972777e-05 9.666894140195881515e-06
5.617071600000000053e+00 4.908263576969965812e-05 9.499043184315806890e-06
5.645156899999999922e+00 4.861185735482423978e-05 9.334337876778610793e-06
5.673382700000000334e+00 4.814492165550264790e-05 9.172401001017660825e-06
5.701749600000000306e+00 4.768186706698820850e-05 9.013372218312619302e-06
5.730258400000000307e+00 4.722266692932283982e-05 8.857218851311227399e-06
5.758909599999999962e+00 4.676729966015884357e-05 8.703908984000131486e-06
5.787704200000000299e+00 4.631573559050545841e-05 8.553242993651714041e-06
5.816642700000000055e+00 4.586801092916233515e-05 8.405192036438217498e-06
5.845725899999999697e+00 4.542409781888614691e-05 8.259892651293323297e-06
5.874954599999999694e+00 4.498402509631431733e-05 8.117148856826484723e-06
5.904329299999999670e+00 4.454771229340397966e-05 7.976932576928569426e-06
5.933850999999999765e+00 4.411518441509044427e-05 7.839215304065456886e-06
5.963520199999999605e+00 4.368647198638908109e-05 7.703969463334472276e-06
5.993337799999999937e+00 4.326148905079471151e-05 7.571167199800812639e-06
6.023304500000000061e+00 4.284020872971579285e-05 7.440620484016970881e-06
6.053421000000000163e+00 4.242265748260248874e-05 7.312464510568612459e-06
6.083688200000000101e+00 4.200885704533028882e-05 7.186672177950182423e-06
6.114106600000000391e+00 4.159872857709332708e-05 7.063058803075832249e-06
6.144677100000000003e+00 4.119224160722997192e-05 6.941600134441799273e-06
6.175400500000000292e+00 4.078941842474293199e-05 6.822272263058241734e-06
6.206277499999999669e+00 4.039023024026925100e-05 6.705207560532780424e-06
6.237308900000000378e+00 3.999464717842193394e-05 6.590069864887304035e-06
6.268495399999999940e+00 3.960269049604911662e-05 6.476992747825809733e-06
6.299837899999999991e+00 3.921427896778093090e-05 6.366106686911646132e-06
6.331337099999999829e+00 3.882943337399519539e-05 6.257080901678704474e-06
6.362993799999999922e+00 3.849144647902854775e-05 6.149590822253698559e-06
6.394808799999999849e+00 3.811340273058285647e-05 6.043318117058952420e-06
6.426782799999999796e+00 3.773869491769434183e-05 5.939004924730928326e-06
6.458916699999999622e+00 3.736734329408715059e-05 5.836479181619489949e-06
6.491211299999999795e+00 3.699936765146018860e-05 5.735870319447167343e-06
6.523667399999999894e+00 3.663469456300104182e-05 5.636859882599065039e-06
6.556285700000000105e+00 3.627338977875063365e-05 5.539873740767970180e-06
6.589067100000000288e+00 3.591533384238917564e-05 5.444447570174150289e-06
6.622012500000000301e+00 3.556058895774253211e-05 5.350710689687879260e-06
6.655122500000000052e+00 3.520908522080921791e-05 5.258789902253678272e-06
6.688398099999999680e+00 3.486083755521299829e-05 5.168374827375996857e-06
6.721840099999999651e+00 3.451581841322671909e-05 5.079593173086346692e-06
6.755449300000000434e+00 3.417400048210635425e-05 4.992426650637003242e-06
6.789226600000000111e+00 3.383535568385453844e-05 4.906714500608923986e-06
6.823172699999999757e+00 3.349985819161786619e-05 4.822582817332616316e-06
6.857288600000000400e+00 3.316752088880968138e-05 4.740013650886238400e-06
6.891574999999999562e+00 3.283827613725664215e-05 4.658848980879388319e-06
6.926032900000000048e+00 3.251213655230264445e-05 4.579073282011820538e-06
6.960663099999999659e+00 3.218907508652440010e-05 4.500810357108973698e-06
6.995466399999999751e+00 3.186906492527888059e-05 4.423904657295094805e-06
7.030443700000000185e+00 3.155211801664631999e-05 4.348341150215048035e-06
7.065595899999999929e+00 3.123812790525172620e-05 4.274241927114648271e-06
7.100923899999999733e+00 3.092714614125981665e-05 4.201317575289819762e-06
7.136428500000000064e+00 3.061910750626663111e-05 4.129691199440364361e-06
7.172110700000000172e+00 3.031398473620523302e-05 4.059348248192677060e-06
7.207971200000000245e+00 3.001182840219631160e-05 3.990274473332551682e-06
7.244011099999999814e+00 2.971253441273144727e-05 3.922455531003692085e-06
7.280231099999999955e+00 2.941611556831866907e-05 3.855744480831800522e-06
7.316632300000000200e+00 2.912254377028241647e-05 3.790261512000078866e-06
7.353215500000000127e+00 2.883179363498205192e-05 3.725992821680785464e-06
7.389981500000000203e+00 2.854387568031009143e-05 3.662793755246088701e-06
7.426931399999999961e+00 2.827303614972965528e-05 3.600391917917786543e-06
7.464066100000000148e+00 2.799055783082618986e-05 3.539039001889666061e-06
7.501386400000000343e+00 2.771076365948650129e-05 3.478723592863061211e-06
7.538893400000000078e+00 2.743362829360745841e-05 3.419562624552484644e-06
7.576587800000000428e+00 2.715919746911321355e-05 3.361415267777357416e-06
7.614470800000000317e+00 2.688734275545959947e-05 3.304270241762943124e-06
7.652543099999999932e+00 2.661814326789354912e-05 3.248116588724216884e-06
7.690805799999999692e+00 2.635153972207448969e-05 3.193069125584329590e-06
7.729259899999999739e+00 2.608750776873577931e-05 3.138864638132166759e-06
7.767906199999999650e+00 2.582602465087233636e-05 3.085618897203984579e-06
7.806745699999999566e+00 2.556706647966622829e-05 3.033321208477428527e-06
7.845779399999999626e+00 2.531064128246692438e-05 2.981960975701011659e-06
7.885008299999999970e+00 2.505669338618516108e-05 2.931527699686097121e-06
7.924433399999999850e+00 2.480523069880811716e-05 2.881888837508670757e-06
7.964055499999999732e+00 2.455619991575135915e-05 2.833157507448804168e-06
8.003875799999999430e+00 2.431444477470274987e-05 2.785323412349045388e-06
8.043895199999999690e+00 2.407025022381611553e-05 2.738135804973867190e-06
8.084114700000000653e+00 2.382841834539347597e-05 2.691827692284951918e-06
8.124535200000000401e+00 2.358895729278174904e-05 2.646270009630644747e-06
8.165157900000000524e+00 2.335181405342644448e-05 2.601573133327417678e-06
8.205983700000000880e+00 2.311699665683690123e-05 2.557609353827248613e-06
8.247013600000000721e+00 2.288448295402276128e-05 2.514488089375614340e-06
8.288248700000000468e+00 2.265425047851528595e-05 2.471849349858458961e-06
8.329689899999999980e+00 2.242627809912627586e-05 2.430037450276353110e-06
8.371338400000000846e+00 2.220054328252764263e-05 2.388927237514058923e-06
8.413195099999999371e+00 2.197705287951710334e-05 2.348511078343619876e-06
8.455261000000000138e+00 2.175575779315941735e-05 2.308781377820905287e-06
8.497537299999999405e+00 2.153663621336481259e-05 2.269844457334883869e-06
8.540024999999999977e+00 2.131972104308003062e-05 2.231464488567769652e-06
9.030794000000000210e+00 1.907636144509500302e-05 1.838827027351029906e-06
9.653919000000000139e+00 1.662837219086314862e-05 1.444927530321396536e-06
1.032004000000000055e+01 1.447309263850919063e-05 1.137733864716868704e-06
1.103212000000000081e+01 1.257503288998808857e-05 8.976035684374217005e-07
1.179334000000000060e+01 1.089258640491664289e-05 7.077210918122972650e-07
1.260707999999999984e+01 9.362154939049393068e-06 5.581812359948555682e-07
1.315023000000000053e+01 8.364364858487450643e-06 4.808225515791347194e-07
1.335150999999999932e+01 7.822927154773507230e-06 4.557551974431509558e-07
1.340517999999999965e+01 7.421496761315323698e-06 4.493600768792860092e-07
1.347696999999999967e+01 7.646975874359864651e-06 1.097522409841021502e-06
1.348568999999999996e+01 7.666806715682244298e-06 1.094874907716492063e-06
1.368697000000000052e+01 7.729371007771389967e-06 1.037121955623804094e-06
1.440687999999999924e+01 7.191969728100843731e-06 8.587254561646467355e-07
1.540094999999999992e+01 6.282257958479932400e-06 6.713842987319334989e-07
1.563254000000000055e+01 6.001166084550454134e-06 6.354336992533186934e-07
1.569538999999999973e+01 5.829892938063274503e-06 6.261058153562453805e-07
1.578965999999999958e+01 5.885282236513235626e-06 8.543227758002451211e-07
1.602532000000000068e+01 5.817668144423428242e-06 8.095073011137267237e-07
1.605975000000000108e+01 5.799226190173140972e-06 8.031311885511903195e-07
1.630555999999999983e+01 5.629242766097599109e-06 7.597413832737959752e-07
1.637111000000000161e+01 5.536907121816981256e-06 7.487179379952979958e-07
1.646361999999999881e+01 5.543403024443218571e-06 8.467458760237517080e-07
1.646943999999999875e+01 5.543006615851579057e-06 8.456826573984641933e-07
1.671525000000000105e+01 5.461109402960362691e-06 8.029042973077683556e-07
1.759960999999999842e+01 5.035444666090621648e-06 6.698378852868247571e-07
1.881398000000000081e+01 4.471957506374148358e-06 5.285478935179901724e-07
2.011214999999999975e+01 3.948756533755755803e-06 4.171101830470697098e-07
2.149988000000000099e+01 3.476178274459782641e-06 3.290885294725766765e-07
2.298338000000000036e+01 3.054111001371752703e-06 2.596491536566790447e-07
2.456923000000000101e+01 2.679817676075913963e-06 2.050081869975684019e-07
2.626450000000000173e+01 2.349440756009031849e-06 1.619996249866434395e-07
2.807676000000000016e+01 2.060261269129676931e-06 1.271603776407489780e-07
3.001405000000000101e+01 1.803677207878521815e-06 9.966522729186767712e-08
3.208502000000000010e+01 1.578959890019283787e-06 7.817616497503760918e-08
3.429889000000000010e+01 1.381626327310584676e-06 6.119343383202976350e-08
3.666550999999999760e+01 1.208188481680862411e-06 4.791728640456428022e-08
3.919543000000000177e+01 1.056313831493044790e-06 3.756439048119504649e-08
4.189992000000000161e+01 9.234107392530196623e-07 2.948485964070584636e-08
4.479100999999999999e+01 8.071568639071551196e-07 2.317132738785106067e-08
4.788159000000000276e+01 7.054936827181989336e-07 1.823362700432270682e-08
5.118542000000000058e+01 6.166023671509436659e-07 1.436703166616290225e-08
5.471721000000000146e+01 5.388812256022758044e-07 1.133577272126614360e-08
5.849269999999999925e+01 4.709255592771970173e-07 8.954502396964869175e-09
6.252870000000000061e+01 4.114908331602437493e-07 7.070239534776820338e-09
6.684318000000000382e+01 3.594911062948935546e-07 5.592463001854153535e-09
7.145535999999999888e+01 3.139685372595230982e-07 4.424999217951983688e-09
7.638577999999999690e+01 2.740508166839813723e-07 3.497085832098743952e-09
8.165640000000000498e+01 2.388997530693217116e-07 2.762978511417409225e-09
8.729068999999999789e+01 2.072731257484138369e-07 2.176817809272315878e-09
8.871537999999999613e+01 1.996354846814558030e-07 2.055234295671917105e-09
9.007326999999999373e+01 1.911742173136109922e-07 1.947527446498332511e-09
9.043537999999999499e+01 1.866940387841961749e-07 1.920143742668231190e-09
9.097853000000000634e+01 1.875120612161957644e-07 7.620359069504618624e-09
9.233642000000000394e+01 1.846185354513571770e-07 7.236596227190099274e-09
9.331373999999999569e+01 1.815771344410664090e-07 6.975552525217551755e-09
9.975239000000000544e+01 1.608570792339352446e-07 5.522607192063818019e-09
1.066353000000000009e+02 1.415121655715928079e-07 4.368852664493466073e-09
1.139930999999999983e+02 1.242228463753245181e-07 3.454043819434267867e-09
1.218586999999999989e+02 1.089252806178376381e-07 2.731817036864672628e-09
1.302668999999999926e+02 9.544921618663335954e-08 2.161176893802476667e-09
1.392553000000000054e+02 8.360199434030242282e-08 1.708979818664140173e-09
1.488640000000000043e+02 7.320170208981360357e-08 1.352771274783539310e-09
1.591356000000000108e+02 6.408090251614606948e-08 1.072163846989816891e-09
1.701159000000000106e+02 5.608759911903767624e-08 8.510480573310273224e-10
1.818539000000000101e+02 4.908555011321774148e-08 6.765762177295973258e-10
1.944018000000000086e+02 4.295409709305454643e-08 5.388561447012803997e-10
2.078155999999999892e+02 3.758607426183088095e-08 4.299702516369600252e-10
2.221547999999999945e+02 3.288748480278750367e-08 3.438926302927050658e-10
2.374834999999999923e+02 2.877533721800168968e-08 2.757513178747940159e-10
2.538699000000000012e+02 2.517681125909042503e-08 2.217448708803001950e-10
2.713869000000000256e+02 2.202802110479675310e-08 1.788647828396311262e-10
2.901125999999999863e+02 1.927289769088850504e-08 1.447566462183282631e-10
3.101304000000000087e+02 1.686232354196235427e-08 1.175740096408577870e-10
3.315294000000000096e+02 1.475327401482212811e-08 9.586650359967026388e-11
3.544048999999999978e+02 1.290804609110529575e-08 7.848147797016737920e-11
3.788587999999999738e+02 1.129365976581564532e-08 6.452527257970513705e-11
4.050000999999999749e+02 9.881248817556115239e-09 5.328644733883901061e-11
4.329451000000000249e+02 8.645531099295853781e-09 4.420436950991473415e-11
