1.000000000000000000e+00 2.497952406350517911e-04 3.202556545873649462e-05
1.298597194388777520e+00 1.488376503670415239e-04 1.448331747760715287e-05
1.597194388777555041e+00 9.818448683306215178e-05 6.649227800712855997e-06
1.895791583166332783e+00 6.943064087456022552e-05 3.503794481631646881e-06
2.194388777555110082e+00 5.163118107502532255e-05 2.019081497457939445e-06
2.492985971943888046e+00 3.986572149116059691e-05 1.250430856130411776e-06
2.791583166332665567e+00 3.170628953361509164e-05 8.081339217442394177e-07
3.090180360721443087e+00 2.582939942205017591e-05 5.537182124349756485e-07
3.388777555110220607e+00 2.143750577643968965e-05 3.846262714536876776e-07
3.687374749498998128e+00 1.807478841959548932e-05 2.806951194169074409e-07
3.985971943887775648e+00 1.544803059019386927e-05 2.056609987012264928e-07
4.284569138276553169e+00 1.335353868074905394e-05 1.541367635292276277e-07
4.583166332665331133e+00 1.165754758103916882e-05 1.179386764562061195e-07
4.881763527054108209e+00 1.026527628405207108e-05 9.189659716863093179e-08
5.180360721442886174e+00 9.108323188596322570e-06 7.271674946379501246e-08
5.478957915831663250e+00 8.136521941019358742e-06 5.827463882433058602e-08
5.777555110220441215e+00 7.312348495396744841e-06 4.717786618859096353e-08
6.076152304609219179e+00 6.607316164179405829e-06 3.849854226843424273e-08
6.374749498997996255e+00 5.999650220999125095e-06 3.196003984844156851e-08
6.673346693386774220e+00 5.472081018215500483e-06 2.673095864133539276e-08
6.971943887775551296e+00 5.011071622600821591e-06 2.241633194151551527e-08
7.270541082164329261e+00 4.606224192321756187e-06 1.955601048164195873e-08
7.569138276553106337e+00 4.248652378603834880e-06 1.671784231848237693e-08
7.867735470941884302e+00 3.931098205361433713e-06 1.431450430026815403e-08
8.166332665330662266e+00 3.647897208485484429e-06 1.244010156143683672e-08
8.464929859719440230e+00 3.394189883394102706e-06 1.075934732823823430e-08
8.763527054108216419e+00 3.166118633392830371e-06 9.454165046079347851e-09
9.062124248496994383e+00 2.960252057444959852e-06 8.255557892963964620e-09
9.360721442885772348e+00 2.773873018816887453e-06 7.303243876118686190e-09
9.659318637274550312e+00 2.604527377728980169e-06 6.412611363288354891e-09
9.957915831663326500e+00 2.450263807443957673e-06 5.723081869374411892e-09
1.025651302605210446e+01 2.309288000082376653e-06 5.073700829775894170e-09
1.055511022044088243e+01 2.180156858254142806e-06 4.547089694092365988e-09
1.085370741482966039e+01 2.061554925314495451e-06 4.072063233321778477e-09
1.115230460921843836e+01 1.952375414002437023e-06 3.655319637258466814e-09
1.145090180360721455e+01 1.851654671984927361e-06 3.307797875001686867e-09
1.174949899799599251e+01 1.758520649980221280e-06 2.977939678351675930e-09
1.204809619238477048e+01 1.672256246359630451e-06 2.713438982312055937e-09
1.234669338677354844e+01 1.592183118612761357e-06 2.469961555430990483e-09
1.264529058116232463e+01 1.517721974757114022e-06 2.243305672360750851e-09
1.294388777555110259e+01 1.448377186515789926e-06 2.062543449717335487e-09
1.324248496993988056e+01 1.383673032081517592e-06 1.889933034329934365e-09
1.354108216432865852e+01 1.323208833602649175e-06 1.731266161732331699e-09
1.383967935871743649e+01 1.266633108594312943e-06 1.602101466202192550e-09
1.413827655310621267e+01 1.213605958000112577e-06 1.478392628824851005e-09
1.443687374749499064e+01 1.163838086444934618e-06 1.361905302632022592e-09
1.473547094188376860e+01 1.117077863105163294e-06 1.268600712253020788e-09
1.503406813627254657e+01 1.073077429021341116e-06 1.179002435914667322e-09
1.533266533066132453e+01 1.031623855296497772e-06 1.092893936905921315e-09
1.563126252505010072e+01 9.925319191164044365e-07 1.021460132245180423e-09
1.592985971943887868e+01 9.556207711153028572e-07 9.560165145544446004e-10
1.622845691382765665e+01 9.207291987140598545e-07 8.929811702734198907e-10
1.652705410821643284e+01 8.877141319247751162e-07 8.344796275788562054e-10
1.682565130260520903e+01 8.564476166601755771e-07 7.862697315711651070e-10
1.712424849699398877e+01 8.268030540233814241e-07 7.397411168987910025e-10
1.742284569138276495e+01 7.986701901474896568e-07 6.948073408705819960e-10
1.772144288577154470e+01 7.719502350311369106e-07 6.544650940473735009e-10
1.802004008016032088e+01 7.465512085594644272e-07 6.198506180265766590e-10
1.831863727454910062e+01 7.223845123891468376e-07 5.863645867989307688e-10
1.861723446893787681e+01 6.993717094129867959e-07 5.539527038281030226e-10
1.891583166332665300e+01 6.774419176436782059e-07 5.243923553597984736e-10
1.921442885771543274e+01 6.565295613014228804e-07 4.992274907570820475e-10
1.951302605210420893e+01 6.365701860710938327e-07 4.748327945482873638e-10
1.981162324649298867e+01 6.175067651080646683e-07 4.511734432181307408e-10
2.011022044088176486e+01 5.992864739925765859e-07 4.282166814939920929e-10
2.040881763527054105e+01 5.818633205899916110e-07 4.096892662730481703e-10
2.070741482965932079e+01 5.651886747029663028e-07 3.917202624342950263e-10
2.100601202404809698e+01 5.492202554865661808e-07 3.742621117861496034e-10
2.130460921843687672e+01 5.339187430734964124e-07 3.572933345641301856e-10
2.160320641282565290e+01 5.192482729992715810e-07 3.417331841171340949e-10
2.190180360721442909e+01 5.051752971847503937e-07 3.283486976663235289e-10
2.220040080160320883e+01 4.916664914168347447e-07 3.153242560758074108e-10
2.249899799599198502e+01 4.786921016885799811e-07 3.026455242558421144e-10
2.279759519038076476e+01 4.662243098524496855e-07 2.902989181463505107e-10
2.309619238476954095e+01 4.542377302235421533e-07 2.790015022972956597e-10
2.339478957915831714e+01 4.427083400322569588e-07 2.691792404959835137e-10
2.369338677354709688e+01 4.316121985621933074e-07 2.596045498709202912e-10
2.399198396793587307e+01 4.209278697312250644e-07 2.502681868274031034e-10
2.429058116232464926e+01 4.106352269385707622e-07 2.411613622862346535e-10
2.458917835671342900e+01 4.007154416294337137e-07 2.323680541148880417e-10
2.488777555110220518e+01 3.911517793328475258e-07 2.250601230508343807e-10
2.518637274549098493e+01 3.819263133238389586e-07 2.179254704286240291e-10
2.548496993987976111e+01 3.730232851438977614e-07 2.109580055457720294e-10
2.578356713426853730e+01 3.644278435625279728e-07 2.041519198433249456e-10
2.608216432865731704e+01 3.561259826167359481e-07 1.975016707555015974e-10
2.638076152304609323e+01 3.481047970528084121e-07 1.913630206838657139e-10
2.667935871743487297e+01 3.403519574422534831e-07 1.859216909797992831e-10
2.697795591182364916e+01 3.328551689103315331e-07 1.806008126389636570e-10
2.727655310621242535e+01 3.256032800023869295e-07 1.753964299079706805e-10
2.757515030060120509e+01 3.185857397778377117e-07 1.703047583727506056e-10
2.787374749498998128e+01 3.117925594189828156e-07 1.653221757811999164e-10
2.817234468937876102e+01 3.052144884316585176e-07 1.606722802384062452e-10
2.847094188376753721e+01 2.988427779412808835e-07 1.565971285985394680e-10
2.876953907815631339e+01 2.926684641761266043e-07 1.526065684318322881e-10
2.906813627254509314e+01 2.866834773691905168e-07 1.486979928862681320e-10
2.936673346693386932e+01 2.808801559393482005e-07 1.448689011343833408e-10
2.966533066132264906e+01 2.752512219638123889e-07 1.411168930373023909e-10
2.996392785571142525e+01 2.697897583529932034e-07 1.374396641278171688e-10
3.026252505010020144e+01 2.644895559832075044e-07 1.342628789671293657e-10
3.056112224448898118e+01 2.593440472584494535e-07 1.312336391583160709e-10
3.085971943887775737e+01 2.543472006734206857e-07 1.282630209134371619e-10
3.115831663326653356e+01 2.494933445355751737e-07 1.253493388813814198e-10
3.145691382765531330e+01 2.447770750668021826e-07 1.224909717021989276e-10
3.175551102204408949e+01 2.401932413592840458e-07 1.196863589985558210e-10
3.205410821643286567e+01 2.357369313077655069e-07 1.169339985353432254e-10
3.235270541082164186e+01 2.314037967938869501e-07 1.145609472695919785e-10
3.265130260521041805e+01 2.271890523597871841e-07 1.122688873085946823e-10
3.294989979959920134e+01 2.230883873795835413e-07 1.100183693661095515e-10
3.324849699398797753e+01 2.190977219494140194e-07 1.078082742038582864e-10
3.354709418837675372e+01 2.152131569337669965e-07 1.056375224321896053e-10
3.384569138276552991e+01 2.114309644389198051e-07 1.035050727522939985e-10
3.414428857715431320e+01 2.077475788670014773e-07 1.014099202906522883e-10
3.444288577154308939e+01 2.041597070036817005e-07 9.947740666942602891e-11
3.474148296593186558e+01 2.006640856237102954e-07 9.771256154026181419e-11
3.504008016032064177e+01 1.972574584320565223e-07 9.597779498407389220e-11
3.533867735470941795e+01 1.939368301356764307e-07 9.427234454639253525e-11
3.563727454909820125e+01 1.906993304027359878e-07 9.259547332652750427e-11
3.593587174348697744e+01 1.875422076585495968e-07 9.094646891591527213e-11
3.623446893787575362e+01 1.844628232379185006e-07 8.932464238895775872e-11
3.653306613226452981e+01 1.814586458706650273e-07 8.772932734335157928e-11
3.683166332665330600e+01 1.785273472468203807e-07 8.626392260391445506e-11
3.713026052104208929e+01 1.756665706104475222e-07 8.490435521345756211e-11
3.742885771543086548e+01 1.728739953739734356e-07 8.356648033691386798e-11
3.772745490981964167e+01 1.701474708446632724e-07 8.224978291246884401e-11
3.802605210420841786e+01 1.674849304405568225e-07 8.095376405627069677e-11
3.832464929859719405e+01 1.648843877738105061e-07 7.967794043219698741e-11
3.862324649298597734e+01 1.623439329451762255e-07 7.842184365085522264e-11
3.892184368737475353e+01 1.598617290367093247e-07 7.718501969624813941e-11
3.922044088176352972e+01 1.574360205738374528e-07 7.597819427079160660e-11
3.951903807615230590e+01 1.550652216269435063e-07 7.491082324398390726e-11
3.981763527054108209e+01 1.527475642510940158e-07 7.385946090236369416e-11
4.011623246492986539e+01 1.504814720789973905e-07 7.282374977354203362e-11
4.041482965931864157e+01 1.482654267625322469e-07 7.180334294959417033e-11
4.071342685370741776e+01 1.460979654289901803e-07 7.079790369965377845e-11
4.101202404809619395e+01 1.439776782664883084e-07 6.980710509943157365e-11
4.131062124248497014e+01 1.419032062311090781e-07 6.883062967680060309e-11
4.160921843687375343e+01 1.398732388688046463e-07 6.786816907264212597e-11
4.190781563126252962e+01 1.378865150635865881e-07 6.692196483911595922e-11
4.220641282565130581e+01 1.359419148280156213e-07 6.608204603494192947e-11
4.250501002004008200e+01 1.340381563078256786e-07 6.525392807016647441e-11
4.280360721442885819e+01 1.321741037951361709e-07 6.443736397745917592e-11
4.310220440881764148e+01 1.303486607852783515e-07 6.363211363310717662e-11
4.340080160320641767e+01 1.285607683640544838e-07 6.283794352159520903e-11
4.369939879759519386e+01 1.268094036718715765e-07 6.205462650983705167e-11
4.399799599198397004e+01 1.250935784405896398e-07 6.128194163060011556e-11
4.429659318637274623e+01 1.234123375991778175e-07 6.051967387468984742e-11
4.459519038076152952e+01 1.217647579445038582e-07 5.976761399148264716e-11
4.489378757515030571e+01 1.201499689132497118e-07 5.904906178681896766e-11
4.519238476953908190e+01 1.185671261120787769e-07 5.838448963546954660e-11
4.549098196392785809e+01 1.170153520615527715e-07 5.772864182337569286e-11
4.578957915831663428e+01 1.154938389722337836e-07 5.708134767437451735e-11
4.608817635270541047e+01 1.140018051378711539e-07 5.644244093542648934e-11
4.638677354709419376e+01 1.125384939312389012e-07 5.581175963425468032e-11
4.668537074148296995e+01 1.111031728447874506e-07 5.518914594244709647e-11
4.698396793587174614e+01 1.096951325738378156e-07 5.457444604377919275e-11
4.728256513026052232e+01 1.083136861401755739e-07 5.396751000752553344e-11
4.758116232464929851e+01 1.069581680540244607e-07 5.336819166654224259e-11
4.787975951903808181e+01 1.056279335124880002e-07 5.277634849991072884e-11
4.817835671342685799e+01 1.043224238431594377e-07 5.224061682188528552e-11
4.847695390781563418e+01 1.030409659157829139e-07 5.171178389435870641e-11
4.877555110220441037e+01 1.017829721484470867e-07 5.118942585127288510e-11
4.907414829659318656e+01 1.005478731820399112e-07 5.067342450113212647e-11
4.937274549098196985e+01 9.933511682245758962e-08 5.016366451164171097e-11
4.967134268537074604e+01 9.814416742334441231e-08 4.966003332376782914e-11
4.996993987975952223e+01 9.697450529457457790e-08 4.916242106887919049e-11
5.026853707414829842e+01 9.582562613525659716e-08 4.867072048884133104e-11
5.056713426853707460e+01 9.469704049010466221e-08 4.818482685894221801e-11
5.086573146292585790e+01 9.358827322808351475e-08 4.770463791353251263e-11
5.116432865731463409e+01 9.249886304228943608e-08 4.723005377426953251e-11
5.146292585170341027e+01 9.142839093213219192e-08 4.679416631987271554e-11
5.176152304609218646e+01 9.037639436616769893e-08 4.636581583491487242e-11
5.206012024048096265e+01 8.934244849858188744e-08 4.594237906327280463e-11
5.235871743486974594e+01 8.832614272708469616e-08 4.552377193751236077e-11
5.265731462925852213e+01 8.732707805824819602e-08 4.510991229704180594e-11
5.295591182364729832e+01 8.634486671586637511e-08 4.470071983435214529e-11
5.325450901803607451e+01 8.537913176464418178e-08 4.429611604306618136e-11
5.355310621242485070e+01 8.442950674853229679e-08 4.389602416772536796e-11
5.385170340681363399e+01 8.349563534306107045e-08 4.350036915524745920e-11
5.415030060120241018e+01 8.257717102105674651e-08 4.310907760798988390e-11
5.444889779559118637e+01 8.167377673115513634e-08 4.272207773835772486e-11
5.474749498997996255e+01 8.078512752563427859e-08 4.234193387746001426e-11
5.504609218436873874e+01 7.991092712782457069e-08 4.198912860110027586e-11
5.534468937875752204e+01 7.905083881246504851e-08 4.164013025425335660e-11
5.564328657314629822e+01 7.820456046841601911e-08 4.129487754982379118e-11
5.594188376753507441e+01 7.737179802588160261e-08 4.095331050922803297e-11
5.624048096192385060e+01 7.655226520092597379e-08 4.061537042765797352e-11
5.653907815631262679e+01 7.574568324941031739e-08 4.028099984044537491e-11
5.683767535070141008e+01 7.495178072995416509e-08 3.995014249048650195e-11
5.713627254509018627e+01 7.417029327554575940e-08 3.962274329668796069e-11
5.743486973947896246e+01 7.340096337344265989e-08 3.929874832339717901e-11
5.773346693386773865e+01 7.264354015301954343e-08 3.897810475078121110e-11
5.803206412825651483e+01 7.189777918123814950e-08 3.866076084612020328e-11
5.833066132264529813e+01 7.116344226542705364e-08 3.834666593598245346e-11
5.862925851703407432e+01 7.044030829782969458e-08 3.804445174453905510e-11
5.892785571142285050e+01 6.972815270611544698e-08 3.775554929640348999e-11
5.922645290581162669e+01 6.902674168709604069e-08 3.746955992025633052e-11
5.952505010020040288e+01 6.833586018423677876e-08 3.718643977732100447e-11
5.982364729458917907e+01 6.765529849469721990e-08 3.690614590406928258e-11
6.012224448897796236e+01 6.698485211019238859e-08 3.662863619048653271e-11
6.042084168336673855e+01 6.632432156334573658e-08 3.635386935898167098e-11
6.071943887775551474e+01 6.567351227931780928e-08 3.608180494391919138e-11
6.101803607214429093e+01 6.503223443250531770e-08 3.581240327175242654e-11
6.131663326653306711e+01 6.440030280811308492e-08 3.554562544173704979e-11
6.161523046092185041e+01 6.377753666841013780e-08 3.528143330720545090e-11
6.191382765531062660e+01 6.316375962349073012e-08 3.501978945738305089e-11
6.221242484969940278e+01 6.255879950636643049e-08 3.476065719972811873e-11
6.251102204408817897e+01 6.196248825222492414e-08 3.450400054277786781e-11
6.280961923847695516e+01 6.137467479857110925e-08 3.426286833907632679e-11
6.310821643286573845e+01 6.079518648736058528e-08 3.402483745130351546e-11
6.340681362725451464e+01 6.022386605373962231e-08 3.378904844736623634e-11
6.370541082164329083e+01 5.966056071751349601e-08 3.355546980308712254e-11
6.400400801603205991e+01 5.910512125401812773e-08 3.332407058256639809e-11
6.430260521042083610e+01 5.855740189528638763e-08 3.309482042452315499e-11
6.460120240480962650e+01 5.801726023440539591e-08 3.286768952901546609e-11
6.489979959919840269e+01 5.748455713294651546e-08 3.264264864452714576e-11
6.519839679358717888e+01 5.695915663135636660e-08 3.241966905540911900e-11
6.549699398797595506e+01 5.644092586220107879e-08 3.219872256966463276e-11
6.579559118236473125e+01 5.592973496616025632e-08 3.197978150706682585e-11
6.609418837675350744e+01 5.542545701067152831e-08 3.176281868759852437e-11
6.639278557114228363e+01 5.492796791113051116e-08 3.154780742020390379e-11
6.669138276553105982e+01 5.443714635455521334e-08 3.133472149184243371e-11
6.698997995991985022e+01 5.395287773195620639e-08 3.112864475992755801e-11
6.728857715430862640e+01 5.347504608275021096e-08 3.092965707936623412e-11
6.758717434869740259e+01 5.300353379713576765e-08 3.073242763662758900e-11
6.788577154308617878e+01 5.253822993435281333e-08 3.053693323075791525e-11
6.818436873747495497e+01 5.207902597753181020e-08 3.034315106721566117e-11
6.848296593186373116e+01 5.162581577042058315e-08 3.015105874901143460e-11
6.878156312625250735e+01 5.117849545602941546e-08 2.996063426807847351e-11
6.908016032064128353e+01 5.073696341712922094e-08 2.977185599686726956e-11
6.937875751503005972e+01 5.030112021853769011e-08 2.958470268015695178e-11
6.967735470941883591e+01 4.987086855113362851e-08 2.939915342707743336e-11
6.997595190380762631e+01 4.944611317753973146e-08 2.921518770333573620e-11
7.027454909819640250e+01 4.902676087941761993e-08 2.903278532364043501e-11
7.057314629258517868e+01 4.861272040632021920e-08 2.885192644431851461e-11
7.087174348697395487e+01 4.820390242605006952e-08 2.867259155611884037e-11
7.117034068136273106e+01 4.780021947647172101e-08 2.849476147719672321e-11
7.146893787575150725e+01 4.740158644499436739e-08 2.831877172583536830e-11
7.176753507014028344e+01 4.700792989091633491e-08 2.815165441695849788e-11
7.206613226452905963e+01 4.661915655067220488e-08 2.798592196829254498e-11
7.236472945891783581e+01 4.623518599145602150e-08 2.782155723687119902e-11
7.266332665330661200e+01 4.585593942969736656e-08 2.765854336151215907e-11
7.296192384769540240e+01 4.548133969064720068e-08 2.749686375705120033e-11
7.326052104208417859e+01 4.511131116911440539e-08 2.733650210871708425e-11
7.355911823647295478e+01 4.474577979131552512e-08 2.717744236664363194e-11
7.385771543086173097e+01 4.438467297780239159e-08 2.701966874051477667e-11
7.415631262525050715e+01 4.402791960743194956e-08 2.686316569433906676e-11
7.445490981963928334e+01 4.367544998234618250e-08 2.670791794134990979e-11
7.475350701402805953e+01 4.332719579392885926e-08 2.655391043902804225e-11
7.505210420841683572e+01 4.298309008970862819e-08 2.640112838424273853e-11
7.535070140280561191e+01 4.264306724117827677e-08 2.624955720850865391e-11
7.564929859719438809e+01 4.230706291250165519e-08 2.609918257335495722e-11
7.594789579158317849e+01 4.197501403007968330e-08 2.594999036580363858e-11
7.624649298597195468e+01 4.164685875294957331e-08 2.580196669395424543e-11
7.654509018036073087e+01 4.132253882154312238e-08 2.565824942078621445e-11
7.684368737474950706e+01 4.100199442273539366e-08 2.551839377806822013e-11
7.714228456913828325e+01 4.068516514997360191e-08 2.537962082308156513e-11
7.744088176352705943e+01 4.037199381377296795e-08 2.524191803191722963e-11
7.773947895791583562e+01 4.006242432086831723e-08 2.510527307308344542e-11
7.803807615230461181e+01 3.975640164909572807e-08 2.496967380382447071e-11
7.833667334669338800e+01 3.945387182294257488e-08 2.483510826652352100e-11
7.863527054108216419e+01 3.915478188974647809e-08 2.470156468518771019e-11
7.893386773547094037e+01 3.885907989652326864e-08 2.456903146201269531e-11
7.923246492985973077e+01 3.856671486740519343e-08 2.443749717402512767e-11
7.953106212424850696e+01 3.827763678167084601e-08 2.430695056980062325e-11
7.982965931863728315e+01 3.799179655234915405e-08 2.417738056625538104e-11
8.012825651302605934e+01 3.770914600538070129e-08 2.404877624550966933e-11
8.042685370741483553e+01 3.742963785931954240e-08 2.392112685182106000e-11
8.072545090180361171e+01 3.715322570555931815e-08 2.379442178858573082e-11
8.102404809619238790e+01 3.687986398906915200e-08 2.366865061540614568e-11
8.132264529058116409e+01 3.660950798962302940e-08 2.354380304522330666e-11
8.162124248496994028e+01 3.634211380350960358e-08 2.341986894151187832e-11
8.191983967935871647e+01 3.607764286391946117e-08 2.330086350497737247e-11
8.221843687374750687e+01 3.581604884438875191e-08 2.318325769892209096e-11
8.251703406813628305e+01 3.555728957672193818e-08 2.306650303261336474e-11
8.281563126252505924e+01 3.530132425066791647e-08 2.295059029953054635e-11
8.311422845691383543e+01 3.504811278773869529e-08 2.283551042545476612e-11
8.341282565130261162e+01 3.479761582552065099e-08 2.272125446610100811e-11
8.371142284569138781e+01 3.454979470237633844e-08 2.260781360480067641e-11
8.401002004008016399e+01 3.430461144252641442e-08 2.249517915023366943e-11
8.430861723446894018e+01 3.406202874150078797e-08 2.238334253420863105e-11
8.460721442885771637e+01 3.382200995194849580e-08 2.227229530949023795e-11
8.490581162324649256e+01 3.358451906979629059e-08 2.216202914767229855e-11
8.520440881763528296e+01 3.334952072074626740e-08 2.205253583709554551e-11
8.550300601202405915e+01 3.311698014710289997e-08 2.194380728080914608e-11
8.580160320641283533e+01 3.288686319492035468e-08 2.183583549457466353e-11
8.610020040080161152e+01 3.265913630146150598e-08 2.172861260491168794e-11
8.639879759519038771e+01 3.243376648295958089e-08 2.162213084718384681e-11
8.669739478957916390e+01 3.221072132267449814e-08 2.151638256372448814e-11
8.699599198396794009e+01 3.198996895923561029e-08 2.141136020200088232e-11
8.729458917835671627e+01 3.177147809512971502e-08 2.130710111086580473e-11
8.759318637274549246e+01 3.155521941701069214e-08 2.120692711223236339e-11
8.789178356713426865e+01 3.134116115090703674e-08 2.110743376140760461e-11
8.819038076152305905e+01 3.112927354612568192e-08 2.100861414472843617e-11
8.848897795591183524e+01 3.091952735308252062e-08 2.091046144184968458e-11
8.878757515030061143e+01 3.071189381320789051e-08 2.081296892417479455e-11
8.908617234468938761e+01 3.050634464908847361e-08 2.071612995331836192e-11
8.938476953907816380e+01 3.030285205483934416e-08 2.061993797959923359e-11
8.968336673346693999e+01 3.010138868670003673e-08 2.052438654056388342e-11
8.998196392785571618e+01 2.990192765384863278e-08 2.042946925953909182e-11
9.028056112224449237e+01 2.970444250942830018e-08 2.033517984421343430e-11
9.057915831663326856e+01 2.950890724178047578e-08 2.024151208524668432e-11
9.087775551102204474e+01 2.931529626587926455e-08 2.014845985490683607e-11
9.117635270541082093e+01 2.912358441496209566e-08 2.005601710573367789e-11
9.147494989979961133e+01 2.893374693235108001e-08 1.996417786922874496e-11
9.177354709418838752e+01 2.874575946346052651e-08 1.987293625457070138e-11
9.207214428857716371e+01 2.855959804798544535e-08 1.978228644735580578e-11
9.237074148296593989e+01 2.837523911226665778e-08 1.969222270836277561e-11
9.266933867735471608e+01 2.819265946182771119e-08 1.960273937234150066e-11
9.296793587174349227e+01 2.801183627407943397e-08 1.951383084682514707e-11
9.326653306613226846e+01 2.783274709118767661e-08 1.942549161096509608e-11
9.356513026052104465e+01 2.765537272176952413e-08 1.934010416876898814e-11
9.386372745490982084e+01 2.747968901384415004e-08 1.925570698366921231e-11
9.416232464929859702e+01 2.730567401354219577e-08 1.917184506068788166e-11
9.446092184368738742e+01 2.713330665446363680e-08 1.908851332382859524e-11
9.475951903807616361e+01 2.696256620159884946e-08 1.900570676107491680e-11
9.505811623246493980e+01 2.679343224509249302e-08 1.892342042338555711e-11
9.535671342685371599e+01 2.662588469414416441e-08 1.884164942370833593e-11
9.565531062124249218e+01 2.645990377104181872e-08 1.876038893601266826e-11
9.595390781563126836e+01 2.629547000532517287e-08 1.867963419434013222e-11
9.625250501002004455e+01 2.613256422807557195e-08 1.859938049187264043e-11
9.655110220440882074e+01 2.597116756632928750e-08 1.851962318001797569e-11
9.684969939879759693e+01 2.581126143761117380e-08 1.844035766751218688e-11
9.714829659318637312e+01 2.565282754458584673e-08 1.836157941953859319e-11
9.744689378757516351e+01 2.549584786982325180e-08 1.828328395686289568e-11
9.774549098196393970e+01 2.534030467067622571e-08 1.820546685498427995e-11
9.804408817635271589e+01 2.518618047426687202e-08 1.812812374330188303e-11
9.834268537074149208e+01 2.503345807257942791e-08 1.805125030429654374e-11
9.864128256513026827e+01 2.488212051765700175e-08 1.797484227272739384e-11
9.893987975951904446e+01 2.473215111689952779e-08 1.789889543484294097e-11
9.923847695390782064e+01 2.458353342846069792e-08 1.782340562760649799e-11
9.953707414829659683e+01 2.443625125674137915e-08 1.774836873793547415e-11
9.983567134268537302e+01 2.429028904435987374e-08 1.767438362873997611e-11
1.001342685370741492e+02 2.414563169266884383e-08 1.760239392255127470e-11
1.004328657314629396e+02 2.400226268796188651e-08 1.753083228189941295e-11
1.007314629258517158e+02 2.386016677663665432e-08 1.745969490005415963e-11
1.010300601202404920e+02 2.371932893017064468e-08 1.738897801528888159e-11
1.013286573146292682e+02 2.357973434114744417e-08 1.731867791021745193e-11
1.016272545090180444e+02 2.344136841936456903e-08 1.724879091114285488e-11
1.019258517034068205e+02 2.330421678802105265e-08 1.717931338741723243e-11
1.022244488977955967e+02 2.316826527998279457e-08 1.711024175081315591e-11
1.025230460921843729e+02 2.303349993412398693e-08 1.704157245490589013e-11
1.028216432865731491e+02 2.289990699174283502e-08 1.697330199446640437e-11
1.031202404809619253e+02 2.276747289304970905e-08 1.690542690486490406e-11
1.034188376753507015e+02 2.263618427372634412e-08 1.683794376148480240e-11
1.037174348697394919e+02 2.250602796155411303e-08 1.677084917914666984e-11
1.040160320641282681e+02 2.237699097311006847e-08 1.670413981154221961e-11
1.043146292585170443e+02 2.224906051052902717e-08 1.663781235067794147e-11
1.046132264529058205e+02 2.212222395833029003e-08 1.657186352632830630e-11
1.049118236472945966e+02 2.199646888030746946e-08 1.650629010549830224e-11
1.052104208416833728e+02 2.187178301648010055e-08 1.644108889189511184e-11
1.055090180360721490e+02 2.174815428010538162e-08 1.637625672540873634e-11
1.058076152304609252e+02 2.162557075474904825e-08 1.631179048160149601e-11
1.061062124248497014e+02 2.150402069141377938e-08 1.624768707120605750e-11
1.064048096192384776e+02 2.138349250572392784e-08 1.618394343963195924e-11
1.067034068136272680e+02 2.126397508129641207e-08 1.612096738314908796e-11
1.070020040080160442e+02 2.114545787547843304e-08 1.605972923150936397e-11
1.073006012024048204e+02 2.102792873975344348e-08 1.599883190816070289e-11
1.075991983967935965e+02 2.091137672134800670e-08 1.593827257561808887e-11
1.078977955911823727e+02 2.079579101883326733e-08 1.587804842780639247e-11
1.081963927855711489e+02 2.068116097962244538e-08 1.581815668962699582e-11
1.084949899799599251e+02 2.056747609751630025e-08 1.575859461653151032e-11
1.087935871743487013e+02 2.045472601029585309e-08 1.569935949410250594e-11
1.090921843687374775e+02 2.034290049736098477e-08 1.564044863764121007e-11
1.093907815631262537e+02 2.023198947741426061e-08 1.558185939176185308e-11
1.096893787575150441e+02 2.012198300618873803e-08 1.552358912999268930e-11
1.099879759519038203e+02 2.001287127421894978e-08 1.546563525438357096e-11
1.102865731462925964e+02 1.990464460465398391e-08 1.540799519511975822e-11
1.105851703406813726e+02 1.979729345111193284e-08 1.535066641014213339e-11
1.108837675350701488e+02 1.969080839557476164e-08 1.529364638477347043e-11
1.111823647294589250e+02 1.958518014632251716e-08 1.523693263135073376e-11
1.114809619238477012e+02 1.948039953590644763e-08 1.518052268886329983e-11
1.117795591182364774e+02 1.937645751915981530e-08 1.512441412259697866e-11
1.120781563126252536e+02 1.927334517124581303e-08 1.506860452378371575e-11
1.123767535070140298e+02 1.917105368574172796e-08 1.501309150925689691e-11
1.126753507014028202e+02 1.906957437275861774e-08 1.495787272111208463e-11
1.129739478957915964e+02 1.896889865709571835e-08 1.490294582637323456e-11
1.132725450901803725e+02 1.886901807642883917e-08 1.484830851666405600e-11
1.135711422845691487e+02 1.876992427953208015e-08 1.479395850788467151e-11
1.138697394789579249e+02 1.867160902453216309e-08 1.473989353989331395e-11
1.141683366733467011e+02 1.857406441781629127e-08 1.468693231709583247e-11
1.144669338677354773e+02 1.847728235648393179e-08 1.463482380872683766e-11
1.147655310621242535e+02 1.838125474633258417e-08 1.458298645240600649e-11
1.150641282565130297e+02 1.828597376612033714e-08 1.453141813717376169e-11
1.153627254509018059e+02 1.819143169569446953e-08 1.448011677392600620e-11
1.156613226452905963e+02 1.809762091442760244e-08 1.442908029513199637e-11
1.159599198396793724e+02 1.800453389968199545e-08 1.437830665455658220e-11
1.162585170340681486e+02 1.791216322530147724e-08 1.432779382698671746e-11
1.165571142284569248e+02 1.782050156013025629e-08 1.427753980796223182e-11
1.168557114228457010e+02 1.772954166655838330e-08 1.422754261351061930e-11
1.171543086172344772e+02 1.763927639909295552e-08 1.417780027988601753e-11
1.174529058116232534e+02 1.754969870295474529e-08 1.412831086331203862e-11
1.177515030060120296e+02 1.746080161269984913e-08 1.407907243972861470e-11
1.180501002004008058e+02 1.737257825086551367e-08 1.403008310454263207e-11
1.183486973947895819e+02 1.728502182664001926e-08 1.398134097238234256e-11
1.186472945891783581e+02 1.719812563455578761e-08 1.393284417685550851e-11
1.189458917835671485e+02 1.711188305320562720e-08 1.388459087031116831e-11
1.192444889779559247e+02 1.702628754398130605e-08 1.383657922360498853e-11
1.195430861723447009e+02 1.694133264983418366e-08 1.378880742586813960e-11
1.198416833667334771e+02 1.685701199405748206e-08 1.374127368427961279e-11
1.201402805611222533e+02 1.677331927908965985e-08 1.369397622384192818e-11
1.204388777555110295e+02 1.669024828533855184e-08 1.364691328716023065e-11
1.207374749498998057e+02 1.660779287002584066e-08 1.360008313422455878e-11
1.210360721442885819e+02 1.652594696605145039e-08 1.355348404219547099e-11
1.213346693386773580e+02 1.644470458087749451e-08 1.350711430519272994e-11
1.216332665330661342e+02 1.636405979543134187e-08 1.346097223408711643e-11
1.219318637274549246e+02 1.628400697214502806e-08 1.341535706245848771e-11
1.222304609218437008e+02 1.620454076569463728e-08 1.337088965056434033e-11
1.225290581162324770e+02 1.612565482359510272e-08 1.332663896839352015e-11
1.228276553106212532e+02 1.604734351012625904e-08 1.328260343531942663e-11
1.231262525050100294e+02 1.596960125782197821e-08 1.323878148604833267e-11
1.234248496993988056e+02 1.589242256648063320e-08 1.319517157043393304e-11
1.237234468937875818e+02 1.581580200219231042e-08 1.315177215329459721e-11
1.240220440881763579e+02 1.573973419638222497e-08 1.310858171423317325e-11
1.243206412825651341e+02 1.566421384487038503e-08 1.306559874745945093e-11
1.246192384769539103e+02 1.558923570694688664e-08 1.302282176161519528e-11
1.249178356713427007e+02 1.551479460446274958e-08 1.298024927960161154e-11
1.252164328657314769e+02 1.544088542093583439e-08 1.293787983840937897e-11
1.255150300601202531e+02 1.536750310067167839e-08 1.289571198895100619e-11
1.258136272545090293e+02 1.529464264789891663e-08 1.285374429589566488e-11
1.261122244488978055e+02 1.522229912591899309e-08 1.281197533750630951e-11
1.264108216432865817e+02 1.515046765626991756e-08 1.277040370547913644e-11
1.267094188376753578e+02 1.507914341790383958e-08 1.272902800478530163e-11
1.270080160320641340e+02 1.500832164637809233e-08 1.268784685351485653e-11
1.273066132264529102e+02 1.493799763305952757e-08 1.264685888272293448e-11
1.276052104208416864e+02 1.486816672434186548e-08 1.260606273627802934e-11
1.279038076152304768e+02 1.479882432087580125e-08 1.256545707071241954e-11
1.282024048096192530e+02 1.472996587681171299e-08 1.252504055507473289e-11
1.285010020040080292e+02 1.466158689905455559e-08 1.248481187078447743e-11
1.287995991983968054e+02 1.459368294653096221e-08 1.244476971148867267e-11
1.290981963927855816e+02 1.452624962946810980e-08 1.240491278292044206e-11
1.293967935871743578e+02 1.445928260868426127e-08 1.236523980275954582e-11
1.296953907815631339e+02 1.439277759489069774e-08 1.232574950049487512e-11
1.299939879759519101e+02 1.432673034800490397e-08 1.228644061728882024e-11
1.302925851703406863e+02 1.426113671948653064e-08 1.224739500738217988e-11
1.305911823647294625e+02 1.419599297716886676e-08 1.220940891117771782e-11
1.308897795591182387e+02 1.413129456550862868e-08 1.217159612937245061e-11
1.311883767535070149e+02 1.406703743464317589e-08 1.213395547852631694e-11
1.314869739478957911e+02 1.400321758064247938e-08 1.209648578594928826e-11
1.317855711422845673e+02 1.393983104488527360e-08 1.205918588957954386e-11
1.320841683366733434e+02 1.387687391344531491e-08 1.202205463786339553e-11
1.323827655310621196e+02 1.381434231648710961e-08 1.198509088963673100e-11
1.326813627254509242e+02 1.375223242767120911e-08 1.194829351400810675e-11
1.329799599198397004e+02 1.369054046356894659e-08 1.191166139024345007e-11
1.332785571142284766e+02 1.362926268308621137e-08 1.187519340765225063e-11
1.335771543086172528e+02 1.356839538689625285e-08 1.183888846547531108e-11
1.338757515030060290e+02 1.350793491688141132e-08 1.180274547277397920e-11
1.341743486973948052e+02 1.344787765558343167e-08 1.176676334832089702e-11
1.344729458917835814e+02 1.338822002566238795e-08 1.173094102049216846e-11
1.347715430861723576e+02 1.332895848936394438e-08 1.169527742716095518e-11
1.350701402805611337e+02 1.327008954799488472e-08 1.165977151559253768e-11
1.353687374749499099e+02 1.321160974140670844e-08 1.162442224234072712e-11
1.356673346693386861e+02 1.315351564748715780e-08 1.158922857314557928e-11
1.359659318637274623e+02 1.309580388165962635e-08 1.155418948283263518e-11
1.362645290581162385e+02 1.303847109639012621e-08 1.151930395521327497e-11
1.365631262525050147e+02 1.298151398070190341e-08 1.148457098298654348e-11
1.368617234468937909e+02 1.292492925969738545e-08 1.144998956764216173e-11
1.371603206412825671e+02 1.286871369408742781e-08 1.141555871936487444e-11
1.374589178356713433e+02 1.281286407972771564e-08 1.138127745693996566e-11
1.377575150300601194e+02 1.275737724716220802e-08 1.134714480766009273e-11
1.380561122244488956e+02 1.270225006117340482e-08 1.131315980723324625e-11
1.383547094188376718e+02 1.264747942033957351e-08 1.127932149969197670e-11
1.386533066132264764e+02 1.259306225659840634e-08 1.124562893730372940e-11
1.389519038076152526e+02 1.253899553481746552e-08 1.121208118048237326e-11
1.392505010020040288e+02 1.248527625237088841e-08 1.117867729770087192e-11
1.395490981963928050e+02 1.243190165346362459e-08 1.114623310543892258e-11
1.398476953907815812e+02 1.237886858615815386e-08 1.111394077267491510e-11
1.401462925851703574e+02 1.232617413936705389e-08 1.108178604469210391e-11
1.404448897795591336e+02 1.227381543640141327e-08 1.104976804381381202e-11
1.407434869739479097e+02 1.222178963105545149e-08 1.101788589981157132e-11
1.410420841683366859e+02 1.217009390721979214e-08 1.098613874982627224e-11
1.413406813627254621e+02 1.211872547850033780e-08 1.095452573829034415e-11
1.416392785571142383e+02 1.206768158784279619e-08 1.092304601685087926e-11
1.419378757515030145e+02 1.201695950716274684e-08 1.089169874429374686e-11
1.422364729458917907e+02 1.196655653698110424e-08 1.086048308646866244e-11
1.425350701402805669e+02 1.191647000606497418e-08 1.082939821621520666e-11
1.428336673346693431e+02 1.186669727107369989e-08 1.079844331328974915e-11
1.431322645290581193e+02 1.181723571621011774e-08 1.076761756429329639e-11
1.434308617234468954e+02 1.176808275287685043e-08 1.073692016260027177e-11
1.437294589178356716e+02 1.171923581933763775e-08 1.070635030828813576e-11
1.440280561122244478e+02 1.167069238038355104e-08 1.067590720806790277e-11
1.443266533066132240e+02 1.162244992700402008e-08 1.064559007521552874e-11
1.446252505010020002e+02 1.157450597606263461e-08 1.061539812950412436e-11
1.449238476953908048e+02 1.152685806997764082e-08 1.058533059713705685e-11
1.452224448897795810e+02 1.147950377640695758e-08 1.055538671068179647e-11
1.455210420841683572e+02 1.143244068793779349e-08 1.052556570900466461e-11
1.458196392785571334e+02 1.138566642178065290e-08 1.049586683720631693e-11
1.461182364729459096e+02 1.133917861946772435e-08 1.046628934655804720e-11
1.464168336673346857e+02 1.129297494655560676e-08 1.043683249443888604e-11
1.467154308617234619e+02 1.124705309233221616e-08 1.040749554427340730e-11
1.470140280561122381e+02 1.120141076952789619e-08 1.037827776547038256e-11
1.473126252505010143e+02 1.115604571403056686e-08 1.034917843336209001e-11
1.476112224448897905e+02 1.111095568460500758e-08 1.032019682914443435e-11
1.479098196392785667e+02 1.106613846261597168e-08 1.029133223981773060e-11
1.482084168336673429e+02 1.102159185175530286e-08 1.026258395812826842e-11
1.485070140280561191e+02 1.097731367777284667e-08 1.023395128251050629e-11
1.488056112224448952e+02 1.093330178821112741e-08 1.020543351703002360e-11
1.491042084168336714e+02 1.088955413548065874e-08 1.017760095133415540e-11
1.494028056112224476e+02 1.084606854610204982e-08 1.015001815210180388e-11
1.497014028056112238e+02 1.080284291110983343e-08 1.012254538719524784e-11
1.500000000000000000e+02 1.075987516264500825e-08 1.009518199949567039e-11
