1.004374899999999959e+00 4.366729317445333983e-04 7.264713895244579269e-05
1.009396799999999983e+00 4.322209726052044692e-04 7.137386505815008109e-05
1.014443800000000007e+00 4.277797215791577382e-04 7.012360100091226465e-05
1.019516000000000089e+00 4.233528890300343179e-04 6.889609064282565534e-05
1.024613599999999902e+00 4.189470515178487153e-04 6.769107342476609040e-05
1.029736699999999949e+00 4.145624960326651847e-04 6.649932979195272717e-05
1.034885300000000008e+00 4.102041193009003809e-04 6.532967431055530718e-05
1.040059800000000090e+00 4.058703155783679778e-04 6.417888056596970394e-05
1.045260099999999914e+00 4.015643812753354473e-04 6.304970502231209547e-05
1.050486400000000042e+00 3.972863119069062316e-04 6.193896767230814367e-05
1.055738800000000088e+00 3.930376302968838567e-04 6.084938676692317546e-05
1.061017499999999947e+00 3.888197219143411237e-04 5.978071725050380903e-05
1.066322599999999898e+00 3.846325607183834943e-04 5.872983529272126827e-05
1.071654200000000001e+00 3.804747046147410145e-04 5.769942148457705538e-05
1.077012499999999928e+00 3.763488860878978618e-04 5.668637920024975174e-05
1.082397499999999901e+00 3.722537123900950093e-04 5.569052541934138036e-05
1.087809500000000096e+00 3.681890048474945791e-04 5.471449293262760946e-05
1.093248599999999904e+00 3.641560789570083318e-04 5.375523903189962326e-05
1.098714799999999991e+00 3.601549148676836797e-04 5.281258551451646437e-05
1.104208400000000090e+00 3.561839621796321809e-04 5.188634115636226552e-05
1.109729399999999977e+00 3.522445517138791558e-04 5.097633087080307416e-05
1.115278100000000050e+00 3.483364632945265831e-04 5.008512728424928135e-05
1.120854500000000087e+00 3.444583757854983281e-04 4.920702439231332888e-05
1.126458699999999924e+00 3.406102293785156728e-04 4.834735356979684987e-05
1.132090999999999958e+00 3.367918416068487950e-04 4.750045356878007121e-05
1.137751500000000027e+00 3.330044035588577978e-04 4.667160457677704279e-05
1.143440199999999907e+00 3.292466307087496026e-04 4.585521555885183569e-05
1.149157399999999996e+00 3.255171112533430120e-04 4.505382855904608414e-05
1.154903199999999908e+00 3.218158130219267812e-04 4.426727627609175443e-05
1.160677699999999923e+00 3.181439030411774326e-04 4.349539279371574191e-05
1.166481099999999937e+00 3.145000597235251172e-04 4.273537094753718295e-05
1.172313500000000008e+00 3.108842417027681384e-04 4.198971303960645192e-05
1.178175100000000031e+00 3.072951836105636747e-04 4.125825380743739174e-05
1.184066000000000063e+00 3.037328736428400629e-04 4.053823330360784130e-05
1.189986299999999941e+00 3.001972954814436604e-04 3.983211832490620260e-05
1.195936200000000005e+00 2.966872453275869810e-04 3.913974789010127520e-05
1.201915899999999926e+00 2.932026855965981049e-04 3.845840147068084735e-05
1.207925499999999985e+00 2.897425139352676122e-04 3.778796264609380885e-05
1.213965100000000019e+00 2.863067672572944342e-04 3.713085164690028490e-05
1.220034999999999981e+00 2.828953842966999525e-04 3.648691004294594460e-05
1.226135100000000033e+00 2.795063304867416009e-04 3.585097177026980050e-05
1.232265799999999967e+00 2.761406241246891816e-04 3.522794945807075173e-05
1.238427100000000003e+00 2.727962491121812497e-04 3.461769747146366543e-05
1.244619300000000095e+00 2.694732276497889935e-04 3.401511639420610745e-05
1.250842400000000021e+00 2.661717087395369446e-04 3.342505892506472383e-05
1.257096599999999897e+00 2.628886704523815680e-04 3.284737736005670123e-05
1.263382100000000063e+00 2.596252720249421042e-04 3.227705234329295833e-05
1.269698999999999911e+00 2.563806561123681662e-04 3.171643873534991579e-05
1.276047500000000001e+00 2.531529623948747081e-04 3.116784118355431189e-05
1.282427699999999948e+00 2.499424147767429676e-04 3.062871903112239502e-05
1.288839899999999927e+00 2.467471995810490760e-04 3.009657590531283311e-05
1.295284000000000102e+00 2.435657275697520620e-04 2.957610297166017951e-05
1.301760500000000098e+00 2.403991192101759104e-04 2.905533040941204507e-05
1.308269300000000079e+00 2.372439385409447687e-04 2.854371536717976361e-05
1.314810599999999940e+00 2.340986531741046409e-04 2.804115528558876797e-05
1.321384700000000079e+00 2.309645459744829698e-04 2.754288731257199447e-05
1.327991600000000050e+00 2.278374424148069859e-04 2.705352064960042871e-05
1.334631600000000029e+00 2.247159647767677047e-04 2.657295320975137449e-05
1.341304700000000016e+00 2.215997979765630321e-04 2.609879488663208497e-05
1.348011199999999965e+00 2.184867628785529671e-04 2.563554689662545029e-05
1.354751299999999992e+00 2.153739240741017562e-04 2.518080552888021811e-05
1.361525000000000096e+00 2.122602829195355950e-04 2.473447811633241799e-05
1.368332700000000068e+00 2.091430346228285975e-04 2.429646548014374101e-05
1.375174300000000072e+00 2.060187918732629307e-04 2.386443987880266089e-05
1.382050199999999895e+00 2.028858617405311529e-04 2.344279209382408793e-05
1.388960500000000042e+00 1.997393608272763081e-04 2.302696505709969294e-05
1.395905299999999905e+00 1.965762782795450606e-04 2.261910668157502354e-05
1.402884800000000043e+00 1.933928891109080745e-04 2.221912554650302209e-05
1.409899199999999908e+00 1.901823747610912761e-04 2.182736777250329427e-05
1.416948700000000061e+00 1.869406327123347776e-04 2.144199916602481342e-05
1.424033499999999952e+00 1.836605527383943480e-04 2.106359888172165416e-05
1.431153600000000026e+00 1.803338040205217606e-04 2.069230652386779215e-05
1.438309400000000071e+00 1.769507520994937863e-04 2.032761017271806714e-05
1.445500900000000088e+00 1.735007312082445497e-04 1.996943889083126206e-05
1.452728400000000031e+00 1.699696302110684557e-04 1.961793002650709925e-05
1.459992100000000015e+00 1.663409318865603326e-04 1.927279715380930238e-05
1.467292000000000041e+00 1.625921024761370912e-04 1.893397112600965192e-05
1.474628499999999898e+00 1.586970107480423643e-04 1.860137818752470649e-05
1.482001600000000030e+00 1.546189239743158978e-04 1.827474269860436670e-05
1.489411700000000005e+00 1.503094292668278134e-04 1.795399544288399805e-05
1.496858699999999986e+00 1.457027239620067123e-04 1.763907393595443357e-05
1.504342999999999986e+00 1.406991356415739981e-04 1.732991022573678993e-05
1.511864700000000061e+00 1.351485870008449866e-04 1.702644055886408806e-05
1.519424000000000108e+00 1.287976473500163858e-04 1.672839798340594879e-05
1.527021200000000078e+00 1.211759319421149955e-04 1.643572068845322839e-05
1.534656299999999973e+00 1.112265394366805275e-04 1.614835067670796333e-05
1.542329499999999909e+00 9.554796702774061062e-05 1.586622825651456386e-05
1.549731100000000028e+00 1.916091013690218679e-05 1.560015842807970635e-05
1.550041199999999897e+00 1.454950774910269029e-05 7.739238197518296324e-05
1.550068999999999919e+00 1.808482287507335996e-05 7.738702214298230880e-05
1.557791399999999937e+00 9.184625352378559789e-05 7.601338365666662224e-05
1.565580399999999983e+00 1.026323278294721353e-04 7.465995241647284115e-05
1.573408300000000093e+00 1.070881577478329595e-04 7.332984756444393742e-05
1.581275299999999939e+00 1.079916924794203394e-04 7.202475845187812544e-05
1.589181699999999919e+00 1.045023832637792169e-04 7.074245950967906745e-05
1.595819600000000005e+00 7.369130592632069010e-05 6.968818503434038973e-05
1.596180300000000107e+00 7.334812953991032291e-05 9.840964156429626256e-05
1.597127600000000092e+00 9.048680027340647622e-05 9.820093506347890491e-05
1.605113199999999907e+00 1.118521359479410546e-04 9.645429271714520906e-05
1.613138799999999984e+00 1.192238939571424222e-04 9.474167761994198940e-05
1.621204499999999937e+00 1.239069431972347681e-04 9.305700913117892687e-05
1.629310500000000106e+00 1.272736986939372193e-04 9.140376403456496371e-05
1.637457099999999999e+00 1.298171172124376258e-04 8.977970134799375540e-05
1.645644300000000060e+00 1.317791258777183236e-04 8.818450788019438361e-05
1.653872599999999915e+00 1.333011689168183073e-04 8.661970745593369769e-05
1.662141899999999950e+00 1.344731450242809124e-04 8.508126588153741609e-05
1.670452599999999954e+00 1.353577368673197236e-04 8.356888497011227075e-05
1.678804900000000044e+00 1.359986883949187812e-04 8.208594705373363715e-05
1.687198900000000057e+00 1.364285058930172448e-04 8.062847077353719289e-05
1.695634899999999945e+00 1.366706190094923231e-04 7.919617151425785266e-05
1.704113100000000047e+00 1.367420815395072151e-04 7.779057853625500718e-05
1.712633700000000037e+00 1.366532986424032409e-04 7.640959279254075549e-05
1.721196799999999971e+00 1.364094520687675533e-04 7.505294653387439071e-05
1.729802800000000085e+00 1.360079790876783646e-04 7.372036124284853348e-05
1.738451799999999992e+00 1.354369007251394487e-04 7.241334478826976591e-05
1.747144100000000089e+00 1.346661878072251222e-04 7.112807792559706032e-05
1.755879799999999991e+00 1.336287501628959692e-04 6.986608189138458151e-05
1.764659200000000094e+00 1.321634194382357186e-04 6.862534811762542543e-05
1.773482500000000073e+00 1.297202674283989496e-04 6.740911642815474662e-05
1.780485199999999990e+00 1.241408771254940498e-04 6.646280341237830705e-05
1.782349900000000043e+00 1.193655104310038535e-04 7.604259083688914020e-05
1.783514599999999950e+00 1.239299983515882201e-04 7.586866208952308525e-05
1.791261699999999957e+00 1.293562937020911437e-04 7.472252399369844135e-05
1.800218000000000096e+00 1.311052753586426927e-04 7.342568213735096788e-05
1.809219099999999969e+00 1.319276930991110353e-04 7.215180407942533777e-05
1.818265199999999915e+00 1.323379057150527653e-04 7.090063514348326048e-05
1.827356500000000050e+00 1.325041454983913339e-04 6.967023831594579633e-05
1.836493300000000106e+00 1.325035934283484956e-04 6.846206095737702730e-05
1.845675699999999919e+00 1.323791271858346867e-04 6.727419094600312933e-05
1.854904099999999945e+00 1.321568989856685133e-04 6.610805959472696477e-05
1.864178600000000019e+00 1.318542065969750571e-04 6.496177560935974108e-05
1.873499500000000095e+00 1.314839953939370631e-04 6.383840478138346841e-05
1.882867000000000068e+00 1.310596724985768657e-04 6.274258791344880309e-05
1.892281399999999891e+00 1.305896115322074068e-04 6.166585314399082379e-05
1.901742800000000067e+00 1.300792238128733579e-04 6.060799355556422156e-05
1.911251500000000103e+00 1.295332625595267272e-04 5.957040814319719790e-05
1.920807699999999896e+00 1.289554514461365375e-04 5.854966115330361169e-05
1.930411799999999900e+00 1.283493616316789350e-04 5.754875521240434394e-05
1.940063799999999894e+00 1.277184950019568223e-04 5.656429639211796404e-05
1.949764199999999947e+00 1.270648877984375234e-04 5.559767754114166395e-05
1.959513000000000060e+00 1.263905758666689810e-04 5.464870534028966348e-05
1.969310499999999964e+00 1.256987447509909275e-04 5.371561636718707664e-05
1.979157099999999891e+00 1.249903852714322238e-04 5.279978830828605327e-05
1.989052899999999902e+00 1.242677276447257313e-04 5.189948240974920411e-05
1.998998100000000111e+00 1.235321011436617061e-04 5.101606944345847138e-05
2.008993100000000087e+00 1.227855712754112106e-04 5.014782145447576364e-05
2.019038099999999947e+00 1.220285645125659968e-04 4.928999867745268072e-05
2.029133299999999807e+00 1.212607111728305196e-04 4.844553902812618533e-05
2.039279000000000064e+00 1.204828219354986288e-04 4.761429940736672635e-05
2.049475399999999947e+00 1.196968531993996540e-04 4.679764235652287825e-05
2.059722700000000017e+00 1.189031630535986413e-04 4.599540714778222719e-05
2.070021300000000064e+00 1.181032142825511527e-04 4.520743004536633140e-05
2.080371400000000204e+00 1.172973171500552806e-04 4.443059394519076604e-05
2.090773299999999946e+00 1.164857641987046360e-04 4.366625685723503082e-05
2.101227199999999851e+00 1.156692202147309516e-04 4.291428559964902210e-05
2.111733300000000035e+00 1.148479654961390183e-04 4.217600579431793079e-05
2.122291999999999845e+00 1.140233325629338453e-04 4.144981031177539746e-05
2.132903400000000005e+00 1.131952125846324633e-04 4.073701474682075513e-05
2.143568000000000140e+00 1.123648744409186785e-04 4.003746333043371530e-05
2.154285799999999806e+00 1.115325450115742169e-04 3.934815335807300920e-05
2.165057200000000126e+00 1.106987504224283696e-04 3.867182002329923974e-05
2.175882500000000164e+00 1.098636671915436324e-04 3.800690061371349044e-05
2.186761900000000036e+00 1.090281560288599308e-04 3.735327137066443763e-05
2.197695700000000141e+00 1.081920296773178239e-04 3.671080788203852190e-05
2.208684199999999986e+00 1.073561078766012948e-04 3.607938689518205459e-05
2.219727600000000134e+00 1.065208611251244306e-04 3.545888790106957477e-05
2.230826299999999929e+00 1.056860729243947985e-04 3.484918825844300540e-05
2.241980400000000095e+00 1.048525330804019154e-04 3.425017117228257139e-05
2.253190299999999979e+00 1.040200162725543051e-04 3.366171620402427751e-05
2.264456200000000141e+00 1.031895907084353362e-04 3.308370707398057813e-05
2.275778499999999926e+00 1.023607008005607191e-04 3.251467296810249601e-05
2.287157399999999896e+00 1.015340716580213074e-04 3.195586580576377517e-05
2.298593200000000003e+00 1.007097785442919835e-04 3.140583167524429266e-05
2.310086200000000201e+00 9.988850234838123900e-05 3.086580947070448577e-05
2.321636600000000161e+00 9.907000415168872975e-05 3.033436188653605207e-05
2.333244800000000119e+00 9.825344259043765674e-05 2.980875704834351166e-05
2.344911000000000190e+00 9.743920647445729615e-05 2.929288282780694543e-05
2.356635600000000164e+00 9.662765388398419843e-05 2.878662791769820266e-05
2.368418699999999877e+00 9.581886504859344939e-05 2.828728625833255457e-05
2.380260799999999843e+00 9.501317176518136271e-05 2.779737268336952166e-05
2.392162100000000180e+00 9.421063392851883051e-05 2.731678114078632918e-05
2.404122999999999788e+00 9.341157440491778575e-05 2.684284337293595286e-05
2.416143599999999836e+00 9.261577142466777691e-05 2.637804265466796896e-05
2.428224300000000113e+00 9.182353927991752051e-05 2.592100558635129190e-05
2.440365400000000129e+00 9.103518775196577399e-05 2.547290891473300752e-05
2.452567199999999836e+00 9.025074501549617927e-05 2.503113964096010904e-05
2.464830099999999913e+00 8.946996404229183033e-05 2.459688133210151644e-05
2.477154200000000195e+00 8.869342175649737434e-05 2.417129627537370360e-05
2.489539999999999864e+00 8.792085913287512396e-05 2.375180929167690648e-05
2.501987699999999926e+00 8.715256625530574226e-05 2.334081967031947604e-05
2.514497599999999888e+00 8.638855822812808365e-05 2.293578038954341205e-05
2.527070099999999986e+00 8.562909636659523499e-05 2.253906568213189884e-05
2.539705500000000171e+00 8.487368410152920759e-05 2.214815449759424145e-05
2.552404000000000117e+00 8.412309492287784731e-05 2.176419388145796029e-05
2.565166000000000057e+00 8.337682647601251502e-05 2.138710561012762456e-05
2.577991899999999781e+00 8.263512758839537198e-05 2.101561815641429505e-05
2.590881800000000013e+00 8.189825591613635329e-05 2.065205128809443266e-05
2.603836199999999934e+00 8.116595501487448676e-05 2.029394585219008234e-05
2.616855399999999943e+00 8.043846390082856320e-05 1.994242126975573617e-05
2.629939699999999991e+00 7.971554278491272414e-05 1.959623307272727964e-05
2.643089400000000033e+00 7.899765687425072864e-05 1.925649006434764323e-05
2.656304800000000021e+00 7.828456306782532776e-05 1.892311948328651375e-05
2.669586300000000190e+00 7.757624871903200049e-05 1.859489541884932898e-05
2.682934299999999883e+00 7.687292626372840235e-05 1.827291033851973604e-05
2.696348899999999826e+00 7.617437004657691023e-05 1.795595308808366799e-05
2.709830699999999926e+00 7.548077599091169401e-05 1.764510443742984270e-05
2.723379800000000017e+00 7.479214064438571645e-05 1.733916571699685156e-05
2.736996700000000171e+00 7.410865436786085749e-05 1.703920816494616103e-05
2.750681699999999896e+00 7.343008140210614538e-05 1.674404420371146241e-05
2.764435100000000034e+00 7.275640645314527611e-05 1.645362267095009967e-05
2.778257299999999930e+00 7.208781876833030542e-05 1.616900025588020051e-05
2.792148599999999981e+00 7.142429643223089319e-05 1.588900768282619039e-05
2.806109300000000140e+00 7.076581736351011769e-05 1.561359520846330106e-05
2.820139900000000033e+00 7.011214553905173940e-05 1.534271242583984518e-05
2.834240600000000221e+00 6.946387539064379825e-05 1.507739715324450368e-05
2.848411800000000049e+00 6.882056803862723893e-05 1.481650350672040930e-05
2.862653900000000196e+00 6.818219648154220979e-05 1.455998306118602093e-05
2.876967099999999888e+00 6.754893908756286409e-05 1.430778883996030783e-05
2.891351999999999922e+00 6.692094750885123496e-05 1.405987228124018083e-05
2.905808700000000133e+00 6.629781329273683253e-05 1.381724709413409080e-05
2.920337799999999984e+00 6.567988064485772923e-05 1.357774162051425427e-05
2.934939400000000198e+00 6.506712506881472612e-05 1.334342449187820124e-05
2.949614099999999794e+00 6.445968611134154295e-05 1.311214600988511018e-05
2.964362200000000058e+00 6.385715622342934327e-05 1.288595372528168643e-05
2.979184000000000054e+00 6.326023859986348689e-05 1.266375427561812233e-05
2.994079900000000016e+00 6.266851816013101694e-05 1.244447497953954220e-05
3.009050300000000178e+00 6.208911471430556765e-05 1.222501800159700769e-05
3.024095599999999884e+00 6.151255547715857698e-05 1.200743646071555832e-05
3.039216099999999976e+00 6.093746465503978933e-05 1.179374314730981519e-05
3.054412199999999800e+00 6.036564492085992275e-05 1.158389458322893152e-05
3.069684200000000196e+00 5.979762785499774584e-05 1.137784806202820006e-05
3.085032599999999903e+00 5.923391599037996147e-05 1.117456269805676955e-05
3.100457800000000042e+00 5.884397615489012057e-05 1.097599680433334926e-05
3.115960100000000121e+00 5.828730308002598047e-05 1.077616645123629658e-05
3.131539899999999932e+00 5.773489202659091199e-05 1.058100182071197972e-05
3.147197600000000151e+00 5.718639526951839420e-05 1.038849050177649701e-05
3.162933600000000123e+00 5.664228828944878173e-05 1.020055250871411431e-05
3.178748199999999802e+00 5.610238882106848100e-05 1.001519606450703346e-05
3.194641999999999982e+00 5.564783971839986699e-05 9.833358247510054021e-06
3.210615199999999891e+00 5.511563812292676295e-05 9.654040868910567023e-06
3.226668300000000045e+00 5.458773938845018969e-05 9.477122864607176301e-06
3.242801599999999951e+00 5.406381326931306632e-05 9.303719944296757034e-06
3.259015600000000124e+00 5.354414559434203058e-05 9.133602395657819764e-06
3.275310699999999908e+00 5.302856003484107369e-05 8.966544936719267336e-06
3.291687299999999983e+00 5.251718556371541368e-05 8.802700434616975519e-06
3.308145699999999856e+00 5.201014833318971017e-05 8.641939446853082828e-06
3.324686400000000042e+00 5.150726897208401245e-05 8.484041591537194431e-06
3.341309900000000166e+00 5.100866468191895804e-05 8.329251154917783571e-06
3.358016399999999901e+00 5.051431239930603378e-05 8.177166270465147370e-06
3.374806500000000042e+00 5.002403465466506369e-05 8.028030194131972912e-06
3.391680500000000098e+00 4.953809166734665209e-05 7.881627942895367176e-06
3.408638900000000138e+00 4.905644753896727645e-05 7.737928592028402305e-06
3.425682099999999952e+00 4.857893145847881036e-05 7.596452437044129752e-06
3.442810500000000218e+00 4.810551508902769250e-05 7.457623110877896866e-06
3.460024600000000117e+00 4.763630288776380257e-05 7.321410502826816904e-06
3.477324700000000046e+00 4.717126558588868255e-05 7.187696677542257295e-06
3.494711300000000076e+00 4.671036861605851274e-05 7.056453387297686882e-06
3.512184899999999832e+00 4.625357777634104542e-05 6.927652652694844370e-06
3.529745800000000155e+00 4.580099452957384944e-05 6.801267144820303800e-06
3.547394499999999784e+00 4.535245245114724935e-05 6.677269384647109783e-06
3.565131500000000120e+00 4.495970231129035573e-05 6.555286774684164852e-06
3.582957200000000064e+00 4.451901023774030756e-05 6.434008961508160836e-06
3.600871900000000014e+00 4.408214015316956966e-05 6.315058179709436596e-06
3.618876300000000157e+00 4.364918214020104204e-05 6.198322385301180148e-06
3.636970700000000001e+00 4.321998629563141681e-05 6.083776818640673345e-06
3.655155499999999780e+00 4.279452661609855818e-05 5.971312542115682547e-06
3.673431299999999844e+00 4.237301286213448272e-05 5.860989791042306123e-06
3.691798499999999983e+00 4.195517439720298510e-05 5.752784296142325252e-06
3.710257499999999986e+00 4.154122132536079010e-05 5.646589034382834431e-06
3.728808799999999923e+00 4.113100250323134251e-05 5.542381251658679436e-06
3.747452800000000028e+00 4.072448939366816019e-05 5.440138550919566167e-06
3.766190100000000207e+00 4.032164933787106586e-05 5.339756712449370238e-06
3.785020999999999969e+00 3.992256957716895307e-05 5.241296436566036859e-06
3.803946100000000108e+00 3.952721461898917548e-05 5.144654718775375987e-06
3.822965899999999806e+00 3.913544056403371775e-05 5.049811034921625552e-06
3.842080699999999904e+00 3.874733193073109743e-05 4.956825428876159911e-06
3.861291099999999865e+00 3.836285420933900137e-05 4.865516969180557227e-06
3.880597499999999922e+00 3.798186960036070172e-05 4.775946329746829914e-06
3.900000499999999981e+00 3.760456067839952236e-05 4.688014664495524108e-06
3.919500499999999832e+00 3.723068361874946625e-05 4.601703664680315769e-06
3.939097999999999988e+00 3.686041927962581893e-05 4.517073211812729638e-06
3.958793500000000076e+00 3.649363014240990905e-05 4.433948523762136487e-06
3.978587500000000166e+00 3.613028557404219143e-05 4.352467577203091245e-06
3.998480400000000046e+00 3.577035702698296092e-05 4.272457581431970216e-06
4.018472799999999623e+00 3.541381261329124675e-05 4.193901972490405547e-06
4.038565199999999855e+00 3.506072197072085075e-05 4.116860670291330393e-06
4.058758000000000088e+00 3.471105437375364839e-05 4.041240638396204512e-06
4.079051800000000227e+00 3.436458109609433030e-05 3.967101235777507663e-06
4.099447099999999899e+00 3.402146910186983498e-05 3.894275296985651891e-06
4.119944300000000226e+00 3.368168852465815058e-05 3.822823043952012413e-06
4.140544000000000224e+00 3.334511193980229656e-05 3.752654462199231747e-06
4.161246700000000409e+00 3.301180491979290011e-05 3.683829205796915861e-06
4.182052999999999798e+00 3.268173531975320108e-05 3.616331891346209220e-06
4.202963200000000121e+00 3.235478424099716383e-05 3.550001052833951691e-06
4.223978100000000069e+00 3.203101068292742149e-05 3.484969355216327973e-06
4.245097999999999594e+00 3.171038806455461133e-05 3.421149560474615375e-06
4.266323400000000099e+00 3.139288697172240816e-05 3.358527988952427985e-06
4.287655100000000274e+00 3.107838574725512517e-05 3.297019058594969749e-06
4.309093299999999793e+00 3.076694996143690256e-05 3.236682084517732463e-06
4.330638800000000010e+00 3.045854680376361323e-05 3.177503526397332512e-06
4.352292000000000272e+00 3.015323511761014219e-05 3.119399542376532377e-06
4.374053499999999595e+00 2.985081360326213471e-05 3.062358045742511050e-06
4.395923699999999990e+00 2.955134245181653999e-05 3.006367199682185351e-06
4.417903299999999867e+00 2.925479161977091944e-05 2.951415066134682093e-06
4.439992900000000020e+00 2.896113278453530610e-05 2.897559220734553209e-06
4.462192800000000403e+00 2.867034180754897169e-05 2.844649201389942958e-06
4.484503799999999707e+00 2.838246892388965117e-05 2.792674367468960471e-06
4.506926299999999941e+00 2.809732719721454898e-05 2.741692732316159540e-06
4.529460900000000123e+00 2.781504985668976782e-05 2.691692954258680956e-06
4.552108200000000160e+00 2.753552941717804159e-05 2.642596173565908959e-06
4.574868799999999958e+00 2.725873930830725387e-05 2.594459555090197819e-06
4.597743099999999750e+00 2.698465560587444374e-05 2.547138271463278481e-06
4.620731799999999723e+00 2.671332699708943323e-05 2.500756567151684061e-06
4.643835499999999783e+00 2.644465030583816693e-05 2.455171023151700040e-06
4.667054699999999556e+00 2.617860121951610632e-05 2.410438885235679462e-06
4.690389999999999837e+00 2.591515453224878829e-05 2.366616111139779097e-06
4.713841900000000251e+00 2.565435936004601203e-05 2.323496277004115960e-06
4.737411100000000097e+00 2.539611551639500852e-05 2.281266725860317359e-06
4.761098200000000169e+00 2.514047014712043657e-05 2.239787764453757041e-06
4.784903700000000093e+00 2.488732724665634855e-05 2.199051081999925509e-06
4.808828199999999775e+00 2.463666293686201799e-05 2.159048394416387842e-06
4.832872300000000010e+00 2.438852300161891199e-05 2.119771492860304201e-06
4.857036700000000096e+00 2.414281228598951564e-05 2.081212200140537032e-06
4.881321899999999658e+00 2.389957674241915549e-05 2.043362500519094948e-06
4.905728500000000381e+00 2.365872411485347651e-05 2.006214406429354130e-06
4.930257100000000392e+00 2.342029848586344628e-05 1.969697565755677397e-06
4.954908399999999880e+00 2.318420852489358407e-05 1.933929280436428368e-06
4.979682900000000245e+00 2.295043306765424940e-05 1.898777252511664860e-06
5.004581400000000180e+00 2.271901312229593768e-05 1.864296137594721050e-06
5.029604299999999917e+00 2.248992695100605931e-05 1.830417172924633566e-06
5.054752299999999643e+00 2.226308687203411611e-05 1.797194567502138718e-06
5.080026000000000153e+00 2.203847171517716455e-05 1.764560223491461044e-06
5.105426200000000136e+00 2.181618320218856337e-05 1.732567838240829203e-06
5.130953299999999828e+00 2.159607548165503270e-05 1.701150116829533253e-06
5.156608099999999695e+00 2.137812638320154982e-05 1.670300585230009070e-06
5.182391100000000250e+00 2.116237684884067841e-05 1.640012927450006962e-06
5.208303100000000185e+00 2.094880339506819441e-05 1.610280788257513941e-06
5.234344600000000014e+00 2.073732607263132011e-05 1.581156774442860909e-06
5.260516299999999923e+00 2.052798306149417604e-05 1.552516764764870959e-06
5.286818900000000099e+00 2.032069444876232825e-05 1.524413711326382803e-06
5.313252999999999560e+00 2.011555592084014692e-05 1.496783611500180747e-06
5.339819199999999988e+00 1.991243136446114081e-05 1.469736613611380572e-06
5.366518300000000075e+00 1.971130053847666155e-05 1.443151117692081006e-06
5.393350899999999726e+00 1.951225637590643132e-05 1.417079153443383663e-06
5.420317700000000016e+00 1.931516612721456509e-05 1.391458049171974698e-06
5.447419299999999964e+00 1.912001166563863253e-05 1.366282852171421256e-06
5.474656399999999756e+00 1.892688251564123125e-05 1.341604856516858481e-06
5.502029699999999579e+00 1.873564990328334957e-05 1.317418333856811508e-06
5.529539800000000227e+00 1.854634930398284834e-05 1.293606291908119104e-06
5.557187500000000391e+00 1.835896042921991795e-05 1.270275531183384967e-06
5.584973399999999977e+00 1.817341258458717536e-05 1.247365376988918259e-06
5.612898300000000340e+00 1.798979041123087170e-05 1.224871100547839631e-06
5.640962799999999611e+00 1.780797216709527675e-05 1.202788060525452696e-06
5.669167599999999752e+00 1.762799106301149923e-05 1.181111635107852885e-06
5.697513500000000342e+00 1.744977799537026023e-05 1.159837224092369820e-06
5.726001000000000118e+00 1.727341623198367607e-05 1.138960330378086399e-06
5.754630999999999830e+00 1.709878702407067476e-05 1.118422924001518834e-06
5.783404199999999662e+00 1.692592238761844503e-05 1.098327801265290804e-06
5.812321200000000410e+00 1.675480517253475455e-05 1.078563844387539026e-06
5.841382799999999875e+00 1.658541725289103966e-05 1.059180147903343528e-06
5.870589700000000022e+00 1.641774128853545718e-05 1.040119936855573480e-06
5.899942700000000428e+00 1.625171300484275620e-05 1.021431851936124825e-06
5.929442400000000113e+00 1.608736349998440577e-05 1.003059731032236923e-06
5.959089600000000431e+00 1.592472109447692766e-05 9.850517635707927779e-07
5.988884999999999792e+00 1.576367743796854633e-05 9.673523587154669398e-07
6.018829499999999832e+00 1.560426118729342721e-05 9.500092438569819597e-07
6.048923600000000178e+00 1.544645716892528598e-05 9.329674429679681368e-07
6.079168199999999800e+00 1.529020443952160740e-05 9.162236036881120715e-07
6.109564100000000053e+00 1.513557481594054136e-05 8.997744205168144089e-07
6.140111899999999956e+00 1.498250881162132662e-05 8.836667813903519513e-07
6.170812500000000256e+00 1.483094736405215270e-05 8.678467920779388784e-07
6.201666499999999971e+00 1.468096119204506508e-05 8.522616308666945074e-07
6.232674900000000129e+00 1.453244897645134466e-05 8.370076062249538983e-07
6.263838200000000356e+00 1.438543922776232419e-05 8.220317187793010111e-07
6.295157399999999903e+00 1.423991571779317517e-05 8.073308151442903242e-07
6.326633199999999846e+00 1.409586378793416303e-05 7.929018105449614775e-07
6.358266399999999763e+00 1.395330858790132756e-05 7.786932209723340289e-07
6.390057699999999841e+00 1.381215517349527159e-05 7.647990857739166749e-07
6.422007999999999939e+00 1.367242899167203889e-05 7.511197885989929976e-07
6.454118000000000244e+00 1.353411601844888767e-05 7.377007649856395793e-07
6.486388599999999727e+00 1.339720154174214974e-05 7.245390402144907252e-07
6.518820599999999743e+00 1.326167144239849086e-05 7.115844568032588545e-07
6.551414699999999591e+00 1.312751216004210193e-05 6.988818080503522600e-07
6.584171699999999738e+00 1.299470987094249090e-05 6.864282072453389049e-07
6.915365000000000428e+00 1.176188761458351608e-05 5.743632434404682772e-07
7.392525000000000013e+00 1.026353589042105122e-05 4.493033869117683209e-07
7.902608999999999995e+00 8.954560738500921181e-06 3.515037932474278917e-07
8.447889999999999233e+00 7.810638227902993118e-06 2.745473375984355087e-07
9.030794000000000210e+00 6.811487809401048986e-06 2.140372832541544001e-07
9.653919000000000139e+00 5.935765705483124290e-06 1.652169192558608207e-07
1.032004000000000055e+01 5.167624098858757832e-06 1.277251236959405436e-07
1.103212000000000081e+01 4.492230328361964982e-06 9.888849916781405044e-08
1.179334000000000060e+01 3.893765661140124391e-06 7.668775456036560396e-08
1.260707999999999984e+01 3.348642073189494455e-06 5.956585271669155500e-08
1.320423000000000080e+01 2.951838764455851808e-06 5.003900077354546288e-08
1.340633000000000052e+01 2.739019160857872847e-06 4.726864059805428512e-08
1.346022999999999925e+01 2.568020626870453709e-06 4.656021864285404532e-08
1.347696999999999967e+01 2.424422957390229965e-06 3.425950573702407216e-07
1.354106999999999950e+01 2.688123311962197776e-06 3.361084223076360699e-07
1.374316999999999922e+01 2.741893790220924067e-06 3.166289840492277193e-07
1.440687999999999924e+01 2.603756659751284310e-06 2.631331271080827956e-07
1.540094999999999992e+01 2.331026182864931286e-06 2.061135023481717898e-07
1.646361999999999881e+01 2.065213563748865967e-06 1.625774461546872120e-07
1.759960999999999842e+01 1.822250505644846428e-06 1.284816759843300108e-07
1.881398000000000081e+01 1.603754591382944788e-06 1.007296212737452636e-07
2.011214999999999975e+01 1.408845151961130779e-06 7.885637958637109106e-08
2.149988000000000099e+01 1.236084748996464230e-06 6.166515136085053612e-08
2.298338000000000036e+01 1.083551792571238305e-06 4.819818980455841714e-08
2.456923000000000101e+01 9.492486383614101014e-07 3.767497144244227891e-08
2.626450000000000173e+01 8.312386430597691576e-07 2.946622224444220274e-08
2.807676000000000016e+01 7.284988501932745511e-07 2.291120876744142948e-08
3.001405000000000101e+01 6.374885967583412543e-07 1.776681389886888820e-08
3.208502000000000010e+01 5.577140019621770616e-07 1.378494553643431972e-08
3.429889000000000010e+01 4.878477797011636111e-07 1.070080692543800313e-08
3.666550999999999760e+01 4.266917698546741664e-07 8.311338423045514362e-09
3.919543000000000177e+01 3.731809418551867339e-07 6.457724280945337519e-09
4.189992000000000161e+01 3.263686434174316315e-07 5.019623453806074249e-09
4.479100999999999999e+01 2.854245306392128765e-07 3.905484544862663122e-09
4.788159000000000276e+01 2.496168592126726312e-07 3.041746188265525042e-09
5.118542000000000058e+01 2.183044209277383875e-07 2.371808717862952404e-09
5.471721000000000146e+01 1.909241728848562884e-07 1.851912852035489807e-09
5.849269999999999925e+01 1.669836127728524788e-07 1.448034462741386801e-09
6.252870000000000061e+01 1.460474734601704275e-07 1.128208622969574707e-09
6.684318000000000382e+01 1.277380702646641971e-07 8.808476592774204412e-10
7.145535999999999888e+01 1.117265546619361199e-07 6.894531826211520712e-10
7.638577999999999690e+01 9.772450515250463027e-08 5.412208818239277807e-10
8.165640000000000498e+01 8.548015012936522110e-08 4.258013711997452630e-10
8.729068999999999789e+01 7.477206618326071723e-08 3.356269932762042640e-10
9.331373999999999569e+01 6.540686971808668572e-08 2.656515574479356165e-10
9.975239000000000544e+01 5.721611039588295309e-08 2.112481500886278264e-10
1.066353000000000009e+02 5.005248824579665335e-08 1.688550098985951539e-10
1.139930999999999983e+02 4.378678933463388113e-08 1.357288755307339277e-10
1.218586999999999989e+02 3.830635409772178684e-08 1.097651005920753076e-10
1.302668999999999926e+02 3.351278536137254952e-08 8.934539276285764859e-11
1.392553000000000054e+02 2.931955675927192769e-08 7.322208517962344798e-11
1.488640000000000043e+02 2.565154749856848787e-08 6.043117302913550180e-11
1.591356000000000108e+02 2.244283590410677985e-08 5.024187274654996157e-11
1.701159000000000106e+02 1.963584148681751246e-08 4.207522593582824770e-11
1.818539000000000101e+02 1.718020817845340337e-08 3.549322304405566306e-11
1.944018000000000086e+02 1.503189081313088686e-08 3.015250017079906017e-11
2.078155999999999892e+02 1.315238733464794090e-08 2.579327593239331346e-11
2.221547999999999945e+02 1.150800113073652269e-08 2.220790470645979490e-11
2.374834999999999923e+02 1.006934050568392034e-08 1.923844809593421866e-11
2.538699000000000012e+02 8.810606616803810794e-09 1.675987311155591018e-11
2.713869000000000256e+02 7.709314386294468297e-09 1.467537867021449849e-11
2.901125999999999863e+02 6.745716635162078337e-09 1.291111232361140653e-11
3.101304000000000087e+02 5.902609811958567991e-09 1.140477545428867419e-11
3.315294000000000096e+02 5.164908295025462333e-09 1.011060164756603670e-11
3.544048999999999978e+02 4.519430474059664514e-09 8.992439938347854842e-12
3.788587999999999738e+02 3.954643154266895463e-09 8.020052717346980608e-12
4.050000999999999749e+02 3.460454899172876761e-09 7.169474711564384853e-12
4.329451000000000249e+02 3.028040442234594629e-09 6.421950565284805351e-12
