1.000000000000000000e+00 2.455037097935767218e-04 2.994316746498352174e-05
1.298597194388777520e+00 1.460923090737686772e-04 1.348768319512882670e-05
1.597194388777555041e+00 9.632344207362203187e-05 6.185080456216691059e-06
1.895791583166332783e+00 6.810471903426166683e-05 3.256126268902586492e-06
2.194388777555110082e+00 5.064428013073224167e-05 1.878283742824633985e-06
2.492985971943888046e+00 3.911330540602372274e-05 1.157651499680534094e-06
2.791583166332665567e+00 3.111704949423161666e-05 7.477448720823858014e-07
3.090180360721443087e+00 2.533775699649935744e-05 5.004338070977151313e-07
3.388777555110220607e+00 2.102737832400740665e-05 3.471682062601241441e-07
3.687374749498998128e+00 1.772825250100917984e-05 2.513706451490742161e-07
3.985971943887775648e+00 1.514903877447576186e-05 1.839426624524192888e-07
4.284569138276553169e+00 1.309651436172283906e-05 1.401088008094671054e-07
4.583166332665331133e+00 1.143393134952531715e-05 1.071390943269951908e-07
4.881763527054108209e+00 1.006878698920337110e-05 8.344308992991363228e-08
5.180360721442886174e+00 8.934302994430145153e-06 6.600468274245379842e-08
5.478957915831663250e+00 7.981307958630857853e-06 5.287287980366591668e-08
5.777555110220441215e+00 7.173056819988602797e-06 4.278506606411530876e-08
6.076152304609219179e+00 6.481649261305767658e-06 3.490245057998439159e-08
6.374749498997996255e+00 5.885722297487759819e-06 2.896685265230091282e-08
6.673346693386774220e+00 5.368378971289900605e-06 2.422135875160632851e-08
6.971943887775551296e+00 4.916345270932415505e-06 2.030695413185626532e-08
7.270541082164329261e+00 4.519170342339440893e-06 1.726243714043125297e-08
7.569138276553106337e+00 4.168263807812513042e-06 1.475143064761344001e-08
7.867735470941884302e+00 3.856683904066690202e-06 1.262591104034511874e-08
8.166332665330662266e+00 3.578849326239614542e-06 1.096788964429838771e-08
8.464929859719440230e+00 3.329954157579486078e-06 9.481203359333983919e-09
8.763527054108216419e+00 3.106211950797555158e-06 8.328102083086727003e-09
9.062124248496994383e+00 2.904252802290331530e-06 7.269318930691450891e-09
9.360721442885772348e+00 2.721413049969449230e-06 6.429451804436785169e-09
9.659318637274550312e+00 2.555282841485320899e-06 5.644123455662299043e-09
9.957915831663326500e+00 2.403948823650670535e-06 5.043542862545916403e-09
1.025651302605210446e+01 2.265649858913295252e-06 4.477931596656706526e-09
1.055511022044088243e+01 2.138970349215566593e-06 4.018741903889341105e-09
1.085370741482966039e+01 2.022619842910969639e-06 3.604376294886933565e-09
1.115230460921843836e+01 1.915512386193508863e-06 3.240592460032550046e-09
1.145090180360721455e+01 1.816702596940379792e-06 2.936830760929269336e-09
1.174949899799599251e+01 1.725335355336746049e-06 2.648508425007425499e-09
1.204809619238477048e+01 1.640706672022903219e-06 2.416818750864431398e-09
1.234669338677354844e+01 1.562151594711285972e-06 2.203445906596359459e-09
1.264529058116232463e+01 1.489101840656615035e-06 2.004739095287274499e-09
1.294388777555110259e+01 1.421070683265950870e-06 1.845751495259117741e-09
1.324248496993988056e+01 1.357592116988777050e-06 1.693933735547001669e-09
1.354108216432865852e+01 1.298272821907610315e-06 1.554251356617579214e-09
1.383967935871743649e+01 1.242767385760655857e-06 1.440062948899197138e-09
1.413827655310621267e+01 1.190743306947073953e-06 1.330697807729373844e-09
1.443687374749499064e+01 1.141916772645314474e-06 1.227666403598906974e-09
1.473547094188376860e+01 1.096040915431885209e-06 1.144689078433532444e-09
1.503406813627254657e+01 1.052872581078880654e-06 1.065007840031591186e-09
1.533266533066132453e+01 1.012202875993952477e-06 9.884301186919660468e-10
1.563126252505010072e+01 9.738497678115597405e-07 9.245062564718017513e-10
1.592985971943887868e+01 9.376360863601957450e-07 8.658090550483003788e-10
1.622845691382765665e+01 9.034037698362876097e-07 8.092718642476937842e-10
1.652705410821643284e+01 8.710123847803553948e-07 7.567010661954545229e-10
1.682565130260520903e+01 8.403362187233441256e-07 7.130002722933547142e-10
1.712424849699398877e+01 8.112513447928488518e-07 6.708235084185012767e-10
1.742284569138276495e+01 7.836495945267395240e-07 6.300924169193915965e-10
1.772144288577154470e+01 7.574339458724415439e-07 5.933528692734966649e-10
1.802004008016032088e+01 7.325141244318555829e-07 5.615676945387679419e-10
1.831863727454910062e+01 7.088033572556497857e-07 5.308187283229042965e-10
1.861723446893787681e+01 6.862246895566962868e-07 5.010561121535778204e-10
1.891583166332665300e+01 6.647084941043116483e-07 4.737866468103520000e-10
1.921442885771543274e+01 6.441903656300684229e-07 4.503189929415660317e-10
1.951302605210420893e+01 6.246072357276276736e-07 4.275695644864497546e-10
1.981162324649298867e+01 6.059031541589940122e-07 4.055058865552686067e-10
2.011022044088176486e+01 5.880262937505796163e-07 3.840974130110822780e-10
2.040881763527054105e+01 5.709314464902238607e-07 3.677944416674321858e-10
2.070741482965932079e+01 5.545709886106912263e-07 3.519903543434974268e-10
2.100601202404809698e+01 5.389034376663040835e-07 3.366355723069633034e-10
2.130460921843687672e+01 5.238902157362085862e-07 3.217112036884411461e-10
2.160320641282565290e+01 5.094960897904816961e-07 3.080184614548628932e-10
2.190180360721442909e+01 4.956881092238285983e-07 2.962258708818863331e-10
2.220040080160320883e+01 4.824336661823655285e-07 2.847505029114323874e-10
2.249899799599198502e+01 4.697035676536074145e-07 2.735797274104891070e-10
2.279759519038076476e+01 4.574705199755566010e-07 2.627015759513250351e-10
2.309619238476954095e+01 4.457095778385817153e-07 2.527405319128387070e-10
2.339478957915831714e+01 4.343971501856519503e-07 2.440675166243619276e-10
2.369338677354709688e+01 4.235098120000643925e-07 2.356131056288702680e-10
2.399198396793587307e+01 4.130265310550030929e-07 2.273691368716562315e-10
2.429058116232464926e+01 4.029275599286990018e-07 2.193278496332647643e-10
2.458917835671342900e+01 3.931944206713521549e-07 2.115621939964717685e-10
2.488777555110220518e+01 3.838106422903236594e-07 2.050915599261219745e-10
2.518637274549098493e+01 3.747586945084077329e-07 1.987743511384713141e-10
2.548496993987976111e+01 3.660231155854264657e-07 1.926051747655978565e-10
2.578356713426853730e+01 3.575893339232514372e-07 1.865788877568713728e-10
2.608216432865731704e+01 3.494436072723677780e-07 1.806905825790015989e-10
2.638076152304609323e+01 3.415732520786302786e-07 1.752502415645165104e-10
2.667935871743487297e+01 3.339661606474676031e-07 1.704196552818298237e-10
2.697795591182364916e+01 3.266103036215349080e-07 1.656960007115366254e-10
2.727655310621242535e+01 3.194947393875602387e-07 1.610757661002433298e-10
2.757515030060120509e+01 3.126091155440612368e-07 1.565555918024794432e-10
2.787374749498998128e+01 3.059436312328066230e-07 1.521322621334260384e-10
2.817234468937876102e+01 2.994892003429600406e-07 1.479998756397221682e-10
2.847094188376753721e+01 2.932372285760778017e-07 1.443685627061970971e-10
2.876953907815631339e+01 2.871789417719227023e-07 1.408126280990992565e-10
2.906813627254509314e+01 2.813064219495785242e-07 1.373297488875833206e-10
2.936673346693386932e+01 2.756121516349610287e-07 1.339176966178601571e-10
2.966533066132264906e+01 2.700889897947593583e-07 1.305743325583901476e-10
2.996392785571142525e+01 2.647301494407443562e-07 1.272976032293724615e-10
3.026252505010020144e+01 2.595295143613348114e-07 1.244571434683725794e-10
3.056112224448898118e+01 2.544806605648504308e-07 1.217464169420902607e-10
3.085971943887775737e+01 2.495776748509134916e-07 1.190881481406493869e-10
3.115831663326653356e+01 2.448149921539635207e-07 1.164808289213302398e-10
3.145691382765531330e+01 2.401873102852924144e-07 1.139230084041425051e-10
3.175551102204408949e+01 2.356895751718062950e-07 1.114132902796167922e-10
3.205410821643286567e+01 2.313169670528385162e-07 1.089503302670703624e-10
3.235270541082164186e+01 2.270652004446328326e-07 1.068175965546840746e-10
3.265130260521041805e+01 2.229295974877991728e-07 1.047564538044083009e-10
3.294989979959920134e+01 2.189059308077774956e-07 1.027326678561992832e-10
3.324849699398797753e+01 2.149901971678616755e-07 1.007452322312116782e-10
3.354709418837675372e+01 2.111785707022929530e-07 9.879317628461397894e-11
3.384569138276552991e+01 2.074673935687606909e-07 9.687556362489446956e-11
3.414428857715431320e+01 2.038531671706134420e-07 9.499149061610790851e-11
3.444288577154308939e+01 2.003326509797819084e-07 9.324928090312396026e-11
3.474148296593186558e+01 1.969026428959619359e-07 9.165325004455006428e-11
3.504008016032064177e+01 1.935599578338331799e-07 9.008442062697445016e-11
3.533867735470941795e+01 1.903016567594414044e-07 8.854210312764984433e-11
3.563727454909820125e+01 1.871249232526495084e-07 8.702563113329051429e-11
3.593587174348697744e+01 1.840270574196292333e-07 8.553436037997065924e-11
3.623446893787575362e+01 1.810054701550573313e-07 8.406766784049345531e-11
3.653306613226452981e+01 1.780576777312469695e-07 8.262495085651620709e-11
3.683166332665330600e+01 1.751813907759985647e-07 8.129557862355047184e-11
3.713026052104208929e+01 1.723742979846619021e-07 8.005871371574157985e-11
3.742885771543086548e+01 1.696341262273122525e-07 7.884158354812268837e-11
3.772745490981964167e+01 1.669587651952503596e-07 7.764371954378596036e-11
3.802605210420841786e+01 1.643461871109875458e-07 7.646466784370707317e-11
3.832464929859719405e+01 1.617944428851467446e-07 7.530398873339094818e-11
3.862324649298597734e+01 1.593016584805350618e-07 7.416125609611346964e-11
3.892184368737475353e+01 1.568660314707222582e-07 7.303605689133053560e-11
3.922044088176352972e+01 1.544858386216815711e-07 7.193764682957849025e-11
3.951903807615230590e+01 1.521595167514948027e-07 7.096066326443879275e-11
3.981763527054108209e+01 1.498853391167648225e-07 6.999833273178247736e-11
4.011623246492986539e+01 1.476617589403396198e-07 6.905032803081415028e-11
4.041482965931864157e+01 1.454872863750300739e-07 6.811633163057918232e-11
4.071342685370741776e+01 1.433604860076103237e-07 6.719603531536436957e-11
4.101202404809619395e+01 1.412799744895634079e-07 6.628913984558978712e-11
4.131062124248497014e+01 1.392444182872686369e-07 6.539535463340677659e-11
4.160921843687375343e+01 1.372525315447984471e-07 6.451439743226410623e-11
4.190781563126252962e+01 1.353030765944525284e-07 6.364819203330027317e-11
4.220641282565130581e+01 1.333949465842952123e-07 6.287459616075738420e-11
4.250501002004008200e+01 1.315268920652996914e-07 6.211186929198709734e-11
4.280360721442885819e+01 1.296977986399266513e-07 6.135978396106480242e-11
4.310220440881764148e+01 1.279065903781694830e-07 6.061811900528727348e-11
4.340080160320641767e+01 1.261522282350799227e-07 5.988665934834252234e-11
4.369939879759519386e+01 1.244337085437247034e-07 5.916519579236859966e-11
4.399799599198397004e+01 1.227500615794933229e-07 5.845352481847988198e-11
4.429659318637274623e+01 1.211003501919213520e-07 5.775144839536110342e-11
4.459519038076152952e+01 1.194836685004252386e-07 5.705877379555104563e-11
4.489378757515030571e+01 1.178991605906032388e-07 5.639566678572411625e-11
4.519238476953908190e+01 1.163459964733441533e-07 5.577984495248199054e-11
4.549098196392785809e+01 1.148233183850270424e-07 5.517210747634582712e-11
4.578957915831663428e+01 1.133303336892910073e-07 5.457229620126393142e-11
4.608817635270541047e+01 1.118662753436314817e-07 5.398025706984558999e-11
4.638677354709419376e+01 1.104304009140778007e-07 5.339583999144328872e-11
4.668537074148296995e+01 1.090219916338432005e-07 5.281889871529733450e-11
4.698396793587174614e+01 1.076403515037197924e-07 5.224929070851764821e-11
4.728256513026052232e+01 1.062848064321153134e-07 5.168687703868885109e-11
4.758116232464929851e+01 1.049547034127488688e-07 5.113152226089602400e-11
4.787975951903808181e+01 1.036494097381312896e-07 5.058309430897721100e-11
4.817835671342685799e+01 1.023683733962745279e-07 5.008369239118896460e-11
4.847695390781563418e+01 1.011109377734687787e-07 4.959070153695896733e-11
4.877555110220441037e+01 9.987652633100202904e-08 4.910374672671438431e-11
4.907414829659318656e+01 9.866458038733515905e-08 4.862271777948240628e-11
4.937274549098196985e+01 9.747455810400422658e-08 4.814750717970649883e-11
4.967134268537074604e+01 9.630593387993787180e-08 4.767800999713113601e-11
4.996993987975952223e+01 9.515819777103374731e-08 4.721412380955911902e-11
5.026853707414829842e+01 9.403085493379757922e-08 4.675574862836151922e-11
5.056713426853707460e+01 9.292342509191089410e-08 4.630278682662720627e-11
5.086573146292585790e+01 9.183544202465440608e-08 4.585514306984271527e-11
5.116432865731463409e+01 9.076645307616934092e-08 4.541272424899972742e-11
5.146292585170341027e+01 8.971604502224248822e-08 4.500425763365104680e-11
5.176152304609218646e+01 8.868376597818326362e-08 4.460268131157753639e-11
5.206012024048096265e+01 8.766919922410291779e-08 4.420571156984040798e-11
5.235871743486974594e+01 8.667194185651149196e-08 4.381326959566315237e-11
5.265731462925852213e+01 8.569160236309816555e-08 4.342527836392408189e-11
5.295591182364729832e+01 8.472780023843555786e-08 4.304166258675673911e-11
5.325450901803607451e+01 8.378016561472536302e-08 4.266234866484626499e-11
5.355310621242485070e+01 8.284833890691519579e-08 4.228726464035484096e-11
5.385170340681363399e+01 8.193197047155204864e-08 4.191634015141335882e-11
5.415030060120241018e+01 8.103072027876719479e-08 4.154950638811877256e-11
5.444889779559118637e+01 8.014425759681823546e-08 4.118669604997920369e-11
5.474749498997996255e+01 7.927226328370717198e-08 4.083013338490112550e-11
5.504609218436873874e+01 7.841444439629851164e-08 4.049761814724255364e-11
5.534468937875752204e+01 7.757047309147392785e-08 4.016869090034409974e-11
5.564328657314629822e+01 7.674005292109675474e-08 3.984329388176717486e-11
5.594188376753507441e+01 7.592289532763137843e-08 3.952137056233180968e-11
5.624048096192385060e+01 7.511871939344905289e-08 3.920286561337787333e-11
5.653907815631262679e+01 7.432725159937791575e-08 3.888772487506401623e-11
5.683767535070141008e+01 7.354822559210766166e-08 3.857589532566552392e-11
5.713627254509018627e+01 7.278138196008189587e-08 3.826732505183508024e-11
5.743486973947896246e+01 7.202646801752449246e-08 3.796196321979114895e-11
5.773346693386773865e+01 7.128323759626473037e-08 3.765976004740042125e-11
5.803206412825651483e+01 7.055145084504142598e-08 3.736066677712215967e-11
5.833066132264529813e+01 6.983087403597988631e-08 3.706463564978347719e-11
5.862925851703407432e+01 6.912128971629865633e-08 3.677919078529561029e-11
5.892785571142285050e+01 6.842247744756590822e-08 3.650557673765816736e-11
5.922645290581162669e+01 6.773420839547474947e-08 3.623472160543645619e-11
5.952505010020040288e+01 6.705627153410618586e-08 3.596658386975386488e-11
5.982364729458917907e+01 6.638846109088988110e-08 3.570112284066493446e-11
6.012224448897796236e+01 6.573057639044831259e-08 3.543829863657076253e-11
6.042084168336673855e+01 6.508242170382963163e-08 3.517807216424510533e-11
6.071943887775551474e+01 6.444380610291745671e-08 3.492040509944949054e-11
6.101803607214429093e+01 6.381454331981590006e-08 3.466525986811778580e-11
6.131663326653306711e+01 6.319445161101618788e-08 3.441259962809036412e-11
6.161523046092185041e+01 6.258335362615983720e-08 3.416238825137939678e-11
6.191382765531062660e+01 6.198107628122174322e-08 3.391459030694743762e-11
6.221242484969940278e+01 6.138745063594385015e-08 3.366917104398181818e-11
6.251102204408817897e+01 6.080231177535701328e-08 3.342609637564843916e-11
6.280961923847695516e+01 6.022551009648310972e-08 3.319679275733833677e-11
6.310821643286573845e+01 5.965687748926026587e-08 3.297037679108146272e-11
6.340681362725451464e+01 5.909625972281535552e-08 3.274609331401374513e-11
6.370541082164329083e+01 5.854350687974983243e-08 3.252391234020709218e-11
6.400400801603205991e+01 5.799847253156889248e-08 3.230380444330554156e-11
6.430260521042083610e+01 5.746101364169980773e-08 3.208574074353290264e-11
6.460120240480962650e+01 5.693099047164160890e-08 3.186969289506107515e-11
6.489979959919840269e+01 5.640826649012975520e-08 3.165563307372663688e-11
6.519839679358717888e+01 5.589270828520639845e-08 3.144353396508532158e-11
6.549699398797595506e+01 5.538418547909036244e-08 3.123336875279302008e-11
6.579559118236473125e+01 5.488257064574543171e-08 3.102511110730332656e-11
6.609418837675350744e+01 5.438773923104930289e-08 3.081873517487132903e-11
6.639278557114228363e+01 5.389956947547043504e-08 3.061421556685420266e-11
6.669138276553105982e+01 5.341794233916270274e-08 3.041152734929920298e-11
6.698997995991985022e+01 5.294274516808665514e-08 3.021512251967152347e-11
6.728857715430862640e+01 5.247386417311624988e-08 3.002506913882088397e-11
6.758717434869740259e+01 5.201118414895837444e-08 2.983669505309844475e-11
6.788577154308617878e+01 5.155459623349165071e-08 2.964997810324449898e-11
6.818436873747495497e+01 5.110399394306778254e-08 2.946489651816413035e-11
6.848296593186373116e+01 5.065927311042402741e-08 2.928142890646491625e-11
6.878156312625250735e+01 5.022033182447802688e-08 2.909955424821498096e-11
6.908016032064128353e+01 4.978707037194077334e-08 2.891925188691491700e-11
6.937875751503005972e+01 4.935939118068432463e-08 2.874050152167686029e-11
6.967735470941883591e+01 4.893719876480517281e-08 2.856328319960488360e-11
6.997595190380762631e+01 4.852039967132480177e-08 2.838757730837022017e-11
7.027454909819640250e+01 4.810890242847223119e-08 2.821336456897596982e-11
7.057314629258517868e+01 4.770261749549501149e-08 2.804062602870539712e-11
7.087174348697395487e+01 4.730145721394745759e-08 2.786934305424851293e-11
7.117034068136273106e+01 4.690533576040611983e-08 2.769949732500162057e-11
7.146893787575150725e+01 4.651416958247640035e-08 2.753138315126423204e-11
7.176753507014028344e+01 4.612788593248918901e-08 2.737119676649941229e-11
7.206613226452905963e+01 4.574639402418011522e-08 2.721233780707480902e-11
7.236472945891783581e+01 4.536961493151483352e-08 2.705478984100131900e-11
7.266332665330661200e+01 4.499747134679756668e-08 2.689853670638732786e-11
7.296192384769540240e+01 4.462988754101412161e-08 2.674356250591182856e-11
7.326052104208417859e+01 4.426678932530404648e-08 2.658985160143278704e-11
7.355911823647295478e+01 4.390810401352505010e-08 2.643738860872659663e-11
7.385771543086173097e+01 4.355376038587514045e-08 2.628615839235541916e-11
7.415631262525050715e+01 4.320368865353758194e-08 2.613614606065829934e-11
7.445490981963928334e+01 4.285782042431674230e-08 2.598733696086291190e-11
7.475350701402805953e+01 4.251608866923278732e-08 2.583971667431452272e-11
7.505210420841683572e+01 4.217842769004472374e-08 2.569327101181866148e-11
7.535070140280561191e+01 4.184477308767256765e-08 2.554798600909470441e-11
7.564929859719438809e+01 4.151506173149060676e-08 2.540384792233705828e-11
7.594789579158317849e+01 4.118923172946340101e-08 2.526084322388097960e-11
7.624649298597195468e+01 4.086722239909976546e-08 2.511895859797045363e-11
7.654509018036073087e+01 4.054897631840162407e-08 2.498098071744398668e-11
7.684368737474950706e+01 4.023443483228501262e-08 2.484651351236624728e-11
7.714228456913828325e+01 3.992353888931715523e-08 2.471308728061196860e-11
7.744088176352705943e+01 3.961623237121845918e-08 2.458068998080041253e-11
7.773947895791583562e+01 3.931246023539518351e-08 2.444930975655453152e-11
7.803807615230461181e+01 3.901216849029150156e-08 2.431893493296157591e-11
7.833667334669338800e+01 3.871530417139741189e-08 2.418955401311460322e-11
7.863527054108216419e+01 3.842181531789378994e-08 2.406115567473287677e-11
7.893386773547094037e+01 3.813165094991419225e-08 2.393372876685885907e-11
7.923246492985973077e+01 3.784476104640578427e-08 2.380726230662998124e-11
7.953106212424850696e+01 3.756109652357081658e-08 2.368174547612314280e-11
7.982965931863728315e+01 3.728060921387138471e-08 2.355716761926989020e-11
8.012825651302605934e+01 3.700325184558107436e-08 2.343351823884076838e-11
8.042685370741483553e+01 3.672897802286700815e-08 2.331078699349669649e-11
8.072545090180361171e+01 3.645774220638646481e-08 2.318896369490581374e-11
8.102404809619238790e+01 3.618949969438341996e-08 2.306803830492416999e-11
8.132264529058116409e+01 3.592420660426978816e-08 2.294800093283840639e-11
8.162124248496994028e+01 3.566181985467756901e-08 2.282884183266899799e-11
8.191983967935871647e+01 3.540230111817614583e-08 2.271414048614799537e-11
8.221843687374750687e+01 3.514560536203618097e-08 2.260074951815622137e-11
8.251703406813628305e+01 3.489169127269906425e-08 2.248817918617721778e-11
8.281563126252505924e+01 3.464051880418581623e-08 2.237642061363996236e-11
8.311422845691383543e+01 3.439204862857606612e-08 2.226546505153371767e-11
8.341282565130261162e+01 3.414624212061321472e-08 2.215530387612490922e-11
8.371142284569138781e+01 3.390306134269266143e-08 2.204592858672281690e-11
8.401002004008016399e+01 3.366246903022320879e-08 2.193733080349283258e-11
8.430861723446894018e+01 3.342442857735063978e-08 2.182950226531640168e-11
8.460721442885771637e+01 3.318890402303330351e-08 2.172243482769603963e-11
8.490581162324649256e+01 3.295586003746008087e-08 2.161612046070470591e-11
8.520440881763528296e+01 3.272526190880071797e-08 2.151055124697826578e-11
8.550300601202405915e+01 3.249707553027966002e-08 2.140571937974998636e-11
8.580160320641283533e+01 3.227126738756406158e-08 2.130161716092609445e-11
8.610020040080161152e+01 3.204780454645767503e-08 2.119823699920139129e-11
8.639879759519038771e+01 3.182665464089169687e-08 2.109557140821390949e-11
8.669739478957916390e+01 3.160778586120481613e-08 2.099361300473775285e-11
8.699599198396794009e+01 3.139116694270416022e-08 2.089235450691305262e-11
8.729458917835671627e+01 3.117676717443843204e-08 2.079182887532019001e-11
8.759318637274549246e+01 3.096455782489009061e-08 2.069501224064532557e-11
8.789178356713426865e+01 3.075450768135692727e-08 2.059885344164772874e-11
8.819038076152305905e+01 3.054658755030211833e-08 2.050334579637795005e-11
8.848897795591183524e+01 3.034076872991307199e-08 2.040848271307690177e-11
8.878757515030061143e+01 3.013702300019574189e-08 2.031425768865912540e-11
8.908617234468938761e+01 2.993532261330139179e-08 2.022066430722683271e-11
8.938476953907816380e+01 2.973564028407878677e-08 2.012769623861356060e-11
8.968336673346693999e+01 2.953794918084646075e-08 2.003534723695700669e-11
8.998196392785571618e+01 2.934222291637886654e-08 1.994361113930021515e-11
9.028056112224449237e+01 2.914843553910089923e-08 1.985248186422059596e-11
9.057915831663326856e+01 2.895656152448529721e-08 1.976195341048600844e-11
9.087775551102204474e+01 2.876657576664750782e-08 1.967201985573732103e-11
9.117635270541082093e+01 2.857845357013301464e-08 1.958267535519693674e-11
9.147494989979961133e+01 2.839217064189192868e-08 1.949391414040252512e-11
9.177354709418838752e+01 2.820770308343617462e-08 1.940573051796555979e-11
9.207214428857716371e+01 2.802502738317424632e-08 1.931811886835390250e-11
9.237074148296593989e+01 2.784412040891937577e-08 1.923107364469812977e-11
9.266933867735471608e+01 2.766495940056619209e-08 1.914458937162081711e-11
9.296793587174349227e+01 2.748752196293187371e-08 1.905866064408848980e-11
9.326653306613226846e+01 2.731178605875752206e-08 1.897328212628552321e-11
9.356513026052104465e+01 2.713773269483927347e-08 1.889060860841029226e-11
9.386372745490982084e+01 2.696533830468736839e-08 1.880886542162913661e-11
9.416232464929859702e+01 2.679458137600378983e-08 1.872764066483202646e-11
9.446092184368738742e+01 2.662544123687094074e-08 1.864692942164501245e-11
9.475951903807616361e+01 2.645789754055591749e-08 1.856672683766218373e-11
9.505811623246493980e+01 2.629193025939123284e-08 1.848702811947239622e-11
9.535671342685371599e+01 2.612751967878960168e-08 1.840782853370428617e-11
9.565531062124249218e+01 2.596464639138917987e-08 1.832912340608916174e-11
9.595390781563126836e+01 2.580329129132621856e-08 1.825090812054144960e-11
9.625250501002004455e+01 2.564343556863188837e-08 1.817317811825613424e-11
9.655110220440882074e+01 2.548506070375015969e-08 1.809592889682308340e-11
9.684969939879759693e+01 2.532814846217387058e-08 1.801915600935765218e-11
9.714829659318637312e+01 2.517268088919602760e-08 1.794285506364737516e-11
9.744689378757516351e+01 2.501864030477345092e-08 1.786702172131432969e-11
9.774549098196393970e+01 2.486600929850021280e-08 1.779165169699287636e-11
9.804408817635271589e+01 2.471477072468790483e-08 1.771674075752237274e-11
9.834268537074149208e+01 2.456490769755041112e-08 1.764228472115464708e-11
9.864128256513026827e+01 2.441640358649061330e-08 1.756827945677581528e-11
9.893987975951904446e+01 2.426924201148636053e-08 1.749472088314225027e-11
9.923847695390782064e+01 2.412340683857362001e-08 1.742160496813031312e-11
9.953707414829659683e+01 2.397888217542428998e-08 1.734892772799957094e-11
9.983567134268537302e+01 2.383565269657527304e-08 1.727725388892129091e-11
1.001342685370741492e+02 2.369370349355594214e-08 1.720747334511223328e-11
1.004328657314629396e+02 2.355301851635248074e-08 1.713810773070805419e-11
1.007314629258517158e+02 2.341358279696021028e-08 1.706915335579641295e-11
1.010300601202404920e+02 2.327538158823994760e-08 1.700060657408753076e-11
1.013286573146292682e+02 2.313840036001870193e-08 1.693246378227144233e-11
1.016272545090180444e+02 2.300262479527034711e-08 1.686472141938658239e-11
1.019258517034068205e+02 2.286804078637460796e-08 1.679737596619953919e-11
1.022244488977955967e+02 2.273463443145231594e-08 1.673042394459549992e-11
1.025230460921843729e+02 2.260239203077538246e-08 1.666386191697958200e-11
1.028216432865731491e+02 2.247130008324958388e-08 1.659768648568840390e-11
1.031202404809619253e+02 2.234134528296854365e-08 1.653189429241196347e-11
1.034188376753507015e+02 2.221251451583721080e-08 1.646648201762555548e-11
1.037174348697394919e+02 2.208479485626347167e-08 1.640144638003142148e-11
1.040160320641282681e+02 2.195817356391585339e-08 1.633678413601009964e-11
1.043146292585170443e+02 2.183263808054636616e-08 1.627249207908112885e-11
1.046132264529058205e+02 2.170817602687660498e-08 1.620856703937305536e-11
1.049118236472945966e+02 2.158477519954578076e-08 1.614500588310240912e-11
1.052104208416833728e+02 2.146242356811944002e-08 1.608180551206164350e-11
1.055090180360721490e+02 2.134110927215716254e-08 1.601896286311569891e-11
1.058076152304609252e+02 2.122082061833826426e-08 1.595647490770711295e-11
1.061062124248497014e+02 2.110154607764398665e-08 1.589433865136952507e-11
1.064048096192384776e+02 2.098327428259488885e-08 1.583255113324928511e-11
1.067034068136272680e+02 2.086599431738275013e-08 1.577148020021915023e-11
1.070020040080160442e+02 2.074969581895070733e-08 1.571200140504267244e-11
1.073006012024048204e+02 2.063436689196152912e-08 1.565285364624747574e-11
1.075991983967935965e+02 2.051999678870756859e-08 1.559403416786874137e-11
1.078977955911823727e+02 2.040657490999211731e-08 1.553554024444918633e-11
1.081963927855711489e+02 2.029409080267373437e-08 1.547736918061805749e-11
1.084949899799599251e+02 2.018253415725768835e-08 1.541951831067712127e-11
1.087935871743487013e+02 2.007189480553375117e-08 1.536198499819349368e-11
1.090921843687374775e+02 1.996216271825901040e-08 1.530476663559911684e-11
1.093907815631262537e+02 1.985332800288503839e-08 1.524786064379673993e-11
1.096893787575150441e+02 1.974538090132826325e-08 1.519126447177251431e-11
1.099879759519038203e+02 1.963831178778268829e-08 1.513497559621471820e-11
1.102865731462925964e+02 1.953211116657391419e-08 1.507899152113874980e-11
1.105851703406813726e+02 1.942676967005375918e-08 1.502330977751819184e-11
1.108837675350701488e+02 1.932227805653452438e-08 1.496792792292184728e-11
1.111823647294589250e+02 1.921862720826194466e-08 1.491284354115661705e-11
1.114809619238477012e+02 1.911580812942615020e-08 1.485805424191606456e-11
1.117795591182364774e+02 1.901381194420984110e-08 1.480355766043474150e-11
1.120781563126252536e+02 1.891262989487269268e-08 1.474935145714787082e-11
1.123767535070140298e+02 1.881225333987135587e-08 1.469543331735660680e-11
1.126753507014028202e+02 1.871267375201442428e-08 1.464180095089851668e-11
1.129739478957915964e+02 1.861388271665133213e-08 1.458845209182334196e-11
1.132725450901803725e+02 1.851587192989470011e-08 1.453538449807386186e-11
1.135711422845691487e+02 1.841863319687533506e-08 1.448259595117181341e-11
1.138697394789579249e+02 1.832215843002924804e-08 1.443008425590871174e-11
1.141683366733467011e+02 1.822643983313902102e-08 1.437859668670147612e-11
1.144669338677354773e+02 1.813146947063957601e-08 1.432790394543872479e-11
1.147655310621242535e+02 1.803723943552390158e-08 1.427747498913260876e-11
1.150641282565130297e+02 1.794374205297354529e-08 1.422730776417746433e-11
1.153627254509018059e+02 1.785096974736667213e-08 1.417740023822931994e-11
1.156613226452905963e+02 1.775891504074352862e-08 1.412775039993139337e-11
1.159599198396793724e+02 1.766757055129948523e-08 1.407835625864392195e-11
1.162585170340681486e+02 1.757692899190516059e-08 1.402921584417808666e-11
1.165571142284569248e+02 1.748698316865302549e-08 1.398032720653407703e-11
1.168557114228457010e+02 1.739772597943004643e-08 1.393168841564312222e-11
1.171543086172344772e+02 1.730915041251562778e-08 1.388329756111354334e-11
1.174529058116232534e+02 1.722124954520462070e-08 1.383515275198056851e-11
1.177515030060120296e+02 1.713401654245462811e-08 1.378725211646006564e-11
1.180501002004008058e+02 1.704744465555728127e-08 1.373959380170594429e-11
1.183486973947895819e+02 1.696152722083300838e-08 1.369217597357124747e-11
1.186472945891783581e+02 1.687625765834858366e-08 1.364499681637285912e-11
1.189458917835671485e+02 1.679162947065743712e-08 1.359805453265974012e-11
1.192444889779559247e+02 1.670763624156183509e-08 1.355134734298468455e-11
1.195430861723447009e+02 1.662427163489669968e-08 1.350487348567942998e-11
1.198416833667334771e+02 1.654152939333468685e-08 1.345863121663317986e-11
1.201402805611222533e+02 1.645940333721198034e-08 1.341261880907443463e-11
1.204388777555110295e+02 1.637788736337441777e-08 1.336683455335602493e-11
1.207374749498998057e+02 1.629697544404362782e-08 1.332127675674337760e-11
1.210360721442885819e+02 1.621666162570264259e-08 1.327594374320590298e-11
1.213346693386773580e+02 1.613694002800077998e-08 1.323083385321141148e-11
1.216332665330661342e+02 1.605780484267723350e-08 1.318594544352367721e-11
1.219318637274549246e+02 1.597925053326379361e-08 1.314155285432270766e-11
1.222304609218437008e+02 1.590127184537261538e-08 1.309822539723504883e-11
1.225290581162324770e+02 1.582386255919619863e-08 1.305510911384487773e-11
1.228276553106212532e+02 1.574701714451949830e-08 1.301220246404610562e-11
1.231262525050100294e+02 1.567073013810369457e-08 1.296950392267246750e-11
1.234248496993988056e+02 1.559499614271519863e-08 1.292701197931680419e-11
1.237234468937875818e+02 1.551980982617107634e-08 1.288472513815298416e-11
1.240220440881763579e+02 1.544516592040038349e-08 1.284264191776036199e-11
1.243206412825651341e+02 1.537105922052140617e-08 1.280076085095076673e-11
1.246192384769539103e+02 1.529748458393430315e-08 1.275908048459802511e-11
1.249178356713427007e+02 1.522443692942893868e-08 1.271759937946986622e-11
1.252164328657314769e+02 1.515191123630754494e-08 1.267631611006227372e-11
1.255150300601202531e+02 1.507990254352201568e-08 1.263522926443618551e-11
1.258136272545090293e+02 1.500840594882551006e-08 1.259433744405654087e-11
1.261122244488978055e+02 1.493741660793809215e-08 1.255363926363356196e-11
1.264108216432865817e+02 1.486692973372613464e-08 1.251313335096635045e-11
1.267094188376753578e+02 1.479694059539530325e-08 1.247281834678865223e-11
1.270080160320641340e+02 1.472744451769671811e-08 1.243269290461680162e-11
1.273066132264529102e+02 1.465843688014620609e-08 1.239275569059983686e-11
1.276052104208416864e+02 1.458991311625630831e-08 1.235300538337168035e-11
1.279038076152304768e+02 1.452186871278078959e-08 1.231344067390540142e-11
1.282024048096192530e+02 1.445429920897151094e-08 1.227406026536952918e-11
1.285010020040080292e+02 1.438720019584729625e-08 1.223486287298635428e-11
1.287995991983968054e+02 1.432056731547474339e-08 1.219584722389222582e-11
1.290981963927855816e+02 1.425439626026059601e-08 1.215701205699974824e-11
1.293967935871743578e+02 1.418868277225555691e-08 1.211835612286189751e-11
1.296953907815631339e+02 1.412342264246929149e-08 1.207987818353806476e-11
1.299939879759519101e+02 1.405861171019649394e-08 1.204157701246185272e-11
1.302925851703406863e+02 1.399424589464448537e-08 1.200352819022835388e-11
1.305911823647294625e+02 1.393032143864497449e-08 1.196646747760865033e-11
1.308897795591182387e+02 1.386683397776902247e-08 1.192957585725647279e-11
1.311883767535070149e+02 1.380377953795937282e-08 1.189285217456166193e-11
1.314869739478957911e+02 1.374115419023158917e-08 1.185629528540223683e-11
1.317855711422845673e+02 1.367895405006192010e-08 1.181990405602549263e-11
1.320841683366733434e+02 1.361717527678500909e-08 1.178367736293087206e-11
1.323827655310621196e+02 1.355581407300095489e-08 1.174761409275428619e-11
1.326813627254509242e+02 1.349486668399172078e-08 1.171171314215406364e-11
1.329799599198397004e+02 1.343432939714685770e-08 1.167597341769847021e-11
1.332785571142284766e+02 1.337419854139802385e-08 1.164039383575464692e-11
1.335771543086172528e+02 1.331447048666244094e-08 1.160497332237911365e-11
1.338757515030060290e+02 1.325514164329505418e-08 1.156971081320970405e-11
1.341743486973948052e+02 1.319620846154914430e-08 1.153460525335895625e-11
1.344729458917835814e+02 1.313766743104537029e-08 1.149965559730892517e-11
1.347715430861723576e+02 1.307951508024902762e-08 1.146486080880737461e-11
1.350701402805611337e+02 1.302174797595534502e-08 1.143021986076537001e-11
1.353687374749499099e+02 1.296436272278281654e-08 1.139573173515621538e-11
1.356673346693386861e+02 1.290735596267418659e-08 1.136139542291571672e-11
1.359659318637274623e+02 1.285072437440523874e-08 1.132720992384378782e-11
1.362645290581162385e+02 1.279446467310104222e-08 1.129317424650730828e-11
1.365631262525050147e+02 1.273857360975956707e-08 1.125928740814428207e-11
1.368617234468937909e+02 1.268304797078267107e-08 1.122554843456926099e-11
1.371603206412825671e+02 1.262788457751408296e-08 1.119195636007998479e-11
1.374589178356713433e+02 1.257308028578453253e-08 1.115851022736522644e-11
1.377575150300601194e+02 1.251863198546369829e-08 1.112520908741387172e-11
1.380561122244488956e+02 1.246453660001894637e-08 1.109205199942514272e-11
1.383547094188376718e+02 1.241079108608079262e-08 1.105903803072001671e-11
1.386533066132264764e+02 1.235739243301475397e-08 1.102616625665375514e-11
1.389519038076152526e+02 1.230433766249984036e-08 1.099343576052960856e-11
1.392505010020040288e+02 1.225162382811315452e-08 1.096084563351355086e-11
1.395490981963928050e+02 1.219924824222884607e-08 1.092915660412078511e-11
1.398476953907815812e+02 1.214720779544903218e-08 1.089761531116828151e-11
1.401462925851703574e+02 1.209549963090511929e-08 1.086620842265002340e-11
1.404448897795591336e+02 1.204412092575521534e-08 1.083493508130191049e-11
1.407434869739479097e+02 1.199306888706997329e-08 1.080379443713484428e-11
1.410420841683366859e+02 1.194234075145307237e-08 1.077278564735768068e-11
1.413406813627254621e+02 1.189193378466723487e-08 1.074190787630124255e-11
1.416392785571142383e+02 1.184184528126579155e-08 1.071116029534320453e-11
1.419378757515030145e+02 1.179207256422967353e-08 1.068054208283399739e-11
1.422364729458917907e+02 1.174261298460968470e-08 1.065005242402361389e-11
1.425350701402805669e+02 1.169346392117409970e-08 1.061969051098933702e-11
1.428336673346693431e+02 1.164462278006130425e-08 1.058945554256437477e-11
1.431322645290581193e+02 1.159608699443762862e-08 1.055934672426738976e-11
1.434308617234468954e+02 1.154785402416001673e-08 1.052936326823291594e-11
1.437294589178356716e+02 1.149992135544375103e-08 1.049950439314264118e-11
1.440280561122244478e+02 1.145228650053486417e-08 1.046976932415750094e-11
1.443266533066132240e+02 1.140494699738737472e-08 1.044015729285072671e-11
1.446252505010020002e+02 1.135790040934512049e-08 1.041066753714156816e-11
1.449238476953908048e+02 1.131114432482824051e-08 1.038129930122999273e-11
1.452224448897795810e+02 1.126467635702409898e-08 1.035205183553205245e-11
1.455210420841683572e+02 1.121849414358271407e-08 1.032292439661615549e-11
1.458196392785571334e+02 1.117259534631647316e-08 1.029391624714005825e-11
1.461182364729459096e+02 1.112697765090419076e-08 1.026502665578861843e-11
1.464168336673346857e+02 1.108163876659937851e-08 1.023625489721239460e-11
1.467154308617234619e+02 1.103657642594264764e-08 1.020760025196689856e-11
1.470140280561122381e+02 1.099178838447823421e-08 1.017906200645263440e-11
1.473126252505010143e+02 1.094727242047447494e-08 1.015063945285586463e-11
1.476112224448897905e+02 1.090302633464831966e-08 1.012233188909010006e-11
1.479098196392785667e+02 1.085904794989368187e-08 1.009413861873826019e-11
1.482084168336673429e+02 1.081533511101361092e-08 1.006605895099561388e-11
1.485070140280561191e+02 1.077188568445627249e-08 1.003809220061329520e-11
1.488056112224448952e+02 1.072869755805458190e-08 1.001023768784260448e-11
1.491042084168336714e+02 1.068576870360887280e-08 9.983031319766769235e-12
1.494028056112224476e+02 1.064309700282758877e-08 9.956063870361026230e-12
1.497014028056112238e+02 1.060068039084161917e-08 9.929204000504731258e-12
1.500000000000000000e+02 1.055851683849711337e-08 9.902451067738843684e-12
