1.000000000000000000e+00 2.564434028076462038e-04 3.142601147260122357e-05
1.298597194388777520e+00 1.525907345073220986e-04 1.415652534895061062e-05
1.597194388777555041e+00 1.006004521002478152e-04 6.492290316258610697e-06
1.895791583166332783e+00 7.112310105731373849e-05 3.417620604892220349e-06
2.194388777555110082e+00 5.288324600326618069e-05 1.976962749798026753e-06
2.492985971943888046e+00 4.084084460053931642e-05 1.222843420249250378e-06
2.791583166332665567e+00 3.249458828503860722e-05 7.900872951756731881e-07
3.090180360721443087e+00 2.645968078676633493e-05 5.288991420931623901e-07
3.388777555110220607e+00 2.195787835272555456e-05 3.670026512154908715e-07
3.687374749498998128e+00 1.851221470119033703e-05 2.672543182369602803e-07
3.985971943887775648e+00 1.581885843041432410e-05 1.956446530202790684e-07
4.284569138276553169e+00 1.367646930758734365e-05 1.500461714870352930e-07
4.583166332665331133e+00 1.194062982400417953e-05 1.147928967081184661e-07
4.881763527054108209e+00 1.051514965318866212e-05 8.944419064570048605e-08
5.180360721442886174e+00 9.330449584680379149e-06 7.077943580680754224e-08
5.478957915831663250e+00 8.335236965482935398e-06 5.671745536710441720e-08
5.777555110220441215e+00 7.491162783585252065e-06 4.591087192892596719e-08
6.076152304609219179e+00 6.769100671779442805e-06 3.746378135052858110e-08
6.374749498997996255e+00 6.146745457628268045e-06 3.110052363013673946e-08
6.673346693386774220e+00 5.606456223518554988e-06 2.601174019075292956e-08
6.971943887775551296e+00 5.134372533656773803e-06 2.181319269701538517e-08
7.270541082164329261e+00 4.719581989364193974e-06 1.854638311869407419e-08
7.569138276553106337e+00 4.353109812195829254e-06 1.585114908881765666e-08
7.867735470941884302e+00 4.027707465724944869e-06 1.356902483846861034e-08
8.166332665330662266e+00 3.737548888885272352e-06 1.178812900733013462e-08
8.464929859719440230e+00 3.477613586210938635e-06 1.019113686269975839e-08
8.763527054108216419e+00 3.243945770387487704e-06 8.952130711530977145e-09
9.062124248496994383e+00 3.033027420242685904e-06 7.814441122428303851e-09
9.360721442885772348e+00 2.842076229170705013e-06 6.911745766328209592e-09
9.659318637274550312e+00 2.668576010117308732e-06 6.067718848370053690e-09
9.957915831663326500e+00 2.510528535858651488e-06 5.424878088197776888e-09
1.025651302605210446e+01 2.366094482029373183e-06 4.819467290223878325e-09
1.055511022044088243e+01 2.233795722870965067e-06 4.327597738235496461e-09
1.085370741482966039e+01 2.112284298271650758e-06 3.883629720325925862e-09
1.115230460921843836e+01 2.000426091301193304e-06 3.493658035964017114e-09
1.145090180360721455e+01 1.897233805594290744e-06 3.167719130483398920e-09
1.174949899799599251e+01 1.801814223581758195e-06 2.858346793966315868e-09
1.204809619238477048e+01 1.713432299392368888e-06 2.609404411911696395e-09
1.234669338677354844e+01 1.631393417033443514e-06 2.380075808675749252e-09
1.264529058116232463e+01 1.555104083457172517e-06 2.166466404708446418e-09
1.294388777555110259e+01 1.484056146737902769e-06 1.995258504536430462e-09
1.324248496993988056e+01 1.417762712742817668e-06 1.831771541751107451e-09
1.354108216432865852e+01 1.355813040891418405e-06 1.681291289427786075e-09
1.383967935871743649e+01 1.297846458347178960e-06 1.558047363047932294e-09
1.413827655310621267e+01 1.243515621954807994e-06 1.440009204217504872e-09
1.443687374749499064e+01 1.192524142420747659e-06 1.328782785872752613e-09
1.473547094188376860e+01 1.144614284880411504e-06 1.238988731358872052e-09
1.503406813627254657e+01 1.099532011028399945e-06 1.152761542780093337e-09
1.533266533066132453e+01 1.057059163550897945e-06 1.069892830504605306e-09
1.563126252505010072e+01 1.017005713713192887e-06 1.000553606758345329e-09
1.592985971943887868e+01 9.791865744809727121e-07 9.368288823244316343e-10
1.622845691382765665e+01 9.434366517913856461e-07 8.754491773868514298e-10
1.652705410821643284e+01 9.096092984747840939e-07 8.183388858023842040e-10
1.682565130260520903e+01 8.775732612931190997e-07 7.707259636447701363e-10
1.712424849699398877e+01 8.471990671499189220e-07 7.247735038397552906e-10
1.742284569138276495e+01 8.183737515586808461e-07 6.803961340993718454e-10
1.772144288577154470e+01 7.909960115918827590e-07 6.403087152847609567e-10
1.802004008016032088e+01 7.649715773103215349e-07 6.055370736476475429e-10
1.831863727454910062e+01 7.402097972720850751e-07 5.718990004612348256e-10
1.861723446893787681e+01 7.166303049079446446e-07 5.393399526579818460e-10
1.891583166332665300e+01 6.941604000436869801e-07 5.094668899867964404e-10
1.921442885771543274e+01 6.727328333441356387e-07 4.836753750936317817e-10
1.951302605210420893e+01 6.522817126295188351e-07 4.586732071695712768e-10
1.981162324649298867e+01 6.327486073063995846e-07 4.344246955313054100e-10
2.011022044088176486e+01 6.140793926336282588e-07 4.108962692411419498e-10
2.040881763527054105e+01 5.962269100951007303e-07 3.933531531795712902e-10
2.070741482965932079e+01 5.791413683565190485e-07 3.763499286654300531e-10
2.100601202404809698e+01 5.627794458527681140e-07 3.598301005360640823e-10
2.130460921843687672e+01 5.471008546533474782e-07 3.437733434990271712e-10
2.160320641282565290e+01 5.320688106348580732e-07 3.290440009441946328e-10
2.190180360721442909e+01 5.176489109783991776e-07 3.163632792938554663e-10
2.220040080160320883e+01 5.038070818730287148e-07 3.040236711163272433e-10
2.249899799599198502e+01 4.905128363992597599e-07 2.920115950699920731e-10
2.279759519038076476e+01 4.777376711743735481e-07 2.803141813532812294e-10
2.309619238476954095e+01 4.654555431643669740e-07 2.696052726833881598e-10
2.339478957915831714e+01 4.536418200885867973e-07 2.602851228637559562e-10
2.369338677354709688e+01 4.422720253742757909e-07 2.511998884333016155e-10
2.399198396793587307e+01 4.313241946594785120e-07 2.423407983279622967e-10
2.429058116232464926e+01 4.207777053305031235e-07 2.336995127644421240e-10
2.458917835671342900e+01 4.106132618851536314e-07 2.253548024313906342e-10
2.488777555110220518e+01 4.008136806716545196e-07 2.184069415149714848e-10
2.518637274549098493e+01 3.913606348429548563e-07 2.116238214127703286e-10
2.548496993987976111e+01 3.822379774595648001e-07 2.049996515182012294e-10
2.578356713426853730e+01 3.734304911722833884e-07 1.985289094666743849e-10
2.608216432865731704e+01 3.649238247345536581e-07 1.922063257809834212e-10
2.638076152304609323e+01 3.567047374759397554e-07 1.863661845430827357e-10
2.667935871743487297e+01 3.487605875691962071e-07 1.811829695388401234e-10
2.697795591182364916e+01 3.410788046352989933e-07 1.761144921717439513e-10
2.727655310621242535e+01 3.336479622054039466e-07 1.711569843333668124e-10
2.757515030060120509e+01 3.264572491327250861e-07 1.663068411269544114e-10
2.787374749498998128e+01 3.194964302547340307e-07 1.615606121254103262e-10
2.817234468937876102e+01 3.127560186357214779e-07 1.571279576624030110e-10
2.847094188376753721e+01 3.062270410148059469e-07 1.532358525481194346e-10
2.876953907815631339e+01 2.999003305164276348e-07 1.494245392507804071e-10
2.906813627254509314e+01 2.937676183031779779e-07 1.456915280122215610e-10
2.936673346693386932e+01 2.878210537918346694e-07 1.420344303364504258e-10
2.966533066132264906e+01 2.820531795208678284e-07 1.384509538933604107e-10
2.996392785571142525e+01 2.764569077623330724e-07 1.349388977271592815e-10
3.026252505010020144e+01 2.710258576720432644e-07 1.318977978485520317e-10
3.056112224448898118e+01 2.657533152345539203e-07 1.289963529087072313e-10
3.085971943887775737e+01 2.606331039286122836e-07 1.261510564585095618e-10
3.115831663326653356e+01 2.556594121071660118e-07 1.233602942469378691e-10
3.145691382765531330e+01 2.508267026479879116e-07 1.206225133145309455e-10
3.175551102204408949e+01 2.461296975383653074e-07 1.179362191117628577e-10
3.205410821643286567e+01 2.415633634602915444e-07 1.152999727784805497e-10
3.235270541082164186e+01 2.371232291188078409e-07 1.130201840419793812e-10
3.265130260521041805e+01 2.328044056256102611e-07 1.108173113520195862e-10
3.294989979959920134e+01 2.286024778247526002e-07 1.086543642223083889e-10
3.324849699398797753e+01 2.245132651083423715e-07 1.065302669657003081e-10
3.354709418837675372e+01 2.205327720983307846e-07 1.044439821931107954e-10
3.384569138276552991e+01 2.166571788848434818e-07 1.023945091241289651e-10
3.414428857715431320e+01 2.128828318594635630e-07 1.003808819862750043e-10
3.444288577154308939e+01 2.092063490233530122e-07 9.852022191919094071e-11
3.474148296593186558e+01 2.056243864458137551e-07 9.681720494466234438e-11
3.504008016032064177e+01 2.021336156249461578e-07 9.514321279474962662e-11
3.533867735470941795e+01 1.987309673133787058e-07 9.349750972619533067e-11
3.563727454909820125e+01 1.954135003100237382e-07 9.187938465429118247e-11
3.593587174348697744e+01 1.921783951028567648e-07 9.028815012841799109e-11
3.623446893787575362e+01 1.890229478768936422e-07 8.872314135823914290e-11
3.653306613226452981e+01 1.859445648635883866e-07 8.718371528764963661e-11
3.683166332665330600e+01 1.829408568241711613e-07 8.576648502241268967e-11
3.713026052104208929e+01 1.800094096651944639e-07 8.444893389527911055e-11
3.742885771543086548e+01 1.771478482831427295e-07 8.315240489353433687e-11
3.772745490981964167e+01 1.743539688760248639e-07 8.187639887290717703e-11
3.802605210420841786e+01 1.716256538295025313e-07 8.062043236712305324e-11
3.832464929859719405e+01 1.689608677035258135e-07 7.938403697714751894e-11
3.862324649298597734e+01 1.663576534353195320e-07 7.816675878876033744e-11
3.892184368737475353e+01 1.638141287454919889e-07 7.696815781693888484e-11
3.922044088176352972e+01 1.613284942834733855e-07 7.579824780448568657e-11
3.951903807615230590e+01 1.588991198344682265e-07 7.475935759630502264e-11
3.981763527054108209e+01 1.565241996265615073e-07 7.373604891120244160e-11
4.011623246492986539e+01 1.542021183585040988e-07 7.272797381527755145e-11
4.041482965931864157e+01 1.519313201811068228e-07 7.173479465720098951e-11
4.071342685370741776e+01 1.497103060906624430e-07 7.075618369114580746e-11
4.101202404809619395e+01 1.475376314547289682e-07 6.979182271619173184e-11
4.131062124248497014e+01 1.454119036626450160e-07 6.884140273136753239e-11
4.160921843687375343e+01 1.433317798936443448e-07 6.790462360554619386e-11
4.190781563126252962e+01 1.412959676877510315e-07 6.698356925844483700e-11
4.220641282565130581e+01 1.393033124896290432e-07 6.616238960703368854e-11
4.250501002004008200e+01 1.373525080898946417e-07 6.535274751036653638e-11
4.280360721442885819e+01 1.354423907232906597e-07 6.455440151112000599e-11
4.310220440881764148e+01 1.335718367962203280e-07 6.376711684290260739e-11
4.340080160320641767e+01 1.317397612341683665e-07 6.299066520008712849e-11
4.369939879759519386e+01 1.299451159078944451e-07 6.222482451707900085e-11
4.399799599198397004e+01 1.281868881341387306e-07 6.146937875657312009e-11
4.429659318637274623e+01 1.264640992468338995e-07 6.072411770637441560e-11
4.459519038076152952e+01 1.247758032350602242e-07 5.998883678438132274e-11
4.489378757515030571e+01 1.231211068263340778e-07 5.928533248570388918e-11
4.519238476953908190e+01 1.214991437402961393e-07 5.863275549211307812e-11
4.549098196392785809e+01 1.199090171370026301e-07 5.798874536830601688e-11
4.578957915831663428e+01 1.183498992677331934e-07 5.735313451872949293e-11
4.608817635270541047e+01 1.168209891113969797e-07 5.672575969111896792e-11
4.638677354709419376e+01 1.153215113455608203e-07 5.610646183670704466e-11
4.668537074148296995e+01 1.138507153633988297e-07 5.549508597579677533e-11
4.698396793587174614e+01 1.124078743342358552e-07 5.489148106846090471e-11
4.728256513026052232e+01 1.109922843054886959e-07 5.429549989014028434e-11
4.758116232464929851e+01 1.096032633439347437e-07 5.370699891192663645e-11
4.787975951903808181e+01 1.082401507143503149e-07 5.312583818532471401e-11
4.817835671342685799e+01 1.069023706763579976e-07 5.259750912168641828e-11
4.847695390781563418e+01 1.055892367914666884e-07 5.207596832079402664e-11
4.877555110220441037e+01 1.043001469773907366e-07 5.156081312155605703e-11
4.907414829659318656e+01 1.030345178045735057e-07 5.105192696223039204e-11
4.937274549098196985e+01 1.017917834326412646e-07 5.054919610085004490e-11
4.967134268537074604e+01 1.005713949778900425e-07 5.005250953046828876e-11
4.996993987975952223e+01 9.937281990715069153e-08 4.956175889744262777e-11
5.026853707414829842e+01 9.819554145678210831e-08 4.907683842263103210e-11
5.056713426853707460e+01 9.703905807560942813e-08 4.859764482538032746e-11
5.086573146292585790e+01 9.590288289068538972e-08 4.812407725019173534e-11
5.116432865731463409e+01 9.478654319481300877e-08 4.765603719595437611e-11
5.146292585170341027e+01 9.368960821327538661e-08 4.722453851453362049e-11
5.176152304609218646e+01 9.261160532939904847e-08 4.680036904010973816e-11
5.206012024048096265e+01 9.155209930632607720e-08 4.638106531760588998e-11
5.235871743486974594e+01 9.051066939360046042e-08 4.596654410014683353e-11
5.265731462925852213e+01 8.948690673653182385e-08 4.555672402908766212e-11
5.295591182364729832e+01 8.848041397487670017e-08 4.515152558077874822e-11
5.325450901803607451e+01 8.749080485722764005e-08 4.475087101512192718e-11
5.355310621242485070e+01 8.651770387040981468e-08 4.435468432584744276e-11
5.385170340681363399e+01 8.556074588322300805e-08 4.396289119244537015e-11
5.415030060120241018e+01 8.461957580389656974e-08 4.357541893368724215e-11
5.444889779559118637e+01 8.369384825065780080e-08 4.319219646267699004e-11
5.474749498997996255e+01 8.278323000756172258e-08 4.281562569626039939e-11
5.504609218436873874e+01 8.188741564077630251e-08 4.246491759413174465e-11
5.534468937875752204e+01 8.100606222381257855e-08 4.211799379205142532e-11
5.564328657314629822e+01 8.013886017745292154e-08 4.177479336723177267e-11
5.594188376753507441e+01 7.928550816259502979e-08 4.143525669761887640e-11
5.624048096192385060e+01 7.844571281845324893e-08 4.109932542736260848e-11
5.653907815631262679e+01 7.761918851041327477e-08 4.076694243338098119e-11
5.683767535070141008e+01 7.680565708713443101e-08 4.043805179297830730e-11
5.713627254509018627e+01 7.600484764651465122e-08 4.011259875247884081e-11
5.743486973947896246e+01 7.521649631015046007e-08 3.979052969683870747e-11
5.773346693386773865e+01 7.444034600594096466e-08 3.947179212020100201e-11
5.803206412825651483e+01 7.367614625850211164e-08 3.915633459735976959e-11
5.833066132264529813e+01 7.292365298707144193e-08 3.884410675610049489e-11
5.862925851703407432e+01 7.218263922587046015e-08 3.854322414030053688e-11
5.892785571142285050e+01 7.145287479060335177e-08 3.825503003515396678e-11
5.922645290581162669e+01 7.073412056831847832e-08 3.796974185960521843e-11
5.952505010020040288e+01 7.002615618590713994e-08 3.768731588236349421e-11
5.982364729458917907e+01 6.932876675630295667e-08 3.740770924524029039e-11
6.012224448897796236e+01 6.864174271540911339e-08 3.713087994146803687e-11
6.042084168336673855e+01 6.796487966465300060e-08 3.685678679466179222e-11
6.071943887775551474e+01 6.729797821894725469e-08 3.658538943840136308e-11
6.101803607214429093e+01 6.664084385984624681e-08 3.631664829641333616e-11
6.131663326653306711e+01 6.599328679369608252e-08 3.605052456333180721e-11
6.161523046092185041e+01 6.535512181458452532e-08 3.578698018601877514e-11
6.191382765531062660e+01 6.472616817190719679e-08 3.552597784542493070e-11
6.221242484969940278e+01 6.410624944237176625e-08 3.526748093897286135e-11
6.251102204408817897e+01 6.349519340627211278e-08 3.501145356344511429e-11
6.280961923847695516e+01 6.289284419015980589e-08 3.477020305165968535e-11
6.310821643286573845e+01 6.229902589714957616e-08 3.453200852765366442e-11
6.340681362725451464e+01 6.171357744240735322e-08 3.429605742868411553e-11
6.370541082164329083e+01 6.113634226825141238e-08 3.406231820890210197e-11
6.400400801603205991e+01 6.056716746043845379e-08 3.383075991114073695e-11
6.430260521042083610e+01 6.000590364688633469e-08 3.360135215324699978e-11
6.460120240480962650e+01 5.945240489966679870e-08 3.337406511479276915e-11
6.489979959919840269e+01 5.890652864014677886e-08 3.314886952415263346e-11
6.519839679358717888e+01 5.836813554716383224e-08 3.292573664593676837e-11
6.549699398797595506e+01 5.783708946812560501e-08 3.270463826876757263e-11
6.579559118236473125e+01 5.731325733292679387e-08 3.248554669338919876e-11
6.609418837675350744e+01 5.679650907058219798e-08 3.226843472109934820e-11
6.639278557114228363e+01 5.628671752847859167e-08 3.205327564249324953e-11
6.669138276553105982e+01 5.578375839415172141e-08 3.184004322650995192e-11
6.698997995991985022e+01 5.528751408863023451e-08 3.163352722409219636e-11
6.728857715430862640e+01 5.479786578320596276e-08 3.143380142110798075e-11
6.758717434869740259e+01 5.431469310221078255e-08 3.123584037793189052e-11
6.788577154308617878e+01 5.383788236175393223e-08 3.103962080754891916e-11
6.818436873747495497e+01 5.336732236176675345e-08 3.084511983086373962e-11
6.848296593186373116e+01 5.290290432116504543e-08 3.065231496780782121e-11
6.878156312625250735e+01 5.244452181497724373e-08 3.046118412867796329e-11
6.908016032064128353e+01 5.199207071337134250e-08 3.027170560569967342e-11
6.937875751503005972e+01 5.154544912251408136e-08 3.008385806480825548e-11
6.967735470941883591e+01 5.110455732720113252e-08 2.989762053764130076e-11
6.997595190380762631e+01 5.066929773519676591e-08 2.971297241373613877e-11
7.027454909819640250e+01 5.023957482322579760e-08 2.952989343292632196e-11
7.057314629258517868e+01 4.981529508456144098e-08 2.934836367793092756e-11
7.087174348697395487e+01 4.939636697815608133e-08 2.916836356713145489e-11
7.117034068136273106e+01 4.898270087926229242e-08 2.898987384753033732e-11
7.146893787575150725e+01 4.857420954354836033e-08 2.881321108666413681e-11
7.176753507014028344e+01 4.817081717536565111e-08 2.864503168251486612e-11
7.206613226452905963e+01 4.777242878115456605e-08 2.847824593989992947e-11
7.236472945891783581e+01 4.737896193911912781e-08 2.831283660690278950e-11
7.266332665330661200e+01 4.699033591748107136e-08 2.814878671518185503e-11
7.296192384769540240e+01 4.660647163306641795e-08 2.798607957416769272e-11
7.326052104208417859e+01 4.622729161107113216e-08 2.782469876540241043e-11
7.355911823647295478e+01 4.585271994596747427e-08 2.766462813701670152e-11
7.385771543086173097e+01 4.548268226351487703e-08 2.750585179834090531e-11
7.415631262525050715e+01 4.511710568383894411e-08 2.734835411464633885e-11
7.445490981963928334e+01 4.475591878554526477e-08 2.719211970201307416e-11
7.475350701402805953e+01 4.439905157083451419e-08 2.703713342232080712e-11
7.505210420841683572e+01 4.404643543158699611e-08 2.688338037835918280e-11
7.535070140280561191e+01 4.369800311638626059e-08 2.673084590905448519e-11
7.564929859719438809e+01 4.335368869845217037e-08 2.657951558480933060e-11
7.594789579158317849e+01 4.301342754445428593e-08 2.642937520295228906e-11
7.624649298597195468e+01 4.267715628417927821e-08 2.628041078329447356e-11
7.654509018036073087e+01 4.234481502531818893e-08 2.613560762778136875e-11
7.684368737474950706e+01 4.201634250406004943e-08 2.599454174955985128e-11
7.714228456913828325e+01 4.169167698920520034e-08 2.585456792806692013e-11
7.744088176352705943e+01 4.137075987694526028e-08 2.571567353101838402e-11
7.773947895791583562e+01 4.105353368680088755e-08 2.557784612021238554e-11
7.803807615230461181e+01 4.073994203588226206e-08 2.544107344781628754e-11
7.833667334669338800e+01 4.042992961383439336e-08 2.530534345273853941e-11
7.863527054108216419e+01 4.012344215844766060e-08 2.517064425708312567e-11
7.893386773547094037e+01 3.982042643191264010e-08 2.503696416268458725e-11
7.923246492985973077e+01 3.952083019770030799e-08 2.490429164772125963e-11
7.953106212424850696e+01 3.922460219804880445e-08 2.477261536340500916e-11
7.982965931863728315e+01 3.893169213203819100e-08 2.464192413074497619e-11
8.012825651302605934e+01 3.864205063423651167e-08 2.451220693738399364e-11
8.042685370741483553e+01 3.835562925389956888e-08 2.438345293450520627e-11
8.072545090180361171e+01 3.807238043470814170e-08 2.425565143380746854e-11
8.102404809619238790e+01 3.779225749502734705e-08 2.412879190454769896e-11
8.132264529058116409e+01 3.751521460867198387e-08 2.400286397064819073e-11
8.162124248496994028e+01 3.724120678616389763e-08 2.387785740786757967e-11
8.191983967935871647e+01 3.697019407669102659e-08 2.375760031366597837e-11
8.221843687374750687e+01 3.670212938756540901e-08 2.363872707356310459e-11
8.251703406813628305e+01 3.643696956546493898e-08 2.352071414591288143e-11
8.281563126252505924e+01 3.617467279076035907e-08 2.340355222497627596e-11
8.311422845691383543e+01 3.591519799368429528e-08 2.328723213874186300e-11
8.341282565130261162e+01 3.565850483825437978e-08 2.317174484653233927e-11
8.371142284569138781e+01 3.540455370659677538e-08 2.305708143666215465e-11
8.401002004008016399e+01 3.515330568365910360e-08 2.294323312414510395e-11
8.430861723446894018e+01 3.490472254230174498e-08 2.283019124845073837e-11
8.460721442885771637e+01 3.465876672875678471e-08 2.271794727130813964e-11
8.490581162324649256e+01 3.441540134844429381e-08 2.260649277455612604e-11
8.520440881763528296e+01 3.417459015213589367e-08 2.249581945803864969e-11
8.550300601202405915e+01 3.393629752245606847e-08 2.238591913754429607e-11
8.580160320641283533e+01 3.370048846071162997e-08 2.227678374278875823e-11
8.610020040080161152e+01 3.346712857404048741e-08 2.216840531543934528e-11
8.639879759519038771e+01 3.323618406287061656e-08 2.206077600718046545e-11
8.669739478957916390e+01 3.300762170868106897e-08 2.195388807781903675e-11
8.699599198396794009e+01 3.278140886205625965e-08 2.184773389342891728e-11
8.729458917835671627e+01 3.255751345243414507e-08 2.174234883805284733e-11
8.759318637274549246e+01 3.233590551920416970e-08 2.164091460544684575e-11
8.789178356713426865e+01 3.211655242261821351e-08 2.154016958350518016e-11
8.819038076152305905e+01 3.189942367615840915e-08 2.144010677158779613e-11
8.848897795591183524e+01 3.168448930680962856e-08 2.134071926354647591e-11
8.878757515030061143e+01 3.147171984471511962e-08 2.124200024613592786e-11
8.908617234468938761e+01 3.126108631307481102e-08 2.114394299745684188e-11
8.938476953907816380e+01 3.105256021827905930e-08 2.104654088543014835e-11
8.968336673346693999e+01 3.084611354027221971e-08 2.094978736630172758e-11
8.998196392785571618e+01 3.064171872313956900e-08 2.085367598317696566e-11
9.028056112224449237e+01 3.043934866591184968e-08 2.075820036458431011e-11
9.057915831663326856e+01 3.023897671358163846e-08 2.066335422306726626e-11
9.087775551102204474e+01 3.004057664832593435e-08 2.056913135380417859e-11
9.117635270541082093e+01 2.984412268092979782e-08 2.047552563325506339e-11
9.147494989979961133e+01 2.964958944240544284e-08 2.038253101783507278e-11
9.177354709418838752e+01 2.945695197580207352e-08 2.029014154261368537e-11
9.207214428857716371e+01 2.926618572820116469e-08 2.019835132003934881e-11
9.237074148296593989e+01 2.907726654289282878e-08 2.010715453868878597e-11
9.266933867735471608e+01 2.889017065172805798e-08 2.001654546204048963e-11
9.296793587174349227e+01 2.870487466764283787e-08 1.992651842727189527e-11
9.326653306613226846e+01 2.852135557734963617e-08 1.983706784407959853e-11
9.356513026052104465e+01 2.833959358186184539e-08 1.975048641760818333e-11
9.386372745490982084e+01 2.815956404166659161e-08 1.966488604852219132e-11
9.416232464929859702e+01 2.798124448500056627e-08 1.957982857236375335e-11
9.446092184368738742e+01 2.780461332439609139e-08 1.949530884077199752e-11
9.475951903807616361e+01 2.762964931197246557e-08 1.941132177027815453e-11
9.505811623246493980e+01 2.745633153304576549e-08 1.932786234128633215e-11
9.535671342685371599e+01 2.728463939987847394e-08 1.924492559707352501e-11
9.565531062124249218e+01 2.711455264556543389e-08 1.916250664280824234e-11
9.595390781563126836e+01 2.694605131805284632e-08 1.908060064458754366e-11
9.625250501002004455e+01 2.677911577428693346e-08 1.899920282849198181e-11
9.655110220440882074e+01 2.661372667448899537e-08 1.891830847965801349e-11
9.684969939879759693e+01 2.644986497655394133e-08 1.883791294136767736e-11
9.714829659318637312e+01 2.628751193056908998e-08 1.875801161415497079e-11
9.744689378757516351e+01 2.612664907345036631e-08 1.867859995492871526e-11
9.774549098196393970e+01 2.596725822369306971e-08 1.859967347611147431e-11
9.804408817635271589e+01 2.580932147623429163e-08 1.852122774479418460e-11
9.834268537074149208e+01 2.565282119742442500e-08 1.844325838190622240e-11
9.864128256513026827e+01 2.549774002010505584e-08 1.836576106140054661e-11
9.893987975951904446e+01 2.534406083879063948e-08 1.828873150945354371e-11
9.923847695390782064e+01 2.519176680495159907e-08 1.821216550367941625e-11
9.953707414829659683e+01 2.504084132239622915e-08 1.813605887235857191e-11
9.983567134268537302e+01 2.489126841079646115e-08 1.806102095507158637e-11
1.001342685370741492e+02 2.474303253861935952e-08 1.798801187465820404e-11
1.004328657314629396e+02 2.459611688287487636e-08 1.791543692118957604e-11
1.007314629258517158e+02 2.445050581264616848e-08 1.784329223403217218e-11
1.010300601202404920e+02 2.430618392766376200e-08 1.777157399819330937e-11
1.013286573146292682e+02 2.416313605423350432e-08 1.770027844364866986e-11
1.016272545090180444e+02 2.402134724124810438e-08 1.762940184468169096e-11
1.019258517034068205e+02 2.388080275628044132e-08 1.755894051923454810e-11
1.022244488977955967e+02 2.374148808175650418e-08 1.748889082827051168e-11
1.025230460921843729e+02 2.360338891120636125e-08 1.741924917514746761e-11
1.028216432865731491e+02 2.346649114559122334e-08 1.735001200500233340e-11
1.031202404809619253e+02 2.333078088970469527e-08 1.728117580414618232e-11
1.034188376753507015e+02 2.319624444864683911e-08 1.721273709946983010e-11
1.037174348697394919e+02 2.306286832436915989e-08 1.714469245785972591e-11
1.040160320641282681e+02 2.293063921228877993e-08 1.707703848562385667e-11
1.043146292585170443e+02 2.279954399797055793e-08 1.700977182792751939e-11
1.046132264529058205e+02 2.266956975387521362e-08 1.694288916823879031e-11
1.049118236472945966e+02 2.254070373617229352e-08 1.687638722778345484e-11
1.052104208416833728e+02 2.241293338161634321e-08 1.681026276500918522e-11
1.055090180360721490e+02 2.228624630448476080e-08 1.674451257505883320e-11
1.058076152304609252e+02 2.216063029357617359e-08 1.667913348925267317e-11
1.061062124248497014e+02 2.203607330926784884e-08 1.661412237457935973e-11
1.064048096192384776e+02 2.191256348063076912e-08 1.654947613319540911e-11
1.067034068136272680e+02 2.179008940747540055e-08 1.648558273230354404e-11
1.070020040080160442e+02 2.166864026557710363e-08 1.642336558120458645e-11
1.073006012024048204e+02 2.154820363595459730e-08 1.636149470713581802e-11
1.075991983967935965e+02 2.142876829489893939e-08 1.629996722725003232e-11
1.078977955911823727e+02 2.131032317378948266e-08 1.623878029061206285e-11
1.081963927855711489e+02 2.119285735652949238e-08 1.617793107775846774e-11
1.084949899799599251e+02 2.107636007703083575e-08 1.611741680026441665e-11
1.087935871743487013e+02 2.096082071674719031e-08 1.605723470031775743e-11
1.090921843687374775e+02 2.084622880225425609e-08 1.599738205030009431e-11
1.093907815631262537e+02 2.073257400287623698e-08 1.593785615237463228e-11
1.096893787575150441e+02 2.061984612835747616e-08 1.587865433808087151e-11
1.099879759519038203e+02 2.050803512657826964e-08 1.581977396793587396e-11
1.102865731462925964e+02 2.039713108131391158e-08 1.576121243104187929e-11
1.105851703406813726e+02 2.028712421003599857e-08 1.570296714470050267e-11
1.108837675350701488e+02 2.017800486175527162e-08 1.564503555403297482e-11
1.111823647294589250e+02 2.006976351490471874e-08 1.558741513160660214e-11
1.114809619238477012e+02 1.996239077526251115e-08 1.553010337706716894e-11
1.117795591182364774e+02 1.985587737391372438e-08 1.547309781677731735e-11
1.120781563126252536e+02 1.975021416524982181e-08 1.541639600346059465e-11
1.123767535070140298e+02 1.964539212500553671e-08 1.535999551585127481e-11
1.126753507014028202e+02 1.954140234833199803e-08 1.530389395834969559e-11
1.129739478957915964e+02 1.943823604790548114e-08 1.524808896068306276e-11
1.132725450901803725e+02 1.933588455207098297e-08 1.519257817757165043e-11
1.135711422845691487e+02 1.923433930302000598e-08 1.513735928840022618e-11
1.138697394789579249e+02 1.913359185500162126e-08 1.508242999689469126e-11
1.141683366733467011e+02 1.903363408545127382e-08 1.502857711922175621e-11
1.144669338677354773e+02 1.893445770147619445e-08 1.497555924335108672e-11
1.147655310621242535e+02 1.883605443248241140e-08 1.492281725151704081e-11
1.150641282565130297e+02 1.873841626374840347e-08 1.487034899592080785e-11
1.153627254509018059e+02 1.864153528414251905e-08 1.481815235100045715e-11
1.156613226452905963e+02 1.854540368452043941e-08 1.476622521314389007e-11
1.159599198396793724e+02 1.845001375615149739e-08 1.471456550040624484e-11
1.162585170340681486e+02 1.835535788917327568e-08 1.466317115223164713e-11
1.165571142284569248e+02 1.826142857107384951e-08 1.461204012917921946e-11
1.168557114228457010e+02 1.816821838520117745e-08 1.456117041265333949e-11
1.171543086172344772e+02 1.807572000929898837e-08 1.451056000463798424e-11
1.174529058116232534e+02 1.798392621406875774e-08 1.446020692743510348e-11
1.177515030060120296e+02 1.789282986175717763e-08 1.441010922340704344e-11
1.180501002004008058e+02 1.780242390476851821e-08 1.436026495472284150e-11
1.183486973947895819e+02 1.771270138430159954e-08 1.431067220310833523e-11
1.186472945891783581e+02 1.762365542901060930e-08 1.426132906960008908e-11
1.189458917835671485e+02 1.753527925368951838e-08 1.421223367430299978e-11
1.192444889779559247e+02 1.744756615797953837e-08 1.416338415615157556e-11
1.195430861723447009e+02 1.736050952509899233e-08 1.411477867267475673e-11
1.198416833667334771e+02 1.727410282059556579e-08 1.406641539976425507e-11
1.201402805611222533e+02 1.718833959111999495e-08 1.401829253144636178e-11
1.204388777555110295e+02 1.710321346322118216e-08 1.397040827965718220e-11
1.207374749498998057e+02 1.701871814216204056e-08 1.392276087402111620e-11
1.210360721442885819e+02 1.693484741075581968e-08 1.387534856163271993e-11
1.213346693386773580e+02 1.685159512822244224e-08 1.382816960684172132e-11
1.216332665330661342e+02 1.676895522906441531e-08 1.378122229104120849e-11
1.219318637274549246e+02 1.668692193104126180e-08 1.373479497225198032e-11
1.222304609218437008e+02 1.660548974588053326e-08 1.368948604279149801e-11
1.225290581162324770e+02 1.652465218008478208e-08 1.364439794452690124e-11
1.228276553106212532e+02 1.644440345851618367e-08 1.359952906691922956e-11
1.231262525050100294e+02 1.636473787597937195e-08 1.355487781505255219e-11
1.234248496993988056e+02 1.628564979620750453e-08 1.351044260944504613e-11
1.237234468937875818e+02 1.620713365086532809e-08 1.346622188586272868e-11
1.240220440881763579e+02 1.612918393856899915e-08 1.342221409513589927e-11
1.243206412825651341e+02 1.605179522392245835e-08 1.337841770297823405e-11
1.246192384769539103e+02 1.597496213656983879e-08 1.333483118980847845e-11
1.249178356713427007e+02 1.589867937026383570e-08 1.329145305057468254e-11
1.252164328657314769e+02 1.582294168194950133e-08 1.324828179458099885e-11
1.255150300601202531e+02 1.574774389086331290e-08 1.320531594531688082e-11
1.258136272545090293e+02 1.567308087764722579e-08 1.316255404028876774e-11
1.261122244488978055e+02 1.559894758347732808e-08 1.311999463085414618e-11
1.264108216432865817e+02 1.552533900920694432e-08 1.307763628205795399e-11
1.267094188376753578e+02 1.545225021452385095e-08 1.303547757247131404e-11
1.270080160320641340e+02 1.537967631712127925e-08 1.299351709403250873e-11
1.273066132264529102e+02 1.530761249188260969e-08 1.295175345189026158e-11
1.276052104208416864e+02 1.523605397007934092e-08 1.291018526424912393e-11
1.279038076152304768e+02 1.516499603858216134e-08 1.286881116221711053e-11
1.282024048096192530e+02 1.509443403908489150e-08 1.282762978965544024e-11
1.285010020040080292e+02 1.502436336734097987e-08 1.278663980303031399e-11
1.287995991983968054e+02 1.495477947241247582e-08 1.274583987126685117e-11
1.290981963927855816e+02 1.488567785593103799e-08 1.270522867560500670e-11
1.293967935871743578e+02 1.481705407137091865e-08 1.266480490945742687e-11
1.296953907815631339e+02 1.474890372333364275e-08 1.262456727826939728e-11
1.299939879759519101e+02 1.468122246684421946e-08 1.258451449938059867e-11
1.302925851703406863e+02 1.461400604081500680e-08 1.254472598305965177e-11
1.305911823647294625e+02 1.454725052584691089e-08 1.250597471948263037e-11
1.308897795591182387e+02 1.448095135957033507e-08 1.246740026143805491e-11
1.311883767535070149e+02 1.441510439192510478e-08 1.242900140164740739e-11
1.314869739478957911e+02 1.434970551992005751e-08 1.239077694379875589e-11
1.317855711422845673e+02 1.428475068699379765e-08 1.235272570242245775e-11
1.320841683366733434e+02 1.422023588238570340e-08 1.231484650276866093e-11
1.323827655310621196e+02 1.415615714051678866e-08 1.227713818068638697e-11
1.326813627254509242e+02 1.409251054038019175e-08 1.223959958250424575e-11
1.329799599198397004e+02 1.402929220494152397e-08 1.220222956491283046e-11
1.332785571142284766e+02 1.396649830054830906e-08 1.216502699484858753e-11
1.335771543086172528e+02 1.390412503634882589e-08 1.212799074937933457e-11
1.338757515030060290e+02 1.384216866371995592e-08 1.209111971559126292e-11
1.341743486973948052e+02 1.378062547570394601e-08 1.205441279047747511e-11
1.344729458917835814e+02 1.371949180645393766e-08 1.201786888082796010e-11
1.347715430861723576e+02 1.365876403068803607e-08 1.198148690312110502e-11
1.350701402805611337e+02 1.359843856315187436e-08 1.194526578341656560e-11
1.353687374749499099e+02 1.353851185808942975e-08 1.190920445724963579e-11
1.356673346693386861e+02 1.347898040872197419e-08 1.187330186952694875e-11
1.359659318637274623e+02 1.341984074673507354e-08 1.183755697442355262e-11
1.362645290581162385e+02 1.336108944177340845e-08 1.180196873528140317e-11
1.365631262525050147e+02 1.330272310094331791e-08 1.176653612450911501e-11
1.368617234468937909e+02 1.324473836832298094e-08 1.173125812348307310e-11
1.371603206412825671e+02 1.318713192447996182e-08 1.169613372244981095e-11
1.374589178356713433e+02 1.312990048599619337e-08 1.166116192042966986e-11
1.377575150300601194e+02 1.307304080500006570e-08 1.162634172512170874e-11
1.380561122244488956e+02 1.301654966870564026e-08 1.159167215280985141e-11
1.383547094188376718e+02 1.296042389895883707e-08 1.155715222827025689e-11
1.386533066132264764e+02 1.290466035179038000e-08 1.152278098467984651e-11
1.389519038076152526e+02 1.284925591697555633e-08 1.148855746352609273e-11
1.392505010020040288e+02 1.279420751760046808e-08 1.145448071451786135e-11
1.395490981963928050e+02 1.273951235833523052e-08 1.142134875763251919e-11
1.398476953907815812e+02 1.268516718083533309e-08 1.138837130744991718e-11
1.401462925851703574e+02 1.263116900152251196e-08 1.135553438148555310e-11
1.404448897795591336e+02 1.257751487253796042e-08 1.132283708344188037e-11
1.407434869739479097e+02 1.252420187726016640e-08 1.129027852462756091e-11
1.410420841683366859e+02 1.247122712990859364e-08 1.125785782387699429e-11
1.413406813627254621e+02 1.241858777515314167e-08 1.122557410747078242e-11
1.416392785571142383e+02 1.236628098772939262e-08 1.119342650905729277e-11
1.419378757515030145e+02 1.231430397205950112e-08 1.116141416957510376e-11
1.422364729458917907e+02 1.226265396187866107e-08 1.112953623717651473e-11
1.425350701402805669e+02 1.221132821986707310e-08 1.109779186715198175e-11
1.428336673346693431e+02 1.216032403728721098e-08 1.106618022185550333e-11
1.431322645290581193e+02 1.210963873362647964e-08 1.103470047063094156e-11
1.434308617234468954e+02 1.205926965624499831e-08 1.100335178973925767e-11
1.437294589178356716e+02 1.200921418002854367e-08 1.097213336228667176e-11
1.440280561122244478e+02 1.195946970704648918e-08 1.094104437815370293e-11
1.443266533066132240e+02 1.191003366621475377e-08 1.091008403392509483e-11
1.446252505010020002e+02 1.186090351296351680e-08 1.087925153282057808e-11
1.449238476953908048e+02 1.181207672890983150e-08 1.084854608462657288e-11
1.452224448897795810e+02 1.176355082153487572e-08 1.081796690562862684e-11
1.455210420841683572e+02 1.171532332386585293e-08 1.078751321854477357e-11
1.458196392785571334e+02 1.166739179416244117e-08 1.075718425245964098e-11
1.461182364729459096e+02 1.161975381560773193e-08 1.072697924275941746e-11
1.464168336673346857e+02 1.157240699600358278e-08 1.069689743106761447e-11
1.467154308617234619e+02 1.152534896747029131e-08 1.066693806518154978e-11
1.470140280561122381e+02 1.147857738615053225e-08 1.063710039900968852e-11
1.473126252505010143e+02 1.143208993191750171e-08 1.060738369250969669e-11
1.476112224448897905e+02 1.138588430808719565e-08 1.057778721162724762e-11
1.479098196392785667e+02 1.133995824113474147e-08 1.054831022823559092e-11
1.482084168336673429e+02 1.129430948041470350e-08 1.051895202007583550e-11
1.485070140280561191e+02 1.124893579788538363e-08 1.048971187069796613e-11
1.488056112224448952e+02 1.120383498783689733e-08 1.046058906940255789e-11
1.491042084168336714e+02 1.115900493383940872e-08 1.043214460363854320e-11
1.494028056112224476e+02 1.111444342256659903e-08 1.040395009716700169e-11
1.497014028056112238e+02 1.107014829731242582e-08 1.037586806526646798e-11
1.500000000000000000e+02 1.102611743905685295e-08 1.034789783624510756e-11
