1.000000000000000000e+00 2.225136872262814720e-04 1.876924689989320280e-05
1.298597194388777520e+00 1.316315712124320372e-04 8.346511325533674744e-06
1.597194388777555041e+00 8.655140926038192332e-05 3.769864389836538628e-06
1.895791583166332783e+00 6.114494339208700674e-05 1.962067098715723042e-06
2.194388777555110082e+00 4.546388830549698517e-05 1.117227292051213706e-06
2.492985971943888046e+00 3.511884064037377020e-05 6.826280271184996530e-07
2.791583166332665567e+00 2.794162356233581212e-05 4.399176191624598372e-07
3.090180360721443087e+00 2.275844237697012976e-05 2.938144528516582351e-07
3.388777555110220607e+00 1.889354788847774066e-05 2.034577392738442967e-07
3.687374749498998128e+00 1.593511012761920153e-05 1.456306601991931910e-07
3.985971943887775648e+00 1.362092284160217908e-05 1.063770930062778443e-07
4.284569138276553169e+00 1.177707400451192936e-05 7.994524048467617252e-08
4.583166332665331133e+00 1.028383586993870573e-05 6.103713691299182263e-08
4.881763527054108209e+00 9.057672685315902236e-06 4.747294769784208020e-08
5.180360721442886174e+00 8.038522537812070078e-06 3.751051375165420294e-08
5.478957915831663250e+00 7.182246758973380644e-06 2.999674940063957942e-08
5.777555110220441215e+00 6.455878687882364992e-06 2.422010221302993163e-08
6.076152304609219179e+00 5.834396035479045104e-06 1.971627298709239612e-08
6.374749498997996255e+00 5.298618395216277472e-06 1.633683268047860099e-08
6.673346693386774220e+00 4.833412404940009066e-06 1.364114247729869839e-08
6.971943887775551296e+00 4.426877421577496119e-06 1.142173476337839600e-08
7.270541082164329261e+00 4.069612372011241350e-06 9.700561125676621951e-09
7.569138276553106337e+00 3.753927276209131181e-06 8.283622516394165893e-09
7.867735470941884302e+00 3.473593830820828224e-06 7.086156907776665020e-09
8.166332665330662266e+00 3.223577192415426669e-06 6.154526700792424165e-09
8.464929859719440230e+00 2.999589076039864988e-06 5.319656052166132280e-09
8.763527054108216419e+00 2.798207256101014833e-06 4.674025952968395727e-09
9.062124248496994383e+00 2.616424063939452071e-06 4.081379178846575105e-09
9.360721442885772348e+00 2.451827869176869536e-06 3.612730170311746512e-09
9.659318637274550312e+00 2.302269960681741504e-06 3.174490698396603937e-09
9.957915831663326500e+00 2.166015497668741710e-06 2.838115013695858299e-09
1.025651302605210446e+01 2.041494497812792599e-06 2.521325095708833180e-09
1.055511022044088243e+01 1.927424368737369550e-06 2.265065715372753180e-09
1.085370741482966039e+01 1.822650881450985909e-06 2.034103904199860501e-09
1.115230460921843836e+01 1.726195350557203636e-06 1.831449825084125576e-09
1.145090180360721455e+01 1.637205659549682306e-06 1.662410333790401170e-09
1.174949899799599251e+01 1.554917485651327611e-06 1.501962650172869652e-09
1.204809619238477048e+01 1.478691604637090706e-06 1.373190355497023590e-09
1.234669338677354844e+01 1.407934352193475447e-06 1.254630275949107576e-09
1.264529058116232463e+01 1.342134220397520897e-06 1.144233893044547688e-09
1.294388777555110259e+01 1.280848792524671104e-06 1.056003599200949094e-09
1.324248496993988056e+01 1.223663838854578038e-06 9.717522138872227931e-10
1.354108216432865852e+01 1.170224233580257759e-06 8.942549919030194584e-10
1.383967935871743649e+01 1.120216725785578470e-06 8.309750479059747355e-10
1.413827655310621267e+01 1.073345250788672576e-06 7.703680200409103552e-10
1.443687374749499064e+01 1.029353856710597910e-06 7.132774498066119512e-10
1.473547094188376860e+01 9.880178416455904392e-07 6.673568851910603569e-10
1.503406813627254657e+01 9.491210674907995009e-07 6.232604112520528795e-10
1.533266533066132453e+01 9.124753528144463221e-07 5.808814577984492397e-10
1.563126252505010072e+01 8.779148140503408062e-07 5.455421111700658471e-10
1.592985971943887868e+01 8.452813445138851095e-07 5.131045883080601576e-10
1.622845691382765665e+01 8.144331227817061304e-07 4.818607406513986493e-10
1.652705410821643284e+01 7.852432503299539482e-07 4.528151201976292880e-10
1.682565130260520903e+01 7.575975285507800907e-07 4.286940026260197661e-10
1.712424849699398877e+01 7.313857297320629468e-07 4.054140896227350408e-10
1.742284569138276495e+01 7.065103883334886465e-07 3.829321308493770911e-10
1.772144288577154470e+01 6.828835869814288287e-07 3.626611254267957936e-10
1.802004008016032088e+01 6.604238160530089688e-07 3.451355793507626531e-10
1.831863727454910062e+01 6.390536249906920235e-07 3.281813725954444015e-10
1.861723446893787681e+01 6.187036671638478983e-07 3.117710144529449525e-10
1.891583166332665300e+01 5.993108043890458749e-07 2.967398095440718317e-10
1.921442885771543274e+01 5.808166788056930299e-07 2.838132316103360269e-10
1.951302605210420893e+01 5.631652385619747726e-07 2.712822704193601990e-10
1.981162324649298867e+01 5.463060598485855825e-07 2.591290379796396099e-10
2.011022044088176486e+01 5.301924345624155832e-07 2.473367087055432206e-10
2.040881763527054105e+01 5.147829432831224464e-07 2.378870626309932388e-10
2.070741482965932079e+01 5.000353770133772789e-07 2.287227463417017274e-10
2.100601202404809698e+01 4.859123524083736389e-07 2.198189687143265994e-10
2.130460921843687672e+01 4.723790993525504248e-07 2.111647749203593038e-10
2.160320641282565290e+01 4.594036516535268478e-07 2.031944157992666216e-10
2.190180360721442909e+01 4.469561456197204513e-07 1.962701530996370219e-10
2.220040080160320883e+01 4.350075992850869390e-07 1.895321541917106938e-10
2.249899799599198502e+01 4.235316990398551273e-07 1.829730030324761683e-10
2.279759519038076476e+01 4.125038432456305934e-07 1.765856721128206536e-10
2.309619238476954095e+01 4.019013672188256163e-07 1.707083795057216820e-10
2.339478957915831714e+01 3.917029070237450372e-07 1.655418346070792414e-10
2.369338677354709688e+01 3.818876504281112955e-07 1.605055130341405983e-10
2.399198396793587307e+01 3.724366382446041087e-07 1.555945526229740888e-10
2.429058116232464926e+01 3.633320694306199031e-07 1.508043302864324487e-10
2.458917835671342900e+01 3.545572688172388371e-07 1.461739844332003774e-10
2.488777555110220518e+01 3.460971565425312356e-07 1.422555957701659789e-10
2.518637274549098493e+01 3.379361935356636636e-07 1.384301160681104874e-10
2.548496993987976111e+01 3.300604412834296025e-07 1.346942795956856885e-10
2.578356713426853730e+01 3.224567637066508424e-07 1.310449719021184982e-10
2.608216432865731704e+01 3.151127723575558119e-07 1.274792211576625036e-10
2.638076152304609323e+01 3.080169544455634606e-07 1.241660900603336759e-10
2.667935871743487297e+01 3.011583565362998603e-07 1.211936979810370647e-10
2.697795591182364916e+01 2.945262601605452648e-07 1.182871039138953787e-10
2.727655310621242535e+01 2.881108011366944394e-07 1.154441469808370691e-10
2.757515030060120509e+01 2.819026464656029660e-07 1.126627598999627207e-10
2.787374749498998128e+01 2.758929603722714118e-07 1.099409639723057843e-10
2.817234468937876102e+01 2.700735038058463248e-07 1.073834989556685528e-10
2.847094188376753721e+01 2.644364792890247842e-07 1.051037843148680492e-10
2.876953907815631339e+01 2.589740796835530164e-07 1.028713916971211672e-10
2.906813627254509314e+01 2.536791663830479638e-07 1.006848627815520734e-10
2.936673346693386932e+01 2.485449618600420207e-07 9.854279855936632570e-11
2.966533066132264906e+01 2.435650279693344095e-07 9.644385634881413652e-11
2.996392785571142525e+01 2.387332457572438944e-07 9.438674698863275412e-11
3.026252505010020144e+01 2.340439932474604660e-07 9.257035911438062588e-11
3.056112224448898118e+01 2.294915693897405579e-07 9.082944022292566416e-11
3.085971943887775737e+01 2.250706649553868209e-07 8.912221143015590499e-11
3.115831663326653356e+01 2.207762624167858591e-07 8.744770415656838299e-11
3.145691382765531330e+01 2.166035812558224928e-07 8.580498659869273793e-11
3.175551102204408949e+01 2.125480646552873187e-07 8.419316200006525541e-11
3.205410821643286567e+01 2.086053670540474671e-07 8.261136701884266413e-11
3.235270541082164186e+01 2.047715384146220392e-07 8.121261578235828059e-11
3.265130260521041805e+01 2.010424406622029888e-07 7.985705111195921243e-11
3.294989979959920134e+01 1.974142723275179986e-07 7.852605512370211075e-11
3.324849699398797753e+01 1.938834238929041644e-07 7.721896588033687655e-11
3.354709418837675372e+01 1.904464457651911512e-07 7.593514501179383167e-11
3.384569138276552991e+01 1.871000398477050253e-07 7.467397667559876380e-11
3.414428857715431320e+01 1.838410516259377716e-07 7.343486657183626774e-11
3.444288577154308939e+01 1.806665191390194293e-07 7.227619485167064674e-11
3.474148296593186558e+01 1.775735543608797330e-07 7.120019223141019156e-11
3.504008016032064177e+01 1.745593291860094913e-07 7.014252811734579500e-11
3.533867735470941795e+01 1.716211935197360918e-07 6.910273765112032032e-11
3.563727454909820125e+01 1.687566078257474700e-07 6.808037155417644978e-11
3.593587174348697744e+01 1.659631376371494682e-07 6.707499548048091476e-11
3.623446893787575362e+01 1.632384483828415077e-07 6.608618940125255057e-11
3.653306613226452981e+01 1.605803005086785448e-07 6.511354701986349603e-11
3.683166332665330600e+01 1.579866122773460816e-07 6.420530801930370357e-11
3.713026052104208929e+01 1.554553039224348925e-07 6.335013127025240204e-11
3.742885771543086548e+01 1.529843398674322014e-07 6.250859925382507380e-11
3.772745490981964167e+01 1.505718172285593515e-07 6.168038799278364234e-11
3.802605210420841786e+01 1.482159075403966594e-07 6.086518368593410456e-11
3.832464929859719405e+01 1.459148532905858653e-07 6.006268231170536622e-11
3.862324649298597734e+01 1.436669646413375212e-07 5.927258925011711669e-11
3.892184368737475353e+01 1.414706163263212363e-07 5.849461892214815872e-11
3.922044088176352972e+01 1.393242515297275442e-07 5.773375472257128054e-11
3.951903807615230590e+01 1.372264318962477212e-07 5.704149415138930385e-11
3.981763527054108209e+01 1.351756332145741823e-07 5.635961626933173071e-11
4.011623246492986539e+01 1.331704607029914427e-07 5.568788923195658498e-11
4.041482965931864157e+01 1.312095709150041089e-07 5.502608804657421042e-11
4.071342685370741776e+01 1.292916694886432828e-07 5.437399432098922083e-11
4.101202404809619395e+01 1.274155090100612160e-07 5.373139602321874931e-11
4.131062124248497014e+01 1.255798869848282938e-07 5.309808725163126036e-11
4.160921843687375343e+01 1.237836439107722234e-07 5.247386801498249393e-11
4.190781563126252962e+01 1.220256628064716381e-07 5.185973843175323421e-11
4.220641282565130581e+01 1.203049127144214055e-07 5.129796309910094215e-11
4.250501002004008200e+01 1.186203017341787171e-07 5.074408069662924304e-11
4.280360721442885819e+01 1.169708249418866935e-07 5.019792604152105792e-11
4.310220440881764148e+01 1.153555121020650555e-07 4.965933852827735893e-11
4.340080160320641767e+01 1.137734262406101304e-07 4.912816197125783378e-11
4.369939879759519386e+01 1.122236622858141994e-07 4.860424445367662864e-11
4.399799599198397004e+01 1.107053457737258242e-07 4.808743818274716428e-11
4.429659318637274623e+01 1.092176316143923081e-07 4.757759935068564627e-11
4.459519038076152952e+01 1.077597029157341198e-07 4.707458800129854846e-11
4.489378757515030571e+01 1.063307817839244273e-07 4.658952280041627862e-11
4.519238476953908190e+01 1.049301145891011616e-07 4.613216949082389344e-11
4.549098196392785809e+01 1.035569395148597746e-07 4.568082020265260600e-11
4.578957915831663428e+01 1.022105417748330537e-07 4.523535747791405368e-11
4.608817635270541047e+01 1.008902296626074535e-07 4.479566690257859271e-11
4.638677354709419376e+01 9.959533366318582552e-08 4.436163700860354177e-11
4.668537074148296995e+01 9.832520560410357157e-08 4.393315917972142022e-11
4.698396793587174614e+01 9.707921784418890011e-08 4.351012756082041211e-11
4.728256513026052232e+01 9.585676249807107575e-08 4.309243897075859901e-11
4.758116232464929851e+01 9.465725069464811234e-08 4.267999281846113705e-11
4.787975951903808181e+01 9.348011186782435655e-08 4.227269102215665537e-11
4.817835671342685799e+01 9.232483215344705994e-08 4.189361175454995487e-11
4.847695390781563418e+01 9.119083579158901218e-08 4.151934447513267810e-11
4.877555110220441037e+01 9.007760295738698690e-08 4.114965962101090328e-11
4.907414829659318656e+01 8.898462982920474660e-08 4.078447354533274913e-11
4.937274549098196985e+01 8.791142777447667341e-08 4.042370462476896756e-11
4.967134268537074604e+01 8.685752280350571985e-08 4.006727319869108988e-11
4.996993987975952223e+01 8.582245504604037850e-08 3.971510151053064809e-11
5.026853707414829842e+01 8.480577824955046518e-08 3.936711365122813213e-11
5.056713426853707460e+01 8.380705929818040581e-08 3.902323550468556605e-11
5.086573146292585790e+01 8.282587775141144464e-08 3.868339469514046325e-11
5.116432865731463409e+01 8.186182540151542401e-08 3.834752053638242979e-11
5.146292585170341027e+01 8.091452303252080803e-08 3.803163698329572567e-11
5.176152304609218646e+01 7.998356935753335646e-08 3.772061397546457483e-11
5.206012024048096265e+01 7.906858907671464526e-08 3.741315878872564882e-11
5.235871743486974594e+01 7.816921884497774097e-08 3.710921038216233294e-11
5.265731462925852213e+01 7.728510558993096278e-08 3.680870909940613729e-11
5.295591182364729832e+01 7.641590616531703891e-08 3.651159662960212124e-11
5.325450901803607451e+01 7.556128701801654260e-08 3.621781596968754455e-11
5.355310621242485070e+01 7.472092386801130288e-08 3.592731138793237626e-11
5.385170340681363399e+01 7.389450140073579121e-08 3.564002838869296068e-11
5.415030060120241018e+01 7.308171297127041264e-08 3.535591367833158164e-11
5.444889779559118637e+01 7.228226031985862153e-08 3.507491513225757381e-11
5.474749498997996255e+01 7.149585441539171396e-08 3.479826653707485192e-11
5.504609218436873874e+01 7.072222160680320394e-08 3.453594010914544135e-11
5.534468937875752204e+01 6.996107718853372000e-08 3.427644430277243412e-11
5.564328657314629822e+01 6.921215381203035339e-08 3.401973354827218662e-11
5.594188376753507441e+01 6.847519124476024258e-08 3.376576324889790337e-11
5.624048096192385060e+01 6.774993614412666677e-08 3.351448975501154923e-11
5.653907815631262679e+01 6.703614183972145231e-08 3.326587033907432150e-11
5.683767535070141008e+01 6.633356812356315286e-08 3.301986317142525057e-11
5.713627254509018627e+01 6.564198104798936333e-08 3.277642729681955312e-11
5.743486973947896246e+01 6.496115273088478914e-08 3.253552261169858778e-11
5.773346693386773865e+01 6.429086116794242862e-08 3.229710984216533117e-11
5.803206412825651483e+01 6.363089005166921541e-08 3.206115052263969956e-11
5.833066132264529813e+01 6.298102859686096784e-08 3.182760697516952739e-11
5.862925851703407432e+01 6.234107921797071813e-08 3.160074304130905912e-11
5.892785571142285050e+01 6.171084288655322661e-08 3.138125558276215077e-11
5.922645290581162669e+01 6.109011500066057323e-08 3.116398126838006446e-11
5.952505010020040288e+01 6.047870524708404735e-08 3.094888679258955141e-11
5.982364729458917907e+01 5.987642805031328431e-08 3.073593951476856072e-11
6.012224448897796236e+01 5.928310243170843527e-08 3.052510744273369160e-11
6.042084168336673855e+01 5.869855187353234740e-08 3.031635921671765321e-11
6.071943887775551474e+01 5.812260418765115294e-08 3.010966409381894771e-11
6.101803607214429093e+01 5.755509138872218071e-08 2.990499193290866746e-11
6.131663326653306711e+01 5.699584957169365577e-08 2.970231317997798575e-11
6.161523046092185041e+01 5.644471879344987757e-08 2.950159885391171002e-11
6.191382765531062660e+01 5.590154295844281310e-08 2.930282053267365482e-11
6.221242484969940278e+01 5.536616970815634206e-08 2.910595033988969468e-11
6.251102204408817897e+01 5.483845031425799381e-08 2.891096093181544314e-11
6.280961923847695516e+01 5.431824455410700611e-08 2.872457971164565875e-11
6.310821643286573845e+01 5.380540589078623341e-08 2.854038524633358354e-11
6.340681362725451464e+01 5.329979556603399388e-08 2.835792560879216493e-11
6.370541082164329083e+01 5.280127837479864581e-08 2.817717640479653122e-11
6.400400801603205991e+01 5.230972225853211146e-08 2.799811369534629505e-11
6.430260521042083610e+01 5.182499821772643282e-08 2.782071398609601074e-11
6.460120240480962650e+01 5.134698022727391177e-08 2.764495421707890277e-11
6.489979959919840269e+01 5.087554515454661629e-08 2.747081175271416857e-11
6.519839679358717888e+01 5.041057268009616338e-08 2.729826437208893428e-11
6.549699398797595506e+01 4.995194522087861963e-08 2.712729025950598440e-11
6.579559118236473125e+01 4.949954785591265609e-08 2.695786799528896102e-11
6.609418837675350744e+01 4.905326825428333599e-08 2.678997654683665428e-11
6.639278557114228363e+01 4.861299660540752006e-08 2.662359525991889423e-11
6.669138276553105982e+01 4.817862555147992512e-08 2.645870385020600810e-11
6.698997995991985022e+01 4.775005311193561684e-08 2.629789266128492687e-11
6.728857715430862640e+01 4.732717666164929882e-08 2.614119583724496881e-11
6.758717434869740259e+01 4.690989269918814379e-08 2.598588357270106957e-11
6.788577154308617878e+01 4.649810304537267667e-08 2.583193759759876589e-11
6.818436873747495497e+01 4.609171166608214304e-08 2.567933996192099810e-11
6.848296593186373116e+01 4.569062461626022490e-08 2.552807302871102588e-11
6.878156312625250735e+01 4.529474998561828317e-08 2.537811946727707164e-11
6.908016032064128353e+01 4.490399784597831711e-08 2.522946224657323417e-11
6.937875751503005972e+01 4.451828020019849223e-08 2.508208462875122807e-11
6.967735470941883591e+01 4.413751093262792006e-08 2.493597016287812465e-11
6.997595190380762631e+01 4.376160576103787586e-08 2.479110267881467909e-11
7.027454909819640250e+01 4.339048218997985661e-08 2.464746628124998169e-11
7.057314629258517868e+01 4.302405946552199977e-08 2.450504534388727968e-11
7.087174348697395487e+01 4.266225853131779895e-08 2.436382450377708566e-11
7.117034068136273106e+01 4.230500198596196542e-08 2.422378865579259977e-11
7.146893787575150725e+01 4.195221432946908807e-08 2.408511111114657821e-11
7.176753507014028344e+01 4.160382704745440640e-08 2.395152093434717994e-11
7.206613226452905963e+01 4.125976136789547955e-08 2.381903778662611659e-11
7.236472945891783581e+01 4.091994610891728113e-08 2.368764796424486963e-11
7.266332665330661200e+01 4.058431154818870990e-08 2.355733798871737148e-11
7.296192384769540240e+01 4.025278938715683537e-08 2.342809460220070960e-11
7.326052104208417859e+01 3.992531271629964749e-08 2.329990476299871481e-11
7.355911823647295478e+01 3.960181598136371387e-08 2.317275564117486358e-11
7.385771543086173097e+01 3.928223495055588713e-08 2.304663461427175398e-11
7.415631262525050715e+01 3.896650668265745109e-08 2.292152926313387920e-11
7.445490981963928334e+01 3.865456949603184036e-08 2.279742736783103912e-11
7.475350701402805953e+01 3.834636293849731949e-08 2.267431690367935277e-11
7.505210420841683572e+01 3.804182775803659033e-08 2.255218603735728670e-11
7.535070140280561191e+01 3.774090587431772451e-08 2.243102312311404967e-11
7.564929859719438809e+01 3.744354035100020285e-08 2.231081669906776559e-11
7.594789579158317849e+01 3.714967536880155728e-08 2.219155548359093974e-11
7.624649298597195468e+01 3.685925619930123585e-08 2.207322837178095669e-11
7.654509018036073087e+01 3.657223011421564849e-08 2.195757344376648735e-11
7.684368737474950706e+01 3.628854435276565297e-08 2.184434057577526021e-11
7.714228456913828325e+01 3.600814648575593259e-08 2.173198429620458891e-11
7.744088176352705943e+01 3.573098590066425707e-08 2.162049446518378371e-11
7.773947895791583562e+01 3.545701295511615290e-08 2.150986109863101207e-11
7.803807615230461181e+01 3.518617895465525157e-08 2.140007436527288936e-11
7.833667334669338800e+01 3.491843613110527704e-08 2.129112458373213746e-11
7.863527054108216419e+01 3.465373762150641424e-08 2.118300221968160528e-11
7.893386773547094037e+01 3.439203744760817819e-08 2.107569788306296436e-11
7.923246492985973077e+01 3.413329049590231957e-08 2.096920232536815402e-11
7.953106212424850696e+01 3.387745249817965988e-08 2.086350643698227358e-11
7.982965931863728315e+01 3.362448001259468973e-08 2.075860124458580879e-11
8.012825651302605934e+01 3.337433040522348447e-08 2.065447790861527455e-11
8.042685370741483553e+01 3.312696183210000149e-08 2.055112772078017061e-11
8.072545090180361171e+01 3.288233322171638611e-08 2.044854210163517090e-11
8.102404809619238790e+01 3.264040425797427631e-08 2.034671259820596655e-11
8.132264529058116409e+01 3.240113536357309688e-08 2.024563088166739253e-11
8.162124248496994028e+01 3.216448768382323339e-08 2.014528874507255513e-11
8.191983967935871647e+01 3.193042472071846900e-08 2.004791566135955339e-11
8.221843687374750687e+01 3.169890756268153009e-08 1.995154737852477678e-11
8.251703406813628305e+01 3.146989920844301682e-08 1.985587653469050491e-11
8.281563126252505924e+01 3.124336354038868058e-08 1.976089558587046411e-11
8.311422845691383543e+01 3.101926508852276791e-08 1.966659709648881396e-11
8.341282565130261162e+01 3.079756901658317844e-08 1.957297373743981422e-11
8.371142284569138781e+01 3.057824110850251011e-08 1.948001828418887341e-11
8.401002004008016399e+01 3.036124775520537654e-08 1.938772361491419384e-11
8.430861723446894018e+01 3.014655594173260618e-08 1.929608270868786611e-11
8.460721442885771637e+01 2.993413323468273482e-08 1.920508864369545650e-11
8.490581162324649256e+01 2.972394776996234085e-08 1.911473459549326669e-11
8.520440881763528296e+01 2.951596824083622024e-08 1.902501383530208632e-11
8.550300601202405915e+01 2.931016388626923532e-08 1.893591972833683427e-11
8.580160320641283533e+01 2.910650447955153249e-08 1.884744573217095756e-11
8.610020040080161152e+01 2.890496031719969420e-08 1.875958539513499358e-11
8.639879759519038771e+01 2.870550220812563924e-08 1.867233235474822271e-11
8.669739478957916390e+01 2.850810146306639607e-08 1.858568033618280718e-11
8.699599198396794009e+01 2.831272988426724485e-08 1.849962315075950174e-11
8.729458917835671627e+01 2.811935978100382775e-08 1.841418085741507550e-11
8.759318637274549246e+01 2.792796580370620195e-08 1.833129173576639678e-11
8.789178356713426865e+01 2.773851922254080076e-08 1.824896581714228012e-11
8.819038076152305905e+01 2.755099370785256053e-08 1.816719738082210637e-11
8.848897795591183524e+01 2.736536337347149444e-08 1.808598078330127412e-11
8.878757515030061143e+01 2.718160276777882095e-08 1.800531045699274256e-11
8.908617234468938761e+01 2.699968686498265014e-08 1.792518090895478577e-11
8.938476953907816380e+01 2.681959105659705402e-08 1.784558671964416974e-11
8.968336673346693999e+01 2.664129114311961701e-08 1.776652254169425803e-11
8.998196392785571618e+01 2.646476332590186525e-08 1.768798309871749654e-11
9.028056112224449237e+01 2.628998419920765768e-08 1.760996318413155701e-11
9.057915831663326856e+01 2.611693074245449332e-08 1.753245766000884508e-11
9.087775551102204474e+01 2.594558031263297668e-08 1.745546145594849090e-11
9.117635270541082093e+01 2.577591063689984217e-08 1.737896956797073504e-11
9.147494989979961133e+01 2.560789980533984251e-08 1.730297705743278867e-11
9.177354709418838752e+01 2.544152626389232548e-08 1.722747904996593239e-11
9.207214428857716371e+01 2.527676880743803888e-08 1.715247073443327184e-11
9.237074148296593989e+01 2.511360657304222958e-08 1.707794736190776901e-11
9.266933867735471608e+01 2.495201903334971882e-08 1.700390424466994490e-11
9.296793587174349227e+01 2.479198599012839026e-08 1.693033675522494013e-11
9.326653306613226846e+01 2.463348756795719644e-08 1.685724032533848121e-11
9.356513026052104465e+01 2.447650605031830930e-08 1.678605132974375026e-11
9.386372745490982084e+01 2.432102066711636270e-08 1.671558497740209998e-11
9.416232464929859702e+01 2.416701212711163155e-08 1.664556553533345724e-11
9.446092184368738742e+01 2.401446178615825490e-08 1.657598876539941348e-11
9.475951903807616361e+01 2.386335129339604922e-08 1.650685048288084208e-11
9.505811623246493980e+01 2.371366258573154945e-08 1.643814655563886582e-11
9.535671342685371599e+01 2.356537788243987470e-08 1.636987290329167322e-11
9.565531062124249218e+01 2.341847967988433471e-08 1.630202549640663128e-11
9.595390781563126836e+01 2.327295074635089871e-08 1.623460035570758471e-11
9.625250501002004455e+01 2.312877411699469432e-08 1.616759355129686350e-11
9.655110220440882074e+01 2.298593308889560817e-08 1.610100120189174029e-11
9.684969939879759693e+01 2.284441121622059623e-08 1.603481947407498208e-11
9.714829659318637312e+01 2.270419230548983504e-08 1.596904458155928638e-11
9.744689378757516351e+01 2.256526041094420585e-08 1.590367278446515897e-11
9.774549098196393970e+01 2.242759983001184858e-08 1.583870038861212674e-11
9.804408817635271589e+01 2.229119509887101282e-08 1.577412374482278800e-11
9.834268537074149208e+01 2.215603098810723056e-08 1.570993924823963563e-11
9.864128256513026827e+01 2.202209249846231919e-08 1.564614333765425234e-11
9.893987975951904446e+01 2.188936485667299471e-08 1.558273249484861966e-11
9.923847695390782064e+01 2.175783351139710976e-08 1.551970324394839839e-11
9.953707414829659683e+01 2.162748412922525669e-08 1.545705215078778319e-11
9.983567134268537302e+01 2.149830251119944364e-08 1.539515017393568269e-11
1.001342685370741492e+02 2.137027462415443519e-08 1.533458234038819119e-11
1.004328657314629396e+02 2.124338697229998907e-08 1.527437465558356236e-11
1.007314629258517158e+02 2.111762605566685058e-08 1.521452391676662700e-11
1.010300601202404920e+02 2.099297857348893539e-08 1.515502695904557478e-11
1.013286573146292682e+02 2.086943142068641566e-08 1.509588065483401448e-11
1.016272545090180444e+02 2.074697168442104545e-08 1.503708191330298626e-11
1.019258517034068205e+02 2.062558664072201498e-08 1.497862767984251224e-11
1.022244488977955967e+02 2.050526375118070885e-08 1.492051493553261132e-11
1.025230460921843729e+02 2.038599065971272418e-08 1.486274069662361650e-11
1.028216432865731491e+02 2.026775518938569245e-08 1.480530201402542635e-11
1.031202404809619253e+02 2.015054533931115830e-08 1.474819597280575217e-11
1.034188376753507015e+02 2.003434928159932072e-08 1.469141969169697613e-11
1.037174348697394919e+02 1.991915535837504516e-08 1.463497032261159149e-11
1.040160320641282681e+02 1.980495207885367419e-08 1.457884505016592099e-11
1.043146292585170443e+02 1.969172811647537937e-08 1.452304109121204742e-11
1.046132264529058205e+02 1.957947230609674744e-08 1.446755569437779771e-11
1.049118236472945966e+02 1.946817364123809858e-08 1.441238613961449815e-11
1.052104208416833728e+02 1.935782127138563354e-08 1.435752973775252471e-11
1.055090180360721490e+02 1.924840449934672214e-08 1.430298383006432393e-11
1.058076152304609252e+02 1.913991277865748287e-08 1.424874578783486218e-11
1.061062124248497014e+02 1.903233571104136970e-08 1.419481301193937904e-11
1.064048096192384776e+02 1.892566304391755185e-08 1.414118293242811199e-11
1.067034068136272680e+02 1.881988493827660211e-08 1.408811248418586176e-11
1.070020040080160442e+02 1.871499206204305897e-08 1.403621391114854426e-11
1.073006012024048204e+02 1.861097366545450926e-08 1.398460418585537794e-11
1.075991983967935965e+02 1.850782005491899734e-08 1.393328090357303522e-11
1.078977955911823727e+02 1.840552167078960980e-08 1.388224168618771046e-11
1.081963927855711489e+02 1.830406908514970274e-08 1.383148418183778063e-11
1.084949899799599251e+02 1.820345299964055669e-08 1.378100606455255681e-11
1.087935871743487013e+02 1.810366424333083400e-08 1.373080503389699239e-11
1.090921843687374775e+02 1.800469377062671695e-08 1.368087881462220889e-11
1.093907815631262537e+02 1.790653265922195563e-08 1.363122515632173621e-11
1.096893787575150441e+02 1.780917210808691914e-08 1.358184183309339770e-11
1.099879759519038203e+02 1.771260343549587236e-08 1.353272664320669957e-11
1.102865731462925964e+02 1.761681807709143951e-08 1.348387740877556458e-11
1.105851703406813726e+02 1.752180758398575146e-08 1.343529197543645867e-11
1.108837675350701488e+02 1.742756362089732071e-08 1.338696821203166152e-11
1.111823647294589250e+02 1.733407796432275384e-08 1.333890401029764084e-11
1.114809619238477012e+02 1.724134250074288130e-08 1.329109728455844944e-11
1.117795591182364774e+02 1.714934922486228879e-08 1.324354597142406120e-11
1.120781563126252536e+02 1.705809023788164133e-08 1.319624802949345199e-11
1.123767535070140298e+02 1.696755774580209870e-08 1.314920143906251285e-11
1.126753507014028202e+02 1.687774405776118352e-08 1.310240420183652230e-11
1.129739478957915964e+02 1.678864158439936758e-08 1.305585434064724414e-11
1.132725450901803725e+02 1.670024283625671124e-08 1.300954989917443738e-11
1.135711422845691487e+02 1.661254042219910268e-08 1.296348894167183162e-11
1.138697394789579249e+02 1.652552704787317720e-08 1.291766955269733053e-11
1.141683366733467011e+02 1.643919561768054750e-08 1.287264694520877556e-11
1.144669338677354773e+02 1.635353899421191684e-08 1.282825039053888326e-11
1.147655310621242535e+02 1.626855009125086316e-08 1.278408485796320249e-11
1.150641282565130297e+02 1.618422198669472622e-08 1.274014854893991429e-11
1.153627254509018059e+02 1.610054784790854530e-08 1.269643968354809029e-11
1.156613226452905963e+02 1.601752093034102064e-08 1.265295650024734663e-11
1.159599198396793724e+02 1.593513457616533326e-08 1.260969725564119599e-11
1.162585170340681486e+02 1.585338221294440960e-08 1.256666022424402177e-11
1.165571142284569248e+02 1.577225735232013477e-08 1.252384369825169056e-11
1.168557114228457010e+02 1.569175358872591209e-08 1.248124598731561876e-11
1.171543086172344772e+02 1.561186459812215868e-08 1.243886541832034820e-11
1.174529058116232534e+02 1.553258413675434343e-08 1.239670033516446288e-11
1.177515030060120296e+02 1.545390603993298491e-08 1.235474909854488542e-11
1.180501002004008058e+02 1.537582422083523542e-08 1.231301008574441932e-11
1.183486973947895819e+02 1.529833266932765080e-08 1.227148169042253522e-11
1.186472945891783581e+02 1.522142545080955694e-08 1.223016232240924951e-11
1.189458917835671485e+02 1.514509670507685444e-08 1.218905040750220007e-11
1.192444889779559247e+02 1.506934064520564896e-08 1.214814438726672384e-11
1.195430861723447009e+02 1.499415155645533037e-08 1.210744271883890708e-11
1.198416833667334771e+02 1.491952379519084901e-08 1.206694387473160826e-11
1.201402805611222533e+02 1.484545178782366482e-08 1.202664634264338740e-11
1.204388777555110295e+02 1.477193002977106310e-08 1.198654862527026598e-11
1.207374749498998057e+02 1.469895308443346646e-08 1.194664924012023651e-11
1.210360721442885819e+02 1.462651558218939553e-08 1.190694671933060263e-11
1.213346693386773580e+02 1.455461221940770768e-08 1.186743960948793645e-11
1.216332665330661342e+02 1.448323775747676502e-08 1.182812647145074691e-11
1.219318637274549246e+02 1.441238720584835516e-08 1.178920512114141047e-11
1.222304609218437008e+02 1.434205583148158742e-08 1.175108633836202607e-11
1.225290581162324770e+02 1.427223801551840140e-08 1.171315334272189017e-11
1.228276553106212532e+02 1.420292877012431779e-08 1.167540477926104608e-11
1.231262525050100294e+02 1.413412316787223943e-08 1.163783930616334821e-11
1.234248496993988056e+02 1.406581634086670037e-08 1.160045559459745917e-11
1.237234468937875818e+02 1.399800347988290477e-08 1.156325232856019763e-11
1.240220440881763579e+02 1.393067983352013078e-08 1.152622820472209787e-11
1.243206412825651341e+02 1.386384070736945443e-08 1.148938193227518916e-11
1.246192384769539103e+02 1.379748146319541990e-08 1.145271223278299494e-11
1.249178356713427007e+02 1.373159751813133668e-08 1.141621784003268402e-11
1.252164328657314769e+02 1.366618434388801187e-08 1.137989749988932034e-11
1.255150300601202531e+02 1.360123746597565441e-08 1.134374997015218078e-11
1.258136272545090293e+02 1.353675246293867681e-08 1.130777402041315536e-11
1.261122244488978055e+02 1.347272496560317252e-08 1.127196843191713791e-11
1.264108216432865817e+02 1.340915065633681267e-08 1.123633199742437484e-11
1.267094188376753578e+02 1.334602526832096842e-08 1.120086352107482686e-11
1.270080160320641340e+02 1.328334458483472498e-08 1.116556181825435642e-11
1.273066132264529102e+02 1.322110443855072591e-08 1.113042571546284888e-11
1.276052104208416864e+02 1.315930071084249700e-08 1.109545405018421758e-11
1.279038076152304768e+02 1.309792933110304471e-08 1.106064567075813265e-11
1.282024048096192530e+02 1.303698627607461487e-08 1.102599943625364011e-11
1.285010020040080292e+02 1.297646756918927914e-08 1.099151421634448213e-11
1.287995991983968054e+02 1.291636927992027161e-08 1.095718889118619131e-11
1.290981963927855816e+02 1.285668752314375938e-08 1.092302235129485692e-11
1.293967935871743578e+02 1.279741845851095621e-08 1.088901349742758448e-11
1.296953907815631339e+02 1.273855828983028812e-08 1.085516124046460953e-11
1.299939879759519101e+02 1.268010326445956118e-08 1.082146450129304000e-11
1.302925851703406863e+02 1.262204965557061366e-08 1.078797975025257857e-11
1.305911823647294625e+02 1.256439363187339215e-08 1.075525810101462231e-11
1.308897795591182387e+02 1.250713175072896175e-08 1.072268574674364579e-11
1.311883767535070149e+02 1.245026042778740811e-08 1.069026166801109677e-11
1.314869739478957911e+02 1.239377611935167183e-08 1.065798485464864535e-11
1.317855711422845673e+02 1.233767532182540044e-08 1.062585430564321442e-11
1.320841683366733434e+02 1.228195457116971575e-08 1.059386902903352393e-11
1.323827655310621196e+02 1.222661044236846307e-08 1.056202804180802131e-11
1.326813627254509242e+02 1.217163954890181167e-08 1.053033036980413833e-11
1.329799599198397004e+02 1.211703854222831401e-08 1.049877504760896961e-11
1.332785571142284766e+02 1.206280411127484958e-08 1.046736111846126306e-11
1.335771543086172528e+02 1.200893298193470664e-08 1.043608763415469628e-11
1.338757515030060290e+02 1.195542191657341623e-08 1.040495365494248099e-11
1.341743486973948052e+02 1.190226771354228726e-08 1.037395824944325348e-11
1.344729458917835814e+02 1.184946720669951690e-08 1.034310049454815892e-11
1.347715430861723576e+02 1.179701726493868108e-08 1.031237947532924275e-11
1.350701402805611337e+02 1.174491479172455884e-08 1.028179428494900367e-11
1.353687374749499099e+02 1.169315672463609013e-08 1.025134402457119058e-11
1.356673346693386861e+02 1.164174003491634827e-08 1.022102780327270946e-11
1.359659318637274623e+02 1.159066172702945568e-08 1.019084473795675812e-11
1.362645290581162385e+02 1.153991883822429076e-08 1.016079395326708536e-11
1.365631262525050147e+02 1.148950843810483703e-08 1.013087458150333905e-11
1.368617234468937909e+02 1.143942762820711007e-08 1.010108576253757745e-11
1.371603206412825671e+02 1.138967354158251653e-08 1.007142664373182738e-11
1.374589178356713433e+02 1.134024334238752295e-08 1.004189637985675238e-11
1.377575150300601194e+02 1.129113422547960115e-08 1.001249413301130789e-11
1.380561122244488956e+02 1.124234341601918731e-08 9.983219072543571068e-12
1.383547094188376718e+02 1.119386816907778859e-08 9.954070374972452652e-12
1.386533066132264764e+02 1.114570576925181549e-08 9.925047223910494501e-12
1.389519038076152526e+02 1.109785353028239646e-08 9.896148809987680132e-12
1.392505010020040288e+02 1.105030879468072790e-08 9.867374330776159669e-12
1.395490981963928050e+02 1.100306932606223259e-08 9.839308312095908782e-12
1.398476953907815812e+02 1.095613213371070996e-08 9.811371684713432273e-12
1.401462925851703574e+02 1.090949463784637584e-08 9.783554101486930451e-12
1.404448897795591336e+02 1.086315429245808046e-08 9.755854803123897889e-12
1.407434869739479097e+02 1.081710857851372557e-08 9.728273036775393260e-12
1.410420841683366859e+02 1.077135500361796720e-08 9.700808055967827639e-12
1.413406813627254621e+02 1.072589110167489475e-08 9.673459120535655909e-12
1.416392785571142383e+02 1.068071443255575080e-08 9.646225496554837190e-12
1.419378757515030145e+02 1.063582258177150168e-08 9.619106456277214534e-12
1.422364729458917907e+02 1.059121316015020223e-08 9.592101278065681419e-12
1.425350701402805669e+02 1.054688380351915498e-08 9.565209246330168949e-12
1.428336673346693431e+02 1.050283217239161879e-08 9.538429651464440859e-12
1.431322645290581193e+02 1.045905595165817289e-08 9.511761789783684996e-12
1.434308617234468954e+02 1.041555285028252287e-08 9.485204963462857671e-12
1.437294589178356716e+02 1.037232060100174364e-08 9.458758480475830950e-12
1.440280561122244478e+02 1.032935696003086841e-08 9.432421654535283122e-12
1.443266533066132240e+02 1.028665970677175754e-08 9.406193805033316178e-12
1.446252505010020002e+02 1.024422664352613139e-08 9.380074256982837462e-12
1.449238476953908048e+02 1.020205559521282008e-08 9.354062340959676414e-12
1.452224448897795810e+02 1.016014440908896564e-08 9.328157393045350784e-12
1.455210420841683572e+02 1.011849095447534673e-08 9.302358754770609937e-12
1.458196392785571334e+02 1.007709312248552826e-08 9.276665773059635703e-12
1.461182364729459096e+02 1.003594882575895838e-08 9.251077800174933088e-12
1.464168336673346857e+02 9.995055998197820755e-09 9.225594193662889833e-12
1.467154308617234619e+02 9.954412594707680408e-09 9.200214316300029059e-12
1.470140280561122381e+02 9.914016590941762461e-09 9.174937536039874225e-12
1.473126252505010143e+02 9.873865983048878783e-09 9.149763225960476471e-12
1.476112224448897905e+02 9.833958787424941270e-09 9.124690764212607588e-12
1.479098196392785667e+02 9.794293040467955918e-09 9.099719533968536208e-12
1.482084168336673429e+02 9.754866798336467881e-09 9.074848923371453470e-12
1.485070140280561191e+02 9.715678136711411211e-09 9.050078325485496442e-12
1.488056112224448952e+02 9.676725150561308681e-09 9.025407138246369322e-12
1.491042084168336714e+02 9.638005987253815392e-09 9.001256616320412036e-12
1.494028056112224476e+02 9.599518754104436668e-09 8.977304966018873747e-12
1.497014028056112238e+02 9.561261594433757128e-09 8.953448864529137588e-12
1.500000000000000000e+02 9.523232678080451650e-09 8.929687741239048217e-12
