1.067676000000000069e+00 4.345265482173308724e-04 3.621884267487678836e-05
1.141345000000000054e+00 3.793974484906195471e-04 2.807462405133650480e-05
1.220097999999999905e+00 3.311667191584662107e-04 2.160732265934542080e-05
1.304284999999999917e+00 2.889971885382921677e-04 1.663065821097510909e-05
1.394281000000000104e+00 2.521764457118805497e-04 1.280044095363860449e-05
1.490485999999999978e+00 2.200496631251041104e-04 9.852648105207423784e-06
1.593328999999999995e+00 1.920281653407949140e-04 7.584178551496923703e-06
1.703268999999999922e+00 1.675916385247169349e-04 5.838241298056120965e-06
1.820794999999999941e+00 1.462828906484685439e-04 4.494464123173040679e-06
1.946430000000000105e+00 1.277011323086621572e-04 3.460236921100857823e-06
2.080732999999999944e+00 1.114962238188217707e-04 2.664257850066562223e-06
2.224304000000000059e+00 9.736198397833632952e-05 2.051466699875147005e-06
2.377781000000000144e+00 8.503222238630511244e-05 1.579869472193553290e-06
2.541847999999999885e+00 7.427488567197735442e-05 1.216732099838352349e-06
2.717235000000000067e+00 6.488793639706178244e-05 9.372463813396747234e-07
2.904723999999999862e+00 5.669542760292766722e-05 7.220490008216998950e-07
3.105150000000000077e+00 4.954325437887465041e-05 5.534977552138656371e-07
3.319405999999999857e+00 4.329657979403279201e-05 4.223596252460590951e-07
3.548445000000000071e+00 3.784095722533856166e-05 3.223685085105917071e-07
3.793287999999999993e+00 3.307593656884481463e-05 2.461255614337347470e-07
4.055024000000000406e+00 2.891363772539413881e-05 1.879812957009380866e-07
4.334820999999999813e+00 2.527733783878960967e-05 1.436283983923222969e-07
4.633924000000000376e+00 2.210027078154502565e-05 1.097954603738398434e-07
4.953663999999999845e+00 1.932405308172634826e-05 8.397716484176113082e-08
5.295467000000000368e+00 1.689785175864955076e-05 6.427408610729241072e-08
5.660854999999999748e+00 1.477726165627511862e-05 4.899606761655840142e-08
6.051453000000000415e+00 1.292352514579527591e-05 3.736560255720290687e-08
6.469003999999999976e+00 1.130293944211922789e-05 2.852908981056968978e-08
6.915365000000000428e+00 9.886064554608706728e-06 2.181182016969047376e-08
7.392525000000000013e+00 8.647229793426109193e-06 1.670234704659226591e-08
7.902608999999999995e+00 7.563960183097125885e-06 1.281343402066357524e-08
8.447889999999999233e+00 6.616656578270105610e-06 9.851933116367571334e-09
9.030794000000000210e+00 5.788224466907054906e-06 7.584914017746156315e-09
9.653919000000000139e+00 5.063682590750337422e-06 5.832818789152024390e-09
1.032004000000000055e+01 4.429952566363420363e-06 4.502309080621384665e-09
1.103212000000000081e+01 3.875633955049690589e-06 3.490601395776778463e-09
1.179334000000000060e+01 3.390752026261533323e-06 2.719496544877323927e-09
1.260707999999999984e+01 2.966604920317345720e-06 2.130924469040975667e-09
1.347696999999999967e+01 2.595560789429692336e-06 1.680455870068746994e-09
1.440687999999999924e+01 2.270966818099010168e-06 1.334775775800917952e-09
1.540094999999999992e+01 1.986999709236936180e-06 1.068645103990302437e-09
1.646361999999999881e+01 1.738561647920243346e-06 8.629505770044393427e-10
1.759960999999999842e+01 1.521207261826113263e-06 7.032564530174728956e-10
1.881398000000000081e+01 1.331044636718736859e-06 5.786650540320058715e-10
2.011214999999999975e+01 1.164662487912033855e-06 4.808576271429731939e-10
2.149988000000000099e+01 1.019091515791290918e-06 4.036100224022505801e-10
2.298338000000000036e+01 8.917200372707023287e-07 3.421266263514432861e-10
2.456923000000000101e+01 7.802740863923995375e-07 2.927967848311128913e-10
2.626450000000000173e+01 6.827623612198760902e-07 2.528695050391795585e-10
2.807676000000000016e+01 5.974390530954899292e-07 2.200832666538319283e-10
3.001405000000000101e+01 5.227824719116198880e-07 1.930504983365149463e-10
3.208502000000000010e+01 4.574563634345661343e-07 1.705659516908331307e-10
3.429889000000000010e+01 4.002952365261617075e-07 1.516815511823647714e-10
3.666550999999999760e+01 3.502773590326877814e-07 1.356422290437911972e-10
3.919543000000000177e+01 3.065108166900107787e-07 1.218814844086037777e-10
4.189992000000000161e+01 2.682136500243314943e-07 1.099681059746039668e-10
4.479100999999999999e+01 2.347020420853780356e-07 9.955491760431315547e-11
4.788159000000000276e+01 2.053777971254978367e-07 9.039267772551057522e-11
5.118542000000000058e+01 1.797179939960635465e-07 8.225660663551243534e-11
5.471721000000000146e+01 1.572644010251010240e-07 7.499481648478206355e-11
5.849269999999999925e+01 1.376160814784564159e-07 6.847326245667114539e-11
6.252870000000000061e+01 1.204229835944549059e-07 6.258860105326956617e-11
6.684318000000000382e+01 1.053779228919114269e-07 5.726545082681580986e-11
7.145535999999999888e+01 9.221267009754320309e-08 5.242513936184133012e-11
7.638577999999999690e+01 8.069233636606093851e-08 4.801507645268776728e-11
8.165640000000000498e+01 7.061126177268550706e-08 4.399156081476675486e-11
8.729068999999999789e+01 6.178964249061823621e-08 4.031050277467978854e-11
9.331373999999999569e+01 5.407022433690781042e-08 3.693816665341624664e-11
9.975239000000000544e+01 4.731526715237023522e-08 3.384894456854056636e-11
1.066353000000000009e+02 4.140413869666667480e-08 3.101302874992948615e-11
1.139930999999999983e+02 3.623157127372599795e-08 2.841005283720941133e-11
1.218586999999999989e+02 3.170514679117003770e-08 2.602122152910924359e-11
1.302668999999999926e+02 2.774431262092823251e-08 2.382759058640568911e-11
1.392553000000000054e+02 2.427824064439680313e-08 2.181194126612957076e-11
1.488640000000000043e+02 2.124518835032353248e-08 1.996172605447438568e-11
1.591356000000000108e+02 1.859107653684215836e-08 1.826512869905491485e-11
1.701159000000000106e+02 1.626854423578593624e-08 1.670702135459052363e-11
1.818539000000000101e+02 1.423614964371212349e-08 1.527641510979671969e-11
1.944018000000000086e+02 1.245766062583128794e-08 1.396549425914556384e-11
2.078155999999999892e+02 1.090136217289377022e-08 1.276338579172442734e-11
2.221547999999999945e+02 9.539485073561798222e-09 1.166131017267612595e-11
2.374834999999999923e+02 8.347750372305157193e-09 1.065303994813958395e-11
2.538699000000000012e+02 7.304881709798405409e-09 9.728110060015767272e-12
2.713869000000000256e+02 6.392310337294620699e-09 8.882327313114302614e-12
2.901125999999999863e+02 5.593741968294550909e-09 8.108286523610731168e-12
3.101304000000000087e+02 4.894926884616447363e-09 7.400050946246959080e-12
3.315294000000000096e+02 4.283421304844989251e-09 6.752773265369402685e-12
3.544048999999999978e+02 3.748309573198351536e-09 6.161194776819114210e-12
3.788587999999999738e+02 3.280042003475898541e-09 5.620807010631075121e-12
4.050000999999999749e+02 2.870277608540112702e-09 5.127219013904404322e-12
4.329451000000000249e+02 2.511704284648656154e-09 4.676622628168625822e-12
