1.000000000000000000e+00 2.472352734205317129e-04 1.666810620885113194e-05
1.298597194388777520e+00 1.456828032618377744e-04 7.303349330181600508e-06
1.597194388777555041e+00 9.558123455433989099e-05 3.240306650850169411e-06
1.895791583166332783e+00 6.746143253595672800e-05 1.663816778985089303e-06
2.194388777555110082e+00 5.013938498606435853e-05 9.363372104877602395e-07
2.492985971943888046e+00 3.872527088578148381e-05 5.688811089180776687e-07
2.791583166332665567e+00 3.080947754318259226e-05 3.657142571739078756e-07
3.090180360721443087e+00 2.509521986893785474e-05 2.437003185707841436e-07
3.388777555110220607e+00 2.083527120316249994e-05 1.684175470939998693e-07
3.687374749498998128e+00 1.757471020145985133e-05 1.198106370325819893e-07
3.985971943887775648e+00 1.502392165027417422e-05 8.736404449934388359e-08
4.284569138276553169e+00 1.299095971471278329e-05 6.520526067242938456e-08
4.583166332665331133e+00 1.134463573206710894e-05 4.971361620076764785e-08
4.881763527054108209e+00 9.992723997703321706e-06 3.861959495543547674e-08
5.180360721442886174e+00 8.868980479857194949e-06 3.048564585905282303e-08
5.478957915831663250e+00 7.924758389514633989e-06 2.433308191915737217e-08
5.777555110220441215e+00 7.123722119700727868e-06 1.959477284947107655e-08
6.076152304609219179e+00 6.438296313020418060e-06 1.590949939634866010e-08
6.374749498997996255e+00 5.847341242731313219e-06 1.315555670828687383e-08
6.673346693386774220e+00 5.334190474835473132e-06 1.096467637706554103e-08
6.971943887775551296e+00 4.885733360560295745e-06 9.164857636938397718e-09
7.270541082164329261e+00 4.491600718109866708e-06 7.773802877880914836e-09
7.569138276553106337e+00 4.143320209664664779e-06 6.631246292713833225e-09
7.867735470941884302e+00 3.834028490645223810e-06 5.667607190092267580e-09
8.166332665330662266e+00 3.558166433726596908e-06 4.920249208128050816e-09
8.464929859719440230e+00 3.311017804156189844e-06 4.250980936299515906e-09
8.763527054108216419e+00 3.088800286126127814e-06 3.735259807403561911e-09
9.062124248496994383e+00 2.888205828876012174e-06 3.262030429087019052e-09
9.360721442885772348e+00 2.706567086312288646e-06 2.889236610353390415e-09
9.659318637274550312e+00 2.541521936261676951e-06 2.540642014430491947e-09
9.957915831663326500e+00 2.391150570839807462e-06 2.273576550782921546e-09
1.025651302605210446e+01 2.253727114252185437e-06 2.022061205964380342e-09
1.055511022044088243e+01 2.127832704968489244e-06 1.819394287304564707e-09
1.085370741482966039e+01 2.012196759690047436e-06 1.636976570007263152e-09
1.115230460921843836e+01 1.905738775340991291e-06 1.476934345967200376e-09
1.145090180360721455e+01 1.807517953154420315e-06 1.343465970355595796e-09
1.174949899799599251e+01 1.716693192873502820e-06 1.216781421442311126e-09
1.204809619238477048e+01 1.632556839847912456e-06 1.115106493485249376e-09
1.234669338677354844e+01 1.554455787614671615e-06 1.021494781307669512e-09
1.264529058116232463e+01 1.481825593480168078e-06 9.343223413693946265e-10
1.294388777555110259e+01 1.414176271387319951e-06 8.646082966013945031e-10
1.324248496993988056e+01 1.351052888488958939e-06 7.980381358135496395e-10
1.354108216432865852e+01 1.292063021715588353e-06 7.367950918759019330e-10
1.383967935871743649e+01 1.236859808686008878e-06 6.867517119742712576e-10
1.413827655310621267e+01 1.185118230763546149e-06 6.388221417410584307e-10
1.443687374749499064e+01 1.136555633215431549e-06 5.936682974572059076e-10
1.473547094188376860e+01 1.090922957581545038e-06 5.573027578627855543e-10
1.503406813627254657e+01 1.047982906648667570e-06 5.223817571645447931e-10
1.533266533066132453e+01 1.007527757312788184e-06 4.888209000041521891e-10
1.563126252505010072e+01 9.693734913177894657e-07 4.607927531232917861e-10
1.592985971943887868e+01 9.333462991414593176e-07 4.350519529698281696e-10
1.622845691382765665e+01 8.992899036930621768e-07 4.102583939185789359e-10
1.652705410821643284e+01 8.670640513429997062e-07 3.871980641446131286e-10
1.682565130260520903e+01 8.365422519422339561e-07 3.680052810198193644e-10
1.712424849699398877e+01 8.076034727135368494e-07 3.494818307646788982e-10
1.742284569138276495e+01 7.801401164638312122e-07 3.315932997844445461e-10
1.772144288577154470e+01 7.540549152109459793e-07 3.154439096027424721e-10
1.802004008016032088e+01 7.292578147422270375e-07 3.014510530208082813e-10
1.831863727454910062e+01 7.056636278424741715e-07 2.879143687680957012e-10
1.861723446893787681e+01 6.831957965065606159e-07 2.748119075409277834e-10
1.891583166332665300e+01 6.617844146505706016e-07 2.627955846814800856e-10
1.921442885771543274e+01 6.413648918526764377e-07 2.524315666467923865e-10
1.951302605210420893e+01 6.218757476058840815e-07 2.423847384420665440e-10
1.981162324649298867e+01 6.032613119210114891e-07 2.326407581844383438e-10
2.011022044088176486e+01 5.854700170538578717e-07 2.231861357859804834e-10
2.040881763527054105e+01 5.684558651062187040e-07 2.153878261955087301e-10
2.070741482965932079e+01 5.521725381999771688e-07 2.078232610832107003e-10
2.100601202404809698e+01 5.365787642210444915e-07 2.004737542044046682e-10
2.130460921843687672e+01 5.216361544144257746e-07 1.933302630390672196e-10
2.160320641282565290e+01 5.073093097177588740e-07 1.867276354333493208e-10
2.190180360721442909e+01 4.935651752031660527e-07 1.809451478302059507e-10
2.220040080160320883e+01 4.803719575730368582e-07 1.753182100831499877e-10
2.249899799599198502e+01 4.677006036372889576e-07 1.698406290162956904e-10
2.279759519038076476e+01 4.555239503962877265e-07 1.645065359204260002e-10
2.309619238476954095e+01 4.438168841159522847e-07 1.595766000518119392e-10
2.339478957915831714e+01 4.325557670320769797e-07 1.552053612566354769e-10
2.369338677354709688e+01 4.217177703491411617e-07 1.509443000103858456e-10
2.399198396793587307e+01 4.112819602771744626e-07 1.467893026007034356e-10
2.429058116232464926e+01 4.012286817808706015e-07 1.427364575900051121e-10
2.458917835671342900e+01 3.915395152155438504e-07 1.388156319012049378e-10
2.488777555110220518e+01 3.821977127757166705e-07 1.354524387267802280e-10
2.518637274549098493e+01 3.731862273545253161e-07 1.321689902663893475e-10
2.548496993987976111e+01 3.644896684181263962e-07 1.289624835093245247e-10
2.578356713426853730e+01 3.560935314518241608e-07 1.258302452905470085e-10
2.608216432865731704e+01 3.479841374492833169e-07 1.227697248581079929e-10
2.638076152304609323e+01 3.401487373242583036e-07 1.199124252244542703e-10
2.667935871743487297e+01 3.325752184979043846e-07 1.173267913265474985e-10
2.697795591182364916e+01 3.252518049702570870e-07 1.147983940132177749e-10
2.727655310621242535e+01 3.181676047447549763e-07 1.123253535729592407e-10
2.757515030060120509e+01 3.113123123504424868e-07 1.099058717120028332e-10
2.787374749498998128e+01 3.046761713457688873e-07 1.075382271933834294e-10
2.817234468937876102e+01 2.982500642497178408e-07 1.053029084132793374e-10
2.847094188376753721e+01 2.920253604075709245e-07 1.032870973435875465e-10
2.876953907815631339e+01 2.859934823199277986e-07 1.013131302205917576e-10
2.906813627254509314e+01 2.801465474262906108e-07 9.937971754107426595e-11
2.936673346693386932e+01 2.744770718723964186e-07 9.748562224783329940e-11
2.966533066132264906e+01 2.689779465527139633e-07 9.562965709019897867e-11
2.996392785571142525e+01 2.636424148157543157e-07 9.381068214236776434e-11
3.026252505010020144e+01 2.584642136259668598e-07 9.218093083518233682e-11
3.056112224448898118e+01 2.534370941718454273e-07 9.061365352586554044e-11
3.085971943887775737e+01 2.485552051436600374e-07 8.907670601966430876e-11
3.115831663326653356e+01 2.438130059887512530e-07 8.756921634449261477e-11
3.145691382765531330e+01 2.392052178681413755e-07 8.609034563620642170e-11
3.175551102204408949e+01 2.347268089608081860e-07 8.463928658203288724e-11
3.205410821643286567e+01 2.303729807217487287e-07 8.321526195100058935e-11
3.235270541082164186e+01 2.261393314640560467e-07 8.193596868394676968e-11
3.265130260521041805e+01 2.220213285783774149e-07 8.069362653758393760e-11
3.294989979959920134e+01 2.180147789514784350e-07 7.947380099258445653e-11
3.324849699398797753e+01 2.141156967399054532e-07 7.827588539951130081e-11
3.354709418837675372e+01 2.103202726973524323e-07 7.709929470767691526e-11
3.384569138276552991e+01 2.066248648680526740e-07 7.594346451238852064e-11
3.414428857715431320e+01 2.030259898473831101e-07 7.480785015218617318e-11
3.444288577154308939e+01 1.995203546394485873e-07 7.373725307063310071e-11
3.474148296593186558e+01 1.961047696429718615e-07 7.273330660027534094e-11
3.504008016032064177e+01 1.927761361062304738e-07 7.174647057019020330e-11
3.533867735470941795e+01 1.895315275744933309e-07 7.077631125196655251e-11
3.563727454909820125e+01 1.863681396802118130e-07 6.982240945366812358e-11
3.593587174348697744e+01 1.832832840817186272e-07 6.888435991590356698e-11
3.623446893787575362e+01 1.802743827501232190e-07 6.796177073775704187e-11
3.653306613226452981e+01 1.773389625817325056e-07 6.705426283087147490e-11
3.683166332665330600e+01 1.744747197422006743e-07 6.619891417792374003e-11
3.713026052104208929e+01 1.716793588176098945e-07 6.538693063834135811e-11
3.742885771543086548e+01 1.689506359967474117e-07 6.458790266414932120e-11
3.772745490981964167e+01 1.662864499440483937e-07 6.380152264153004581e-11
3.802605210420841786e+01 1.636847815030322467e-07 6.302749261873903477e-11
3.832464929859719405e+01 1.611436898696379938e-07 6.226552392970620095e-11
3.862324649298597734e+01 1.586613089718433837e-07 6.151533683509724195e-11
3.892184368737475353e+01 1.562358440429573157e-07 6.077666017989687464e-11
3.922044088176352972e+01 1.538655745453269577e-07 6.005332215464979755e-11
3.951903807615230590e+01 1.515488988647573267e-07 5.938532791538912233e-11
3.981763527054108209e+01 1.492841489162020112e-07 5.872735241302009137e-11
4.011623246492986539e+01 1.470697844379618166e-07 5.807917193011880759e-11
4.041482965931864157e+01 1.449043218577474225e-07 5.744056936083407391e-11
4.071342685370741776e+01 1.427863318072481027e-07 5.681133396843685892e-11
4.101202404809619395e+01 1.407144367629085386e-07 5.619126115346129333e-11
4.131062124248497014e+01 1.386873088056408115e-07 5.558015223190104192e-11
4.160921843687375343e+01 1.367036674926684163e-07 5.497781422295575357e-11
4.190781563126252962e+01 1.347622788323488919e-07 5.438498341637908561e-11
4.220641282565130581e+01 1.328619865396424054e-07 5.383431158346812092e-11
4.250501002004008200e+01 1.310016036494327469e-07 5.329137667682813858e-11
4.280360721442885819e+01 1.291800204032187741e-07 5.275601677848344433e-11
4.310220440881764148e+01 1.273961653494731690e-07 5.222807445730567388e-11
4.340080160320641767e+01 1.256490037677848888e-07 5.170739661466652420e-11
4.369939879759519386e+01 1.239375361681168681e-07 5.119383433641820958e-11
4.399799599198397004e+01 1.222607968611159684e-07 5.068724275090132433e-11
4.429659318637274623e+01 1.206178525956557181e-07 5.018748089269551036e-11
4.459519038076152952e+01 1.190078012600233210e-07 4.969441157184396648e-11
4.489378757515030571e+01 1.174297808401751396e-07 4.921681020155442696e-11
4.519238476953908190e+01 1.158829565511211057e-07 4.876238195148391192e-11
4.549098196392785809e+01 1.143664928278659593e-07 4.831391932337465371e-11
4.578957915831663428e+01 1.128796003093848395e-07 4.787130561045541693e-11
4.608817635270541047e+01 1.114215151224926946e-07 4.743442713044554345e-11
4.638677354709419376e+01 1.099914979006097383e-07 4.700317312821004373e-11
4.668537074148296995e+01 1.085888328463169329e-07 4.657743568215010663e-11
4.698396793587174614e+01 1.072128268354830303e-07 4.615710961416335882e-11
4.728256513026052232e+01 1.058628085608687338e-07 4.574209240301563677e-11
4.758116232464929851e+01 1.045381277132334162e-07 4.533228410097468727e-11
4.787975951903808181e+01 1.032381541980777056e-07 4.492758725356324370e-11
4.817835671342685799e+01 1.019623134808693861e-07 4.454599656373582021e-11
4.847695390781563418e+01 1.007099769193820270e-07 4.416921763479459810e-11
4.877555110220441037e+01 9.948057049340421363e-08 4.379705188309257787e-11
4.907414829659318656e+01 9.827353781162932426e-08 4.342941510043689408e-11
4.937274549098196985e+01 9.708833925663133030e-08 4.306622511573679607e-11
4.967134268537074604e+01 9.592445138167394671e-08 4.270740173377374213e-11
4.996993987975952223e+01 9.478136633267482149e-08 4.235286667616702497e-11
5.026853707414829842e+01 9.365859129413335933e-08 4.200254352444322110e-11
5.056713426853707460e+01 9.255564795789279316e-08 4.165635766512274606e-11
5.086573146292585790e+01 9.147207201366783934e-08 4.131423623674063579e-11
5.116432865731463409e+01 9.040741266032447485e-08 4.097610807872231929e-11
5.146292585170341027e+01 8.936124839488407489e-08 4.065471090795862644e-11
5.176152304609218646e+01 8.833313863605101472e-08 4.033798960648116935e-11
5.206012024048096265e+01 8.732266913147830449e-08 4.002490149261782994e-11
5.235871743486974594e+01 8.632943862193660733e-08 3.971538440711333086e-11
5.265731462925852213e+01 8.535305719279210208e-08 3.940937760062696945e-11
5.295591182364729832e+01 8.439314589128450601e-08 3.910682169398290580e-11
5.325450901803607451e+01 8.344933635878463711e-08 3.880765863975776916e-11
5.355310621242485070e+01 8.252127047736447726e-08 3.851183168515312791e-11
5.385170340681363399e+01 8.160860003004762488e-08 3.821928533610341191e-11
5.415030060120241018e+01 8.071098637413697015e-08 3.792996532257114278e-11
5.444889779559118637e+01 7.982810012704846756e-08 3.764381856498413225e-11
5.474749498997996255e+01 7.895962136353506822e-08 3.736181899983247397e-11
5.504609218436873874e+01 7.810524219268509431e-08 3.709191821173950266e-11
5.534468937875752204e+01 7.726465477351707798e-08 3.682492977599658639e-11
5.564328657314629822e+01 7.643756385637573616e-08 3.656080680715029923e-11
5.594188376753507441e+01 7.562368205025466390e-08 3.629950342077637715e-11
5.624048096192385060e+01 7.482272957311855003e-08 3.604097470690599154e-11
5.653907815631262679e+01 7.403443401143164842e-08 3.578517670429401503e-11
5.683767535070141008e+01 7.325853008850563569e-08 3.553206637549836380e-11
5.713627254509018627e+01 7.249475944130011656e-08 3.528160158274076055e-11
5.743486973947896246e+01 7.174287040532440376e-08 3.503374106452056144e-11
5.773346693386773865e+01 7.100261780730665627e-08 3.478844441295416261e-11
5.803206412825651483e+01 7.027376276531113708e-08 3.454567205181414333e-11
5.833066132264529813e+01 6.955607249599973062e-08 3.430538521524275518e-11
5.862925851703407432e+01 6.884932862088496595e-08 3.407101450681204481e-11
5.892785571142285050e+01 6.815331131372622501e-08 3.384311390791220289e-11
5.922645290581162669e+01 6.746779482614119680e-08 3.361751128486916432e-11
5.952505010020040288e+01 6.679256898308903307e-08 3.339417205547885991e-11
5.982364729458917907e+01 6.612742884166140634e-08 3.317306232797647023e-11
6.012224448897796236e+01 6.547217453555786403e-08 3.295414888389115584e-11
6.042084168336673855e+01 6.482661112492832739e-08 3.273739916140907696e-11
6.071943887775551474e+01 6.419054845137132122e-08 3.252278123922732557e-11
6.101803607214429093e+01 6.356380099788769045e-08 3.231026382088194825e-11
6.131663326653306711e+01 6.294618775359611090e-08 3.209981621953389749e-11
6.161523046092185041e+01 6.233753208302679993e-08 3.189140834319728560e-11
6.191382765531062660e+01 6.173766159981742933e-08 3.168501068039516164e-11
6.221242484969940278e+01 6.114640804464190014e-08 3.148059428622838763e-11
6.251102204408817897e+01 6.056360716721138711e-08 3.127813076884361638e-11
6.280961923847695516e+01 5.998910092208585083e-08 3.108325722359861366e-11
6.310821643286573845e+01 5.942273052905524568e-08 3.089058257335775619e-11
6.340681362725451464e+01 5.886434294961801413e-08 3.069972262115015792e-11
6.370541082164329083e+01 5.831378886676583096e-08 3.051065184965781835e-11
6.400400801603205991e+01 5.777092243840326618e-08 3.032334521774545771e-11
6.430260521042083610e+01 5.723560120075542341e-08 3.013777814940429808e-11
6.460120240480962650e+01 5.670768597489414838e-08 2.995392652300275443e-11
6.489979959919840269e+01 5.618704077626739933e-08 2.977176666083367633e-11
6.519839679358717888e+01 5.567353272712236658e-08 2.959127531894880226e-11
6.549699398797595506e+01 5.516703197171703773e-08 2.941242967727141810e-11
6.579559118236473125e+01 5.466741159421939183e-08 2.923520732997817231e-11
6.609418837675350744e+01 5.417454753919666146e-08 2.905958627614155978e-11
6.639278557114228363e+01 5.368831853460256116e-08 2.888554491062500908e-11
6.669138276553105982e+01 5.320860601717241875e-08 2.871306201522245333e-11
6.698997995991985022e+01 5.273529745050932993e-08 2.854426300506165499e-11
6.728857715430862640e+01 5.226827949862712173e-08 2.837917157502896165e-11
6.758717434869740259e+01 5.180743776498130137e-08 2.821553887850006745e-11
6.788577154308617878e+01 5.135266382299667852e-08 2.805334566665209582e-11
6.818436873747495497e+01 5.090385161504208365e-08 2.789257302784463040e-11
6.848296593186373116e+01 5.046089739059175498e-08 2.773320238026898416e-11
6.878156312625250735e+01 5.002369964626153358e-08 2.757521546478870891e-11
6.908016032064128353e+01 4.959215906765608106e-08 2.741859433796595863e-11
6.937875751503005972e+01 4.916617847296361225e-08 2.726332136526778730e-11
6.967735470941883591e+01 4.874566275823951240e-08 2.710937921444725960e-11
6.997595190380762631e+01 4.833051884432065810e-08 2.695675084909395602e-11
7.027454909819640250e+01 4.792065562531537180e-08 2.680541952234890272e-11
7.057314629258517868e+01 4.751598391861551434e-08 2.665536877077905025e-11
7.087174348697395487e+01 4.711641641638011857e-08 2.650658240840665484e-11
7.117034068136273106e+01 4.672186763844044351e-08 2.635904452088887370e-11
7.146893787575150725e+01 4.633225413173027524e-08 2.621289891998201675e-11
7.176753507014028344e+01 4.594749878970070929e-08 2.607130280360422888e-11
7.206613226452905963e+01 4.556751615849166271e-08 2.593088005956537150e-11
7.236472945891783581e+01 4.519222762612909207e-08 2.579161616287416122e-11
7.266332665330661200e+01 4.482155619253053599e-08 2.565349682729092667e-11
7.296192384769540240e+01 4.445542643000616892e-08 2.551650800044214091e-11
7.326052104208417859e+01 4.409376444488464180e-08 2.538063585905444259e-11
7.355911823647295478e+01 4.373649784022668510e-08 2.524586680430471770e-11
7.385771543086173097e+01 4.338355567959230175e-08 2.511218745728299773e-11
7.415631262525050715e+01 4.303486845182665614e-08 2.497958465456493024e-11
7.445490981963928334e+01 4.269036803683288224e-08 2.484804544389084257e-11
7.475350701402805953e+01 4.234998767229998752e-08 2.471755707994831950e-11
7.505210420841683572e+01 4.201366192135533309e-08 2.458810702025548368e-11
7.535070140280561191e+01 4.168132664111270553e-08 2.445968292114211920e-11
7.564929859719438809e+01 4.135291895208791595e-08 2.433227263382605023e-11
7.594789579158317849e+01 4.102837720845397411e-08 2.420586420058195712e-11
7.624649298597195468e+01 4.070764096911067810e-08 2.408044585100035830e-11
7.654509018036073087e+01 4.039065145088503336e-08 2.395753583460900067e-11
7.684368737474950706e+01 4.007735046723748329e-08 2.383691337808809907e-11
7.714228456913828325e+01 3.976768060152294861e-08 2.371722471623761084e-11
7.744088176352705943e+01 3.946158595788645489e-08 2.359845904745784321e-11
7.773947895791583562e+01 3.915901171189116356e-08 2.348060573610477291e-11
7.803807615230461181e+01 3.885990408596824023e-08 2.336365430931509108e-11
7.833667334669338800e+01 3.856421032552014280e-08 2.324759445390385269e-11
7.863527054108216419e+01 3.827187867565829099e-08 2.313241601333275945e-11
7.893386773547094037e+01 3.798285835855515889e-08 2.301810898474731193e-11
7.923246492985973077e+01 3.769709955139312879e-08 2.290466351608086959e-11
7.953106212424850696e+01 3.741455336489149790e-08 2.279206990322410989e-11
7.982965931863728315e+01 3.713517182239461129e-08 2.268031858725780534e-11
8.012825651302605934e+01 3.685890783950468998e-08 2.256940015174763273e-11
8.042685370741483553e+01 3.658571520424294955e-08 2.245930532009918234e-11
8.072545090180361171e+01 3.631554855772318679e-08 2.235002495297162267e-11
8.102404809619238790e+01 3.604836337532342187e-08 2.224155004574869909e-11
8.132264529058116409e+01 3.578411594834021023e-08 2.213387172606526026e-11
8.162124248496994028e+01 3.552276336611209167e-08 2.202698125138822013e-11
8.191983967935871647e+01 3.526426414867816007e-08 2.192280849409289918e-11
8.221843687374750687e+01 3.500857635626057185e-08 2.181965015916827151e-11
8.251703406813628305e+01 3.475565928233260259e-08 2.171723840438274130e-11
8.281563126252505924e+01 3.450547303871561832e-08 2.161556515420523374e-11
8.311422845691383543e+01 3.425797845245820081e-08 2.151462244915364849e-11
8.341282565130261162e+01 3.401313705050189324e-08 2.141440244371778328e-11
8.371142284569138781e+01 3.377091104472875917e-08 2.131489740432664422e-11
8.401002004008016399e+01 3.353126331738047138e-08 2.121609970735907317e-11
8.430861723446894018e+01 3.329415740683823009e-08 2.111800183719674554e-11
8.460721442885771637e+01 3.305955749375329990e-08 2.102059638431829445e-11
8.490581162324649256e+01 3.282742838751852382e-08 2.092387604343375027e-11
8.520440881763528296e+01 3.259773551307094776e-08 2.082783361165812258e-11
8.550300601202405915e+01 3.237044489801659548e-08 2.073246198672328127e-11
8.580160320641283533e+01 3.214552316006834132e-08 2.063775416522720293e-11
8.610020040080161152e+01 3.192293749478823173e-08 2.054370324091960671e-11
8.639879759519038771e+01 3.170265566362574552e-08 2.045030240302314600e-11
8.669739478957916390e+01 3.148464598224409171e-08 2.035754493458934826e-11
8.699599198396794009e+01 3.126887730912627299e-08 2.026542421088828816e-11
8.729458917835671627e+01 3.105531907109992732e-08 2.017395721411279642e-11
8.759318637274549246e+01 3.084394389289028512e-08 2.008488511301757319e-11
8.789178356713426865e+01 3.063471940760597462e-08 1.999641822616209336e-11
8.819038076152305905e+01 3.042761653698369987e-08 1.990855040609786789e-11
8.848897795591183524e+01 3.022260669254100544e-08 1.982127558835221657e-11
8.878757515030061143e+01 3.001966176570983142e-08 1.973458779003300168e-11
8.908617234468938761e+01 2.981875411820148062e-08 1.964848110846142449e-11
8.938476953907816380e+01 2.961985657259614868e-08 1.956294971983221235e-11
8.968336673346693999e+01 2.942294240315174640e-08 1.947798787790061168e-11
8.998196392785571618e+01 2.922798532682565157e-08 1.939358991269547909e-11
9.028056112224449237e+01 2.903495949450405675e-08 1.930975022925797634e-11
9.057915831663326856e+01 2.884383948243338721e-08 1.922646330640508721e-11
9.087775551102204474e+01 2.865460028384841591e-08 1.914372369551767512e-11
9.117635270541082093e+01 2.846721730079203290e-08 1.906152601935220908e-11
9.147494989979961133e+01 2.828166633612163987e-08 1.897986497087585105e-11
9.177354709418838752e+01 2.809792358569722665e-08 1.889873531212426818e-11
9.207214428857716371e+01 2.791596563074656368e-08 1.881813187308163667e-11
9.237074148296593989e+01 2.773576943040295091e-08 1.873804955058240124e-11
9.266933867735471608e+01 2.755731231441076194e-08 1.865848330723425685e-11
9.296793587174349227e+01 2.738057197599500160e-08 1.857942817036188429e-11
9.326653306613226846e+01 2.720552646489031079e-08 1.850087923097100020e-11
9.356513026052104465e+01 2.703215600035880801e-08 1.842414630175091062e-11
9.386372745490982084e+01 2.686043782146953987e-08 1.834814766057670470e-11
9.416232464929859702e+01 2.669035066366011974e-08 1.827263101644571296e-11
9.446092184368738742e+01 2.652187393642926449e-08 1.819759179848476187e-11
9.475951903807616361e+01 2.635498737317857206e-08 1.812302549343387544e-11
9.505811623246493980e+01 2.618967102511744115e-08 1.804892764474141390e-11
9.535671342685371599e+01 2.602590525530141178e-08 1.797529385167617290e-11
9.565531062124249218e+01 2.586367073280049899e-08 1.790211976845618137e-11
9.595390781563126836e+01 2.570294842699448544e-08 1.782940110339369402e-11
9.625250501002004455e+01 2.554371960199177176e-08 1.775713361805614910e-11
9.655110220440882074e+01 2.538596581116891241e-08 1.768531312644263902e-11
9.684969939879759693e+01 2.522966889182784625e-08 1.761393549417569993e-11
9.714829659318637312e+01 2.507481095996786022e-08 1.754299663770791309e-11
9.744689378757516351e+01 2.492137440516955012e-08 1.747249252354314980e-11
9.774549098196393970e+01 2.476934188558800219e-08 1.740241916747211763e-11
9.804408817635271589e+01 2.461869632305251890e-08 1.733277263382175215e-11
9.834268537074149208e+01 2.446942089827037769e-08 1.726354903471845427e-11
9.864128256513026827e+01 2.432149904613209780e-08 1.719474452936455275e-11
9.893987975951904446e+01 2.417491445111562158e-08 1.712635532332796937e-11
9.923847695390782064e+01 2.402965104278727247e-08 1.705837766784466973e-11
9.953707414829659683e+01 2.388569299139699508e-08 1.699080785913369313e-11
9.983567134268537302e+01 2.374302434980495403e-08 1.692398233752359412e-11
1.001342685370741492e+02 2.360162920558668796e-08 1.685843203214734380e-11
1.004328657314629396e+02 2.346149334543159898e-08 1.679327150231188181e-11
1.007314629258517158e+02 2.332260185988634632e-08 1.672849728179485182e-11
1.010300601202404920e+02 2.318494005949871059e-08 1.666410594535197263e-11
1.013286573146292682e+02 2.304849347093356394e-08 1.660009410811325457e-11
1.016272545090180444e+02 2.291324783316852744e-08 1.653645842498986896e-11
1.019258517034068205e+02 2.277918909376755548e-08 1.647319559009147689e-11
1.022244488977955967e+02 2.264630340523059441e-08 1.641030233615366843e-11
1.025230460921843729e+02 2.251457712141756156e-08 1.634777543397553793e-11
1.028216432865731491e+02 2.238399679404492768e-08 1.628561169186697875e-11
1.031202404809619253e+02 2.225454916925314903e-08 1.622380795510556164e-11
1.034188376753507015e+02 2.212622118424343035e-08 1.616236110540291600e-11
1.037174348697394919e+02 2.199899996398219104e-08 1.610126806038022630e-11
1.040160320641282681e+02 2.187287281797157335e-08 1.604052577305284682e-11
1.043146292585170443e+02 2.174782723708464935e-08 1.598013123132367298e-11
1.046132264529058205e+02 2.162385089046369219e-08 1.592008145748529164e-11
1.049118236472945966e+02 2.150093162248023106e-08 1.586037350773057131e-11
1.052104208416833728e+02 2.137905744975543083e-08 1.580100447167160816e-11
1.055090180360721490e+02 2.125821655823925446e-08 1.574197147186680813e-11
1.058076152304609252e+02 2.113839730034744862e-08 1.568327166335602432e-11
1.061062124248497014e+02 2.101958819215474780e-08 1.562490223320353653e-11
1.064048096192384776e+02 2.090177791064310580e-08 1.556686040004865946e-11
1.067034068136272680e+02 2.078495562273441021e-08 1.550938597885826291e-11
1.070020040080160442e+02 2.066911110015756997e-08 1.545305094122132362e-11
1.073006012024048204e+02 2.055423235787294665e-08 1.539702944300533728e-11
1.075991983967935965e+02 2.044030869023323419e-08 1.534131887391227533e-11
1.078977955911823727e+02 2.032732953952058676e-08 1.528591665253915978e-11
1.081963927855711489e+02 2.021528449350059946e-08 1.523082022597933626e-11
1.084949899799599251e+02 2.010416328302310724e-08 1.517602706943030964e-11
1.087935871743487013e+02 1.999395577966927304e-08 1.512153468580810664e-11
1.090921843687374775e+02 1.988465199344350570e-08 1.506734060536792299e-11
1.093907815631262537e+02 1.977624207050947653e-08 1.501344238533098103e-11
1.096893787575150441e+02 1.966871629096925519e-08 1.495983760951749088e-11
1.099879759519038203e+02 1.956206506668457884e-08 1.490652388798563136e-11
1.102865731462925964e+02 1.945627893913930159e-08 1.485349885667629853e-11
1.105851703406813726e+02 1.935134857734222698e-08 1.480076017706370913e-11
1.108837675350701488e+02 1.924726477576950942e-08 1.474830553581162626e-11
1.111823647294589250e+02 1.914401845234549312e-08 1.469613264443504248e-11
1.114809619238477012e+02 1.904160064646150196e-08 1.464423923896743353e-11
1.117795591182364774e+02 1.894000251703164087e-08 1.459262307963323352e-11
1.120781563126252536e+02 1.883921534058469192e-08 1.454128195052561101e-11
1.123767535070140298e+02 1.873923050939154623e-08 1.449021365928933723e-11
1.126753507014028202e+02 1.864003952962727806e-08 1.443941603680875167e-11
1.129739478957915964e+02 1.854163401956725253e-08 1.438888693690061146e-11
1.132725450901803725e+02 1.844400570781634369e-08 1.433862423601185863e-11
1.135711422845691487e+02 1.834714643157084606e-08 1.428862583292210491e-11
1.138697394789579249e+02 1.825104813491213339e-08 1.423888964845083079e-11
1.141683366733467011e+02 1.815570294688946773e-08 1.418995883458604544e-11
1.144669338677354773e+02 1.806110299562489464e-08 1.414166610875678886e-11
1.147655310621242535e+02 1.796724047950101876e-08 1.409362467915398729e-11
1.150641282565130297e+02 1.787410775370731321e-08 1.404583258939865054e-11
1.153627254509018059e+02 1.778169727224184471e-08 1.399828790336681141e-11
1.156613226452905963e+02 1.769000158638271330e-08 1.395098870492810436e-11
1.159599198396793724e+02 1.759901334318700737e-08 1.390393309768832814e-11
1.162585170340681486e+02 1.750872528401670163e-08 1.385711920473598925e-11
1.165571142284569248e+02 1.741913024309097195e-08 1.381054516839277611e-11
1.168557114228457010e+02 1.733022114606441082e-08 1.376420914996779922e-11
1.171543086172344772e+02 1.724199100863046858e-08 1.371810932951563754e-11
1.174529058116232534e+02 1.715443293514980926e-08 1.367224390559804430e-11
1.177515030060120296e+02 1.706754011730297565e-08 1.362661109504931360e-11
1.180501002004008058e+02 1.698130583276680768e-08 1.358120913274516102e-11
1.183486973947895819e+02 1.689572344391433619e-08 1.353603627137515038e-11
1.186472945891783581e+02 1.681078639653737781e-08 1.349109078121852136e-11
1.189458917835671485e+02 1.672648821859172515e-08 1.344637094992341302e-11
1.192444889779559247e+02 1.664282251896420100e-08 1.340187508228939286e-11
1.195430861723447009e+02 1.655978298626123581e-08 1.335760150005326713e-11
1.198416833667334771e+02 1.647736338761862091e-08 1.331354854167805284e-11
1.201402805611222533e+02 1.639555756753187516e-08 1.326971456214513731e-11
1.204388777555110295e+02 1.631435944670692381e-08 1.322609793274951061e-11
1.207374749498998057e+02 1.623376302093063630e-08 1.318269704089802874e-11
1.210360721442885819e+02 1.615376235996082599e-08 1.313951028991069328e-11
1.213346693386773580e+02 1.607435160643539415e-08 1.309653609882482760e-11
1.216332665330661342e+02 1.599552497480014503e-08 1.305377290220214995e-11
1.219318637274549246e+02 1.591727697541202169e-08 1.301140893482367004e-11
1.222304609218437008e+02 1.583960242620740176e-08 1.296983528985454750e-11
1.225290581162324770e+02 1.576249505373468963e-08 1.292846427067785091e-11
1.228276553106212532e+02 1.568594934940878610e-08 1.288729439952802624e-11
1.231262525050100294e+02 1.560995987135870679e-08 1.284632421297459664e-11
1.234248496993988056e+02 1.553452124346039964e-08 1.280555226174878570e-11
1.237234468937875818e+02 1.545962815438590075e-08 1.276497711057262388e-11
1.240220440881763579e+02 1.538527535666832582e-08 1.272459733799052840e-11
1.243206412825651341e+02 1.531145766578277324e-08 1.268441153620328064e-11
1.246192384769539103e+02 1.523816995924245057e-08 1.264441831090445603e-11
1.249178356713427007e+02 1.516540717571004768e-08 1.260461628111913839e-11
1.252164328657314769e+02 1.509316431412384359e-08 1.256500407904497843e-11
1.255150300601202531e+02 1.502143643283831869e-08 1.252558034989548830e-11
1.258136272545090293e+02 1.495021864877914685e-08 1.248634375174561083e-11
1.261122244488978055e+02 1.487950613661203759e-08 1.244729295537943911e-11
1.264108216432865817e+02 1.480929412792542052e-08 1.240842664414012688e-11
1.267094188376753578e+02 1.473957791042653163e-08 1.236974351378190070e-11
1.270080160320641340e+02 1.467035282715070307e-08 1.233124227232417086e-11
1.273066132264529102e+02 1.460161427568368930e-08 1.229292163990768752e-11
1.276052104208416864e+02 1.453335770739664577e-08 1.225478034865273262e-11
1.279038076152304768e+02 1.446557862669362953e-08 1.221681714251926330e-11
1.282024048096192530e+02 1.439827259027135527e-08 1.217903077716906517e-11
1.285010020040080292e+02 1.433143520639094052e-08 1.214142001982975220e-11
1.287995991983968054e+02 1.426506213416151933e-08 1.210398364916074568e-11
1.290981963927855816e+02 1.419914908283541152e-08 1.206672045512103838e-11
1.293967935871743578e+02 1.413369181111460791e-08 1.202962923883882643e-11
1.296953907815631339e+02 1.406868612646851664e-08 1.199270881248294406e-11
1.299939879759519101e+02 1.400412788446262346e-08 1.195595799913604492e-11
1.302925851703406863e+02 1.394001293511865789e-08 1.191943173798080482e-11
1.305911823647294625e+02 1.387633672133870326e-08 1.188366728302650026e-11
1.308897795591182387e+02 1.381309580450496800e-08 1.184806600606736306e-11
1.311883767535070149e+02 1.375028622600879941e-08 1.181262679287758566e-11
1.314869739478957911e+02 1.368790407213912338e-08 1.177734853935267299e-11
1.317855711422845673e+02 1.362594547347268160e-08 1.174223015139473579e-11
1.320841683366733434e+02 1.356440660427407082e-08 1.170727054479943831e-11
1.323827655310621196e+02 1.350328368190513755e-08 1.167246864514438868e-11
1.326813627254509242e+02 1.344257296624362398e-08 1.163782338767905120e-11
1.329799599198397004e+02 1.338227075911115434e-08 1.160333371721621441e-11
1.332785571142284766e+02 1.332237340370993320e-08 1.156899858802481628e-11
1.335771543086172528e+02 1.326287728406836903e-08 1.153481696372425415e-11
1.338757515030060290e+02 1.320377882449537155e-08 1.150078781718014051e-11
1.341743486973948052e+02 1.314507448904305494e-08 1.146691013040138532e-11
1.344729458917835814e+02 1.308676078097785504e-08 1.143318289443870482e-11
1.347715430861723576e+02 1.302883424225979441e-08 1.139960510928443729e-11
1.350701402805611337e+02 1.297129145302982717e-08 1.136617578377373060e-11
1.353687374749499099e+02 1.291412903110508514e-08 1.133289393548700109e-11
1.356673346693386861e+02 1.285734363148185480e-08 1.129975859065368818e-11
1.359659318637274623e+02 1.280093194584623870e-08 1.126676878405729183e-11
1.362645290581162385e+02 1.274489070209229467e-08 1.123392355894165711e-11
1.365631262525050147e+02 1.268921666384752697e-08 1.120122196691846575e-11
1.368617234468937909e+02 1.263390663000564338e-08 1.116866306787595862e-11
1.371603206412825671e+02 1.257895743426639792e-08 1.113624592988884906e-11
1.374589178356713433e+02 1.252436594468245143e-08 1.110396962912940898e-11
1.377575150300601194e+02 1.247012906321305631e-08 1.107183324977969889e-11
1.380561122244488956e+02 1.241624372528454566e-08 1.103983588394495624e-11
1.383547094188376718e+02 1.236270689935744326e-08 1.100797663156809698e-11
1.386533066132264764e+02 1.230951558650001386e-08 1.097625460034531240e-11
1.389519038076152526e+02 1.225666681996836978e-08 1.094466890564278241e-11
1.392505010020040288e+02 1.220415766479272178e-08 1.091321867041440499e-11
1.395490981963928050e+02 1.215198582142745930e-08 1.088248474240013131e-11
1.398476953907815812e+02 1.210014781784836885e-08 1.085189153976491281e-11
1.401462925851703574e+02 1.204864080212825684e-08 1.082142870154113797e-11
1.404448897795591336e+02 1.199746196242885260e-08 1.079109539623295780e-11
1.407434869739479097e+02 1.194660851670777317e-08 1.076089079940082948e-11
1.410420841683366859e+02 1.189607771234051340e-08 1.073081409358683593e-11
1.413406813627254621e+02 1.184586682574788044e-08 1.070086446824090836e-11
1.416392785571142383e+02 1.179597316202903824e-08 1.067104111964804892e-11
1.419378757515030145e+02 1.174639405459987079e-08 1.064134325085640318e-11
1.422364729458917907e+02 1.169712686483669729e-08 1.061177007160629218e-11
1.425350701402805669e+02 1.164816898172520667e-08 1.058232079826010408e-11
1.428336673346693431e+02 1.159951782151447618e-08 1.055299465373308075e-11
1.431322645290581193e+02 1.155117082737611497e-08 1.052379086742496554e-11
1.434308617234468954e+02 1.150312546906829317e-08 1.049470867515250240e-11
1.437294589178356716e+02 1.145537924260471081e-08 1.046574731908279134e-11
1.440280561122244478e+02 1.140792966992831642e-08 1.043690604766743382e-11
1.443266533066132240e+02 1.136077429858979682e-08 1.040818411557756034e-11
1.446252505010020002e+02 1.131391070143065445e-08 1.037958078363958820e-11
1.449238476953908048e+02 1.126733647627090863e-08 1.035109531877184366e-11
1.452224448897795810e+02 1.122104924560123218e-08 1.032272699392190944e-11
1.455210420841683572e+02 1.117504665627953331e-08 1.029447508800477684e-11
1.458196392785571334e+02 1.112932637923189836e-08 1.026633888584174099e-11
1.461182364729459096e+02 1.108388610915776647e-08 1.023831767810006514e-11
1.464168336673346857e+02 1.103872356423935590e-08 1.021041076123336226e-11
1.467154308617234619e+02 1.099383648585516177e-08 1.018261743742270205e-11
1.470140280561122381e+02 1.094922263829761115e-08 1.015493701451847563e-11
1.473126252505010143e+02 1.090487980849463413e-08 1.012736880598290004e-11
1.476112224448897905e+02 1.086080580573522013e-08 1.009991213083329337e-11
1.479098196392785667e+02 1.081699846139885706e-08 1.007256631358597834e-11
1.482084168336673429e+02 1.077345562868874410e-08 1.004533068420090480e-11
1.485070140280561191e+02 1.073017518236878129e-08 1.001820457802690557e-11
1.488056112224448952e+02 1.068715501850425012e-08 9.991187335747642145e-12
1.491042084168336714e+02 1.064439307873911945e-08 9.964705982865883755e-12
1.494028056112224476e+02 1.060188728218853168e-08 9.938434232152186578e-12
1.497014028056112238e+02 1.055963558131684166e-08 9.912267285680908845e-12
1.500000000000000000e+02 1.051763595487551424e-08 9.886204517566985518e-12
