2.080732999999999944e+00 7.157939211646127643e-05 4.934245934374525878e-06
2.224304000000000059e+00 6.233214277703703183e-05 3.862220742846736607e-06
2.377781000000000144e+00 5.426064502689210002e-05 3.026241758018408140e-06
2.541847999999999885e+00 4.721290711161619017e-05 2.373841030171350541e-06
2.717235000000000067e+00 4.105381644926087484e-05 1.864079345686341910e-06
2.904723999999999862e+00 3.566344680621894313e-05 1.465409165689700898e-06
3.105150000000000077e+00 3.093552864524968090e-05 1.141711750454793449e-06
3.319405999999999857e+00 2.674063662598294999e-05 8.821677925508229333e-07
3.548445000000000071e+00 2.296415567895207247e-05 6.824026680831633486e-07
3.793287999999999993e+00 1.937132061641304859e-05 5.285365533420729154e-07
3.957338000000000022e+00 1.664466494054587752e-05 4.497419113329734686e-07
4.017909000000000397e+00 1.464322134624991789e-05 4.245020184331538400e-07
4.034061999999999593e+00 1.272688035642859821e-05 4.180635870213294159e-07
4.055024000000000406e+00 1.420521259075787436e-05 3.926710504409699688e-06
4.058290000000000397e+00 1.438699640840714095e-05 3.914506484178406078e-06
4.118862000000000023e+00 1.555996038893303388e-05 3.698845307039921279e-06
4.334820999999999813e+00 1.543165542857530698e-05 3.052732201249174895e-06
4.633924000000000376e+00 1.413150381774018981e-05 2.398678771268017925e-06
4.953663999999999845e+00 1.267823339656984187e-05 1.891637175004425839e-06
5.295467000000000368e+00 1.127922259159458054e-05 1.492299414687907730e-06
5.660854999999999748e+00 9.982637261129081359e-06 1.170238871661821474e-06
6.051453000000000415e+00 8.803859285304000239e-06 9.166677767502474103e-07
6.469003999999999976e+00 7.745884347652705695e-06 7.174557485715114480e-07
6.915365000000000428e+00 6.803603134966139440e-06 5.611059392000184253e-07
7.392525000000000013e+00 5.968726656838334181e-06 4.387483982132116330e-07
7.902608999999999995e+00 5.231894410699462538e-06 3.431238362330982888e-07
8.447889999999999233e+00 4.591836140035551709e-06 2.675919851498965389e-07
9.030794000000000210e+00 4.021089205219921138e-06 2.080523995071353616e-07
9.653919000000000139e+00 3.518283736989035191e-06 1.609135853783456467e-07
2.011214999999999975e+01 8.026523046348137631e-07 9.595972821444758261e-09
2.149988000000000099e+01 7.017725068457944807e-07 7.406755116989017020e-09
2.298338000000000036e+01 6.135975691331580375e-07 5.722593624126998651e-09
2.456923000000000101e+01 5.365335474355986606e-07 4.425477125605014187e-09
2.626450000000000173e+01 4.691760665847053544e-07 3.426208771083721168e-09
2.807676000000000016e+01 4.102903760797380313e-07 2.640933838285823321e-09
3.001405000000000101e+01 3.588062861403867068e-07 2.035237542283804619e-09
3.208502000000000010e+01 3.137947326758350079e-07 1.571417603478683249e-09
3.429889000000000010e+01 2.744419293390543423e-07 1.216020792284895269e-09
3.666550999999999760e+01 2.400351083904388441e-07 9.433755653598259405e-10
3.919543000000000177e+01 2.099501454599934914e-07 7.340638888121384542e-10
4.189992000000000161e+01 1.836431298880007183e-07 5.730993725835236964e-10
4.479100999999999999e+01 1.606388625643980001e-07 4.491807779951706256e-10
4.788159000000000276e+01 1.405204022117656941e-07 3.536272040517515334e-10
5.118542000000000058e+01 1.229264713284592199e-07 2.797504674681484849e-10
5.471721000000000146e+01 1.075380852645926552e-07 2.225372646807235922e-10
5.849269999999999925e+01 9.407885969141111388e-08 1.781066972132494293e-10
6.252870000000000061e+01 8.230620557003214173e-08 1.434983967086569272e-10
6.684318000000000382e+01 7.200853644576412895e-08 1.164433530383357670e-10
7.145535999999999888e+01 6.300050463868855449e-08 9.520871412201252099e-11
7.638577999999999690e+01 5.512044741880074355e-08 7.846847715939462268e-11
8.165640000000000498e+01 4.822698260419842806e-08 6.517067336994909761e-11
8.729068999999999789e+01 4.219626115692729599e-08 5.452575402226270939e-11
9.331373999999999569e+01 3.692004633680885791e-08 4.600943001701464493e-11
9.975239000000000544e+01 3.230404573884089990e-08 3.914720012770564994e-11
2.078155999999999892e+02 7.437893135404192141e-09 9.927825855978386630e-12
2.221547999999999945e+02 6.508513305424869777e-09 8.956598972615323353e-12
2.374834999999999923e+02 5.695256545733429463e-09 8.092567451806210524e-12
2.538699000000000012e+02 4.983667570544837139e-09 7.321434372244459771e-12
2.713869000000000256e+02 4.360989536758420907e-09 6.629659217564341200e-12
2.901125999999999863e+02 3.816110467638349920e-09 6.007753578267206068e-12
3.101304000000000087e+02 3.339326841950509123e-09 5.447386227362333840e-12
3.315294000000000096e+02 2.922112944186484558e-09 4.940786929263291942e-12
3.544048999999999978e+02 2.557026000315481491e-09 4.482069304246314009e-12
3.788587999999999738e+02 2.237564063616667489e-09 4.066424571310381244e-12
4.050000999999999749e+02 1.958013282801397355e-09 3.689387375114545121e-12
4.329451000000000249e+02 1.713388684637766701e-09 3.346907507599292227e-12
