1.000000000000000000e+00 3.759836099467264627e-04 4.189463138789610406e-05
1.298597194388777520e+00 2.235434023582208625e-04 2.003208862967403172e-05
1.597194388777555041e+00 1.474227271587545142e-04 1.018310956772678777e-05
1.895791583166332783e+00 1.042946473613787781e-04 6.087214444994188211e-06
2.194388777555110082e+00 7.751878221520084092e-05 3.833978353168171389e-06
2.492985971943888046e+00 5.971721274882250356e-05 2.366712493802133040e-06
2.791583166332665567e+00 4.736134580509777562e-05 1.544553303885402389e-06
3.090180360721443087e+00 3.843418435069817767e-05 1.042892664681361421e-06
3.388777555110220607e+00 3.173405682159857863e-05 7.270937519869433968e-07
3.687374749498998128e+00 2.650554989188489319e-05 5.216695569378904817e-07
3.985971943887775648e+00 2.188311021801626660e-05 3.829162365025272254e-07
4.284569138276553169e+00 1.959793178302815517e-05 1.318497034764717434e-06
4.583166332665331133e+00 1.740629561647766632e-05 1.029170811623025053e-06
4.881763527054108209e+00 1.545373614963841519e-05 8.193654533213429993e-07
5.180360721442886174e+00 1.378310833635578261e-05 6.620413651452340618e-07
5.478957915831663250e+00 1.235677815258885344e-05 5.398777009994239243e-07
5.777555110220441215e+00 1.113390597197621647e-05 4.434708023724799170e-07
6.076152304609219179e+00 1.007972637677036566e-05 3.668270313615434534e-07
6.374749498997996255e+00 9.164825315983012589e-06 3.079216753585540841e-07
6.673346693386774220e+00 8.367565705255641050e-06 2.602030453157969066e-07
6.971943887775551296e+00 7.669123845712131910e-06 2.204255717709249162e-07
7.270541082164329261e+00 7.053509942623210589e-06 1.890103275990830487e-07
7.569138276553106337e+00 6.508711813803222298e-06 1.628765282663598782e-07
7.867735470941884302e+00 6.024384697797031053e-06 1.405887910221581159e-07
8.166332665330662266e+00 5.593376134030879143e-06 1.228112837077040689e-07
8.464929859719440230e+00 5.207155942069144509e-06 1.067975625290077838e-07
8.763527054108216419e+00 4.858044673136363478e-06 9.414385169686717571e-08
9.062124248496994383e+00 4.542829897099509721e-06 8.251085024984838396e-08
9.360721442885772348e+00 4.256895583416602594e-06 7.316294281137183392e-08
9.659318637274550312e+00 3.997085301313007646e-06 6.447478856500848206e-08
9.957915831663326500e+00 3.760142581447295221e-06 6.061682226282031665e-08
1.025651302605210446e+01 3.543615042621511250e-06 5.698348940300260138e-08
1.055511022044088243e+01 3.345274119371863349e-06 5.364659363419102097e-08
1.085370741482966039e+01 3.163107965936411688e-06 5.051718222964030019e-08
1.115230460921843836e+01 2.995414090593233309e-06 4.759003274143437038e-08
1.145090180360721455e+01 2.840710166340836315e-06 4.486568878069476216e-08
1.174949899799599251e+01 2.697663565755350834e-06 4.227981565405038289e-08
1.204809619238477048e+01 2.565164274138687902e-06 3.987376353805388751e-08
1.234669338677354844e+01 2.442177217631445206e-06 3.759276196683449254e-08
1.264529058116232463e+01 2.327812657707913755e-06 3.542507799710087054e-08
1.294388777555110259e+01 2.221304321714942946e-06 3.339464317294592087e-08
1.324248496993988056e+01 2.121926996061026240e-06 3.145577456816114806e-08
1.354108216432865852e+01 2.029063071201330158e-06 2.960904120259560065e-08
1.383967935871743649e+01 1.942168061204476176e-06 2.786570884284093396e-08
1.413827655310621267e+01 1.860726238539781405e-06 2.619601405122331125e-08
1.443687374749499064e+01 1.784292536821059780e-06 2.459759071437034725e-08
1.473547094188376860e+01 1.712477315923968414e-06 2.308327666424111727e-08
1.503406813627254657e+01 1.644903117193383865e-06 2.162911531831589636e-08
1.533266533066132453e+01 1.581242632757618517e-06 2.023159233091711238e-08
1.563126252505010072e+01 1.521208485108972388e-06 1.889931963790977548e-08
1.592985971943887868e+01 1.464524789319478536e-06 1.762044227478934678e-08
1.622845691382765665e+01 1.410944547480692928e-06 1.638862658791119091e-08
1.652705410821643284e+01 1.360247277600127915e-06 1.520365937090267355e-08
1.682565130260520903e+01 1.312234899428577259e-06 1.406926250063087353e-08
1.712424849699398877e+01 1.266714937985371381e-06 1.297442680851481819e-08
1.742284569138276495e+01 1.223517908552168041e-06 1.191711826572596464e-08
1.772144288577154470e+01 1.182491165270630349e-06 1.089861904268511679e-08
1.802004008016032088e+01 1.143493054312625400e-06 9.918409525124963965e-09
1.831863727454910062e+01 1.106388559416856899e-06 8.970155202426741215e-09
1.861723446893787681e+01 1.071057106116317152e-06 8.052318510316688107e-09
1.891583166332665300e+01 1.037389198303380311e-06 7.165343890291834853e-09
1.921442885771543274e+01 1.005283600421577770e-06 6.309521393316584525e-09
1.951302605210420893e+01 9.746423036051986754e-07 5.479891266075208998e-09
1.981162324649298867e+01 9.453776462552651276e-07 4.675269208621192617e-09
2.011022044088176486e+01 9.174084283766746740e-07 3.894541259101545684e-09
2.040881763527054105e+01 8.906900380206821846e-07 3.693447849943066851e-09
2.070741482965932079e+01 8.651203122149622189e-07 3.501723100666818764e-09
2.100601202404809698e+01 8.406341829120367508e-07 3.315449026384306464e-09
2.130460921843687672e+01 8.171713021734986743e-07 3.134396443413634299e-09
2.160320641282565290e+01 7.946781479859699826e-07 2.969008922773746299e-09
2.190180360721442909e+01 7.731044261832743408e-07 2.828002242969002480e-09
2.220040080160320883e+01 7.523960500488875180e-07 2.690788665762363276e-09
2.249899799599198502e+01 7.325073691177520035e-07 2.557217169789142969e-09
2.279759519038076476e+01 7.133957035347165462e-07 2.427144645844755583e-09
2.309619238476954095e+01 6.950236637259487260e-07 2.308759425124622638e-09
2.339478957915831714e+01 6.773552573200764647e-07 2.206929660582879936e-09
2.369338677354709688e+01 6.603511333751564387e-07 2.107666526323927128e-09
2.399198396793587307e+01 6.439784163386123772e-07 2.010874191765039187e-09
2.429058116232464926e+01 6.282062392614682189e-07 1.916461538395703108e-09
2.458917835671342900e+01 6.130059495671684742e-07 1.825404355495191039e-09
2.488777555110220518e+01 5.983546945534794273e-07 1.751195361258032442e-09
2.518637274549098493e+01 5.842217934736223027e-07 1.678745937380728379e-09
2.548496993987976111e+01 5.705830875632708145e-07 1.607994235317960258e-09
2.578356713426853730e+01 5.574158090976355972e-07 1.538881271574382203e-09
2.608216432865731704e+01 5.446984863792628809e-07 1.471350763704455959e-09
2.638076152304609323e+01 5.324121580369487755e-07 1.409391690040505909e-09
2.667935871743487297e+01 5.205383251253969147e-07 1.355088836743889467e-09
2.697795591182364916e+01 5.090568242887413559e-07 1.301988052254462942e-09
2.727655310621242535e+01 4.979505649309677348e-07 1.250049859329054818e-09
2.757515030060120509e+01 4.872033769224804343e-07 1.199236490639966856e-09
2.787374749498998128e+01 4.767999517488462269e-07 1.149511797187729690e-09
2.817234468937876102e+01 4.667265863107503964e-07 1.103509441479940510e-09
2.847094188376753721e+01 4.569703643085357664e-07 1.064079738413365625e-09
2.876953907815631339e+01 4.475165234544318128e-07 1.025468512047392326e-09
2.906813627254509314e+01 4.383526994272433139e-07 9.876505394185479912e-10
2.936673346693386932e+01 4.294671534009377410e-07 9.506016234188429213e-10
2.966533066132264906e+01 4.208487344559024342e-07 9.142985411668849197e-10
2.996392785571142525e+01 4.124868445993139759e-07 8.787189954659629484e-10
3.026252505010020144e+01 4.043730950297529499e-07 8.489793070398475576e-10
3.056112224448898118e+01 3.964964776245673294e-07 8.208470149098526712e-10
3.085971943887775737e+01 3.888475223494301566e-07 7.932591362518201721e-10
3.115831663326653356e+01 3.814175417498295742e-07 7.662000193535049849e-10
3.145691382765531330e+01 3.741982587923117432e-07 7.396546067831314962e-10
3.175551102204408949e+01 3.671817838162940081e-07 7.136084074492830428e-10
3.205410821643286567e+01 3.603605929818685311e-07 6.880474702224357086e-10
3.235270541082164186e+01 3.537290523900925872e-07 6.669104545013287765e-10
3.265130260521041805e+01 3.472788851950723781e-07 6.466122427186077212e-10
3.294989979959920134e+01 3.410033699501404032e-07 6.266819221359382535e-10
3.324849699398797753e+01 3.348962592592623291e-07 6.071095809115737930e-10
3.354709418837675372e+01 3.289515825616311900e-07 5.878856600984915948e-10
3.384569138276552991e+01 3.231636315412288335e-07 5.690009380776584672e-10
3.414428857715431320e+01 3.175269464256925519e-07 5.504465158080991918e-10
3.444288577154308939e+01 3.120369270664843076e-07 5.337349169659809983e-10
3.474148296593186558e+01 3.066885860608203616e-07 5.189296962548204490e-10
3.504008016032064177e+01 3.014764550844320608e-07 5.043768035832325552e-10
3.533867735470941795e+01 2.963959488865207755e-07 4.900698427487849252e-10
3.563727454909820125e+01 2.914426735294245793e-07 4.760026319187607616e-10
3.593587174348697744e+01 2.866124168896553005e-07 4.621691947239892159e-10
3.623446893787575362e+01 2.819011397046429556e-07 4.485637517930327878e-10
3.653306613226452981e+01 2.773049671296559089e-07 4.351807127015402404e-10
3.683166332665330600e+01 2.728207193780869117e-07 4.232695313393977338e-10
3.713026052104208929e+01 2.684446935831422850e-07 4.125421568926862167e-10
3.742885771543086548e+01 2.641730268511078979e-07 4.019859425672534994e-10
3.772745490981964167e+01 2.600024277438030451e-07 3.915968243784925149e-10
3.802605210420841786e+01 2.559297335594090137e-07 3.813708659905351082e-10
3.832464929859719405e+01 2.519519043374103345e-07 3.713042537435321211e-10
3.862324649298597734e+01 2.480660171867297646e-07 3.613932919115969776e-10
3.892184368737475353e+01 2.442692609172962545e-07 3.516343981790295150e-10
3.922044088176352972e+01 2.405589946110341446e-07 3.421591693349326317e-10
3.951903807615230590e+01 2.369332357399977085e-07 3.342934515642832253e-10
3.981763527054108209e+01 2.333887725282332707e-07 3.265457057044323039e-10
4.011623246492986539e+01 2.299231931010024574e-07 3.189132974540443727e-10
4.041482965931864157e+01 2.265341743619973753e-07 3.113936703638995077e-10
4.071342685370741776e+01 2.232194781007614996e-07 3.039843429820073221e-10
4.101202404809619395e+01 2.199769472977820605e-07 2.966829061234379533e-10
4.131062124248497014e+01 2.168045026158621528e-07 2.894870202585552163e-10
4.160921843687375343e+01 2.137001390671179270e-07 2.823944130137048074e-10
4.190781563126252962e+01 2.106619384860334847e-07 2.754334261609378103e-10
4.220641282565130581e+01 2.076885868860442753e-07 2.696877435144996951e-10
4.250501002004008200e+01 2.047777003264113520e-07 2.640227875737965499e-10
4.280360721442885819e+01 2.019275415734953658e-07 2.584368688946848219e-10
4.310220440881764148e+01 1.991364333656332592e-07 2.529283448485641100e-10
4.340080160320641767e+01 1.964027559458796803e-07 2.474956180119251159e-10
4.369939879759519386e+01 1.937249447123588690e-07 2.421371346219210331e-10
4.399799599198397004e+01 1.911014879798647912e-07 2.368513830948284428e-10
4.429659318637274623e+01 1.885309248467296811e-07 2.316368926044292004e-10
4.459519038076152952e+01 1.860118431613415102e-07 2.264922317175054200e-10
4.489378757515030571e+01 1.835430101572098454e-07 2.216995655256992274e-10
4.519238476953908190e+01 1.811232186520089547e-07 2.175069193867374053e-10
4.549098196392785809e+01 1.787509357786711013e-07 2.133693132719786848e-10
4.578957915831663428e+01 1.764249261554628549e-07 2.092856704213540975e-10
4.608817635270541047e+01 1.741439942936070890e-07 2.052549419793512570e-10
4.638677354709419376e+01 1.719069830613891330e-07 2.012761060968903434e-10
4.668537074148296995e+01 1.697127722168092787e-07 1.973481670676648514e-10
4.698396793587174614e+01 1.675602770053080364e-07 1.934701544974162243e-10
4.728256513026052232e+01 1.654484468192860175e-07 1.896411225046843649e-10
4.758116232464929851e+01 1.633762639163275689e-07 1.858601489516542340e-10
4.787975951903808181e+01 1.613427421932060792e-07 1.821263347037805799e-10
4.817835671342685799e+01 1.593472925675771683e-07 1.790202413423370422e-10
4.847695390781563418e+01 1.573886154211575005e-07 1.759559766488551898e-10
4.877555110220441037e+01 1.554658106892818715e-07 1.729292299667402298e-10
4.907414829659318656e+01 1.535780078285894395e-07 1.699393164482674004e-10
4.937274549098196985e+01 1.517243625425739214e-07 1.669855678130394591e-10
4.967134268537074604e+01 1.499040558376947046e-07 1.640673318500175692e-10
4.996993987975952223e+01 1.481162931188528094e-07 1.611839719374059488e-10
5.026853707414829842e+01 1.463603033223665873e-07 1.583348665796483542e-10
5.056713426853707460e+01 1.446353380846810928e-07 1.555194089608283817e-10
5.086573146292585790e+01 1.429406709451368359e-07 1.527370065137996680e-10
5.116432865731463409e+01 1.412755965812142529e-07 1.499870805044042797e-10
5.146292585170341027e+01 1.396396234154829028e-07 1.476599361988054405e-10
5.176152304609218646e+01 1.380319029661958352e-07 1.453891771870269951e-10
5.206012024048096265e+01 1.364517742960957033e-07 1.431444666079804797e-10
5.235871743486974594e+01 1.348986097056650610e-07 1.409253588058526075e-10
5.265731462925852213e+01 1.333717992432840853e-07 1.387314182333272555e-10
5.295591182364729832e+01 1.318707501064574266e-07 1.365622191665961782e-10
5.325450901803607451e+01 1.303948860664780647e-07 1.344173454299579085e-10
5.355310621242485070e+01 1.289436469154839092e-07 1.322963901296298211e-10
5.385170340681363399e+01 1.275164879349177059e-07 1.301989553964160701e-10
5.415030060120241018e+01 1.261128793844478170e-07 1.281246521368893858e-10
5.444889779559118637e+01 1.247323060104549076e-07 1.260730997927598657e-10
5.474749498997996255e+01 1.233742852301901552e-07 1.240745991347748797e-10
5.504609218436873874e+01 1.220384738066424385e-07 1.223680561250672033e-10
5.534468937875752204e+01 1.207242301667551945e-07 1.206799274911748655e-10
5.564328657314629822e+01 1.194310925452495296e-07 1.190099167832675983e-10
5.594188376753507441e+01 1.181586114684127117e-07 1.173577338808755677e-10
5.624048096192385060e+01 1.169063493635655166e-07 1.157230948248671609e-10
5.653907815631262679e+01 1.156738801829299027e-07 1.141057216547515043e-10
5.683767535070141008e+01 1.144607890412914638e-07 1.125053422511083629e-10
5.713627254509018627e+01 1.132666718668839605e-07 1.109216901829597851e-10
5.743486973947896246e+01 1.120911350649455177e-07 1.093545045599022373e-10
5.773346693386773865e+01 1.109337951934243709e-07 1.078035298888274564e-10
5.803206412825651483e+01 1.097942786503352470e-07 1.062685159350667433e-10
5.833066132264529813e+01 1.086722213722900679e-07 1.047492175877999528e-10
5.862925851703407432e+01 1.075673309215739698e-07 1.033443914838269070e-10
5.892785571142285050e+01 1.064792710796575067e-07 1.020706754668461180e-10
5.922645290581162669e+01 1.054076299813248371e-07 1.008098026309257575e-10
5.952505010020040288e+01 1.043520789718752395e-07 9.956157969922730403e-11
5.982364729458917907e+01 1.033122975786675624e-07 9.832581725371563593e-11
6.012224448897796236e+01 1.022879732678997696e-07 9.710232963933495205e-11
6.042084168336673855e+01 1.012788012097823034e-07 9.589093487102679506e-11
6.071943887775551474e+01 1.002844840517747122e-07 9.469145454349077296e-11
6.101803607214429093e+01 9.930473169957191452e-08 9.350371374359552843e-11
6.131663326653306711e+01 9.833926110553778909e-08 9.232754096534846223e-11
6.161523046092185041e+01 9.738779606429850869e-08 9.116276802733806738e-11
6.191382765531062660e+01 9.645006701522049213e-08 9.000922999256531616e-11
6.221242484969940278e+01 9.552581085150823610e-08 8.886676509058351424e-11
6.251102204408817897e+01 9.461477073567061731e-08 8.773521464186981057e-11
6.280961923847695516e+01 9.371678855691061355e-08 8.676016655128364244e-11
6.310821643286573845e+01 9.283153087658106572e-08 8.580347345771877499e-11
6.340681362725451464e+01 9.195875277204011446e-08 8.485579093753836251e-11
6.370541082164329083e+01 9.109822079513275391e-08 8.391699228885476712e-11
6.400400801603205991e+01 9.024970693080127285e-08 8.298695317418425020e-11
6.430260521042083610e+01 8.941298844605595830e-08 8.206555156554952847e-11
6.460120240480962650e+01 8.858784774382207504e-08 8.115266769110549254e-11
6.489979959919840269e+01 8.777407222148249150e-08 8.024818398323817297e-11
6.519839679358717888e+01 8.697145413394502324e-08 7.935198502808936508e-11
6.549699398797595506e+01 8.617979046106999764e-08 7.846395751646269697e-11
6.579559118236473125e+01 8.539888277929998876e-08 7.758399019606609844e-11
6.609418837675350744e+01 8.462853713733948142e-08 7.671197382504874279e-11
6.639278557114228363e+01 8.386856393574025716e-08 7.584780112679216256e-11
6.669138276553105982e+01 8.311877781025234452e-08 7.499136674591530450e-11
6.698997995991985022e+01 8.237903077029273068e-08 7.419744512995623103e-11
6.728857715430862640e+01 8.164914582499169611e-08 7.346706389709007635e-11
6.758717434869740259e+01 8.092891498331710936e-08 7.274313624921455164e-11
6.788577154308617878e+01 8.021816874932727129e-08 7.202557702758456868e-11
6.818436873747495497e+01 7.951674133046577186e-08 7.131430256518469771e-11
6.848296593186373116e+01 7.882447054088584796e-08 7.060923065420832902e-11
6.878156312625250735e+01 7.814119770770568690e-08 6.991028051438369943e-11
6.908016032064128353e+01 7.746676758009505675e-08 6.921737276212163224e-11
6.937875751503005972e+01 7.680102824109390900e-08 6.853042938045959367e-11
6.967735470941883591e+01 7.614383102207159328e-08 6.784937368977905971e-11
6.997595190380762631e+01 7.549503041973527059e-08 6.717413031927211478e-11
7.027454909819640250e+01 7.485448401560171019e-08 6.650462517913595635e-11
7.057314629258517868e+01 7.422205239784885196e-08 6.584078543347277788e-11
7.087174348697395487e+01 7.359759908546793673e-08 6.518253947387513893e-11
7.117034068136273106e+01 7.298099045463761583e-08 6.452981689367605236e-11
7.146893787575150725e+01 7.237209834530769081e-08 6.388621120036299875e-11
7.176753507014028344e+01 7.177084766268737216e-08 6.332452738267655383e-11
7.206613226452905963e+01 7.117705626313272465e-08 6.276749810122852496e-11
7.236472945891783581e+01 7.059060127513614878e-08 6.221506573824826053e-11
7.266332665330661200e+01 7.001136234670316537e-08 6.166717362304562882e-11
7.296192384769540240e+01 6.943922158361078112e-08 6.112376601263119728e-11
7.326052104208417859e+01 6.887406348942383139e-08 6.058478807281077410e-11
7.355911823647295478e+01 6.831577490721205918e-08 6.005018585973978458e-11
7.385771543086173097e+01 6.776424496291372039e-08 5.951990630192581143e-11
7.415631262525050715e+01 6.721936501029184915e-08 5.899389718266518513e-11
7.445490981963928334e+01 6.668102857743315551e-08 5.847210712290281936e-11
7.475350701402805953e+01 6.614913131473971275e-08 5.795448556450256068e-11
7.505210420841683572e+01 6.562357094436613298e-08 5.744098275391689189e-11
7.535070140280561191e+01 6.510424721105659690e-08 5.693154972624487404e-11
7.564929859719438809e+01 6.459106183433786434e-08 5.642613828966790947e-11
7.594789579158317849e+01 6.408391846202478871e-08 5.592470101025223682e-11
7.624649298597195468e+01 6.358272262499882937e-08 5.542719119710897479e-11
7.654509018036073087e+01 6.308740322954622695e-08 5.496413238078203301e-11
7.684368737474950706e+01 6.259786625493638260e-08 5.453129570693853278e-11
7.714228456913828325e+01 6.211400365569733042e-08 5.410180982357679655e-11
7.744088176352705943e+01 6.163572807752842552e-08 5.367563597067962373e-11
7.773947895791583562e+01 6.116295384060860409e-08 5.325273598373840428e-11
7.803807615230461181e+01 6.069559690122700851e-08 5.283307228236015986e-11
7.833667334669338800e+01 6.023357481443481655e-08 5.241660785913518550e-11
7.863527054108216419e+01 5.977680669768840352e-08 5.200330626875818350e-11
7.893386773547094037e+01 5.932521319545319197e-08 5.159313161739640761e-11
7.923246492985973077e+01 5.887871644473958836e-08 5.118604855229825182e-11
7.953106212424850696e+01 5.843724004154325319e-08 5.078202225163593770e-11
7.982965931863728315e+01 5.800070900816175231e-08 5.038101841457590913e-11
8.012825651302605934e+01 5.756904976136290001e-08 4.998300325157158342e-11
8.042685370741483553e+01 5.714219008137855551e-08 4.958794347487220991e-11
8.072545090180361171e+01 5.672005908169958681e-08 4.919580628924218136e-11
8.102404809619238790e+01 5.630258717964910576e-08 4.880655938288593206e-11
8.132264529058116409e+01 5.588970606771002554e-08 4.842017091857239970e-11
8.162124248496994028e+01 5.548134868558608264e-08 4.803660952495458560e-11
8.191983967935871647e+01 5.507747464415509287e-08 4.769206385489734185e-11
8.221843687374750687e+01 5.467799684830863218e-08 4.735483694674040963e-11
8.251703406813628305e+01 5.428284840409283184e-08 4.702005062578551999e-11
8.281563126252505924e+01 5.389196698130134055e-08 4.668767849294059829e-11
8.311422845691383543e+01 5.350529136739554979e-08 4.635769452848039629e-11
8.341282565130261162e+01 5.312276144354162807e-08 4.603007308525626344e-11
8.371142284569138781e+01 5.274431816124427669e-08 4.570478888205129520e-11
8.401002004008016399e+01 5.236990351956092801e-08 4.538181699707718767e-11
8.430861723446894018e+01 5.199946054287994860e-08 4.506113286160918616e-11
8.460721442885771637e+01 5.163293325924679986e-08 4.474271225375598703e-11
8.490581162324649256e+01 5.127026667922282360e-08 4.442653129236096732e-11
8.520440881763528296e+01 5.091140677526178971e-08 4.411256643103169205e-11
8.550300601202405915e+01 5.055630046158968731e-08 4.380079445229457777e-11
8.580160320641283533e+01 5.020489557457373029e-08 4.349119246187144250e-11
8.610020040080161152e+01 4.985714085356732270e-08 4.318373788307539588e-11
8.639879759519038771e+01 4.951298592221740474e-08 4.287840845132273487e-11
8.669739478957916390e+01 4.917238127022189761e-08 4.257518220875833131e-11
8.699599198396794009e+01 4.883527823552441578e-08 4.227403749899168707e-11
8.729458917835671627e+01 4.850162920585898056e-08 4.197535649764347692e-11
8.759318637274549246e+01 4.817140337558848522e-08 4.170910691391667606e-11
8.789178356713426865e+01 4.784453786830961807e-08 4.144466640438275840e-11
8.819038076152305905e+01 4.752098724867412797e-08 4.118201659341587608e-11
8.848897795591183524e+01 4.720070684664986918e-08 4.092113935341712782e-11
8.878757515030061143e+01 4.688365274210355103e-08 4.066201680064373980e-11
8.908617234468938761e+01 4.656978174974486625e-08 4.040463129112241212e-11
8.938476953907816380e+01 4.625905140442187331e-08 4.014896541664440115e-11
8.968336673346693999e+01 4.595141994675876526e-08 3.989500200084073487e-11
8.998196392785571618e+01 4.564684630912641673e-08 3.964272409533548700e-11
9.028056112224449237e+01 4.534529010193750339e-08 3.939211497597543608e-11
9.057915831663326856e+01 4.504671160025722044e-08 3.914315813913422892e-11
9.087775551102204474e+01 4.475107173072128234e-08 3.889583729808947819e-11
9.117635270541082093e+01 4.445833205875368608e-08 3.865013637947110091e-11
9.147494989979961133e+01 4.416845477607578757e-08 3.840603951977895909e-11
9.177354709418838752e+01 4.388140268849956432e-08 3.816353106196888508e-11
9.207214428857716371e+01 4.359713920399738796e-08 3.792259555210471325e-11
9.237074148296593989e+01 4.331562832104158337e-08 3.768321773607561373e-11
9.266933867735471608e+01 4.303683461720618431e-08 3.744538255637662143e-11
9.296793587174349227e+01 4.276072323802494284e-08 3.720907514895135879e-11
9.326653306613226846e+01 4.248725988609846583e-08 3.697428084009533645e-11
9.356513026052104465e+01 4.221642654967513155e-08 3.675993179430120731e-11
9.386372745490982084e+01 4.194817701137949026e-08 3.655049306282527812e-11
9.416232464929859702e+01 4.168247561091789902e-08 3.634238262943134425e-11
9.446092184368738742e+01 4.141929017832621197e-08 3.613558789760630078e-11
9.475951903807616361e+01 4.115858904971034818e-08 3.593009642960878431e-11
9.505811623246493980e+01 4.090034105772309354e-08 3.572589594397544968e-11
9.535671342685371599e+01 4.064451552224933908e-08 3.552297431307426015e-11
9.565531062124249218e+01 4.039108224129451441e-08 3.532131956070336304e-11
9.595390781563126836e+01 4.014001148207117402e-08 3.512091985973503377e-11
9.625250501002004455e+01 3.989127397227893865e-08 3.492176352980332477e-11
9.655110220440882074e+01 3.964484089157275593e-08 3.472383903503465023e-11
9.684969939879759693e+01 3.940068386321517896e-08 3.452713498182037614e-11
9.714829659318637312e+01 3.915877494590788492e-08 3.433164011663047850e-11
9.744689378757516351e+01 3.891908662579811930e-08 3.413734332386739095e-11
9.774549098196393970e+01 3.868159180865594959e-08 3.394423362375922739e-11
9.804408817635271589e+01 3.844626381221782856e-08 3.375230017029141045e-11
9.834268537074149208e+01 3.821307635869277469e-08 3.356153224917607233e-11
9.864128256513026827e+01 3.798200356742716609e-08 3.337191927585831684e-11
9.893987975951904446e+01 3.775301994772403856e-08 3.318345079355854140e-11
9.923847695390782064e+01 3.752610039181365841e-08 3.299611647135014042e-11
9.953707414829659683e+01 3.730122016797135990e-08 3.280990610227183384e-11
9.983567134268537302e+01 3.707836634785209951e-08 3.263839382282511843e-11
1.001342685370741492e+02 3.685753274714087736e-08 3.250292039254291188e-11
1.004328657314629396e+02 3.663866598960177139e-08 3.236825251502276614e-11
1.007314629258517158e+02 3.642174278813364171e-08 3.223438302659049459e-11
1.010300601202404920e+02 3.620674019925920463e-08 3.210130484826160211e-11
1.013286573146292682e+02 3.599363561705833122e-08 3.196901098449361234e-11
1.016272545090180444e+02 3.578240676722599210e-08 3.183749452196008910e-11
1.019258517034068205e+02 3.557303170125187051e-08 3.170674862834647467e-11
1.022244488977955967e+02 3.536548879071873872e-08 3.157676655116681437e-11
1.025230460921843729e+02 3.515975672171700367e-08 3.144754161660137396e-11
1.028216432865731491e+02 3.495581448937261600e-08 3.131906722835423856e-11
1.031202404809619253e+02 3.475364139248562287e-08 3.119133686653106767e-11
1.034188376753507015e+02 3.455321702827708135e-08 3.106434408653603694e-11
1.037174348697394919e+02 3.435452128724163259e-08 3.093808251798798593e-11
1.040160320641282681e+02 3.415753434810324855e-08 3.081254586365516464e-11
1.043146292585170443e+02 3.396223667287211318e-08 3.068772789840831360e-11
1.046132264529058205e+02 3.376860900199989832e-08 3.056362246819159310e-11
1.049118236472945966e+02 3.357663234963163457e-08 3.044022348901123849e-11
1.052104208416833728e+02 3.338628799895170852e-08 3.031752494594127624e-11
1.055090180360721490e+02 3.319755749762173673e-08 3.019552089214623581e-11
1.058076152304609252e+02 3.301042265330882735e-08 3.007420544792031481e-11
1.061062124248497014e+02 3.282486552930143019e-08 2.995357279974288735e-11
1.064048096192384776e+02 3.264086844021140553e-08 2.983361719934978702e-11
1.067034068136272680e+02 3.245841433933535303e-08 2.971474840552894738e-11
1.070020040080160442e+02 3.227748695323466727e-08 2.959794507436328126e-11
1.073006012024048204e+02 3.209806799313861867e-08 2.948179182617179259e-11
1.075991983967935965e+02 3.192014073786282353e-08 2.936628324884303545e-11
1.078977955911823727e+02 3.174368869727702194e-08 2.925141399017559964e-11
1.081963927855711489e+02 3.156869560848463496e-08 2.913717875705146646e-11
1.084949899799599251e+02 3.139514543207538499e-08 2.902357231462295158e-11
1.087935871743487013e+02 3.122302234845014551e-08 2.891058948551311541e-11
1.090921843687374775e+02 3.105231075421590270e-08 2.879822514902914986e-11
1.093907815631262537e+02 3.088299525864958478e-08 2.868647424038881264e-11
1.096893787575150441e+02 3.071506068022918419e-08 2.857533174995939522e-11
1.099879759519038203e+02 3.054849204323075637e-08 2.846479272250913732e-11
1.102865731462925964e+02 3.038327457438968058e-08 2.835485225647075825e-11
1.105851703406813726e+02 3.021939369962506441e-08 2.824550550321697921e-11
1.108837675350701488e+02 3.005683504082589561e-08 2.813674766634766808e-11
1.111823647294589250e+02 2.989558441269722739e-08 2.802857400098859057e-11
1.114809619238477012e+02 2.973562781966571235e-08 2.792097981310127663e-11
1.117795591182364774e+02 2.957695145284285697e-08 2.781396045880409263e-11
1.120781563126252536e+02 2.941954168704471632e-08 2.770751134370409583e-11
1.123767535070140298e+02 2.926338507786704635e-08 2.760162792223950666e-11
1.126753507014028202e+02 2.910846835881463966e-08 2.749630569703274354e-11
1.129739478957915964e+02 2.895477843848370023e-08 2.739154021825362959e-11
1.132725450901803725e+02 2.880230239779608566e-08 2.728732708299265139e-11
1.135711422845691487e+02 2.865102748728445399e-08 2.718366193464422802e-11
1.138697394789579249e+02 2.850094112442714740e-08 2.708054046229952493e-11
1.141683366733467011e+02 2.835203108175130019e-08 2.697878549767663406e-11
1.144669338677354773e+02 2.820428504367858452e-08 2.687814213587094456e-11
1.147655310621242535e+02 2.805769077809063541e-08 2.677802248227608428e-11
1.150641282565130297e+02 2.791223634459599312e-08 2.667842245974469565e-11
1.153627254509018059e+02 2.776790995713374901e-08 2.657933803334148497e-11
1.156613226452905963e+02 2.762469998158605085e-08 2.648076520979831394e-11
1.159599198396793724e+02 2.748259493343358842e-08 2.638270003697781829e-11
1.162585170340681486e+02 2.734158347545316270e-08 2.628513860334509135e-11
1.165571142284569248e+02 2.720165441545649510e-08 2.618807703744770095e-11
1.168557114228457010e+02 2.706279670406948898e-08 2.609151150740353530e-11
1.171543086172344772e+02 2.692499943255092463e-08 2.599543822039654919e-11
1.174529058116232534e+02 2.678825183065008134e-08 2.589985342218015513e-11
1.177515030060120296e+02 2.665254326450224762e-08 2.580475339658822392e-11
1.180501002004008058e+02 2.651786323456140166e-08 2.571013446505348128e-11
1.183486973947895819e+02 2.638420137356955901e-08 2.561599298613316511e-11
1.186472945891783581e+02 2.625154744456155011e-08 2.552232535504188162e-11
1.189458917835671485e+02 2.611989133890508855e-08 2.542912800319150228e-11
1.192444889779559247e+02 2.598922307437504176e-08 2.533639739773797877e-11
1.195430861723447009e+02 2.585953279326120894e-08 2.524413004113487215e-11
1.198416833667334771e+02 2.573081076050932536e-08 2.515232247069366443e-11
1.201402805611222533e+02 2.560304736189413135e-08 2.506097125815056793e-11
1.204388777555110295e+02 2.547623310222423488e-08 2.497007300923976149e-11
1.207374749498998057e+02 2.535035860357796032e-08 2.487962436327305668e-11
1.210360721442885819e+02 2.522541460356965396e-08 2.478962199272562575e-11
1.213346693386773580e+02 2.510139195364581107e-08 2.470006260282800769e-11
1.216332665330661342e+02 2.497828161741042226e-08 2.461094293116398858e-11
1.219318637274549246e+02 2.485607493688285201e-08 2.452256647793275167e-11
1.222304609218437008e+02 2.473476364599603661e-08 2.443556461048978468e-11
1.225290581162324770e+02 2.461433820565160220e-08 2.434898678145735575e-11
1.228276553106212532e+02 2.449479001201805206e-08 2.426282989829058993e-11
1.231262525050100294e+02 2.437611056546577014e-08 2.417709089844386490e-11
1.234248496993988056e+02 2.425829146905629810e-08 2.409176674900799212e-11
1.237234468937875818e+02 2.414132442705720862e-08 2.400685444635258403e-11
1.240220440881763579e+02 2.402520124348167833e-08 2.392235101577356518e-11
1.243206412825651341e+02 2.390991382065292908e-08 2.383825351114580491e-11
1.246192384769539103e+02 2.379545415779244901e-08 2.375455901458074208e-11
1.249178356713427007e+02 2.368181434963201658e-08 2.367126463608890833e-11
1.252164328657314769e+02 2.356898658504869704e-08 2.358836751324725930e-11
1.255150300601202531e+02 2.345696314572263271e-08 2.350586481087130088e-11
1.258136272545090293e+02 2.334573640481709763e-08 2.342375372069182644e-11
1.261122244488978055e+02 2.323529882568038648e-08 2.334203146103632298e-11
1.264108216432865817e+02 2.312564296056914072e-08 2.326069527651482350e-11
1.267094188376753578e+02 2.301676144939273144e-08 2.317974243771021185e-11
1.270080160320641340e+02 2.290864701847825221e-08 2.309917024087293169e-11
1.273066132264529102e+02 2.280129247935579116e-08 2.301897600761996704e-11
1.276052104208416864e+02 2.269469072756357846e-08 2.293915708463806222e-11
1.279038076152304768e+02 2.258883474147259580e-08 2.285971084339106139e-11
1.282024048096192530e+02 2.248371758113038300e-08 2.278063467983139062e-11
1.285010020040080292e+02 2.237933238712356875e-08 2.270192601411553352e-11
1.287995991983968054e+02 2.227567237945892681e-08 2.262358229032344907e-11
1.290981963927855816e+02 2.217273085646242512e-08 2.254560097618195399e-11
1.293967935871743578e+02 2.207050119369611881e-08 2.246797956279180483e-11
1.296953907815631339e+02 2.196897684289241398e-08 2.239071556435870271e-11
1.299939879759519101e+02 2.186815133090553689e-08 2.231380651792789114e-11
1.302925851703406863e+02 2.176801829295808338e-08 2.223733383041026235e-11
1.305911823647294625e+02 2.166857173103119873e-08 2.216209971655396945e-11
1.308897795591182387e+02 2.156980502536427716e-08 2.208720886395758483e-11
1.311883767535070149e+02 2.147171199318124529e-08 2.201265892873548890e-11
1.314869739478957911e+02 2.137428652183045477e-08 2.193844758829326773e-11
1.317855711422845673e+02 2.127752256783236910e-08 2.186457254108641871e-11
1.320841683366733434e+02 2.118141415594243082e-08 2.179103150638249082e-11
1.323827655310621196e+02 2.108595537822863939e-08 2.171782222402634957e-11
1.326813627254509242e+02 2.099114039316355167e-08 2.164494245420858899e-11
1.329799599198397004e+02 2.089696342473082099e-08 2.157238997723718783e-11
1.332785571142284766e+02 2.080341876154539131e-08 2.150016259331208988e-11
1.335771543086172528e+02 2.071050075598766413e-08 2.142825812230290566e-11
1.338757515030060290e+02 2.061820382335110869e-08 2.135667440352952861e-11
1.341743486973948052e+02 2.052652244100312035e-08 2.128540929554572073e-11
1.344729458917835814e+02 2.043545114755891530e-08 2.121446067592559011e-11
1.347715430861723576e+02 2.034498454206824988e-08 2.114382644105284731e-11
1.350701402805611337e+02 2.025511728321467670e-08 2.107350450591292127e-11
1.353687374749499099e+02 2.016584408852717860e-08 2.100349280388779916e-11
1.356673346693386861e+02 2.007715973360388615e-08 2.093378928655356745e-11
1.359659318637274623e+02 1.998905905134778591e-08 2.086439192348062191e-11
1.362645290581162385e+02 1.990153693121409195e-08 2.079529870203652726e-11
1.365631262525050147e+02 1.981458831846912514e-08 2.072650762719145524e-11
1.368617234468937909e+02 1.972820821346055119e-08 2.065801672132614293e-11
1.371603206412825671e+02 1.964239167089864347e-08 2.058982402404239739e-11
1.374589178356713433e+02 1.955713379914851417e-08 2.052192759197603646e-11
1.377575150300601194e+02 1.947242975953308229e-08 2.045432549861228211e-11
1.380561122244488956e+02 1.938827476564654020e-08 2.038701583410353514e-11
1.383547094188376718e+02 1.930466408267826253e-08 2.031999670508956674e-11
1.386533066132264764e+02 1.922159302674674710e-08 2.025326623451991709e-11
1.389519038076152526e+02 1.913905696424376326e-08 2.018682256147872363e-11
1.392505010020040288e+02 1.905705131118812864e-08 2.012066384101166585e-11
1.395490981963928050e+02 1.897557183845166925e-08 2.005561888655535922e-11
1.398476953907815812e+02 1.889461375591047670e-08 1.999086523388300666e-11
1.401462925851703574e+02 1.881417261969169724e-08 1.992638751086469872e-11
1.404448897795591336e+02 1.873424403807735622e-08 1.986218395755415782e-11
1.407434869739479097e+02 1.865482366588738819e-08 1.979825282894049537e-11
1.410420841683366859e+02 1.857590720388918874e-08 1.973459239479012650e-11
1.413406813627254621e+02 1.849749039821578229e-08 1.967120093949068503e-11
1.416392785571142383e+02 1.841956903979258258e-08 1.960807676189688349e-11
1.419378757515030145e+02 1.834213896377262356e-08 1.954521817517835714e-11
1.422364729458917907e+02 1.826519604898003558e-08 1.948262350666939495e-11
1.425350701402805669e+02 1.818873621736170404e-08 1.942029109772058353e-11
1.428336673346693431e+02 1.811275543344693185e-08 1.935821930355229269e-11
1.431322645290581193e+02 1.803724970381499984e-08 1.929640649310999320e-11
1.434308617234468954e+02 1.796221507657043974e-08 1.923485104892142916e-11
1.437294589178356716e+02 1.788764764082599008e-08 1.917355136695548034e-11
1.440280561122244478e+02 1.781354352619297681e-08 1.911250585648286623e-11
1.443266533066132240e+02 1.773989890227914189e-08 1.905171293993853035e-11
1.446252505010020002e+02 1.766670997819364517e-08 1.899117105278575644e-11
1.449238476953908048e+02 1.759397300205927597e-08 1.893087864338193899e-11
1.452224448897795810e+02 1.752168426053160311e-08 1.887083417284604053e-11
1.455210420841683572e+02 1.744984007832508968e-08 1.881103611492763854e-11
1.458196392785571334e+02 1.737843681774595114e-08 1.875148295587763006e-11
1.461182364729459096e+02 1.730747087823169029e-08 1.869217319432048072e-11
1.464168336673346857e+02 1.723693869589723982e-08 1.863310534112806677e-11
1.467154308617234619e+02 1.716683674308751057e-08 1.857427791929501964e-11
1.470140280561122381e+02 1.709716152793634207e-08 1.851568946381567633e-11
1.473126252505010143e+02 1.702790959393164717e-08 1.845733852156235465e-11
1.476112224448897905e+02 1.695907751948677356e-08 1.839922365116533766e-11
1.479098196392785667e+02 1.689066191751789065e-08 1.834134342289411189e-11
1.482084168336673429e+02 1.682265943502730560e-08 1.828369641854015006e-11
1.485070140280561191e+02 1.675506675269266885e-08 1.822628123130105403e-11
1.488056112224448952e+02 1.668788058446193027e-08 1.816909646566614868e-11
1.491042084168336714e+02 1.662109775258795131e-08 1.811272976852848379e-11
1.494028056112224476e+02 1.655471497859325411e-08 1.805673127380901287e-11
1.497014028056112238e+02 1.648872905545965684e-08 1.800095617036177483e-11
1.500000000000000000e+02 1.642313682628464151e-08 1.794540312410661751e-11
