1.000000000000000000e+00 2.513947714887969451e-04 2.731866882921176265e-05
1.298597194388777520e+00 1.493274183691327829e-04 1.229881161541069682e-05
1.597194388777555041e+00 9.836644547943732832e-05 5.613782946421989391e-06
1.895791583166332783e+00 6.952853534390797288e-05 2.945555546873597287e-06
2.194388777555110082e+00 5.169924304375979449e-05 1.694044428045766688e-06
2.492985971943888046e+00 3.992407810182391019e-05 1.050747588799762786e-06
2.791583166332665567e+00 3.176687762482472891e-05 6.786371634054403402e-07
3.090180360721443087e+00 2.587561660328430941e-05 4.583155729588000251e-07
3.388777555110220607e+00 2.147918832809783243e-05 3.180424675762571174e-07
3.687374749498998128e+00 1.811318255094385821e-05 2.270785763552934376e-07
3.985971943887775648e+00 1.548008203861808046e-05 1.661231668484111009e-07
4.284569138276553169e+00 1.338197063178795476e-05 1.243392441299713270e-07
4.583166332665331133e+00 1.168329150779290862e-05 9.502136138059497187e-08
4.881763527054108209e+00 1.028879954061400411e-05 7.396130008037649097e-08
5.180360721442886174e+00 9.129942648405495157e-06 5.847009774436334383e-08
5.478957915831663250e+00 8.156457671377138075e-06 4.680446934937309303e-08
5.777555110220441215e+00 7.330795672724840552e-06 3.784419574057994803e-08
6.076152304609219179e+00 6.624454259144264158e-06 3.084696547126574941e-08
6.374749498997996255e+00 6.015620362679115031e-06 2.558472042320339624e-08
6.673346693386774220e+00 5.487046494617283343e-06 2.138102340280607013e-08
6.971943887775551296e+00 5.025180367663777592e-06 1.791591799983325040e-08
7.270541082164329261e+00 4.619339868924369770e-06 1.522386354305334372e-08
7.569138276553106337e+00 4.260767087642823121e-06 1.300509385332134750e-08
7.867735470941884302e+00 3.942372584856996821e-06 1.112808893435851574e-08
8.166332665330662266e+00 3.658443175568550548e-06 9.665419170603235658e-09
8.464929859719440230e+00 3.404083166253312266e-06 8.354187569313142934e-09
8.763527054108216419e+00 3.175420788297091871e-06 7.338227242217018484e-09
9.062124248496994383e+00 2.969017771260272956e-06 6.405450722585362459e-09
9.360721442885772348e+00 2.782147055692920516e-06 5.666235456490139183e-09
9.659318637274550312e+00 2.612352771449598374e-06 4.974921441598910992e-09
9.957915831663326500e+00 2.457675109231308195e-06 4.440876726552065311e-09
1.025651302605210446e+01 2.316319464696326774e-06 3.937927229380161031e-09
1.055511022044088243e+01 2.186835959629192238e-06 3.530613749854176772e-09
1.085370741482966039e+01 2.067908485741044459e-06 3.163367192419586527e-09
1.115230460921843836e+01 1.958426728764294065e-06 2.841284642940199348e-09
1.145090180360721455e+01 1.857424065762891812e-06 2.572864464849650496e-09
1.174949899799599251e+01 1.764028600633871340e-06 2.318087338621794620e-09
1.204809619238477048e+01 1.677518759944546981e-06 2.113962759564314768e-09
1.234669338677354844e+01 1.597216797745068159e-06 1.926096714124634198e-09
1.264529058116232463e+01 1.522541928787599907e-06 1.751222653905562104e-09
1.294388777555110259e+01 1.452995074069775212e-06 1.611842967951857670e-09
1.324248496993988056e+01 1.388101971576034866e-06 1.478748867109261238e-09
1.354108216432865852e+01 1.327460233428428895e-06 1.356413487458566883e-09
1.383967935871743649e+01 1.270715960720309667e-06 1.256852136637477803e-09
1.413827655310621267e+01 1.217530558193702760e-06 1.161496212116132158e-09
1.443687374749499064e+01 1.167613784299700453e-06 1.071710524111386312e-09
1.473547094188376860e+01 1.120712399917927171e-06 9.998277395869460304e-10
1.503406813627254657e+01 1.076578929200782280e-06 9.308003362659556471e-10
1.533266533066132453e+01 1.034999824398208651e-06 8.644614921123495722e-10
1.563126252505010072e+01 9.957882846190848609e-07 8.094077533456527621e-10
1.592985971943887868e+01 9.587637538538741666e-07 7.589637376552100872e-10
1.622845691382765665e+01 9.237648618548003046e-07 7.103760218753320148e-10
1.652705410821643284e+01 8.906479034621293320e-07 6.652700160512466597e-10
1.682565130260520903e+01 8.592840167186093177e-07 6.280501284081001937e-10
1.712424849699398877e+01 8.295470308543892031e-07 5.921282544007230353e-10
1.742284569138276495e+01 8.013263591359553164e-07 5.574376569581267483e-10
1.772144288577154470e+01 7.745226273889900111e-07 5.262637561040680296e-10
1.802004008016032088e+01 7.490434810545550797e-07 4.994726953964101204e-10
1.831863727454910062e+01 7.248004793720216042e-07 4.735550332327715062e-10
1.861723446893787681e+01 7.017149447742434779e-07 4.484687449469335164e-10
1.891583166332665300e+01 6.797155437457679149e-07 4.255669350291338231e-10
1.921442885771543274e+01 6.587363095337640975e-07 4.060249516225456213e-10
1.951302605210420893e+01 6.387130538871714467e-07 3.870810488419374178e-10
1.981162324649298867e+01 6.195885720933610429e-07 3.687081841989600960e-10
2.011022044088176486e+01 6.013098749056671043e-07 3.508809213161829030e-10
2.040881763527054105e+01 5.838304412633879844e-07 3.364339904285174375e-10
2.070741482965932079e+01 5.671018941035654784e-07 3.224220288745146959e-10
2.100601202404809698e+01 5.510818216645311459e-07 3.088084230296411047e-10
2.130460921843687672e+01 5.357307798863374601e-07 2.955764232934847009e-10
2.160320641282565290e+01 5.210126635178929408e-07 2.834238619557045383e-10
2.190180360721442909e+01 5.068937184442720056e-07 2.729329740182067420e-10
2.220040080160320883e+01 4.933407615732027102e-07 2.627242926708311412e-10
2.249899799599198502e+01 4.803239436603854375e-07 2.527865819337270307e-10
2.279759519038076476e+01 4.678153574918590707e-07 2.431091944912480783e-10
2.309619238476954095e+01 4.557894263029912186e-07 2.342357873030307299e-10
2.339478957915831714e+01 4.442219895098542826e-07 2.264891982620241418e-10
2.369338677354709688e+01 4.330892143956299022e-07 2.189378628397453461e-10
2.399198396793587307e+01 4.223695953827437514e-07 2.115744908284121487e-10
2.429058116232464926e+01 4.120429406051031850e-07 2.043921504860317778e-10
2.458917835671342900e+01 4.020903489034761137e-07 1.974542106515326750e-10
2.488777555110220518e+01 3.924948863276837799e-07 1.916483160180738341e-10
2.518637274549098493e+01 3.832387326390790948e-07 1.859800850224865731e-10
2.548496993987976111e+01 3.743060778150618788e-07 1.804446788155040262e-10
2.578356713426853730e+01 3.656820220200283113e-07 1.750374827009884758e-10
2.608216432865731704e+01 3.573525134432076776e-07 1.697540933050380368e-10
2.638076152304609323e+01 3.493045528098262636e-07 1.648650195086595655e-10
2.667935871743487297e+01 3.415257450063896842e-07 1.605114000955882715e-10
2.697795591182364916e+01 3.340038376510456651e-07 1.562541540731792572e-10
2.727655310621242535e+01 3.267276424778376867e-07 1.520901164347742248e-10
2.757515030060120509e+01 3.196865737113771089e-07 1.480162592626659967e-10
2.787374749498998128e+01 3.128706095495413251e-07 1.440296843852798601e-10
2.817234468937876102e+01 3.062704405208566630e-07 1.402991665038191347e-10
2.847094188376753721e+01 2.998772593491335001e-07 1.370074324788640504e-10
2.876953907815631339e+01 2.936821341489841804e-07 1.337840278450649881e-10
2.906813627254509314e+01 2.876769683237489151e-07 1.306268468983305730e-10
2.936673346693386932e+01 2.818540748160776593e-07 1.275338695766900591e-10
2.966533066132264906e+01 2.762061514992085259e-07 1.245031571501281790e-10
2.996392785571142525e+01 2.707262582762745870e-07 1.215328481681299738e-10
3.026252505010020144e+01 2.654080981936364713e-07 1.189440309190395027e-10
3.056112224448898118e+01 2.602451383044445090e-07 1.164702956364913204e-10
3.085971943887775737e+01 2.552313407185569288e-07 1.140444318465206187e-10
3.115831663326653356e+01 2.503610147382494576e-07 1.116650632591104241e-10
3.145691382765531330e+01 2.456287384758061315e-07 1.093308658406527487e-10
3.175551102204408949e+01 2.410293437591681888e-07 1.070405653571124781e-10
3.205410821643286567e+01 2.365579020172517929e-07 1.047929350545096663e-10
3.235270541082164186e+01 2.322099966756986678e-07 1.028343520974260437e-10
3.265130260521041805e+01 2.279808759639039907e-07 1.009399178946417537e-10
3.294989979959920134e+01 2.238662210505299973e-07 9.907981901556685494e-11
3.324849699398797753e+01 2.198619382642113878e-07 9.725313038698705093e-11
3.354709418837675372e+01 2.159641153106113569e-07 9.545895987138921499e-11
3.384569138276552991e+01 2.121690117138290347e-07 9.369644681411612235e-11
3.414428857715431320e+01 2.084730498403814448e-07 9.196476066675427671e-11
3.444288577154308939e+01 2.048729002286317341e-07 9.035802147709263889e-11
3.474148296593186558e+01 2.013652881073137699e-07 8.887993869183441013e-11
3.504008016032064177e+01 1.979469735729503441e-07 8.742704713734576385e-11
3.533867735470941795e+01 1.946149511524343060e-07 8.599870824721227471e-11
3.563727454909820125e+01 1.913663407577844840e-07 8.459430485667158393e-11
3.593587174348697744e+01 1.881983814610636785e-07 8.321324031346425382e-11
3.623446893787575362e+01 1.851084256269034826e-07 8.185493763264699721e-11
3.653306613226452981e+01 1.820939333793519220e-07 8.051883869285464777e-11
3.683166332665330600e+01 1.791525563970838513e-07 7.928260791880955032e-11
3.713026052104208929e+01 1.762819329062008271e-07 7.812809727455541013e-11
3.742885771543086548e+01 1.734797442021062038e-07 7.699200737089067346e-11
3.772745490981964167e+01 1.707438322538412519e-07 7.587390083019694730e-11
3.802605210420841786e+01 1.680721234277060249e-07 7.477335401277735688e-11
3.832464929859719405e+01 1.654626245572761745e-07 7.368995648167813398e-11
3.862324649298597734e+01 1.629134192252753033e-07 7.262331049233509741e-11
3.892184368737475353e+01 1.604226642443495553e-07 7.157303050571190781e-11
3.922044088176352972e+01 1.579885962460137213e-07 7.054715364802878461e-11
3.951903807615230590e+01 1.556096053537454151e-07 6.962808873037537232e-11
3.981763527054108209e+01 1.532839386904814044e-07 6.872280816751896504e-11
4.011623246492986539e+01 1.510100144849569595e-07 6.783100415615269827e-11
4.041482965931864157e+01 1.487863091836583710e-07 6.695237798955205129e-11
4.071342685370741776e+01 1.466113548983680958e-07 6.608663972399723036e-11
4.101202404809619395e+01 1.444837369833217467e-07 6.523350785976831596e-11
4.131062124248497014e+01 1.424020917345074718e-07 6.439270903597508328e-11
4.160921843687375343e+01 1.403651042041228767e-07 6.356397773852628945e-11
4.190781563126252962e+01 1.383715083480662514e-07 6.274896947857732053e-11
4.220641282565130581e+01 1.364201590595289670e-07 6.201544441426978631e-11
4.250501002004008200e+01 1.345097925990224063e-07 6.129222535982379990e-11
4.280360721442885819e+01 1.326392693435001799e-07 6.057909663162087994e-11
4.310220440881764148e+01 1.308074890080914559e-07 5.987584852276905949e-11
4.340080160320641767e+01 1.290133890278132005e-07 5.918227709750397813e-11
4.369939879759519386e+01 1.272559430164206235e-07 5.849818399401866036e-11
4.399799599198397004e+01 1.255341592982230809e-07 5.782337623532216086e-11
4.429659318637274623e+01 1.238470795089429815e-07 5.715766604774814425e-11
4.459519038076152952e+01 1.221937772619336634e-07 5.650087068675466760e-11
4.489378757515030571e+01 1.205733748998391622e-07 5.587060504946202437e-11
4.519238476953908190e+01 1.189850216234599770e-07 5.528234421695067366e-11
4.549098196392785809e+01 1.174278448187613839e-07 5.470180592752689178e-11
4.578957915831663428e+01 1.159010339012849846e-07 5.412883910338599608e-11
4.608817635270541047e+01 1.144038044598986434e-07 5.356329658194941677e-11
4.638677354709419376e+01 1.129353972491665694e-07 5.300503498985088449e-11
4.668537074148296995e+01 1.114950772266882594e-07 5.245391462175843189e-11
4.698396793587174614e+01 1.100821326331267888e-07 5.190979932381704571e-11
4.728256513026052232e+01 1.086958741127764173e-07 5.137255638150786860e-11
4.758116232464929851e+01 1.073356338726420830e-07 5.084205641172989960e-11
4.787975951903808181e+01 1.060007648781128905e-07 5.031817325891968010e-11
4.817835671342685799e+01 1.046906960252464687e-07 4.983763953937650831e-11
4.847695390781563418e+01 1.034047625455898846e-07 4.936325151039950628e-11
4.877555110220441037e+01 1.021423748817494090e-07 4.889467175754871689e-11
4.907414829659318656e+01 1.009029616967968089e-07 4.843179425748904890e-11
4.937274549098196985e+01 9.968596887837472782e-08 4.797451555172325076e-11
4.967134268537074604e+01 9.849085891929604712e-08 4.752273466949969854e-11
4.996993987975952223e+01 9.731711032397474902e-08 4.707635305348438239e-11
5.026853707414829842e+01 9.616421703946406545e-08 4.663527448808191957e-11
5.056713426853707460e+01 9.503168790994280195e-08 4.619940503029608294e-11
5.086573146292585790e+01 9.391904615355210821e-08 4.576865294302555573e-11
5.116432865731463409e+01 9.282582886054218139e-08 4.534292863069556034e-11
5.146292585170341027e+01 9.175161082767235626e-08 4.494740029458870629e-11
5.176152304609218646e+01 9.069593241564123622e-08 4.455834377781081496e-11
5.206012024048096265e+01 8.965836766429285723e-08 4.417375022361664725e-11
5.235871743486974594e+01 8.863850454154206223e-08 4.379354327634823562e-11
5.265731462925852213e+01 8.763594266454894275e-08 4.341764831226928560e-11
5.295591182364729832e+01 8.665029290671740214e-08 4.304599239073698210e-11
5.325450901803607451e+01 8.568117702007579745e-08 4.267850420701673802e-11
5.355310621242485070e+01 8.472822727235448976e-08 4.231511404667515170e-11
5.385170340681363399e+01 8.379108609811111818e-08 4.195575374149067285e-11
5.415030060120241018e+01 8.286940576328470782e-08 4.160035662682264596e-11
5.444889779559118637e+01 8.196284804259152509e-08 4.124885750038321986e-11
5.474749498997996255e+01 8.107108607491506745e-08 4.090320272616379989e-11
5.504609218436873874e+01 8.019381650042554741e-08 4.057901037554143352e-11
5.534468937875752204e+01 7.933070841769693080e-08 4.025831620793985051e-11
5.564328657314629822e+01 7.848145865929110563e-08 3.994106390671965026e-11
5.594188376753507441e+01 7.764577212720620301e-08 3.962719835763141614e-11
5.624048096192385060e+01 7.682336153650080717e-08 3.931666561689652818e-11
5.653907815631262679e+01 7.601394716837170171e-08 3.900941288029940441e-11
5.683767535070141008e+01 7.521725663228765539e-08 3.870538845325401225e-11
5.713627254509018627e+01 7.443302463680227802e-08 3.840454172180888749e-11
5.743486973947896246e+01 7.366099276868593110e-08 3.810682312455674627e-11
5.773346693386773865e+01 7.290090928003295651e-08 3.781218412541565472e-11
5.803206412825651483e+01 7.215252888301736132e-08 3.752057718725060105e-11
5.833066132264529813e+01 7.141561255198371522e-08 3.723195574630521360e-11
5.862925851703407432e+01 7.068993728786774980e-08 3.695294256388116961e-11
5.892785571142285050e+01 6.997527756035059824e-08 3.668462951335066588e-11
5.922645290581162669e+01 6.927140008772124052e-08 3.641902192702327605e-11
5.952505010020040288e+01 6.857808906020976107e-08 3.615607909040887578e-11
5.982364729458917907e+01 6.789513404047710706e-08 3.589576110188878852e-11
6.012224448897796236e+01 6.722232980391954629e-08 3.563802885253001299e-11
6.042084168336673855e+01 6.655947618448431871e-08 3.538284400649825839e-11
6.071943887775551474e+01 6.590637792577909805e-08 3.513016898204862305e-11
6.101803607214429093e+01 6.526284453726999086e-08 3.487996693307475569e-11
6.131663326653306711e+01 6.462869015536904627e-08 3.463220173119683445e-11
6.161523046092185041e+01 6.400373340922274583e-08 3.438683794837048221e-11
6.191382765531062660e+01 6.338779729102064489e-08 3.414384083999895678e-11
6.221242484969940278e+01 6.278070903065074882e-08 3.390317632853165210e-11
6.251102204408817897e+01 6.218229997453573807e-08 3.366481098753265140e-11
6.280961923847695516e+01 6.159241505585293879e-08 3.343890810347836178e-11
6.310821643286573845e+01 6.101088433578684162e-08 3.321578153588149929e-11
6.340681362725451464e+01 6.043755021782457803e-08 3.299475647641181701e-11
6.370541082164329083e+01 5.987225938507030482e-08 3.277580337478044219e-11
6.400400801603205991e+01 5.931486208864078803e-08 3.255889323214107473e-11
6.430260521042083610e+01 5.876521204848486590e-08 3.234399758828643968e-11
6.460120240480962650e+01 5.822316635740520595e-08 3.213108850920003334e-11
6.489979959919840269e+01 5.768858538816338769e-08 3.192013857495131077e-11
6.519839679358717888e+01 5.716133270355648286e-08 3.171112086792352276e-11
6.549699398797595506e+01 5.664127496935689146e-08 3.150400896136368141e-11
6.579559118236473125e+01 5.612828187001151345e-08 3.129877690824424368e-11
6.609418837675350744e+01 5.562222602700074282e-08 3.109539923042662523e-11
6.639278557114228363e+01 5.512298291976197962e-08 3.089385090811730368e-11
6.669138276553105982e+01 5.463043080908610770e-08 3.069410736960701794e-11
6.698997995991985022e+01 5.414445429978943542e-08 3.050011944517820990e-11
6.728857715430862640e+01 5.366493702110295326e-08 3.031194522498914726e-11
6.758717434869740259e+01 5.319176134984439076e-08 3.012543369582826414e-11
6.788577154308617878e+01 5.272481595517584846e-08 2.994056291753646876e-11
6.818436873747495497e+01 5.226399193866691482e-08 2.975731133428141289e-11
6.848296593186373116e+01 5.180918277079937586e-08 2.957565776617898588e-11
6.878156312625250735e+01 5.136028422939674092e-08 2.939558140113274493e-11
6.908016032064128353e+01 5.091719433991342265e-08 2.921706178688526519e-11
6.937875751503005972e+01 5.047981331751821077e-08 2.904007882327455629e-11
6.967735470941883591e+01 5.004804351091198617e-08 2.886461275468977450e-11
6.997595190380762631e+01 4.962178934781963538e-08 2.869064416271985858e-11
7.027454909819640250e+01 4.920095728210003614e-08 2.851815395898979998e-11
7.057314629258517868e+01 4.878545574241873942e-08 2.834712337817863094e-11
7.087174348697395487e+01 4.837519508243194347e-08 2.817753397121398350e-11
7.117034068136273106e+01 4.797008753242958796e-08 2.800936759863789087e-11
7.146893787575150725e+01 4.757004758572986099e-08 2.784288624890294341e-11
7.176753507014028344e+01 4.717499966677087644e-08 2.768363971805146153e-11
7.206613226452905963e+01 4.678485218953372433e-08 2.752571282420099226e-11
7.236472945891783581e+01 4.639952443770768253e-08 2.736908923177304373e-11
7.266332665330661200e+01 4.601893735002748462e-08 2.721375287370191580e-11
7.296192384769540240e+01 4.564301347971687276e-08 2.705968794594019817e-11
7.326052104208417859e+01 4.527167695508682204e-08 2.690687890209874333e-11
7.355911823647295478e+01 4.490485344125094824e-08 2.675531044821709830e-11
7.385771543086173097e+01 4.454247010292262305e-08 2.660496753766083419e-11
7.415631262525050715e+01 4.418445556825782421e-08 2.645583536614212898e-11
7.445490981963928334e+01 4.383073989371182461e-08 2.630789936686017508e-11
7.475350701402805953e+01 4.348125452987601749e-08 2.616114520575811927e-11
7.505210420841683572e+01 4.313593228826444440e-08 2.601555877689306783e-11
7.535070140280561191e+01 4.279470730901972436e-08 2.587112619791636200e-11
7.564929859719438809e+01 4.245751502950979706e-08 2.572783380566076651e-11
7.594789579158317849e+01 4.212429215378666760e-08 2.558566815183178592e-11
7.624649298597195468e+01 4.179497662288151694e-08 2.544461599880028155e-11
7.654509018036073087e+01 4.146950934012947382e-08 2.530720028421216952e-11
7.684368737474950706e+01 4.114783037502503946e-08 2.517306111800877369e-11
7.714228456913828325e+01 4.082987966438880793e-08 2.503996038562696914e-11
7.744088176352705943e+01 4.051559981680480126e-08 2.490788607506152455e-11
7.773947895791583562e+01 4.020493454094545586e-08 2.477682635885956548e-11
7.803807615230461181e+01 3.989782862036461025e-08 2.464676959058982510e-11
7.833667334669338800e+01 3.959422788896123029e-08 2.451770430139259661e-11
7.863527054108216419e+01 3.929407920709452275e-08 2.438961919660833894e-11
7.893386773547094037e+01 3.899733043833006182e-08 2.426250315248280307e-11
7.923246492985973077e+01 3.870393042679839331e-08 2.413634521294661443e-11
7.953106212424850696e+01 3.841382897514744865e-08 2.401113458646748868e-11
7.982965931863728315e+01 3.812697682307107356e-08 2.388686064297292928e-11
8.012825651302605934e+01 3.784332562639685008e-08 2.376351291084194600e-11
8.042685370741483553e+01 3.756282793671618495e-08 2.364108107396363305e-11
8.072545090180361171e+01 3.728543718154079603e-08 2.351955496886104589e-11
8.102404809619238790e+01 3.701110764497050869e-08 2.339892458187873223e-11
8.132264529058116409e+01 3.673979444885651372e-08 2.327918004643215615e-11
8.162124248496994028e+01 3.647145353444660000e-08 2.316031164031758076e-11
8.191983967935871647e+01 3.620604494341273100e-08 2.304555928363795006e-11
8.221843687374750687e+01 3.594352329290232318e-08 2.293207252104335470e-11
8.251703406813628305e+01 3.568384643422590920e-08 2.281940708774867191e-11
8.281563126252505924e+01 3.542697341268110725e-08 2.270755409968379896e-11
8.311422845691383543e+01 3.517286400791787509e-08 2.259650480044670019e-11
8.341282565130261162e+01 3.492147871819413955e-08 2.248625055901832062e-11
8.371142284569138781e+01 3.467277874502367512e-08 2.237678286752640655e-11
8.401002004008016399e+01 3.442672597820512081e-08 2.226809333905696332e-11
8.430861723446894018e+01 3.418328298122167328e-08 2.216017370551225505e-11
8.460721442885771637e+01 3.394241297700082185e-08 2.205301581551419251e-11
8.490581162324649256e+01 3.370407983402395447e-08 2.194661163235194620e-11
8.520440881763528296e+01 3.346824805277619298e-08 2.184095323197264384e-11
8.550300601202405915e+01 3.323488275252684254e-08 2.173603280101426058e-11
8.580160320641283533e+01 3.300394965843125041e-08 2.163184263487954508e-11
8.610020040080161152e+01 3.277541508894545801e-08 2.152837513585004127e-11
8.639879759519038771e+01 3.254924594354452763e-08 2.142562281123917495e-11
8.669739478957916390e+01 3.232540969073666225e-08 2.132357827158356849e-11
8.699599198396794009e+01 3.210387435636466806e-08 2.122223422887152692e-11
8.729458917835671627e+01 3.188460853548279902e-08 2.112162027717540704e-11
8.759318637274549246e+01 3.166758305969540018e-08 2.102446280988579692e-11
8.789178356713426865e+01 3.145276578700889547e-08 2.092796549411363813e-11
8.819038076152305905e+01 3.124012686146517863e-08 2.083212162438642265e-11
8.848897795591183524e+01 3.102963692998743363e-08 2.073692458573944449e-11
8.878757515030061143e+01 3.082126713224984569e-08 2.064236785219384877e-11
8.908617234468938761e+01 3.061498909078471300e-08 2.054844498526534460e-11
8.938476953907816380e+01 3.041077490132040808e-08 2.045514963250282575e-11
8.968336673346693999e+01 3.020859712334422637e-08 2.036247552605607188e-11
8.998196392785571618e+01 3.000842877088399432e-08 2.027041648127210705e-11
9.028056112224449237e+01 2.981024330350285187e-08 2.017896639531934957e-11
9.057915831663326856e+01 2.961401461750142887e-08 2.008811924583893599e-11
9.087775551102204474e+01 2.941971703732201917e-08 1.999786908962273788e-11
9.117635270541082093e+01 2.922732530714959043e-08 1.990821006131721501e-11
9.147494989979961133e+01 2.903681458270423672e-08 1.981913637215280458e-11
9.177354709418838752e+01 2.884816042322044490e-08 1.973064230869799331e-11
9.207214428857716371e+01 2.866133878360794691e-08 1.964272223163768801e-11
9.237074148296593989e+01 2.847632600678987670e-08 1.955537057457530620e-11
9.266933867735471608e+01 2.829309881621326844e-08 1.946858184285795022e-11
9.296793587174349227e+01 2.811163430852779347e-08 1.938235061242428031e-11
9.326653306613226846e+01 2.793190994642835173e-08 1.929667152867452781e-11
9.356513026052104465e+01 2.775390606222565226e-08 1.921353337640757943e-11
9.386372745490982084e+01 2.757759875585145993e-08 1.913129744097322397e-11
9.416232464929859702e+01 2.740296607284072041e-08 1.904958306062344975e-11
9.446092184368738742e+01 2.722998687215773629e-08 1.896838528934835510e-11
9.475951903807616361e+01 2.705864034533079504e-08 1.888769924347962640e-11
9.505811623246493980e+01 2.688890601019408776e-08 1.880752010071139540e-11
9.535671342685371599e+01 2.672076370476664214e-08 1.872784309913949151e-11
9.565531062124249218e+01 2.655419358126470282e-08 1.864866353631870475e-11
9.595390781563126836e+01 2.638917610024444889e-08 1.856997676833764234e-11
9.625250501002004455e+01 2.622569202487162081e-08 1.849177820891078494e-11
9.655110220440882074e+01 2.606372241531506227e-08 1.841406332848741275e-11
9.684969939879759693e+01 2.590324862326100066e-08 1.833682765337703330e-11
9.714829659318637312e+01 2.574425228654531653e-08 1.826006676489088429e-11
9.744689378757516351e+01 2.558671532390055297e-08 1.818377629849926594e-11
9.774549098196393970e+01 2.543061992981534218e-08 1.810795194300431517e-11
9.804408817635271589e+01 2.527594856950302969e-08 1.803258943972785314e-11
9.834268537074149208e+01 2.512268397397718038e-08 1.795768458171409305e-11
9.864128256513026827e+01 2.497080913523129262e-08 1.788323321294677180e-11
9.893987975951904446e+01 2.482030730152011338e-08 1.780923122758048599e-11
9.923847695390782064e+01 2.467116197274025800e-08 1.773567456918591217e-11
9.953707414829659683e+01 2.452335689590768959e-08 1.766255923000859171e-11
9.983567134268537302e+01 2.437687623442732401e-08 1.759038926177391204e-11
1.001342685370741492e+02 2.423170448699983590e-08 1.751995920871854539e-11
1.004328657314629396e+02 2.408782566412052086e-08 1.744994794718305824e-11
1.007314629258517158e+02 2.394522445801236581e-08 1.738035175290983091e-11
1.010300601202404920e+02 2.380388578677739475e-08 1.731116694566983500e-11
1.013286573146292682e+02 2.366379479040880782e-08 1.724238988861392344e-11
1.016272545090180444e+02 2.352493682688500798e-08 1.717401698763551690e-11
1.019258517034068205e+02 2.338729746834365911e-08 1.710604469074455735e-11
1.022244488977955967e+02 2.325086249733376368e-08 1.703846948745236351e-11
1.025230460921843729e+02 2.311561790314410255e-08 1.697128790816731730e-11
1.028216432865731491e+02 2.298154987820623671e-08 1.690449652360097397e-11
1.031202404809619253e+02 2.284864481457020507e-08 1.683809194418456377e-11
1.034188376753507015e+02 2.271688930045146887e-08 1.677207081949562972e-11
1.037174348697394919e+02 2.258627011684725334e-08 1.670642983769448502e-11
1.040160320641282681e+02 2.245677423422084377e-08 1.664116572497041882e-11
1.043146292585170443e+02 2.232838880925216207e-08 1.657627524499743078e-11
1.046132264529058205e+02 2.220110118165325370e-08 1.651175519839925523e-11
1.049118236472945966e+02 2.207489887104704737e-08 1.644760242222353929e-11
1.052104208416833728e+02 2.194976957390814336e-08 1.638381378942497450e-11
1.055090180360721490e+02 2.182570116056395625e-08 1.632038620835718821e-11
1.058076152304609252e+02 2.170268167225519292e-08 1.625731662227327192e-11
1.061062124248497014e+02 2.158069931825404135e-08 1.619460200883470094e-11
1.064048096192384776e+02 2.145974247303892861e-08 1.613223937962854523e-11
1.067034068136272680e+02 2.133979997461422764e-08 1.607057738422423076e-11
1.070020040080160442e+02 2.122086122845244947e-08 1.601044613030299320e-11
1.073006012024048204e+02 2.110291406374089968e-08 1.595064954410056306e-11
1.075991983967935965e+02 2.098594748879928125e-08 1.589118483942030839e-11
1.078977955911823727e+02 2.086995066382939038e-08 1.583204926090774048e-11
1.081963927855711489e+02 2.075491289840365384e-08 1.577324008362497467e-11
1.084949899799599251e+02 2.064082364900191746e-08 1.571475461263213170e-11
1.087935871743487013e+02 2.052767251659561883e-08 1.565659018257569581e-11
1.090921843687374775e+02 2.041544924427801081e-08 1.559874415728361954e-11
1.093907815631262537e+02 2.030414371493971451e-08 1.554121392936700070e-11
1.096893787575150441e+02 2.019374594898851324e-08 1.548399691982836392e-11
1.099879759519038203e+02 2.008424610211240132e-08 1.542709057767626874e-11
1.102865731462925964e+02 1.997563446308489196e-08 1.537049237954614105e-11
1.105851703406813726e+02 1.986790145161184297e-08 1.531419982932734066e-11
1.108837675350701488e+02 1.976103761621887386e-08 1.525821045779617740e-11
1.111823647294589250e+02 1.965503363217823285e-08 1.520252182225484682e-11
1.114809619238477012e+02 1.954988029947467373e-08 1.514713150617622720e-11
1.117795591182364774e+02 1.944556854080928042e-08 1.509203711885432142e-11
1.120781563126252536e+02 1.934208939964041876e-08 1.503723629506025322e-11
1.123767535070140298e+02 1.923943403826107426e-08 1.498272669470385660e-11
1.126753507014028202e+02 1.913759373591187116e-08 1.492850600250052245e-11
1.129739478957915964e+02 1.903655988692894225e-08 1.487457192764342165e-11
1.132725450901803725e+02 1.893632399892585536e-08 1.482092220348086596e-11
1.135711422845691487e+02 1.883687769100906051e-08 1.476755458719875140e-11
1.138697394789579249e+02 1.873821269202599419e-08 1.471446685950803907e-11
1.141683366733467011e+02 1.864032101968079389e-08 1.466238008475311133e-11
1.144669338677354773e+02 1.854319456109327385e-08 1.461107287798743216e-11
1.147655310621242535e+02 1.844682523620657243e-08 1.456003265361360356e-11
1.150641282565130297e+02 1.835120519598095365e-08 1.450925733313345409e-11
1.153627254509018059e+02 1.825632669282506323e-08 1.445874485956819870e-11
1.156613226452905963e+02 1.816218207902651554e-08 1.440849319718067238e-11
1.159599198396793724e+02 1.806876380521079980e-08 1.435850033120182748e-11
1.162585170340681486e+02 1.797606441882773484e-08 1.430876426756143956e-11
1.165571142284569248e+02 1.788407656266513800e-08 1.425928303262304119e-11
1.168557114228457010e+02 1.779279297338904989e-08 1.421005467292278822e-11
1.171543086172344772e+02 1.770220648010986970e-08 1.416107725491242139e-11
1.174529058116232534e+02 1.761231000297402734e-08 1.411234886470610068e-11
1.177515030060120296e+02 1.752309655178070577e-08 1.406386760783109431e-11
1.180501002004008058e+02 1.743455922462286270e-08 1.401563160898228060e-11
1.183486973947895819e+02 1.734669120655239600e-08 1.396763901178032367e-11
1.186472945891783581e+02 1.725948576826862568e-08 1.391988797853354394e-11
1.189458917835671485e+02 1.717293626482991704e-08 1.387237669000332683e-11
1.192444889779559247e+02 1.708703613438784955e-08 1.382510334517313743e-11
1.195430861723447009e+02 1.700177889694338199e-08 1.377806616102086645e-11
1.198416833667334771e+02 1.691715815312484864e-08 1.373126337229472249e-11
1.201402805611222533e+02 1.683316758298703198e-08 1.368469323129234249e-11
1.204388777555110295e+02 1.674980094483116310e-08 1.363835400764331752e-11
1.207374749498998057e+02 1.666705207404527733e-08 1.359224398809479469e-11
1.210360721442885819e+02 1.658491488196456449e-08 1.354636147630038941e-11
1.213346693386773580e+02 1.650338335475134981e-08 1.350070479261213649e-11
1.216332665330661342e+02 1.642245155229428528e-08 1.345527227387550933e-11
1.219318637274549246e+02 1.634211381133371598e-08 1.341032597929756393e-11
1.222304609218437008e+02 1.626236475592027055e-08 1.336640983482641221e-11
1.225290581162324770e+02 1.618319802849218357e-08 1.332270773325624053e-11
1.228276553106212532e+02 1.610460797329503812e-08 1.327921811355565105e-11
1.231262525050100294e+02 1.602658900307098729e-08 1.323593942983602453e-11
1.234248496993988056e+02 1.594913559806577673e-08 1.319287015116840977e-11
1.237234468937875818e+02 1.587224230505244657e-08 1.315000876140298334e-11
1.240220440881763579e+02 1.579590373637136517e-08 1.310735375899112169e-11
1.243206412825651341e+02 1.572011456898655827e-08 1.306490365681007770e-11
1.246192384769539103e+02 1.564486954355771497e-08 1.302265698199012575e-11
1.249178356713427007e+02 1.557016346352779755e-08 1.298061227574424491e-11
1.252164328657314769e+02 1.549599119422576227e-08 1.293876809320020128e-11
1.255150300601202531e+02 1.542234766198429185e-08 1.289712300323499230e-11
1.258136272545090293e+02 1.534922785327213923e-08 1.285567558831175487e-11
1.261122244488978055e+02 1.527662681384080148e-08 1.281442444431886739e-11
1.264108216432865817e+02 1.520453964788533509e-08 1.277336818041142676e-11
1.267094188376753578e+02 1.513296151721898856e-08 1.273250541885491928e-11
1.270080160320641340e+02 1.506188764046136104e-08 1.269183479487108236e-11
1.273066132264529102e+02 1.499131329223993146e-08 1.265135495648601511e-11
1.276052104208416864e+02 1.492123380240462412e-08 1.261106456438031804e-11
1.279038076152304768e+02 1.485164455525516406e-08 1.257096229174139776e-11
1.282024048096192530e+02 1.478254098878110654e-08 1.253104682411781692e-11
1.285010020040080292e+02 1.471391859391408892e-08 1.249131685927567980e-11
1.287995991983968054e+02 1.464577291379230497e-08 1.245177110705701162e-11
1.290981963927855816e+02 1.457809954303682773e-08 1.241240828924010068e-11
1.293967935871743578e+02 1.451089412703963527e-08 1.237322713940177763e-11
1.296953907815631339e+02 1.444415236126303508e-08 1.233422640278160118e-11
1.299939879759519101e+02 1.437786999055044058e-08 1.229540483614790004e-11
1.302925851703406863e+02 1.431204282346113160e-08 1.225683541183126151e-11
1.305911823647294625e+02 1.424666684521561775e-08 1.221922900273098047e-11
1.308897795591182387e+02 1.418173778453939547e-08 1.218179417567914388e-11
1.311883767535070149e+02 1.411725157714145512e-08 1.214452975906466885e-11
1.314869739478957911e+02 1.405320420482702148e-08 1.210743459191906708e-11
1.317855711422845673e+02 1.398959169487148558e-08 1.207050752379581710e-11
1.320841683366733434e+02 1.392641011940446119e-08 1.203374741465148932e-11
1.323827655310621196e+02 1.386365559480339530e-08 1.199715313472839628e-11
1.326813627254509242e+02 1.380132428109670263e-08 1.196072356443882612e-11
1.329799599198397004e+02 1.373941238137645591e-08 1.192445759425092560e-11
1.332785571142284766e+02 1.367791614122007240e-08 1.188835412457600479e-11
1.335771543086172528e+02 1.361683184812113263e-08 1.185241206565741379e-11
1.338757515030060290e+02 1.355615583092909287e-08 1.181663033746090087e-11
1.341743486973948052e+02 1.349588445929765660e-08 1.178100786956642957e-11
1.344729458917835814e+02 1.343601414314177181e-08 1.174554360106143197e-11
1.347715430861723576e+02 1.337654133210298939e-08 1.171023648043549022e-11
1.350701402805611337e+02 1.331746251502311823e-08 1.167508546547640738e-11
1.353687374749499099e+02 1.325877421942601140e-08 1.164008952316767747e-11
1.356673346693386861e+02 1.320047301100723713e-08 1.160524762958723176e-11
1.359659318637274623e+02 1.314255549313173364e-08 1.157055876980764878e-11
1.362645290581162385e+02 1.308501830633902774e-08 1.153602193779755668e-11
1.365631262525050147e+02 1.302785812785608834e-08 1.150163613632439262e-11
1.368617234468937909e+02 1.297107167111760471e-08 1.146740037685841433e-11
1.371603206412825671e+02 1.291465568529353234e-08 1.143331367947798302e-11
1.374589178356713433e+02 1.285860695482386998e-08 1.139937507277605326e-11
1.377575150300601194e+02 1.280292229896042979e-08 1.136558359376788412e-11
1.380561122244488956e+02 1.274759857131557053e-08 1.133193828779998636e-11
1.383547094188376718e+02 1.269263265941777993e-08 1.129843820846020685e-11
1.386533066132264764e+02 1.263802148427381985e-08 1.126508241748897152e-11
1.389519038076152526e+02 1.258376199993763120e-08 1.123186998469172533e-11
1.392505010020040288e+02 1.252985119308552372e-08 1.119879998785241922e-11
1.395490981963928050e+02 1.247628639619330885e-08 1.116661281891181077e-11
1.398476953907815812e+02 1.242306434876289313e-08 1.113457518236778015e-11
1.401462925851703574e+02 1.237018212773415766e-08 1.110267406528795037e-11
1.404448897795591336e+02 1.231763684617704656e-08 1.107090859691805563e-11
1.407434869739479097e+02 1.226542564775314932e-08 1.103927791389329951e-11
1.410420841683366859e+02 1.221354570632757450e-08 1.100778116016012177e-11
1.413406813627254621e+02 1.216199422558646795e-08 1.097641748689898296e-11
1.416392785571142383e+02 1.211076843866021889e-08 1.094518605244811037e-11
1.419378757515030145e+02 1.205986560775221623e-08 1.091408602222819544e-11
1.422364729458917907e+02 1.200928302377298659e-08 1.088311656866808167e-11
1.425350701402805669e+02 1.195901800597979174e-08 1.085227687113131353e-11
1.428336673346693431e+02 1.190906790162140745e-08 1.082156611584369676e-11
1.431322645290581193e+02 1.185943008558814664e-08 1.079098349582169396e-11
1.434308617234468954e+02 1.181010196006692349e-08 1.076052821080173294e-11
1.437294589178356716e+02 1.176108095420137976e-08 1.073019946717043920e-11
1.440280561122244478e+02 1.171236452375689815e-08 1.069999647789564714e-11
1.443266533066132240e+02 1.166395015079049275e-08 1.066991846245836769e-11
1.446252505010020002e+02 1.161583534332541930e-08 1.063996464678553140e-11
1.449238476953908048e+02 1.156801763503055672e-08 1.061013426318358459e-11
1.452224448897795810e+02 1.152049458490429670e-08 1.058042655027290458e-11
1.455210420841683572e+02 1.147326377696304901e-08 1.055084075292302438e-11
1.458196392785571334e+02 1.142632281993417053e-08 1.052137612218864406e-11
1.461182364729459096e+02 1.137966934695327673e-08 1.049203191524643549e-11
1.464168336673346857e+02 1.133330101526589908e-08 1.046280739533263061e-11
1.467154308617234619e+02 1.128721550593336451e-08 1.043370183168132371e-11
1.470140280561122381e+02 1.124141052354287515e-08 1.040471449946361878e-11
1.473126252505010143e+02 1.119588379592162651e-08 1.037584467972737781e-11
1.476112224448897905e+02 1.115063307385510773e-08 1.034709165933787213e-11
1.479098196392785667e+02 1.110565613080923515e-08 1.031845473091899126e-11
1.482084168336673429e+02 1.106095076265647443e-08 1.028993319279527402e-11
1.485070140280561191e+02 1.101651478740582064e-08 1.026152634893456806e-11
1.488056112224448952e+02 1.097234604493651898e-08 1.023323350889144237e-11
1.491042084168336714e+02 1.092844245380059869e-08 1.020557944501582676e-11
1.494028056112224476e+02 1.088480185312886863e-08 1.017816339074724518e-11
1.497014028056112238e+02 1.084142213292911702e-08 1.015085670561926604e-11
1.500000000000000000e+02 1.079830121797783941e-08 1.012365873648551849e-11
