1.067676000000000069e+00 1.138605509700486027e-03 4.924477352925606946e-04
1.141345000000000054e+00 1.016132156512255949e-03 3.948491189817551804e-04
1.220097999999999905e+00 9.019841037186998502e-04 3.161601747755287480e-04
1.304284999999999917e+00 7.977659119940881888e-04 2.529458213704359926e-04
1.394281000000000104e+00 7.032084430988623774e-04 2.021276034977832661e-04
1.490485999999999978e+00 6.183659866268019110e-04 1.615213618938314446e-04
1.593328999999999995e+00 5.427925278309769005e-04 1.291140267101785000e-04
1.703268999999999922e+00 4.756636386433109537e-04 1.026485484203631558e-04
1.820794999999999941e+00 4.159190870835352614e-04 8.151025424379322484e-05
1.946430000000000105e+00 3.630693928713670470e-04 6.484033535214078726e-05
2.080732999999999944e+00 3.165235516436116277e-04 5.165989306253046992e-05
2.224304000000000059e+00 2.755956346364789008e-04 4.123677401388028843e-05
2.377781000000000144e+00 2.396445164105254373e-04 3.296911953813504197e-05
2.541847999999999885e+00 2.080275236317408649e-04 2.634240640798333287e-05
2.717235000000000067e+00 1.800828702214973213e-04 2.097936318518868338e-05
2.904723999999999862e+00 1.552448305024353703e-04 1.671544414120204532e-05
3.105150000000000077e+00 1.328824041056462092e-04 1.317466175001817541e-05
3.319405999999999857e+00 1.109500663898193689e-04 1.027135561268845139e-05
3.466750000000000220e+00 9.384488115940835620e-05 8.743392626461461161e-06
3.519811999999999941e+00 8.208969712767515950e-05 8.265931842409293963e-06
3.533961999999999826e+00 7.141473328824072045e-05 8.144523822841267117e-06
3.548445000000000071e+00 7.737752824732064302e-05 2.721157484250223682e-05
3.555187000000000097e+00 7.996267810560762652e-05 2.703697723602607218e-05
3.608249999999999957e+00 8.512159257935922611e-05 2.572216482108360231e-05
3.652460000000000040e+00 8.476643507963613135e-05 2.469016146367861825e-05
3.708365000000000133e+00 8.083985926498453987e-05 2.346018426459240379e-05
3.723272999999999833e+00 7.628403709284717565e-05 2.313366940079774586e-05
3.745635000000000048e+00 8.036785163547578866e-05 3.118798297387078225e-05
3.793287999999999993e+00 8.293708076352783259e-05 2.984913208663849337e-05
3.801540000000000141e+00 8.306089671334487520e-05 2.962420774553708463e-05
3.937640000000000029e+00 8.149604892714992278e-05 2.617900107986182107e-05
3.997910000000000075e+00 7.891001010665677840e-05 2.478711085088773245e-05
4.013982000000000383e+00 7.674052091813520654e-05 2.443154341769452047e-05
4.038090000000000401e+00 7.814346068111771115e-05 2.754911198238061326e-05
4.055024000000000406e+00 7.852335442439438114e-05 2.714650987592165610e-05
4.098359999999999559e+00 7.849784756382944075e-05 2.615235982743578126e-05
4.334820999999999813e+00 7.423160535628460521e-05 2.144245008651537264e-05
4.633924000000000376e+00 6.734093065116576651e-05 1.690653917810044230e-05
4.953663999999999845e+00 6.027940893832283060e-05 1.330803391438007839e-05
5.295467000000000368e+00 5.355766157838663313e-05 1.047375482911257654e-05
5.660854999999999748e+00 4.735785454538239382e-05 8.239655748940130398e-06
6.051453000000000415e+00 4.174093029868048766e-05 6.486230167156281493e-06
6.469003999999999976e+00 3.670845425053990133e-05 5.108658383627596586e-06
6.915365000000000428e+00 3.223226741237107462e-05 4.025966555290270556e-06
7.392525000000000013e+00 2.831531605145081430e-05 3.168228036112962072e-06
7.902608999999999995e+00 2.482799296635987405e-05 2.489069439962854343e-06
8.447889999999999233e+00 2.175078174203445838e-05 1.954718685731429484e-06
9.030794000000000210e+00 1.903916464469857924e-05 1.532335371322852761e-06
9.653919000000000139e+00 1.664940864619117154e-05 1.192037219812095587e-06
1.032004000000000055e+01 1.455013946670995469e-05 9.284155016793282421e-07
1.103212000000000081e+01 1.271129988582898783e-05 7.239514438743800553e-07
1.179334000000000060e+01 1.110252406769941475e-05 5.650745279716001807e-07
1.260707999999999984e+01 9.695979015602918693e-06 4.412716557631975452e-07
1.347696999999999967e+01 8.466704438388500956e-06 3.449717494146667161e-07
1.440687999999999924e+01 7.392707601310513286e-06 2.700427378026947731e-07
1.540094999999999992e+01 6.454499002989952154e-06 2.114828480553785837e-07
1.646361999999999881e+01 5.634636072982896821e-06 1.652786551415793334e-07
1.759960999999999842e+01 4.917893176386722825e-06 1.291124803842346780e-07
1.881398000000000081e+01 4.290879952924615220e-06 1.006132743817898476e-07
2.011214999999999975e+01 3.741932034395406908e-06 7.851636789154241862e-08
2.149988000000000099e+01 3.260567780522830002e-06 6.136124318303149562e-08
2.298338000000000036e+01 2.836708026280460213e-06 4.802966661666290845e-08
2.456923000000000101e+01 2.458583457273464246e-06 3.765007790898064002e-08
2.617698000000000036e+01 2.110325333034251719e-06 2.992221689674743271e-08
2.626450000000000173e+01 2.088826151467186010e-06 2.956363931238393773e-08
2.657763999999999882e+01 1.989354625708285991e-06 2.832527393189850324e-08
2.668449000000000026e+01 1.904450788005859493e-06 2.791818124437519959e-08
2.684476000000000084e+01 1.951025721919444586e-06 1.616766964623073878e-07
2.724541999999999931e+01 1.954883377686914352e-06 1.530210827531762015e-07
2.807676000000000016e+01 1.880702890541846712e-06 1.368769006679664731e-07
3.001405000000000101e+01 1.678054961966316644e-06 1.073115788283816981e-07
3.208502000000000010e+01 1.482691532104485534e-06 8.427947795108256020e-08
3.429889000000000010e+01 1.305294082518536995e-06 6.624581214601041716e-08
3.666550999999999760e+01 1.146865017505663239e-06 5.190075208434390430e-08
3.919543000000000177e+01 1.006292635279727201e-06 4.061244580654514249e-08
4.189992000000000161e+01 8.821686031703767917e-07 3.177039541393092878e-08
4.479100999999999999e+01 7.728745075689362568e-07 2.484811946559873484e-08
4.788159000000000276e+01 6.768218594432300160e-07 1.943736975389329944e-08
5.118542000000000058e+01 5.925200802393694332e-07 1.520735296635957214e-08
5.471721000000000146e+01 5.189554403252682339e-07 1.188429754802128352e-08
5.849269999999999925e+01 4.541110412916214253e-07 9.266051413745063267e-09
6.252870000000000061e+01 3.973091258700525544e-07 7.230545707515452327e-09
6.684318000000000382e+01 3.475784783445232703e-07 5.647522253746699125e-09
7.145535999999999888e+01 3.040536598158015302e-07 4.415955030097731087e-09
7.638577999999999690e+01 2.659692207672694112e-07 3.457119810745602749e-09
8.165640000000000498e+01 2.326535901385574990e-07 2.706144460619082173e-09
8.729068999999999789e+01 2.035068875528987024e-07 2.115306715319502808e-09
9.331373999999999569e+01 1.780079739405311401e-07 1.656633207092515078e-09
9.975239000000000544e+01 1.557042746731517380e-07 1.300358632228147406e-09
1.066353000000000009e+02 1.361959815203119260e-07 1.023135203573511407e-09
1.139930999999999983e+02 1.191341614563657099e-07 8.073451834846010483e-10
1.218586999999999989e+02 1.042112615964382231e-07 6.387753377709477692e-10
1.302668999999999926e+02 9.115949677940217251e-08 5.071247385862407207e-10
1.392553000000000054e+02 7.974397981361701358e-08 4.042273454363426539e-10
1.488640000000000043e+02 6.975932460921058705e-08 3.236391393102673638e-10
1.591356000000000108e+02 6.102630620168813169e-08 2.603800516558104970e-10
1.701159000000000106e+02 5.338768436363086693e-08 2.105867023053795879e-10
1.818539000000000101e+02 4.670611813529547354e-08 1.712754438480325837e-10
1.944018000000000086e+02 4.086161801638612653e-08 1.401309844278753126e-10
2.078155999999999892e+02 3.574909441013224287e-08 1.153670663801764205e-10
2.221547999999999945e+02 3.127680259604046775e-08 9.559364109222919514e-11
2.374834999999999923e+02 2.736449242160925062e-08 7.972977336821381165e-11
2.538699000000000012e+02 2.394190430788042183e-08 6.693061940163772458e-11
2.713869000000000256e+02 2.094775112856795146e-08 5.655733076119995615e-11
2.901125999999999863e+02 1.832826884183602604e-08 4.808953485213430707e-11
3.101304000000000087e+02 1.603654574012782097e-08 4.114273826795295539e-11
3.315294000000000096e+02 1.403152258536658059e-08 3.539925979192925798e-11
3.544048999999999978e+02 1.227733951733114151e-08 3.062498707454578482e-11
3.788587999999999738e+02 1.074254943469777918e-08 2.662507159010068156e-11
4.050000999999999749e+02 9.399717318271919133e-09 2.325314104040649760e-11
4.329451000000000249e+02 8.224794205776106040e-09 2.038975170344353250e-11
