1.067676000000000069e+00 6.131500744161014508e-04 5.185892398341055559e-04
1.141345000000000054e+00 5.694728010461721146e-04 4.109968412809554962e-04
1.161691999999999947e+00 5.478973084988528631e-04 3.866752850326955868e-04
1.179472999999999994e+00 5.127507511857015005e-04 3.669599957730308531e-04
1.184215000000000018e+00 4.796471049336096908e-04 3.619314324164355726e-04
1.191327000000000025e+00 5.071798640637534532e-04 4.142631423954907990e-04
1.209108000000000072e+00 5.243041386091393165e-04 3.931282723610478530e-04
1.220097999999999905e+00 5.246468960206997255e-04 3.807676396868323217e-04
1.247344000000000008e+00 5.151090933944731760e-04 3.524120686083337221e-04
1.266435999999999895e+00 4.991986861480767921e-04 3.348788538148264452e-04
1.271527000000000074e+00 4.859110565406838680e-04 3.304229339513047774e-04
1.279163999999999968e+00 4.947890425104478889e-04 3.462094951406940080e-04
1.298256000000000077e+00 4.971679332272125945e-04 3.292383902633666342e-04
1.304284999999999917e+00 4.960361908440848308e-04 3.241265317585297805e-04
1.394281000000000104e+00 4.595176189939313596e-04 2.606930244187467480e-04
1.405907999999999936e+00 4.535053883928586078e-04 2.539238120884401424e-04
1.427427000000000001e+00 4.397094687002951969e-04 2.420565863534755540e-04
1.433165000000000022e+00 4.316081858051063727e-04 2.390320998996049706e-04
1.441772999999999971e+00 4.339256543234399841e-04 2.457865893127904691e-04
1.463292000000000037e+00 4.302339643638667830e-04 2.347635403774655681e-04
1.490485999999999978e+00 4.217229868741205348e-04 2.218131688067307859e-04
1.593328999999999995e+00 3.853869208072296048e-04 1.787502567420776384e-04
1.703268999999999922e+00 3.473026177591206757e-04 1.434398968887587163e-04
1.820794999999999941e+00 3.103974558200948476e-04 1.148558892855796476e-04
1.946430000000000105e+00 2.758718693946137163e-04 9.187627364077274644e-05
2.080732999999999944e+00 2.441494939166860166e-04 7.344560413412511721e-05
2.224304000000000059e+00 2.153743374201787947e-04 5.863599057806885464e-05
2.377781000000000144e+00 1.898833684604409077e-04 4.686767967385776704e-05
2.541847999999999885e+00 1.668086465447977409e-04 3.742277893042756596e-05
2.717235000000000067e+00 1.463961902883411271e-04 2.988438625125176097e-05
2.904723999999999862e+00 1.283216782965809104e-04 2.389448067863508083e-05
3.105150000000000077e+00 1.126217140033053507e-04 1.896310673955286323e-05
3.319405999999999857e+00 9.838766919195654633e-05 1.495212049025788083e-05
3.548445000000000071e+00 8.581605735362441963e-05 1.180439808195114360e-05
3.793287999999999993e+00 7.473552968106513092e-05 9.278771379150841788e-06
4.055024000000000406e+00 6.496822446745031563e-05 7.300809973297214663e-06
4.334820999999999813e+00 5.636227824878880345e-05 5.753713981837881039e-06
4.633924000000000376e+00 4.875631942838114447e-05 4.542982765251903798e-06
4.953663999999999845e+00 4.196855183092131937e-05 3.594563352158881680e-06
5.295467000000000368e+00 3.571425783158775575e-05 2.843117247755881538e-06
5.608932000000000251e+00 2.986052666841978485e-05 2.318388890130994327e-06
5.660854999999999748e+00 2.844693939337363426e-05 2.243200304881569670e-06
5.694783000000000150e+00 2.700615928585757712e-05 2.195938561980429654e-06
5.717677000000000120e+00 2.453730636240293749e-05 2.164832815510576357e-06
5.752017000000000380e+00 2.644738713860476286e-05 6.446435789446288885e-06
5.837868000000000279e+00 2.750052310222577887e-05 6.065020482194133100e-06
6.040916000000000174e+00 2.644170547552030702e-05 5.277567076605873015e-06
6.051453000000000415e+00 2.633639182422456871e-05 5.242438588094366026e-06
6.133378999999999692e+00 2.514068344393968299e-05 4.980088111817999772e-06
6.158036000000000065e+00 2.406347701447178288e-05 4.904828816425619187e-06
6.195020999999999667e+00 2.478817050572332733e-05 6.612646489573365482e-06
6.287484000000000073e+00 2.502073360422004257e-05 6.255656748947676876e-06
6.417824000000000417e+00 2.449015382040063509e-05 5.795978164410593352e-06
6.469003999999999976e+00 2.415757611337032346e-05 5.628179653579069364e-06
6.516055999999999848e+00 2.372269156669702680e-05 5.480314949619342638e-06
6.542251000000000261e+00 2.318332142117337675e-05 5.400175961392180409e-06
6.581544000000000061e+00 2.342420370228100339e-05 6.105047767510503525e-06
6.679776000000000380e+00 2.332150195796604662e-05 5.797276073461017465e-06
6.915365000000000428e+00 2.239963662296512616e-05 5.139528463915014225e-06
7.392525000000000013e+00 2.023522800548451352e-05 4.072933574096190362e-06
7.902608999999999995e+00 1.805901314508380793e-05 3.216436215099013495e-06
8.447889999999999233e+00 1.601220302981122003e-05 2.536478781169371634e-06
9.030794000000000210e+00 1.414406728395652533e-05 1.996504728838837548e-06
9.653919000000000139e+00 1.245269290724442492e-05 1.562095950795392490e-06
1.032004000000000055e+01 1.093934479169291105e-05 1.223537972656585965e-06
1.103212000000000081e+01 9.596108725974667795e-06 9.592923493043954313e-07
1.179334000000000060e+01 8.419911899348308122e-06 7.515869448755768995e-07
1.260707999999999984e+01 7.377080206305321965e-06 5.876264296875662282e-07
1.347696999999999967e+01 6.458700823449268617e-06 4.585122389016954902e-07
1.440687999999999924e+01 5.647886474354576905e-06 3.574571024130311540e-07
1.540094999999999992e+01 4.936864386740630673e-06 2.789914609932266924e-07
1.646361999999999881e+01 4.314248502697413148e-06 2.179981443646322624e-07
1.759960999999999842e+01 3.769520989325164813e-06 1.705060654645658368e-07
1.881398000000000081e+01 3.293185852515047706e-06 1.335194960277036604e-07
2.011214999999999975e+01 2.876819219701317102e-06 1.046888404595484815e-07
2.149988000000000099e+01 2.512951932899003534e-06 8.218649083712862697e-08
2.298338000000000036e+01 2.194990898575746894e-06 6.460567812371841268e-08
2.456923000000000101e+01 1.917153540182359062e-06 5.084966219705741109e-08
2.626450000000000173e+01 1.674339116973250828e-06 3.998885985515785239e-08
2.807676000000000016e+01 1.462016067369165214e-06 3.121512440303271399e-08
3.001405000000000101e+01 1.276058710769421527e-06 2.425978022714219763e-08
3.208502000000000010e+01 1.113051977647987777e-06 1.886314691669245553e-08
3.429889000000000010e+01 9.698244633440926573e-07 1.468918333480113172e-08
3.666550999999999760e+01 8.430185670737131786e-07 1.145931750280545141e-08
3.919543000000000177e+01 7.261081048181266636e-07 8.956539762603277941e-09
3.963414000000000215e+01 7.054907490269542462e-07 8.597359020272752005e-09
4.024078999999999695e+01 6.694646067675885027e-07 8.131124377632518521e-09
4.040256000000000114e+01 6.463799854413362405e-07 8.012268533240531282e-09
4.064522000000000190e+01 6.564024958231744902e-07 4.234145642779228423e-08
4.125186000000000064e+01 6.527908916838372405e-07 4.017893000431007042e-08
4.189992000000000161e+01 6.393342834020760781e-07 3.802231214731829436e-08
4.479100999999999999e+01 5.702475507152552348e-07 2.994456283893931631e-08
4.788159000000000276e+01 5.033239926385561278e-07 2.354214755562343836e-08
5.118542000000000058e+01 4.427203584774409847e-07 1.849918338249835508e-08
5.471721000000000146e+01 3.887255326786214686e-07 1.451453189417569817e-08
5.849269999999999925e+01 3.409250550099207988e-07 1.137977913208635653e-08
6.252870000000000061e+01 2.987798310212669873e-07 8.924440320115565843e-09
6.684318000000000382e+01 2.617125100056108306e-07 7.001568565356796049e-09
7.145535999999999888e+01 2.291622907869189833e-07 5.495583018200463584e-09
7.638577999999999690e+01 2.006108856912076860e-07 4.316174145981607534e-09
8.165640000000000498e+01 1.756810620998017198e-07 3.386777810211327821e-09
8.729068999999999789e+01 1.537346576427977590e-07 2.645692624335408148e-09
9.331373999999999569e+01 1.345107342240530727e-07 2.069415128572900541e-09
9.975239000000000544e+01 1.176801787952848750e-07 1.620857531406409787e-09
1.066353000000000009e+02 1.029497206185072785e-07 1.271569689545025071e-09
1.139930999999999983e+02 9.005992676607194667e-08 9.994101304117307270e-10
1.218586999999999989e+02 7.878248965204494107e-08 7.870141350946847481e-10
1.302668999999999926e+02 6.891665211002127087e-08 6.212555916935970729e-10
1.392553000000000054e+02 6.028636526858078218e-08 4.916513731064759171e-10
1.488640000000000043e+02 5.273693387646319253e-08 3.902517722015660647e-10
1.591356000000000108e+02 4.613349960006485163e-08 3.107694525259943000e-10
1.701159000000000106e+02 4.035741121470340080e-08 2.483676780517421715e-10
1.818539000000000101e+02 3.530496807732363321e-08 1.994262589826791178e-10
1.944018000000000086e+02 3.088569383368001630e-08 1.609048001331062206e-10
2.078155999999999892e+02 2.702008284794641877e-08 1.304208162030073701e-10
2.221547999999999945e+02 2.363872473230093709e-08 1.062325593815659589e-10
2.374834999999999923e+02 2.068085482086437867e-08 8.698039822612292940e-11
2.538699000000000012e+02 1.809340537078238147e-08 7.160745002647662988e-11
2.713869000000000256e+02 1.582993210039605738e-08 5.928419904047857602e-11
2.901125999999999863e+02 1.384982910408671565e-08 4.936550337654876601e-11
3.101304000000000087e+02 1.211757367068220726e-08 4.134175428469380236e-11
3.315294000000000096e+02 1.060212623891721838e-08 3.482510708193141604e-11
3.544048999999999978e+02 9.276332801230563532e-09 2.950330954985965795e-11
3.788587999999999738e+02 8.116427519182535428e-09 2.513245806371429611e-11
4.050000999999999749e+02 7.101626204086958413e-09 2.152123674233879073e-11
4.329451000000000249e+02 6.213760979705941095e-09 1.852142766832387581e-11
