1.067676000000000069e+00 5.450406382549582940e-07 6.672501780339498016e-08
1.141345000000000054e+00 4.751822759813168304e-07 5.187087252280445872e-08
1.220097999999999905e+00 4.139405805015078784e-07 4.032533930796506380e-08
1.304284999999999917e+00 3.604163557204878728e-07 3.138238439327093814e-08
1.394281000000000104e+00 3.137025803062953708e-07 2.445033803773818889e-08
1.490485999999999978e+00 2.729511656039520241e-07 1.906863703041829348e-08
1.593328999999999995e+00 2.374058477706874881e-07 1.488864721741363938e-08
1.703268999999999922e+00 2.063908708796489997e-07 1.163794387803062725e-08
1.820794999999999941e+00 1.793042953647961397e-07 9.107518744147769145e-09
1.946430000000000105e+00 1.556155349831550716e-07 7.135460515033013612e-09
2.080732999999999944e+00 1.348414737049609098e-07 5.596786790720803982e-09
2.224304000000000059e+00 1.165297571581755055e-07 4.395313994873213794e-09
2.377781000000000144e+00 1.002108444395667021e-07 3.455757908437337600e-09
2.541847999999999885e+00 8.523076116609912159e-08 2.720353396346061856e-09
2.717235000000000067e+00 6.963493323098982507e-08 2.143929352012711850e-09
2.765951999999999966e+00 6.395764817065227349e-08 2.012619154122571974e-09
2.808288000000000117e+00 5.465708809881490921e-08 1.906830469394612510e-09
2.819577999999999918e+00 4.540660249574567601e-08 1.879987626228665861e-09
2.836511999999999922e+00 5.367478067041676926e-08 1.900585663401994231e-08
2.878848000000000074e+00 5.987203255898023470e-08 1.806958303037167502e-08
2.904723999999999862e+00 6.095575070175491161e-08 1.752700039785707498e-08
3.105150000000000077e+00 5.967736202334192701e-08 1.382644287704315365e-08
3.319405999999999857e+00 5.463036110810987174e-08 1.086737960149596362e-08
3.548445000000000071e+00 4.908993326279248804e-08 8.562587384125490319e-09
3.793287999999999993e+00 4.374104799899446913e-08 6.729718171648819649e-09
4.055024000000000406e+00 3.874348097195218085e-08 5.268598234617923083e-09
4.334820999999999813e+00 3.418806810065407323e-08 4.125361016964498930e-09
4.633924000000000376e+00 3.009265814343841916e-08 3.230711544229083861e-09
4.953663999999999845e+00 2.644129915439614755e-08 2.530461647953565996e-09
5.295467000000000368e+00 2.320403609476881761e-08 1.981429651945002035e-09
5.660854999999999748e+00 2.039591240440562482e-08 1.550804368300100712e-09
6.051453000000000415e+00 1.786733194335373237e-08 1.204359627666382428e-09
6.469003999999999976e+00 1.563998806729191631e-08 9.353924101954875900e-10
6.915365000000000428e+00 1.368346938391747468e-08 7.266308465723775376e-10
7.392525000000000013e+00 1.196771528718057516e-08 5.645705099998140319e-10
7.902608999999999995e+00 1.046480738264580986e-08 4.386785881340700185e-10
8.447889999999999233e+00 9.149468359037273414e-09 3.409623226503683921e-10
9.030794000000000210e+00 7.999038099594264530e-09 2.646451037942999075e-10
9.653919000000000139e+00 6.992526945826181362e-09 2.043704019351119206e-10
1.032004000000000055e+01 6.112057133300058478e-09 1.578632600762477054e-10
1.103212000000000081e+01 5.342325297706586587e-09 1.219744305469436387e-10
1.179334000000000060e+01 4.669600448653272852e-09 9.427974254154147538e-11
1.260707999999999984e+01 4.081750662766462066e-09 7.268678438520212811e-11
1.347696999999999967e+01 3.567899135493162214e-09 5.586907547999681096e-11
1.440687999999999924e+01 3.118788001756772311e-09 4.296842585360572768e-11
1.540094999999999992e+01 2.726333855780223164e-09 3.306122862515633803e-11
1.646361999999999881e+01 2.383383849641918973e-09 2.545817601270464985e-11
1.759960999999999842e+01 2.083706620301572134e-09 1.961664729023238241e-11
1.881398000000000081e+01 1.821814898878849375e-09 1.512764723712890255e-11
2.011214999999999975e+01 1.592938820419873362e-09 1.167811398009857457e-11
2.149988000000000099e+01 1.392898876322762582e-09 9.025248233440598958e-12
2.298338000000000036e+01 1.218048443559474008e-09 6.984229031637398069e-12
2.456923000000000101e+01 1.065216006576387517e-09 5.412723179340902287e-12
2.626450000000000173e+01 9.316034185573009585e-10 4.202378180845138784e-12
2.807676000000000016e+01 8.148013807013421059e-10 3.251274815971200524e-12
3.001405000000000101e+01 7.126693180722182055e-10 2.517191793405740723e-12
3.208502000000000010e+01 6.233605740716976778e-10 1.954646516285826700e-12
3.429889000000000010e+01 5.452625970885504142e-10 1.522933996547852127e-12
3.666550999999999760e+01 4.769660426337692270e-10 1.191154302986246297e-12
3.919543000000000177e+01 4.172384831289124618e-10 9.357764604680157344e-13
4.189992000000000161e+01 3.650008104707838183e-10 7.387062085870332441e-13
4.479100999999999999e+01 3.193127040016199466e-10 5.863771804850008725e-13
4.788159000000000276e+01 2.793516139393483626e-10 4.682757250905128207e-13
5.118542000000000058e+01 2.443972663868389905e-10 3.764475041701696125e-13
5.471721000000000146e+01 2.138216858235955356e-10 3.047908347135854960e-13
5.849269999999999925e+01 1.870745408310233741e-10 2.486509201161107748e-13
6.252870000000000061e+01 1.636770547257086764e-10 2.042372359001308798e-13
6.684318000000000382e+01 1.432084397628969428e-10 1.690365189002253337e-13
7.145535999999999888e+01 1.253009916668919379e-10 1.411147643273838815e-13
7.638577999999999690e+01 1.096340618511810371e-10 1.188214502083584069e-13
8.165640000000000498e+01 9.592716036444715769e-11 1.008892756868519109e-13
8.729068999999999789e+01 8.393543659116865032e-11 8.635525399146234780e-14
9.331373999999999569e+01 7.344322223894216338e-11 7.448541925377918280e-14
9.975239000000000544e+01 6.426331236163668687e-11 6.470567286935650487e-14
1.066353000000000009e+02 5.623116723334980042e-11 5.657902678473057054e-14
1.139930999999999983e+02 4.920325947116012804e-11 4.977089993808591208e-14
1.218586999999999989e+02 4.305414205438450408e-11 4.401133099047484557e-14
1.302668999999999926e+02 3.767380066176274666e-11 3.909916363170388850e-14
1.392553000000000054e+02 3.296580578649292826e-11 3.487882569449802216e-14
1.488640000000000043e+02 2.884628676260513354e-11 3.122335067238874289e-14
1.591356000000000108e+02 2.524188732575617360e-11 2.803379066995074568e-14
1.701159000000000106e+02 2.208774487280196395e-11 2.523574339715038938e-14
1.818539000000000101e+02 1.932794747285372926e-11 2.276395316202854682e-14
1.944018000000000086e+02 1.691288285594616012e-11 2.056965421868382986e-14
2.078155999999999892e+02 1.479974562648753663e-11 1.861406637475369536e-14
2.221547999999999945e+02 1.295057114805998002e-11 1.686516254810624792e-14
2.374834999999999923e+02 1.133250136449077696e-11 1.529647865442864290e-14
2.538699000000000012e+02 9.916653281861675661e-12 1.388373828571794051e-14
2.713869000000000256e+02 8.677701039180107892e-12 1.260831885603137247e-14
2.901125999999999863e+02 7.593537691679362611e-12 1.145607785985439222e-14
3.101304000000000087e+02 6.644825003553504916e-12 1.041332847784849254e-14
3.315294000000000096e+02 5.814642553757143410e-12 9.467970944041880829e-15
3.544048999999999978e+02 5.088211175262240545e-12 8.610204950107392429e-15
3.788587999999999738e+02 4.452534055618383313e-12 7.831331835068355446e-15
4.050000999999999749e+02 3.896248414916588344e-12 7.123700712131292369e-15
4.329451000000000249e+02 3.409484241304894453e-12 6.480426006696541027e-15
