1.067676000000000069e+00 1.247593546464159046e-03 6.674113033697499182e-04
1.141345000000000054e+00 1.147012845804593019e-03 5.326236096249813276e-04
1.220097999999999905e+00 1.039876294786694962e-03 4.244486670409125897e-04
1.304284999999999917e+00 9.346503606741051427e-04 3.381396235612375259e-04
1.394281000000000104e+00 8.347279992611347267e-04 2.672542604075757921e-04
1.490485999999999978e+00 7.407069242724984275e-04 2.106797454169517087e-04
1.593328999999999995e+00 6.545635968602434539e-04 1.659844941568874084e-04
1.703268999999999922e+00 5.765648878744021513e-04 1.306052369269137983e-04
1.820794999999999941e+00 5.066394897017008738e-04 1.027791972715836575e-04
1.946430000000000105e+00 4.444110877825519228e-04 8.087997081149930127e-05
2.080732999999999944e+00 3.893064386510975035e-04 6.365665064500419822e-05
2.224304000000000059e+00 3.406943720988330837e-04 5.012362212771817821e-05
2.377781000000000144e+00 2.979659467863485104e-04 3.948780938511737632e-05
2.541847999999999885e+00 2.604561569533014854e-04 3.112699283706092332e-05
2.717235000000000067e+00 2.275810868920227401e-04 2.455474794629392192e-05
2.904723999999999862e+00 1.988306502843366786e-04 1.938498964480212159e-05
3.105150000000000077e+00 1.737357441099502005e-04 1.522341730407845716e-05
3.319405999999999857e+00 1.516746194214915278e-04 1.182458251286936532e-05
3.548445000000000071e+00 1.323338501550640450e-04 9.188106063304771597e-06
3.793287999999999993e+00 1.154218431019228352e-04 7.136997845774238236e-06
4.055024000000000406e+00 1.006340634265895411e-04 5.533142550517505783e-06
4.334820999999999813e+00 8.771241836000628195e-05 4.294745563372087113e-06
4.633924000000000376e+00 7.642576341424447300e-05 3.337287741532249781e-06
4.953663999999999845e+00 6.656659223851781558e-05 2.596536210402495550e-06
5.295467000000000368e+00 5.794816713268156341e-05 2.022685424773355255e-06
5.660854999999999748e+00 5.040426071048388233e-05 1.577571424115861866e-06
6.051453000000000415e+00 4.378275014847292254e-05 1.232021943813516804e-06
6.469003999999999976e+00 3.793546193623245166e-05 9.633979981877574537e-07
6.915365000000000428e+00 3.268768407238800997e-05 7.543532663637232703e-07
7.392525000000000013e+00 2.763821078335314558e-05 5.914340606510122185e-07
7.554721999999999937e+00 2.569196879899041396e-05 5.465919000124267506e-07
7.670354999999999812e+00 2.339472149974216347e-05 5.172909681486845234e-07
7.701190999999999676e+00 2.137682954201715311e-05 5.098280039997117099e-07
7.747443999999999775e+00 2.297140348718953594e-05 4.067137078358861202e-06
7.863077999999999790e+00 2.392418760781512695e-05 3.835230862511015475e-06
7.902608999999999995e+00 2.395539246388887520e-05 3.759742225763851711e-06
8.447889999999999233e+00 2.232414412507203013e-05 2.935319203684491106e-06
9.030794000000000210e+00 2.004361525224518861e-05 2.322559754120318828e-06
9.653919000000000139e+00 1.781201954997806594e-05 1.823306706481485028e-06
1.032004000000000055e+01 1.574418579132232291e-05 1.426854903854456813e-06
1.103212000000000081e+01 1.386938555291887980e-05 1.114872743021749504e-06
1.179334000000000060e+01 1.219179145957130121e-05 8.712424838247367825e-07
1.260707999999999984e+01 1.070170418766459180e-05 6.809683976455681172e-07
1.347696999999999967e+01 9.384331045670746700e-06 5.323901017868775810e-07
1.440687999999999924e+01 8.223318923439424424e-06 4.163254660172365253e-07
1.540094999999999992e+01 7.202487506071895589e-06 3.255925977447728200e-07
1.646361999999999881e+01 6.314194447989857434e-06 2.526803227281520453e-07
1.759960999999999842e+01 5.525263918641851117e-06 1.961039211085204830e-07
1.881398000000000081e+01 4.833550645578559275e-06 1.521578213166917133e-07
2.011214999999999975e+01 4.227673486428855266e-06 1.181052672954996596e-07
2.149988000000000099e+01 3.697300359065100708e-06 9.170583571653724924e-08
2.298338000000000036e+01 3.233221639482397181e-06 7.123838367742102382e-08
2.456923000000000101e+01 2.827312039246746800e-06 5.536510581353316163e-08
2.626450000000000173e+01 2.472397312840132409e-06 4.305141923556625911e-08
2.807676000000000016e+01 2.162039603475671249e-06 3.334203525346690969e-08
3.001405000000000101e+01 1.890558853723219684e-06 2.580705871089870801e-08
3.208502000000000010e+01 1.653171526525694008e-06 1.999024977100874481e-08
3.429889000000000010e+01 1.445633072484713421e-06 1.546724402609612606e-08
3.666550999999999760e+01 1.264158074843674740e-06 1.194384521841822808e-08
3.919543000000000177e+01 1.105487870941212937e-06 9.235490685810373930e-09
4.189992000000000161e+01 9.667608330673489794e-07 7.152257375943398519e-09
4.479100999999999999e+01 8.454737175948069141e-07 5.549093045151827071e-09
4.788159000000000276e+01 7.394324628826919575e-07 4.313869035067481039e-09
5.118542000000000058e+01 6.467147631065130878e-07 3.361686906398611006e-09
5.471721000000000146e+01 5.656458309524455096e-07 2.626762916542662885e-09
5.849269999999999925e+01 4.947591296654144537e-07 2.059086964371254841e-09
6.252870000000000061e+01 4.327718082135130482e-07 1.619736250503878597e-09
6.684318000000000382e+01 3.785633033087423318e-07 1.279291789112225043e-09
7.145535999999999888e+01 3.311558402388302629e-07 1.014975403903851528e-09
7.638577999999999690e+01 2.896937380124371460e-07 8.093422150718757520e-10
8.165640000000000498e+01 2.534303222636077873e-07 6.481754497996460263e-10
8.729068999999999789e+01 2.217128545246754956e-07 5.210059554718570285e-10
9.331373999999999569e+01 1.939685065669820068e-07 4.216889179399846107e-10
9.975239000000000544e+01 1.696990787194509205e-07 3.438186694624121432e-10
1.066353000000000009e+02 1.484695583942615869e-07 2.824745002876748003e-10
1.139930999999999983e+02 1.298983377232765048e-07 2.339282341546720618e-10
1.218586999999999989e+02 1.136519712479113416e-07 1.952853299815952676e-10
1.302668999999999926e+02 9.943920515754880027e-08 1.643338955812213484e-10
1.392553000000000054e+02 8.700505740836309276e-08 1.393829534945734140e-10
1.488640000000000043e+02 7.612673068215380579e-08 1.191116100086515870e-10
1.591356000000000108e+02 6.660935902896772249e-08 1.025354621052202106e-10
1.701159000000000106e+02 5.828230777839373225e-08 8.885162625210842096e-11
1.818539000000000101e+02 5.099696712983936708e-08 7.747805498417352294e-11
1.944018000000000086e+02 4.462264077654618701e-08 6.793551496594956492e-11
2.078155999999999892e+02 3.904532106811810803e-08 5.986989291863027423e-11
2.221547999999999945e+02 3.416540373064291888e-08 5.299532793213696738e-11
2.374834999999999923e+02 2.989557853332031553e-08 4.709741020831947429e-11
2.538699000000000012e+02 2.615946819745720697e-08 4.199488353923018447e-11
2.713869000000000256e+02 2.289044732976150561e-08 3.755133213731897601e-11
2.901125999999999863e+02 2.003001019367852823e-08 3.365710513392080542e-11
3.101304000000000087e+02 1.752714591171976680e-08 3.022752878952920879e-11
3.315294000000000096e+02 1.533703161772070393e-08 2.719538784676683096e-11
3.544048999999999978e+02 1.342063631725213024e-08 2.449903811580970584e-11
3.788587999999999738e+02 1.174378618756762973e-08 2.209422610795286482e-11
4.050000999999999749e+02 1.027644694350264340e-08 1.994203230021615396e-11
4.329451000000000249e+02 8.992448068321458411e-09 1.801156355027259526e-11
