1.000000000000000000e+00 2.471622665444849322e-04 1.667448459415284031e-05
1.298597194388777520e+00 1.456391721592520568e-04 7.306144417243679411e-06
1.597194388777555041e+00 9.555212311143907562e-05 3.241546683829202318e-06
1.895791583166332783e+00 6.744062618862008563e-05 1.664453351367534145e-06
2.194388777555110082e+00 5.012377607052191382e-05 9.366952964931608454e-07
2.492985971943888046e+00 3.871313111859255290e-05 5.690985302358141265e-07
2.791583166332665567e+00 3.079976772076523675e-05 3.658539104559456125e-07
3.090180360721443087e+00 2.508727776139843798e-05 2.437932717765229022e-07
3.388777555110220607e+00 2.082865482931182214e-05 1.684816905930966254e-07
3.687374749498998128e+00 1.756911341110200956e-05 1.198561848177651437e-07
3.985971943887775648e+00 1.501912576938106117e-05 8.739718367020047334e-08
4.284569138276553169e+00 1.298680452296376425e-05 6.522992953734841380e-08
4.583166332665331133e+00 1.134100099557641760e-05 4.973236663101655912e-08
4.881763527054108209e+00 9.989517845959935733e-06 3.863410983123239339e-08
5.180360721442886174e+00 8.866131384660615435e-06 3.049705766912593883e-08
5.478957915831663250e+00 7.922209920722458673e-06 2.434214841415661866e-08
5.777555110220441215e+00 7.121429112886893317e-06 1.960203473701888864e-08
6.076152304609219179e+00 6.436222186054795521e-06 1.591535918680484722e-08
6.374749498997996255e+00 5.845456129085048646e-06 1.316037046260213619e-08
6.673346693386774220e+00 5.332469677114873963e-06 1.096865912034538498e-08
6.971943887775551296e+00 4.884156296941373398e-06 9.168158559196072783e-09
7.270541082164329261e+00 4.490150143687727118e-06 7.776578080497998060e-09
7.569138276553106337e+00 4.141981491847145806e-06 6.633590493359099769e-09
7.867735470941884302e+00 3.832789165410719864e-06 5.669588479484487304e-09
8.166332665330662266e+00 3.557015847665980066e-06 4.921950105843964830e-09
8.464929859719440230e+00 3.309946748075540117e-06 4.252430962870542239e-09
8.763527054108216419e+00 3.087800808741068141e-06 3.736517518584503257e-09
9.062124248496994383e+00 2.887270979872421221e-06 3.263111767888326742e-09
9.360721442885772348e+00 2.705690806018547999e-06 2.890179829507019286e-09
9.659318637274550312e+00 2.540698881515477303e-06 2.541456096005131260e-09
9.957915831663326500e+00 2.390376045139189795e-06 2.274292558082227907e-09
1.025651302605210446e+01 2.252996943749693078e-06 2.022684849448309186e-09
1.055511022044088243e+01 2.127143191112557135e-06 1.819944122437285166e-09
1.085370741482966039e+01 2.011544597790514698e-06 1.637460161072930946e-09
1.115230460921843836e+01 1.905121011122112786e-06 1.477360099230905855e-09
1.145090180360721455e+01 1.806931937936011144e-06 1.343843927191626607e-09
1.174949899799599251e+01 1.716136538206921416e-06 1.217114011210287271e-09
1.204809619238477048e+01 1.632027397399899677e-06 1.115403195468844275e-09
1.234669338677354844e+01 1.553951608973032776e-06 1.021758545567768942e-09
1.264529058116232463e+01 1.481344912085612988e-06 9.345555035607839658e-10
1.294388777555110259e+01 1.413717487775080171e-06 8.648174621032761498e-10
1.324248496993988056e+01 1.350614538671115473e-06 7.982243868010852318e-10
1.354108216432865852e+01 1.291643769632082989e-06 7.369603649980504172e-10
1.383967935871743649e+01 1.236458432944170393e-06 6.869002263707255894e-10
1.413827655310621267e+01 1.184733611143986619e-06 6.389546052927905978e-10
1.443687374749499064e+01 1.136186741499205745e-06 5.937856820204611920e-10
1.473547094188376860e+01 1.090568850341424226e-06 5.574083760076678451e-10
1.503406813627254657e+01 1.047642712025420803e-06 5.224760762854385985e-10
1.533266533066132453e+01 1.007200670686856649e-06 4.889043601885165516e-10
1.563126252505010072e+01 9.690587705071068812e-07 4.608674222913028248e-10
1.592985971943887868e+01 9.330432559641441438e-07 4.351186416097452572e-10
1.622845691382765665e+01 8.989978996951786724e-07 4.103173957075288465e-10
1.652705410821643284e+01 8.667824941289570911e-07 3.872499835277291627e-10
1.682565130260520903e+01 8.362705916737778469e-07 3.680515589711725100e-10
1.712424849699398877e+01 8.073411963292980599e-07 3.495226640246628408e-10
1.742284569138276495e+01 7.798867457666399141e-07 3.316288749780912680e-10
1.772144288577154470e+01 7.538100044708963860e-07 3.154748478382864012e-10
1.802004008016032088e+01 7.290209477304560079e-07 3.014781413651687642e-10
1.831863727454910062e+01 7.054344145199265663e-07 2.879377327291573826e-10
1.861723446893787681e+01 6.829738716525289240e-07 2.748316665876059345e-10
1.891583166332665300e+01 6.615694361719800141e-07 2.628121166560581937e-10
1.921442885771543274e+01 6.411565389728479325e-07 2.524454739477032661e-10
1.951302605210420893e+01 6.216737185570104227e-07 2.423961013972092375e-10
1.981162324649298867e+01 6.030653229883603787e-07 2.326496534896492462e-10
2.011022044088176486e+01 5.852798012456178792e-07 2.231926367207493545e-10
2.040881763527054105e+01 5.682711716403420372e-07 2.153925456853481739e-10
2.070741482965932079e+01 5.519931299563022387e-07 2.078262539842743308e-10
2.100601202404809698e+01 5.364044174599973297e-07 2.004750696030745133e-10
2.130460921843687672e+01 5.214666578503723415e-07 1.933299479577977511e-10
2.160320641282565290e+01 5.071444638007339313e-07 1.867258704879666565e-10
2.190180360721442909e+01 4.934047913042638957e-07 1.809422252171911680e-10
2.220040080160320883e+01 4.802158568914298589e-07 1.753141609439504788e-10
2.249899799599198502e+01 4.675486167999854386e-07 1.698354832524704269e-10
2.279759519038076476e+01 4.553759168448156272e-07 1.645003222586046470e-10
2.309619238476954095e+01 4.436726516573734126e-07 1.595694514068373049e-10
2.339478957915831714e+01 4.324151912638307279e-07 1.551974726992357071e-10
2.369338677354709688e+01 4.215807139134768977e-07 1.509356901901339821e-10
2.399198396793587307e+01 4.111482926111664294e-07 1.467799894708512342e-10
2.429058116232464926e+01 4.010982787013862792e-07 1.427264584417216512e-10
2.458917835671342900e+01 3.914122585531789214e-07 1.388049767214787223e-10
2.488777555110220518e+01 3.820734902365401314e-07 1.354413271649115057e-10
2.518637274549098493e+01 3.730649316798016710e-07 1.321574331436606676e-10
2.548496993987976111e+01 3.643711973460702138e-07 1.289504912666524597e-10
2.578356713426853730e+01 3.559777874299498027e-07 1.258178280061021612e-10
2.608216432865731704e+01 3.478710273663996364e-07 1.227568922639263600e-10
2.638076152304609323e+01 3.400381723220829075e-07 1.198992397868952116e-10
2.667935871743487297e+01 3.324671137063967531e-07 1.173133432350191283e-10
2.697795591182364916e+01 3.251460791613603462e-07 1.147846890819291659e-10
2.727655310621242535e+01 3.180641802274927205e-07 1.123113974251746441e-10
2.757515030060120509e+01 3.112111147804619907e-07 1.098916697883119984e-10
2.787374749498998128e+01 3.045771295470591999e-07 1.075237847595294208e-10
2.817234468937876102e+01 2.981531100954928650e-07 1.052882632624603416e-10
2.847094188376753721e+01 2.919304286655306859e-07 1.032723224403665356e-10
2.876953907815631339e+01 2.859005103520961738e-07 1.012982282583523512e-10
2.906813627254509314e+01 2.800554751550507885e-07 9.936469113019828671e-11
2.936673346693386932e+01 2.743878416509921618e-07 9.747047391907639346e-11
2.966533066132264906e+01 2.688905030435328274e-07 9.561438929789669021e-11
2.996392785571142525e+01 2.635567048758519401e-07 9.379529726748155068e-11
3.026252505010020144e+01 2.583801862615365644e-07 9.216549165244747582e-11
3.056112224448898118e+01 2.533547003222490045e-07 9.059817317413193745e-11
3.085971943887775737e+01 2.484743976254863608e-07 8.906118529563055716e-11
3.115831663326653356e+01 2.437337394184904813e-07 8.755365602195250878e-11
3.145691382765531330e+01 2.391274485771691552e-07 8.607474646691851704e-11
3.175551102204408949e+01 2.346504949151435734e-07 8.462364929654949120e-11
3.205410821643286567e+01 2.302980814462754462e-07 8.319958725945771830e-11
3.235270541082164186e+01 2.260658080387000081e-07 8.192030393016506444e-11
3.265130260521041805e+01 2.219491434400739696e-07 8.067797687796944484e-11
3.294989979959920134e+01 2.179438958848460057e-07 7.945816615356567096e-11
3.324849699398797753e+01 2.140460808246209671e-07 7.826026511488743925e-11
3.354709418837675372e+01 2.102518902507746856e-07 7.708368871835537725e-11
3.384569138276552991e+01 2.065576833908694984e-07 7.592787256613414929e-11
3.414428857715431320e+01 2.029599779720978200e-07 7.479227200338128239e-11
3.444288577154308939e+01 1.994554820969268633e-07 7.372170614365225102e-11
3.474148296593186558e+01 1.960410072010353032e-07 7.271780916000179523e-11
3.504008016032064177e+01 1.927134555085797004e-07 7.173102177321309606e-11
3.533867735470941795e+01 1.894699015157638674e-07 7.076091027625445757e-11
3.563727454909820125e+01 1.863075417663043073e-07 6.980705549785248307e-11
3.593587174348697744e+01 1.832236887920980761e-07 6.886905219859196343e-11
3.623446893787575362e+01 1.802157654019750742e-07 6.794650849687465899e-11
3.653306613226452981e+01 1.772812992958689894e-07 6.703904532302963570e-11
3.683166332665330600e+01 1.744179874372891231e-07 6.618375502900992267e-11
3.713026052104208929e+01 1.716235351460134282e-07 6.537184025733016804e-11
3.742885771543086548e+01 1.688956993001671410e-07 6.457287995381776788e-11
3.772745490981964167e+01 1.662323792471096872e-07 6.378656653070725674e-11
3.802605210420841786e+01 1.636315564865779937e-07 6.301260206148803165e-11
3.832464929859719405e+01 1.610912908452651791e-07 6.225069790453753529e-11
3.862324649298597734e+01 1.586097168576161914e-07 6.150057434421295197e-11
3.892184368737475353e+01 1.561850403402341079e-07 6.076196024846341938e-11
3.922044088176352972e+01 1.538155413190110127e-07 6.003868536070158360e-11
3.951903807615230590e+01 1.514996187428970134e-07 5.937076992110670827e-11
3.981763527054108209e+01 1.492356050204371549e-07 5.871287203654728259e-11
4.011623246492986539e+01 1.470219603905670955e-07 5.806476801599017393e-11
4.041482965931864157e+01 1.448572017632068338e-07 5.742624077919497652e-11
4.071342685370741776e+01 1.427399002346374976e-07 5.679707961429211824e-11
4.101202404809619395e+01 1.406686787290448547e-07 5.617707994595126387e-11
4.131062124248497014e+01 1.386422097589593568e-07 5.556604311360367862e-11
4.160921843687375343e+01 1.366592132977920463e-07 5.496377615921397179e-11
4.190781563126252962e+01 1.347184557556974228e-07 5.437101572844470263e-11
4.220641282565130581e+01 1.328187812484122304e-07 5.382042547821512394e-11
4.250501002004008200e+01 1.309590031702365619e-07 5.327757100802177394e-11
4.280360721442885819e+01 1.291380121234032956e-07 5.274229042387730595e-11
4.310220440881764148e+01 1.273547370046675917e-07 5.221442631797694094e-11
4.340080160320641767e+01 1.256081434299613734e-07 5.169382561437416585e-11
4.369939879759519386e+01 1.238972322341391324e-07 5.118033942098295495e-11
4.399799599198397004e+01 1.222210380417523172e-07 5.067382288760682899e-11
4.429659318637274623e+01 1.205786279050351239e-07 5.017413506970960129e-11
4.459519038076152952e+01 1.189691000055135660e-07 4.968113879765935816e-11
4.489378757515030571e+01 1.173915926165806525e-07 4.920361261022291202e-11
4.519238476953908190e+01 1.158452712307751784e-07 4.874926442776250936e-11
4.549098196392785809e+01 1.143293005407629402e-07 4.830088081615553704e-11
4.578957915831663428e+01 1.128428914421241480e-07 4.785834508919380410e-11
4.608817635270541047e+01 1.113852803099934762e-07 4.742154358462681152e-11
4.638677354709419376e+01 1.099557280181444529e-07 4.699036556683396889e-11
4.668537074148296995e+01 1.085535190018496778e-07 4.656470313323163483e-11
4.698396793587174614e+01 1.071779603622991219e-07 4.614445112424920918e-11
4.728256513026052232e+01 1.058283810104825940e-07 4.572950703671614963e-11
4.758116232464929851e+01 1.045041308485626779e-07 4.531977094051045174e-11
4.787975951903808181e+01 1.032045799868720896e-07 4.491514539832570312e-11
4.817835671342685799e+01 1.019291541032485138e-07 4.453363101872832157e-11
4.847695390781563418e+01 1.006772247337536204e-07 4.415692749603998865e-11
4.877555110220441037e+01 9.944821804463718201e-08 4.378483622733749498e-11
4.907414829659318656e+01 9.824157782548249811e-08 4.341727302128092061e-11
4.937274549098196985e+01 9.705676463430009088e-08 4.305415572322469910e-11
4.967134268537074604e+01 9.589325519453302345e-08 4.269540415400010002e-11
4.996993987975952223e+01 9.475054181720915721e-08 4.234094005089257711e-11
5.026853707414829842e+01 9.362813184704877131e-08 4.199068701072262370e-11
5.056713426853707460e+01 9.252554713139970694e-08 4.164457043494337212e-11
5.086573146292585790e+01 9.144232351093039247e-08 4.130251747667188928e-11
5.116432865731463409e+01 9.037801033106861133e-08 4.096445698957525034e-11
5.146292585170341027e+01 8.933218623740351772e-08 4.064313042608846119e-11
5.176152304609218646e+01 8.830441078094878614e-08 4.032647919848655794e-11
5.206012024048096265e+01 8.729426984315763627e-08 4.001346035466423401e-11
5.235871743486974594e+01 8.630136229526323394e-08 3.970401174911873596e-11
5.265731462925852213e+01 8.532529834940580278e-08 3.939807264595003151e-11
5.295591182364729832e+01 8.436569917603516080e-08 3.909558367911981525e-11
5.325450901803607451e+01 8.342219653628774074e-08 3.879648681404754203e-11
5.355310621242485070e+01 8.249443242867161155e-08 3.850072531049122681e-11
5.385170340681363399e+01 8.158205874942738944e-08 3.820824368666324469e-11
5.415030060120241018e+01 8.068473696596217597e-08 3.791898768453325135e-11
5.444889779559118637e+01 7.980213780278531871e-08 3.763290423627276139e-11
5.474749498997996255e+01 7.893394143902266407e-08 3.735096756833159882e-11
5.504609218436873874e+01 7.807984008661090257e-08 3.708113144884106985e-11
5.534468937875752204e+01 7.723952600148721439e-08 3.681420698389693129e-11
5.564328657314629822e+01 7.641270402999394852e-08 3.655014729927958079e-11
5.594188376753507441e+01 7.559908687456733656e-08 3.628890652155874076e-11
5.624048096192385060e+01 7.479839484414061332e-08 3.603043975152606499e-11
5.653907815631262679e+01 7.401035561375083859e-08 3.577470303846959539e-11
5.683767535070141008e+01 7.323470399296219376e-08 3.552165335525908198e-11
5.713627254509018627e+01 7.247118170273872313e-08 3.527124857421252322e-11
5.743486973947896246e+01 7.171953716041637793e-08 3.502344744371558931e-11
5.773346693386773865e+01 7.097952527243940098e-08 3.477820956556645067e-11
5.803206412825651483e+01 7.025090723454258103e-08 3.453549537302021365e-11
5.833066132264529813e+01 6.953345033907550353e-08 3.429526610950748280e-11
5.862925851703407432e+01 6.882693628457808705e-08 3.406095316805295109e-11
5.892785571142285050e+01 6.813114531721443397e-08 3.383311067196564403e-11
5.922645290581162669e+01 6.744585175478809076e-08 3.360756556587070022e-11
5.952505010020040288e+01 6.677084549060095667e-08 3.338428327638069073e-11
5.982364729458917907e+01 6.610592164838618600e-08 3.316322992037144727e-11
6.012224448897796236e+01 6.545088042683398044e-08 3.294437228784110923e-11
6.042084168336673855e+01 6.480552694948314976e-08 3.272767782527741500e-11
6.071943887775551474e+01 6.416967111976619303e-08 3.251311461951571825e-11
6.101803607214429093e+01 6.354312748100880787e-08 3.230065138207105621e-11
6.131663326653306711e+01 6.292571508118918227e-08 3.209025743392791378e-11
6.161523046092185041e+01 6.231725734227438776e-08 3.188190269077230310e-11
6.191382765531062660e+01 6.171758193395725429e-08 3.167555764865117239e-11
6.221242484969940278e+01 6.112652065162487613e-08 3.147119337004480407e-11
6.251102204408817897e+01 6.054390929839799790e-08 3.126878147033834047e-11
6.280961923847695516e+01 5.996958988186694395e-08 3.107396002966283308e-11
6.310821643286573845e+01 5.940340367188535910e-08 3.088133705215766395e-11
6.340681362725451464e+01 5.884519767961211582e-08 3.069052828600826328e-11
6.370541082164329083e+01 5.829482263659337172e-08 3.050150822074005088e-11
6.400400801603205991e+01 5.775213274815813849e-08 3.031425182193344542e-11
6.430260521042083610e+01 5.721698559685747217e-08 3.012873452017060534e-11
6.460120240480962650e+01 5.668924204902106896e-08 2.994493220028906668e-11
6.489979959919840269e+01 5.616876616431595098e-08 2.976282119093169254e-11
6.519839679358717888e+01 5.565542510819813999e-08 2.958237825438394497e-11
6.549699398797595506e+01 5.514908906715181744e-08 2.940358057668914778e-11
6.579559118236473125e+01 5.464963116661513397e-08 2.922640575803288667e-11
6.609418837675350744e+01 5.415692739149537877e-08 2.905083180338801016e-11
6.639278557114228363e+01 5.367085650918122856e-08 2.887683711341214668e-11
6.669138276553105982e+01 5.319129999496221131e-08 2.870440047558966974e-11
6.698997995991985022e+01 5.271814535144061294e-08 2.853564759170448081e-11
6.728857715430862640e+01 5.225127927950192893e-08 2.837060216791640080e-11
6.758717434869740259e+01 5.179058741729356183e-08 2.820701507112496123e-11
6.788577154308617878e+01 5.133596137350004635e-08 2.804486705787134827e-11
6.818436873747495497e+01 5.088729512497943581e-08 2.788413922178531030e-11
6.848296593186373116e+01 5.044448495494505759e-08 2.772481298623635619e-11
6.878156312625250735e+01 5.000742939302105098e-08 2.756687009717634235e-11
6.908016032064128353e+01 4.957602915710853729e-08 2.741029261616773602e-11
6.937875751503005972e+01 4.915018709699869605e-08 2.725506291359184211e-11
6.967735470941883591e+01 4.872980813967419637e-08 2.710116366203172661e-11
6.997595190380762631e+01 4.831479923624072324e-08 2.694857782982451176e-11
7.027454909819640250e+01 4.790506931043374034e-08 2.679728867477810562e-11
7.057314629258517868e+01 4.750052920864679534e-08 2.664727973804734817e-11
7.087174348697395487e+01 4.710109165143101548e-08 2.649853483816505013e-11
7.117034068136273106e+01 4.670667118641530911e-08 2.635103806522324908e-11
7.146893787575150725e+01 4.631718438784588749e-08 2.620493324670562089e-11
7.176753507014028344e+01 4.593255417769173820e-08 2.606337781096636626e-11
7.206613226452905963e+01 4.555269512620210206e-08 2.592299541045554989e-11
7.236472945891783581e+01 4.517752864696834873e-08 2.578377152435493703e-11
7.266332665330661200e+01 4.480697776494918274e-08 2.564569187052929419e-11
7.296192384769540240e+01 4.444096707698462107e-08 2.550874240064233360e-11
7.326052104208417859e+01 4.407942271343428789e-08 2.537290929539214958e-11
7.355911823647295478e+01 4.372227230090315398e-08 2.523817895986257017e-11
7.385771543086173097e+01 4.336944492602044250e-08 2.510453801898739301e-11
7.415631262525050715e+01 4.302087110023705226e-08 2.497197331312413540e-11
7.445490981963928334e+01 4.267648272560947649e-08 2.484047189373428716e-11
7.475350701402805953e+01 4.233621306153855277e-08 2.471002101916720008e-11
7.505210420841683572e+01 4.199999669243236561e-08 2.458060815054444110e-11
7.535070140280561191e+01 4.166776949626464816e-08 2.445222094774213734e-11
7.564929859719438809e+01 4.133946861400028758e-08 2.432484726546846943e-11
7.594789579158317849e+01 4.101503241986016056e-08 2.419847514943357326e-11
7.624649298597195468e+01 4.069440049240014636e-08 2.407309283260962702e-11
7.654509018036073087e+01 4.037751406790564860e-08 2.395021858792020220e-11
7.684368737474950706e+01 4.006431497870942828e-08 2.382963164257638263e-11
7.714228456913828325e+01 3.975474582653827942e-08 2.370997821699441446e-11
7.744088176352705943e+01 3.944875073371528257e-08 2.359124751275455862e-11
7.773947895791583562e+01 3.914627489363331843e-08 2.347342889734393542e-11
7.803807615230461181e+01 3.884726454621273818e-08 2.335651190098244509e-11
7.833667334669338800e+01 3.855166695401257267e-08 2.324048621352134136e-11
7.863527054108216419e+01 3.825943037897562669e-08 2.312534168141238999e-11
7.893386773547094037e+01 3.797050405978809559e-08 2.301106830474592235e-11
7.923246492985973077e+01 3.768483818983540710e-08 2.289765623435575184e-11
7.953106212424850696e+01 3.740238389573638153e-08 2.278509576898944385e-11
7.982965931863728315e+01 3.712309321643804834e-08 2.267337735254190396e-11
8.012825651302605934e+01 3.684691908285517768e-08 2.256249157135099170e-11
8.042685370741483553e+01 3.657381529803777819e-08 2.245242915155333109e-11
8.072545090180361171e+01 3.630373651785101662e-08 2.234318095649871526e-11
8.102404809619238790e+01 3.603663823215296123e-08 2.223473798422183222e-11
8.132264529058116409e+01 3.577247674645488247e-08 2.212709136496955373e-11
8.162124248496994028e+01 3.551120916405052543e-08 2.202023235878258562e-11
8.191983967935871647e+01 3.525279401893001369e-08 2.191609077983443751e-11
8.221843687374750687e+01 3.499718938454819648e-08 2.181296338871635972e-11
8.251703406813628305e+01 3.474435456755486006e-08 2.171058235379007726e-11
8.281563126252505924e+01 3.449424969274370653e-08 2.160893960194687174e-11
8.311422845691383543e+01 3.424683559990310348e-08 2.150802717609222210e-11
8.341282565130261162e+01 3.400207382848670008e-08 2.140783723306928723e-11
8.371142284569138781e+01 3.375992660266596901e-08 2.130836204162685603e-11
8.401002004008016399e+01 3.352035681675391429e-08 2.120959398043060165e-11
8.430861723446894018e+01 3.328332802098975402e-08 2.111152553611660269e-11
8.460721442885771637e+01 3.304880440767385796e-08 2.101414930138610073e-11
8.490581162324649256e+01 3.281675079764368201e-08 2.091745797314043099e-11
8.520440881763528296e+01 3.258713262708074032e-08 2.082144435065522143e-11
8.550300601202405915e+01 3.235991593463950957e-08 2.072610133379276822e-11
8.580160320641283533e+01 3.213506734888939788e-08 2.063142192125181205e-11
8.610020040080161152e+01 3.191255407606105005e-08 2.053739920885370391e-11
8.639879759519038771e+01 3.169234388808855180e-08 2.044402638786408792e-11
8.669739478957916390e+01 3.147440511093942015e-08 2.035129674334933224e-11
8.699599198396794009e+01 3.125870661322448516e-08 2.025920365256669664e-11
8.729458917835671627e+01 3.104521783174033392e-08 2.016776409722087835e-11
8.759318637274549246e+01 3.083391140204017636e-08 2.007871906606739427e-11
8.789178356713426865e+01 3.062475496578114867e-08 1.999027906522271606e-11
8.819038076152305905e+01 3.041771945415715056e-08 1.990243794910663261e-11
8.848897795591183524e+01 3.021277628798364695e-08 1.981518965508953518e-11
8.878757515030061143e+01 3.000989736783441925e-08 1.972852820209754214e-11
8.908617234468938761e+01 2.980905506440964273e-08 1.964244768924573485e-11
8.938476953907816380e+01 2.961022220912853675e-08 1.955694229449875838e-11
8.968336673346693999e+01 2.941337208494108884e-08 1.947200627335820220e-11
8.998196392785571618e+01 2.921847841735281090e-08 1.938763395757609524e-11
9.028056112224449237e+01 2.902551536565686951e-08 1.930381975389394010e-11
9.057915831663326856e+01 2.883445751436835942e-08 1.922055814280670490e-11
9.087775551102204474e+01 2.864527986485507865e-08 1.913784367735111677e-11
9.117635270541082093e+01 2.845795782715999787e-08 1.905567098191784988e-11
9.147494989979961133e+01 2.827246721201023238e-08 1.897403475108693269e-11
9.177354709418838752e+01 2.808878422300768293e-08 1.889292974848591234e-11
9.207214428857716371e+01 2.790688544899668325e-08 1.881235080567017201e-11
9.237074148296593989e+01 2.772674785660419074e-08 1.873229282102506511e-11
9.266933867735471608e+01 2.754834878294772289e-08 1.865275075868921052e-11
9.296793587174349227e+01 2.737166592850718788e-08 1.857371964749853832e-11
9.326653306613226846e+01 2.719667735015618907e-08 1.849519457995063708e-11
9.356513026052104465e+01 2.702336327488115343e-08 1.841848517536531480e-11
9.386372745490982084e+01 2.685170094808730461e-08 1.834250987268199788e-11
9.416232464929859702e+01 2.668166911188449002e-08 1.826701641902499757e-11
9.446092184368738742e+01 2.651324718246842966e-08 1.819200024492480445e-11
9.475951903807616361e+01 2.634641489983237487e-08 1.811745683850742240e-11
9.505811623246493980e+01 2.618115232167400666e-08 1.804338174458978199e-11
9.535671342685371599e+01 2.601743981743573171e-08 1.796977056379211105e-11
9.565531062124249218e+01 2.585525806247489208e-08 1.789661895166697162e-11
9.595390781563126836e+01 2.569458803236092732e-08 1.782392261784457241e-11
9.625250501002004455e+01 2.553541099729603129e-08 1.775167732519392035e-11
9.655110220440882074e+01 2.537770851665646820e-08 1.767987888899961438e-11
9.684969939879759693e+01 2.522146243365154679e-08 1.760852317615378689e-11
9.714829659318637312e+01 2.506665487009729470e-08 1.753760610436307016e-11
9.744689378757516351e+01 2.491326822130202061e-08 1.746712364136997386e-11
9.774549098196393970e+01 2.476128515106121970e-08 1.739707180418871230e-11
9.804408817635271589e+01 2.461068858675880822e-08 1.732744665835484824e-11
9.834268537074149208e+01 2.446146171457250346e-08 1.725824431718869180e-11
9.864128256513026827e+01 2.431358797478059610e-08 1.718946094107205697e-11
9.893987975951904446e+01 2.416705105716758073e-08 1.712109273673810776e-11
9.923847695390782064e+01 2.402183489652666558e-08 1.705313595657400929e-11
9.953707414829659683e+01 2.387792366825638578e-08 1.698558689793620008e-11
9.983567134268537302e+01 2.373530143015270590e-08 1.691878193453640880e-11
1.001342685370741492e+02 2.359395227457562687e-08 1.685325189014805776e-11
1.004328657314629396e+02 2.345386199348999441e-08 1.678811150082451136e-11
1.007314629258517158e+02 2.331501568229155602e-08 1.672335730141478985e-11
1.010300601202404920e+02 2.317739865630568239e-08 1.665898586773331922e-11
1.013286573146292682e+02 2.304099644690452870e-08 1.659499381595634787e-11
1.016272545090180444e+02 2.290579479770392946e-08 1.653137780202899056e-11
1.019258517034068205e+02 2.277177966083824359e-08 1.646813452108270588e-11
1.022244488977955967e+02 2.263893719331115114e-08 1.640526070686297771e-11
1.025230460921843729e+02 2.250725375342080704e-08 1.634275313116702304e-11
1.028216432865731491e+02 2.237671589725758812e-08 1.628060860329124829e-11
1.031202404809619253e+02 2.224731037527260718e-08 1.621882396948832152e-11
1.034188376753507015e+02 2.211902412891560095e-08 1.615739611243370234e-11
1.037174348697394919e+02 2.199184428734043846e-08 1.609632195070131924e-11
1.040160320641282681e+02 2.186575816417669470e-08 1.603559843824830074e-11
1.043146292585170443e+02 2.174075325436590644e-08 1.597522256390857602e-11
1.046132264529058205e+02 2.161681723106079966e-08 1.591519135089511255e-11
1.049118236472945966e+02 2.149393794258640005e-08 1.585550185631066459e-11
1.052104208416833728e+02 2.137210340946130932e-08 1.579615117066691631e-11
1.055090180360721490e+02 2.125130182147788995e-08 1.573713641741166083e-11
1.058076152304609252e+02 2.113152153484013758e-08 1.567845475246409917e-11
1.061062124248497014e+02 2.101275106935778179e-08 1.562010336375795872e-11
1.064048096192384776e+02 2.089497910569547381e-08 1.556207947079226305e-11
1.067034068136272680e+02 2.077819481453376360e-08 1.550462283335984941e-11
1.070020040080160442e+02 2.066238797148220848e-08 1.544830529115670229e-11
1.073006012024048204e+02 2.054754659459842539e-08 1.539230119100156583e-11
1.075991983967935965e+02 2.043365998171714490e-08 1.533660792340707433e-11
1.078977955911823727e+02 2.032071757855445564e-08 1.528122290777192998e-11
1.081963927855711489e+02 2.020870897626253930e-08 1.522614359198229871e-11
1.084949899799599251e+02 2.009762390903129351e-08 1.517136745201980416e-11
1.087935871743487013e+02 1.998745225173618756e-08 1.511689199157595484e-11
1.090921843687374775e+02 1.987818401763087844e-08 1.506271474167297236e-11
1.093907815631262537e+02 1.976980935608402817e-08 1.500883326029068443e-11
1.096893787575150441e+02 1.966231855035913446e-08 1.495524513199968971e-11
1.099879759519038203e+02 1.955570201543648809e-08 1.490194796760037098e-11
1.102865731462925964e+02 1.944995029587634699e-08 1.484893940376782465e-11
1.105851703406813726e+02 1.934505406372244697e-08 1.479621710270251910e-11
1.108837675350701488e+02 1.924100411644505503e-08 1.474377875178663025e-11
1.111823647294589250e+02 1.913779137492247329e-08 1.469162206324588945e-11
1.114809619238477012e+02 1.903540688146050720e-08 1.463974477381685658e-11
1.117795591182364774e+02 1.893384179784883264e-08 1.458814464441954387e-11
1.120781563126252536e+02 1.883308740345356048e-08 1.453681945983531151e-11
1.123767535070140298e+02 1.873313509334527054e-08 1.448576702838977957e-11
1.126753507014028202e+02 1.863397637646167476e-08 1.443498518164092272e-11
1.129739478957915964e+02 1.853560287380431380e-08 1.438447177407202958e-11
1.132725450901803725e+02 1.843800631666835084e-08 1.433422468278952646e-11
1.135711422845691487e+02 1.834117854490505225e-08 1.428424180722558174e-11
1.138697394789579249e+02 1.824511150521601208e-08 1.423452106884539055e-11
1.141683366733467011e+02 1.814979732926710621e-08 1.418560547101056323e-11
1.144669338677354773e+02 1.805522814772318964e-08 1.413732777702300290e-11
1.147655310621242535e+02 1.796139616146432712e-08 1.408930130104215275e-11
1.150641282565130297e+02 1.786829372816650661e-08 1.404152408729796322e-11
1.153627254509018059e+02 1.777591330428215883e-08 1.399399420026911989e-11
1.156613226452905963e+02 1.768424744351211974e-08 1.394670972442168190e-11
1.159599198396793724e+02 1.759328879530503553e-08 1.389966876395172538e-11
1.162585170340681486e+02 1.750303010338379335e-08 1.385286944253198221e-11
1.165571142284569248e+02 1.741346420429827619e-08 1.380630990306235461e-11
1.168557114228457010e+02 1.732458402600402831e-08 1.375998830742429582e-11
1.171543086172344772e+02 1.723638258646618614e-08 1.371390283623885328e-11
1.174529058116232534e+02 1.714885299228823786e-08 1.366805168862851010e-11
1.177515030060120296e+02 1.706198843736516155e-08 1.362243308198260021e-11
1.180501002004008058e+02 1.697578220156027373e-08 1.357704525172625675e-11
1.183486973947895819e+02 1.689022764940551685e-08 1.353188645109292933e-11
1.186472945891783581e+02 1.680531822882448764e-08 1.348695495090024719e-11
1.189458917835671485e+02 1.672104746987804418e-08 1.344224903932934612e-11
1.192444889779559247e+02 1.663740898353174724e-08 1.339776702170746540e-11
1.195430861723447009e+02 1.655439646044483145e-08 1.335350722029377906e-11
1.198416833667334771e+02 1.647200366978036225e-08 1.330946797406848909e-11
1.201402805611222533e+02 1.639022445803595652e-08 1.326564763852501731e-11
1.204388777555110295e+02 1.630905274789486514e-08 1.322204458546531209e-11
1.207374749498998057e+02 1.622848253709684165e-08 1.317865720279818753e-11
1.210360721442885819e+02 1.614850789732854561e-08 1.313548389434061757e-11
1.213346693386773580e+02 1.606912297313302083e-08 1.309252307962203343e-11
1.216332665330661342e+02 1.599032198083783468e-08 1.304977319369141605e-11
1.219318637274549246e+02 1.591209943274519763e-08 1.300742241725026733e-11
1.222304609218437008e+02 1.583445014880544376e-08 1.296586173106330461e-11
1.225290581162324770e+02 1.575736785711293837e-08 1.292450360750895594e-11
1.228276553106212532e+02 1.568084705087434146e-08 1.288334656928229705e-11
1.231262525050100294e+02 1.560488228998873923e-08 1.284238915340902020e-11
1.234248496993988056e+02 1.552946820008075266e-08 1.280162991107208653e-11
1.237234468937875818e+02 1.545459947155001434e-08 1.276106740744091974e-11
1.240220440881763579e+02 1.538027085863648083e-08 1.272070022150300373e-11
1.243206412825651341e+02 1.530647717850158725e-08 1.268052694589794889e-11
1.246192384769539103e+02 1.523321331032473770e-08 1.264054618675394136e-11
1.249178356713427007e+02 1.516047419441490335e-08 1.260075656352652362e-11
1.252164328657314769e+02 1.508825483133703375e-08 1.256115670883970467e-11
1.255150300601202531e+02 1.501655028105298005e-08 1.252174526832929013e-11
1.258136272545090293e+02 1.494535566207670546e-08 1.248252090048850157e-11
1.261122244488978055e+02 1.487466615064346162e-08 1.244348227651577364e-11
1.264108216432865817e+02 1.480447697989266663e-08 1.240462808016465152e-11
1.267094188376753578e+02 1.473478343906432047e-08 1.236595700759592427e-11
1.270080160320641340e+02 1.466558087270851822e-08 1.232746776723170666e-11
1.273066132264529102e+02 1.459686467990801271e-08 1.228915907961169225e-11
1.276052104208416864e+02 1.452863031351350098e-08 1.225102967725137274e-11
1.279038076152304768e+02 1.446087327939129522e-08 1.221307830450221859e-11
1.282024048096192530e+02 1.439358913568337992e-08 1.217530371741388557e-11
1.285010020040080292e+02 1.432677349207935895e-08 1.213770468359825342e-11
1.287995991983968054e+02 1.426042200910031568e-08 1.210027998209543877e-11
1.290981963927855816e+02 1.419453039739420397e-08 1.206302840324161584e-11
1.293967935871743578e+02 1.412909441704258147e-08 1.202594874853867251e-11
1.296953907815631339e+02 1.406410987687854796e-08 1.198903983052569844e-11
1.299939879759519101e+02 1.399957263381563052e-08 1.195230047265221155e-11
1.302925851703406863e+02 1.393547853918782946e-08 1.191578559525201352e-11
1.305911823647294625e+02 1.387182303701991731e-08 1.188003226832501144e-11
1.308897795591182387e+02 1.380860269021370775e-08 1.184444206862072895e-11
1.311883767535070149e+02 1.374581354144811260e-08 1.180901388226003761e-11
1.314869739478957911e+02 1.368345167828502585e-08 1.177374660548197921e-11
1.317855711422845673e+02 1.362151323255974614e-08 1.173863914452910262e-11
1.320841683366733434e+02 1.355999437978121621e-08 1.170369041553440830e-11
1.323827655310621196e+02 1.349889133854160456e-08 1.166889934440981458e-11
1.326813627254509242e+02 1.343820036993517135e-08 1.163426486673607969e-11
1.329799599198397004e+02 1.337791777698638880e-08 1.159978592765430855e-11
1.332785571142284766e+02 1.331803990408686120e-08 1.156546148175881354e-11
1.335771543086172528e+02 1.325856313644113203e-08 1.153129049299146802e-11
1.338757515030060290e+02 1.319948389952111371e-08 1.149727193453746864e-11
1.341743486973948052e+02 1.314079865852901746e-08 1.146340478872247575e-11
1.344729458917835814e+02 1.308250391786862434e-08 1.142968804691112869e-11
1.347715430861723576e+02 1.302459622062470251e-08 1.139612070940692786e-11
1.350701402805611337e+02 1.296707214805054730e-08 1.136270178535340761e-11
1.353687374749499099e+02 1.290992831906336960e-08 1.132943029263667274e-11
1.356673346693386861e+02 1.285316138974743331e-08 1.129630525778914345e-11
1.359659318637274623e+02 1.279676805286490867e-08 1.126332571589464602e-11
1.362645290581162385e+02 1.274074503737412063e-08 1.123049071049471846e-11
1.365631262525050147e+02 1.268508910795522860e-08 1.119779929349612462e-11
1.368617234468937909e+02 1.262979706454313079e-08 1.116525052507962846e-11
1.371603206412825671e+02 1.257486574186744261e-08 1.113284347360990726e-11
1.374589178356713433e+02 1.252029200899950442e-08 1.110057721554667659e-11
1.377575150300601194e+02 1.246607276890623839e-08 1.106845083535695420e-11
1.380561122244488956e+02 1.241220495801075344e-08 1.103646342542846296e-11
1.383547094188376718e+02 1.235868554575960074e-08 1.100461408598417763e-11
1.386533066132264764e+02 1.230551153419646967e-08 1.097290192499792006e-11
1.389519038076152526e+02 1.225267995754244325e-08 1.094132605811112259e-11
1.392505010020040288e+02 1.220018788178232844e-08 1.090988560855058170e-11
1.395490981963928050e+02 1.214803300854699878e-08 1.087916122593272708e-11
1.398476953907815812e+02 1.209621186651633195e-08 1.084857752469831858e-11
1.401462925851703574e+02 1.204472160468375000e-08 1.081812414738777890e-11
1.404448897795591336e+02 1.199355941212558756e-08 1.078780026276350094e-11
1.407434869739479097e+02 1.194272250770438407e-08 1.075760504664199145e-11
1.410420841683366859e+02 1.189220813969097133e-08 1.072753768181920671e-11
1.413406813627254621e+02 1.184201358539206529e-08 1.069759735799682195e-11
1.416392785571142383e+02 1.179213615078339152e-08 1.066778327170944430e-11
1.419378757515030145e+02 1.174257317014820406e-08 1.063809462625272889e-11
1.422364729458917907e+02 1.169332200572108316e-08 1.060853063161243677e-11
1.425350701402805669e+02 1.164438004733700067e-08 1.057909050439432490e-11
1.428336673346693431e+02 1.159574471208545427e-08 1.054977346775498288e-11
1.431322645290581193e+02 1.154741344396971375e-08 1.052057875133347419e-11
1.434308617234468954e+02 1.149938371357096087e-08 1.049150559118387902e-11
1.437294589178356716e+02 1.145165301771736580e-08 1.046255322970865932e-11
1.440280561122244478e+02 1.140421887915791991e-08 1.043372091559283176e-11
1.443266533066132240e+02 1.135707884624101655e-08 1.040500790373900006e-11
1.446252505010020002e+02 1.131023049259764082e-08 1.037641345520315647e-11
1.449238476953908048e+02 1.126367141682917017e-08 1.034793683713128770e-11
1.452224448897795810e+02 1.121739924219960031e-08 1.031957732269678708e-11
1.455210420841683572e+02 1.117141161633226935e-08 1.029133419103859538e-11
1.458196392785571334e+02 1.112570621091082709e-08 1.026320672720012027e-11
1.461182364729459096e+02 1.108028072138456512e-08 1.023519422206892483e-11
1.464168336673346857e+02 1.103513286667789448e-08 1.020729597231712373e-11
1.467154308617234619e+02 1.099026038890399224e-08 1.017951128034251284e-11
1.470140280561122381e+02 1.094566105308248643e-08 1.015183945421044199e-11
1.473126252505010143e+02 1.090133264686114948e-08 1.012427980759635019e-11
1.476112224448897905e+02 1.085727298024155216e-08 1.009683165972904719e-11
1.479098196392785667e+02 1.081347988530856564e-08 1.006949433533464939e-11
1.482084168336673429e+02 1.076995121596368170e-08 1.004226716458118941e-11
1.485070140280561191e+02 1.072668484766207689e-08 1.001514948302393335e-11
1.488056112224448952e+02 1.068367867715337742e-08 9.988140631551307051e-12
1.491042084168336714e+02 1.064093064676847933e-08 9.961667501310385026e-12
1.494028056112224476e+02 1.059843867628604298e-08 9.935403907727323861e-12
1.497014028056112238e+02 1.055620071883219086e-08 9.909245085845957450e-12
1.500000000000000000e+02 1.051421475381582769e-08 9.883190409975545192e-12
