1.067676000000000069e+00 1.152656358913781241e-03 4.020466634574935668e-04
1.141345000000000054e+00 1.023219500440978496e-03 3.173290855420769318e-04
1.220097999999999905e+00 9.045964577689237030e-04 2.501176029973783250e-04
1.304284999999999917e+00 7.969712857333457806e-04 1.969186365963101993e-04
1.394281000000000104e+00 7.003978484881085050e-04 1.550247176742230537e-04
1.490485999999999978e+00 6.143751187044231479e-04 1.220067379281363721e-04
1.593328999999999995e+00 5.381522967944403360e-04 9.603656344944955974e-05
1.703268999999999922e+00 4.708813846465298306e-04 7.561512435578300910e-05
1.820794999999999941e+00 4.117439833324101320e-04 5.955686391513893401e-05
1.946430000000000105e+00 3.597833366494014649e-04 4.693463838286366957e-05
2.080732999999999944e+00 3.142502960861930203e-04 3.700580724653891037e-05
2.224304000000000059e+00 2.744219917164010644e-04 2.919961085168474863e-05
2.377781000000000144e+00 2.395971863557600640e-04 2.298184849760862280e-05
2.541847999999999885e+00 2.091022829292578399e-04 1.803097050381638483e-05
2.717235000000000067e+00 1.824386880961314421e-04 1.416425506739183132e-05
2.904723999999999862e+00 1.591553840165362249e-04 1.111161537730082611e-05
3.105150000000000077e+00 1.388812850292278005e-04 8.640532267417912456e-06
3.319405999999999857e+00 1.210758516510962999e-04 6.672738536026732893e-06
3.548445000000000071e+00 1.054755590672886817e-04 5.159551906679001450e-06
3.793287999999999993e+00 9.183384880570219771e-05 3.994112537895871663e-06
4.055024000000000406e+00 7.990449217416562564e-05 3.095932373166175888e-06
4.334820999999999813e+00 6.946200078689017247e-05 2.402839596197858167e-06
4.633924000000000376e+00 6.029727612600190110e-05 1.867158315643370837e-06
4.953663999999999845e+00 5.220851824229073460e-05 1.452994058317389750e-06
5.295467000000000368e+00 4.496516685495209685e-05 1.132167621635365031e-06
5.660854999999999748e+00 3.812262151526849598e-05 8.833914470639441906e-07
5.869416000000000189e+00 3.380990283436148525e-05 7.726280983506420865e-07
5.959253999999999607e+00 3.044397000735669443e-05 7.304744559025699492e-07
5.983210999999999835e+00 2.738298901033277719e-05 7.197207898344983340e-07
6.019146000000000107e+00 2.989597197310147583e-05 6.194371714398567995e-06
6.051453000000000415e+00 3.090792532293500864e-05 6.067459396649292704e-06
6.108984000000000414e+00 3.151854793786377498e-05 5.849345249203039914e-06
6.469003999999999976e+00 3.037672307711135837e-05 4.714770320749229508e-06
6.915365000000000428e+00 2.748440421411092665e-05 3.710653413637935866e-06
7.392525000000000013e+00 2.451221175062156567e-05 2.929884553055920136e-06
7.902608999999999995e+00 2.172552413833655656e-05 2.310681950561902726e-06
8.447889999999999233e+00 1.917902280867890986e-05 1.813819483700859151e-06
9.030794000000000210e+00 1.688967368186373980e-05 1.421309377816930114e-06
9.653919000000000139e+00 1.484102662788904917e-05 1.109399162934055258e-06
1.032004000000000055e+01 1.302311941246991312e-05 8.661478021302296524e-07
1.103212000000000081e+01 1.141720900232501837e-05 6.762775371041911179e-07
1.179334000000000060e+01 1.000287823910780265e-05 5.280836977704527168e-07
1.260707999999999984e+01 8.773335035013159146e-06 4.097950182822296941e-07
1.347696999999999967e+01 7.677972418379501796e-06 3.173484009698444518e-07
1.440687999999999924e+01 6.716894019063813367e-06 2.457395965074920007e-07
1.540094999999999992e+01 5.874699373922384156e-06 1.903435974488884928e-07
1.646361999999999881e+01 5.137295178744665636e-06 1.474850602233050489e-07
1.759960999999999842e+01 4.492027761612069132e-06 1.143125062149970598e-07
1.881398000000000081e+01 3.927582057617512342e-06 8.863615739376473333e-08
2.011214999999999975e+01 3.433985850464846799e-06 6.875150771447991844e-08
2.149988000000000099e+01 3.002423755402966743e-06 5.335810756059881486e-08
2.298338000000000036e+01 2.625135093796030342e-06 4.142722543554770305e-08
2.456923000000000101e+01 2.295342795856280627e-06 3.218670829569586192e-08
2.626450000000000173e+01 2.007088693548299440e-06 2.500163423741617531e-08
2.807676000000000016e+01 1.755052796246556905e-06 1.926526363231537113e-08
3.001405000000000101e+01 1.534660293348269623e-06 1.483700239082430207e-08
3.208502000000000010e+01 1.341970164328245812e-06 1.144012323054306817e-08
3.429889000000000010e+01 1.173507129577505997e-06 8.832937383660546161e-09
3.666550999999999760e+01 1.026238578878361930e-06 6.830002873593841220e-09
3.919543000000000177e+01 8.974880288720193257e-07 5.290906373660815645e-09
4.189992000000000161e+01 7.849223759996761752e-07 4.107408791108000750e-09
4.479100999999999999e+01 6.865035943566085210e-07 3.196396875670402260e-09
4.788159000000000276e+01 6.004498210673196302e-07 2.494312665302914806e-09
5.118542000000000058e+01 5.252046252128504989e-07 1.952651657144892877e-09
5.471721000000000146e+01 4.594059027655724318e-07 1.534212489693111388e-09
5.849269999999999925e+01 4.018654389630388272e-07 1.210499885879582827e-09
6.252870000000000061e+01 3.515435247014535087e-07 9.594485036174175366e-10
6.684318000000000382e+01 3.075319099451654643e-07 7.643950809630443770e-10
7.145535999999999888e+01 2.690381395891429185e-07 6.124610487911256787e-10
7.638577999999999690e+01 2.353694684772614802e-07 4.937733810244158367e-10
8.165640000000000498e+01 2.059193693266332101e-07 4.003134490004953833e-10
8.729068999999999789e+01 1.801564010958665942e-07 3.261632063846399062e-10
9.331373999999999569e+01 1.576206341711422409e-07 2.678553413391302590e-10
9.975239000000000544e+01 1.379055552403463313e-07 2.217692831206695020e-10
1.066353000000000009e+02 1.206589471256213008e-07 1.851276526216283498e-10
1.139930999999999983e+02 1.055705892133726063e-07 1.558259053580185044e-10
1.218586999999999989e+02 9.237038782105256763e-08 1.322214928386159631e-10
1.302668999999999926e+02 8.082186787182164570e-08 1.130675842747579584e-10
1.392553000000000054e+02 7.071774031417358093e-08 9.741087929137968248e-11
1.488640000000000043e+02 6.187749080875234818e-08 8.449840534255281960e-11
1.591356000000000108e+02 5.414286163092720385e-08 7.376468181323316486e-11
1.701159000000000106e+02 4.737566735029538870e-08 6.476539352639398247e-11
1.818539000000000101e+02 4.145443305172313805e-08 5.715583102467925365e-11
1.944018000000000086e+02 3.627357279506755566e-08 5.067246783683675102e-11
2.078155999999999892e+02 3.174030480362060549e-08 4.510021373417792863e-11
2.221547999999999945e+02 2.777384990205583950e-08 4.027754851531915766e-11
2.374834999999999923e+02 2.430314711455038644e-08 3.607668094731634645e-11
2.538699000000000012e+02 2.126623912001576087e-08 3.239202372840820553e-11
2.713869000000000256e+02 1.860890779274941299e-08 2.914450652720175304e-11
2.901125999999999863e+02 1.628368895799696515e-08 2.626637129691531347e-11
3.101304000000000087e+02 1.424900824981853566e-08 2.370432287316081051e-11
3.315294000000000096e+02 1.246867127160787759e-08 2.141678263634313930e-11
3.544048999999999978e+02 1.091077974194771536e-08 1.936759165220570055e-11
3.788587999999999738e+02 9.547538519741246654e-09 1.752554978062708075e-11
4.050000999999999749e+02 8.354658060072964172e-09 1.586691049945993767e-11
4.329451000000000249e+02 7.310849693534998020e-09 1.437039510399484275e-11
