1.002588000000000035e+00 1.917707418727935729e-04 1.721346427572448918e-04
1.017552000000000012e+00 1.987295582549630909e-04 1.637521119530488823e-04
1.043700000000000072e+00 1.969670241660256935e-04 1.503565068917480665e-04
1.059674999999999923e+00 1.914726160773031448e-04 1.428769525814111091e-04
1.063935000000000075e+00 1.863175210535023994e-04 1.409661202787507639e-04
1.067676000000000069e+00 1.885080699829088638e-04 1.484195366658279099e-04
1.070324999999999971e+00 1.901981520082323741e-04 1.471661818002875319e-04
1.086300000000000043e+00 1.917801662711203091e-04 1.398896915255445656e-04
1.141345000000000054e+00 1.839678893674402845e-04 1.186347970209465993e-04
1.192757999999999985e+00 1.731515852596460269e-04 1.029206244327665587e-04
1.211014999999999953e+00 1.678582182722890010e-04 9.805078591520727368e-05
1.215883000000000047e+00 1.646703151402358273e-04 9.680694891984684136e-05
1.220097999999999905e+00 1.652301550821060267e-04 1.002832080565223028e-04
1.223186000000000107e+00 1.657201334490109078e-04 9.948551895544973983e-05
1.241441999999999934e+00 1.644729899180892661e-04 9.482278955974486330e-05
1.304284999999999917e+00 1.548140378661733304e-04 8.058118768193372160e-05
1.394281000000000104e+00 1.401087279073758214e-04 6.479116252019014640e-05
1.490485999999999978e+00 1.256281727388036456e-04 5.200604831178135679e-05
1.593328999999999995e+00 1.119602720973373022e-04 4.171541714963607162e-05
1.703268999999999922e+00 9.937791909208589295e-05 3.342802679649187051e-05
1.820794999999999941e+00 8.785876987669794013e-05 2.668316545278629328e-05
1.946430000000000105e+00 7.742131391814582105e-05 2.130294513962593633e-05
2.080732999999999944e+00 6.806418046708210547e-05 1.701862897805836975e-05
2.224304000000000059e+00 5.980000581372364466e-05 1.359262617171168837e-05
2.377781000000000144e+00 5.240328134907025481e-05 1.086000795761155203e-05
2.541847999999999885e+00 4.588574783018643978e-05 8.682649774586167999e-06
2.717235000000000067e+00 4.012596805803423961e-05 6.948903405873482441e-06
2.904723999999999862e+00 3.506707059819558534e-05 5.567560288704987010e-06
3.105150000000000077e+00 3.064016161664914555e-05 4.402610259945174467e-06
3.319405999999999857e+00 2.668970520050005082e-05 3.453615542348290743e-06
3.548445000000000071e+00 2.319743984472575745e-05 2.714388983576235414e-06
3.793287999999999993e+00 2.011567745972049981e-05 2.138012744997983291e-06
4.055024000000000406e+00 1.738866073518284861e-05 1.685475750935087016e-06
4.334820999999999813e+00 1.494588978977664074e-05 1.325948842622607352e-06
4.633924000000000376e+00 1.268167749056529405e-05 1.044751458424152201e-06
4.911661999999999750e+00 1.050408861069462622e-05 8.476648468334117155e-07
4.953663999999999845e+00 1.001938312600001455e-05 8.222273179593481725e-07
4.986839999999999939e+00 9.419907067892943533e-06 8.028092126201906688e-07
5.006888000000000005e+00 8.463023455991111737e-06 7.913772853727085071e-07
5.036959000000000408e+00 9.221244697395274432e-06 2.465487384596504659e-06
5.112137999999999849e+00 9.657699864443724369e-06 2.317637483413323883e-06
5.252212000000000103e+00 9.409291597152298820e-06 2.070631356938528548e-06
5.295467000000000368e+00 9.213435702095204677e-06 2.005009729231449955e-06
5.332602999999999760e+00 8.938226482950303585e-06 1.951604504698655551e-06
5.354040000000000354e+00 8.515020428955587619e-06 1.921770490574566443e-06
5.386197000000000124e+00 8.832175100393676985e-06 2.615251701164242863e-06
5.466587999999999781e+00 8.974229008650346569e-06 2.466157594342155474e-06
5.600013999999999825e+00 8.775680543899845386e-06 2.243621969330582525e-06
5.660854999999999748e+00 8.601310765328805597e-06 2.152987220518066300e-06
5.685729000000000255e+00 8.494829162242126993e-06 2.117868069870988079e-06
5.708586000000000382e+00 8.290021982595474059e-06 2.086344129815353626e-06
5.742872000000000199e+00 8.391694274411925499e-06 2.360171146855711242e-06
5.828585999999999601e+00 8.370750526808180253e-06 2.239204557705730064e-06
6.051453000000000415e+00 8.023991979941632531e-06 1.963226067350167985e-06
6.469003999999999976e+00 7.257255460260436967e-06 1.558657913012809158e-06
6.915365000000000428e+00 6.485380700758375346e-06 1.233701725191875568e-06
7.392525000000000013e+00 5.756253644478445112e-06 9.732021227951485007e-07
7.902608999999999995e+00 5.086235477270009910e-06 7.665691920183900863e-07
8.447889999999999233e+00 4.480918924480834545e-06 6.038939156681493333e-07
9.030794000000000210e+00 3.940925146413242162e-06 4.752672043922795551e-07
9.653919000000000139e+00 3.459499503044349876e-06 3.720241478232963052e-07
1.032004000000000055e+01 3.036783424000467025e-06 2.910344532395915139e-07
1.103212000000000081e+01 2.661211775316242793e-06 2.272451500653434923e-07
1.179334000000000060e+01 2.330165982667064489e-06 1.771268475674297762e-07
1.260707999999999984e+01 2.037648208677567221e-06 1.379890367972067939e-07
1.347696999999999967e+01 1.781071981787713628e-06 1.076135658866439239e-07
1.440687999999999924e+01 1.556359944596816877e-06 8.400378596527132519e-08
1.540094999999999992e+01 1.359738407992490491e-06 6.564825469201259188e-08
1.646361999999999881e+01 1.187808046959869646e-06 5.136419534915943011e-08
1.759960999999999842e+01 1.037527850493840785e-06 4.023672446722335678e-08
1.881398000000000081e+01 9.062070901087867626e-07 3.155854118422855512e-08
2.011214999999999975e+01 7.914594478322642134e-07 2.476595441680985546e-08
2.149988000000000099e+01 6.911969491633732719e-07 1.946021464630037845e-08
2.298338000000000036e+01 6.035715920860573849e-07 1.527646793379045627e-08
2.456923000000000101e+01 5.269581200357036146e-07 1.198804143409360834e-08
2.626450000000000173e+01 4.599452104325744596e-07 9.389238726797924357e-09
2.807676000000000016e+01 4.012436624019228585e-07 7.297424918491510640e-09
3.001405000000000101e+01 3.496445804344326011e-07 5.665454756400467131e-09
3.208502000000000010e+01 3.040563866940343426e-07 4.406393098173586320e-09
3.429889000000000010e+01 2.627347521339852633e-07 3.433491978996297422e-09
3.526491000000000042e+01 2.451766623155759852e-07 3.096470410094185810e-09
3.580467999999999762e+01 2.322608113953498690e-07 2.926839820458703725e-09
3.594861999999999824e+01 2.237682534297976864e-07 2.883659338730992344e-09
3.616452000000000311e+01 2.277390481587382764e-07 1.573365874340514710e-08
3.666550999999999760e+01 2.271564994351211521e-07 1.497924723426404183e-08
3.670429000000000030e+01 2.269135002007300554e-07 1.492320743736565802e-08
3.919543000000000177e+01 2.046827444380613048e-07 1.179153539593762149e-08
4.189992000000000161e+01 1.810549793907231486e-07 9.266445194050129256e-09
4.479100999999999999e+01 1.594220944802925428e-07 7.279355164981180655e-09
4.788159000000000276e+01 1.400689190210172490e-07 5.712088201714361717e-09
5.118542000000000058e+01 1.228968167214240355e-07 4.474695960784258273e-09
5.471721000000000146e+01 1.077345986517115725e-07 3.505759836338303670e-09
5.849269999999999925e+01 9.438616473352207020e-08 2.747321989444958866e-09
6.252870000000000061e+01 8.265698683484637894e-08 2.153831753649344193e-09
6.684318000000000382e+01 7.236376570063421436e-08 1.689354393957067520e-09
7.145535999999999888e+01 6.333918089778639389e-08 1.325826768061626772e-09
7.638577999999999690e+01 5.546098640063692088e-08 1.038468664899860255e-09
8.165640000000000498e+01 4.853183121757654233e-08 8.128014891412975452e-10
8.729068999999999789e+01 4.246072336280760387e-08 6.348093460783953449e-10
9.331373999999999569e+01 3.714586613913428459e-08 4.965165951547864699e-10
9.975239000000000544e+01 3.249468146518549353e-08 3.889496394393340702e-10
1.066353000000000009e+02 2.842512056042830169e-08 3.052251156609737579e-10
1.139930999999999983e+02 2.486487281282501565e-08 2.400111196885132049e-10
1.218586999999999989e+02 2.175046315415369153e-08 1.891659749153735434e-10
1.302668999999999926e+02 1.902624853340193288e-08 1.494934695836537787e-10
1.392553000000000054e+02 1.664340739703415355e-08 1.184774135227175176e-10
1.488640000000000043e+02 1.455915530354765497e-08 9.420487910734172942e-11
1.591356000000000108e+02 1.273611387500459434e-08 7.519128093875943500e-11
1.701159000000000106e+02 1.114157264926002742e-08 6.028303905988008337e-11
1.818539000000000101e+02 9.746852036578567255e-09 4.853933779863778882e-11
1.944018000000000086e+02 8.526880667219357628e-09 3.926867824591618513e-11
2.078155999999999892e+02 7.459735641353755254e-09 3.192830251725713853e-11
2.221547999999999945e+02 6.526283579919893091e-09 2.609945670368621616e-11
2.374834999999999923e+02 5.709724366508389399e-09 2.145562258767407436e-11
2.538699000000000012e+02 4.995421540993053422e-09 1.774149492927236947e-11
2.713869000000000256e+02 4.370545383754797860e-09 1.475805059245921641e-11
2.901125999999999863e+02 3.823896423344310837e-09 1.235102665927345017e-11
3.101304000000000087e+02 3.345661804087193663e-09 1.039968046544670838e-11
3.315294000000000096e+02 2.927280455175378738e-09 8.808501975095211607e-12
3.544048999999999978e+02 2.561246789933734552e-09 7.504869035321930008e-12
3.788587999999999738e+02 2.241011327895060910e-09 6.429738436221670246e-12
4.050000999999999749e+02 1.960835784398811918e-09 5.537297978745145330e-12
4.329451000000000249e+02 1.715704305398774289e-09 4.792939295519336269e-12
