1.067676000000000069e+00 1.020300959929752250e-03 7.122533825440116985e-04
1.074178000000000077e+00 1.013014360046442762e-03 6.957208895363200781e-04
1.090619000000000005e+00 9.740747177050259557e-04 6.563279643119684448e-04
1.095004000000000088e+00 9.333773333149147228e-04 6.463691480759827272e-04
1.101580000000000004e+00 9.668373715257423673e-04 7.071685065746181800e-04
1.118022000000000071e+00 9.893764947929146840e-04 6.739805547339048838e-04
1.141345000000000054e+00 9.897769292285076622e-04 6.313328940536786036e-04
1.220097999999999905e+00 9.457364029324324007e-04 5.061287760044715133e-04
1.304284999999999917e+00 8.738934988689962867e-04 4.040276499226874989e-04
1.394281000000000104e+00 7.939755993591188004e-04 3.221475281983147347e-04
1.490485999999999978e+00 7.139816349863156242e-04 2.570724472946909317e-04
1.593328999999999995e+00 6.386962232707062972e-04 2.051867906789248369e-04
1.703268999999999922e+00 5.680751259832662707e-04 1.620473534030695737e-04
1.820794999999999941e+00 5.026606492338487990e-04 1.278994405995087307e-04
1.946430000000000105e+00 4.432860239458432305e-04 1.009500469015283297e-04
2.080732999999999944e+00 3.899836928161246161e-04 7.967441140558254400e-05
2.224304000000000059e+00 3.429740691047987195e-04 6.283905727777445516e-05
2.377781000000000144e+00 3.007467267222204972e-04 4.943261885395264493e-05
2.541847999999999885e+00 2.633820838275293839e-04 3.890359215016657093e-05
2.717235000000000067e+00 2.304684919435110227e-04 3.063985661523996632e-05
2.904723999999999862e+00 2.016061569416272362e-04 2.415427935765249542e-05
3.105150000000000077e+00 1.763485809454823122e-04 1.894369432575182565e-05
3.319405999999999857e+00 1.540336878438582405e-04 1.478636322066886930e-05
3.548445000000000071e+00 1.344839693647802517e-04 1.155316417158707380e-05
3.793287999999999993e+00 1.173875823163915102e-04 9.024152558739463991e-06
4.055024000000000406e+00 1.024269717019453050e-04 7.016128936241183717e-06
4.334820999999999813e+00 8.934388692330965862e-05 5.462418210842314323e-06
4.633924000000000376e+00 7.791693457932066162e-05 4.258993978485311101e-06
4.953663999999999845e+00 6.794021783036355939e-05 3.314871837556071230e-06
5.295467000000000368e+00 5.922221716865978770e-05 2.578220113909445035e-06
5.660854999999999748e+00 5.160548275951618507e-05 2.007495199479110526e-06
6.051453000000000415e+00 4.494823733530507227e-05 1.565151719505493114e-06
6.469003999999999976e+00 3.912429463184484809e-05 1.221754635392727431e-06
6.915365000000000428e+00 3.401862437771416194e-05 9.549393141733286163e-07
7.392525000000000013e+00 2.952328357663190143e-05 7.473616935064224607e-07
7.902608999999999995e+00 2.552196405019049898e-05 5.856800481227085013e-07
8.447889999999999233e+00 2.181870637646694580e-05 4.595879760753175523e-07
8.799322000000000088e+00 1.932862534823070292e-05 3.965860132294908940e-07
8.934005000000000862e+00 1.771199394205431624e-05 3.750721129223449440e-07
8.969920999999999367e+00 1.632140971095178550e-05 3.693029021001186029e-07
9.030794000000000210e+00 1.747763901900421435e-05 2.786733809484459296e-06
9.158478000000000563e+00 1.798733864333087502e-05 2.636878137122072592e-06
9.653919000000000139e+00 1.715542546460519503e-05 2.154221949989469960e-06
1.032004000000000055e+01 1.543038329203003542e-05 1.689919992518675124e-06
1.103212000000000081e+01 1.371046825077432881e-05 1.332433379537753692e-06
1.179334000000000060e+01 1.212136474096960804e-05 1.051159403801651042e-06
1.260707999999999984e+01 1.068193003493993516e-05 8.237850276607497092e-07
1.347696999999999967e+01 9.392467247772678438e-06 6.446698379370407917e-07
1.440687999999999924e+01 8.246177468203149768e-06 5.038682852968100830e-07
1.540094999999999992e+01 7.231911227886726944e-06 3.934988064105330266e-07
1.646361999999999881e+01 6.337457465742824245e-06 3.071982028366258642e-07
1.759960999999999842e+01 5.550542140114003459e-06 2.398422566477882856e-07
1.881398000000000081e+01 4.865420321231604596e-06 1.866161774167485366e-07
2.011214999999999975e+01 4.257685507888600200e-06 1.450287482369196486e-07
2.149988000000000099e+01 3.724904640198507683e-06 1.127528571797618067e-07
2.298338000000000036e+01 3.258244636169045032e-06 8.768559774181844769e-08
2.456923000000000101e+01 2.849740297178834879e-06 6.819114253327074516e-08
2.626450000000000173e+01 2.492282697112566089e-06 5.304249977941685116e-08
2.807676000000000016e+01 2.179681768619782479e-06 4.109552572907201260e-08
3.001405000000000101e+01 1.906083145629034201e-06 3.181294170226996690e-08
3.208502000000000010e+01 1.666768832185101779e-06 2.464577593409385450e-08
3.429889000000000010e+01 1.457500124835488995e-06 1.910792596277361765e-08
3.666550999999999760e+01 1.274531820025466101e-06 1.482797519349072802e-08
3.919543000000000177e+01 1.114566127013244776e-06 1.151238284347882195e-08
4.189992000000000161e+01 9.746969445553269678e-07 8.907147413427228107e-09
4.479100999999999999e+01 8.523919345283684050e-07 6.901514474770188405e-09
4.788159000000000276e+01 7.454537312887283089e-07 5.357145528201333803e-09
5.118542000000000058e+01 6.519537381171331870e-07 4.166462849893111082e-09
5.471721000000000146e+01 5.702025752054395637e-07 3.248052168060190033e-09
5.849269999999999925e+01 4.987210901578640103e-07 2.538450286468345661e-09
6.252870000000000061e+01 4.362169833739025103e-07 1.990051537840580081e-09
6.684318000000000382e+01 3.815595101340087180e-07 1.565353104368834986e-09
7.145535999999999888e+01 3.337619501732836430e-07 1.236057324975820213e-09
7.638577999999999690e+01 2.919609288886863812e-07 9.802813493615140362e-10
8.165640000000000498e+01 2.554047700037186492e-07 7.804250271655751068e-10
8.729068999999999789e+01 2.234319116473556832e-07 6.233698071335634448e-10
9.331373999999999569e+01 1.954656185265874681e-07 5.009589068253410886e-10
9.975239000000000544e+01 1.710038519988583382e-07 4.052414540787605840e-10
1.066353000000000009e+02 1.496064800526151891e-07 3.301228852311757567e-10
1.139930999999999983e+02 1.308897352026447390e-07 2.709157268388280471e-10
1.218586999999999989e+02 1.145163284903028012e-07 2.240336957056419260e-10
1.302668999999999926e+02 1.001930462714177557e-07 1.867035388518096818e-10
1.392553000000000054e+02 8.766272700761314326e-08 1.568013094858095750e-10
1.488640000000000043e+02 7.670042181048457122e-08 1.327011160137215459e-10
1.591356000000000108e+02 6.710997585006336516e-08 1.131476414653419373e-10
1.701159000000000106e+02 5.871953271517368930e-08 9.716089040488850881e-11
1.818539000000000101e+02 5.137877872390423621e-08 8.399149579405700751e-11
1.944018000000000086e+02 4.495604016421429919e-08 7.304960617056519917e-11
2.078155999999999892e+02 3.933656271389461732e-08 6.389769116120694060e-11
2.221547999999999945e+02 3.441992089456371221e-08 5.617206809290618943e-11
2.374834999999999923e+02 3.011788389872615491e-08 4.960933689693095854e-11
2.538699000000000012e+02 2.635381344016905424e-08 4.398710402268311815e-11
2.713869000000000256e+02 2.306033848300501488e-08 3.913806590194309079e-11
2.901125999999999863e+02 2.017851947400105054e-08 3.492371106682082341e-11
3.101304000000000087e+02 1.765695613012339480e-08 3.124426435584859474e-11
3.315294000000000096e+02 1.545055034346899410e-08 2.801163600636798501e-11
3.544048999999999978e+02 1.351990505867448424e-08 2.515844017078108048e-11
3.788587999999999738e+02 1.183054751632942860e-08 2.262850336312336004e-11
4.050000999999999749e+02 1.035231228215598466e-08 2.037731308011072481e-11
4.329451000000000249e+02 9.058817008104318416e-09 1.836738327040824561e-11
