1.001660500000000065e+00 7.730850034659419046e-04 2.005638271558989071e-04
1.006668799999999919e+00 7.648771572269030079e-04 1.974375171530792447e-04
1.011702099999999938e+00 7.565405880194989684e-04 1.943623728053771251e-04
1.016760600000000014e+00 7.481039310242386777e-04 1.913378234493262511e-04
1.021844399999999986e+00 7.395844732247026411e-04 1.883633230284514394e-04
1.026953599999999911e+00 7.309988995861498853e-04 1.854301157200161890e-04
1.032088399999999906e+00 7.223611163780459038e-04 1.825459429214542901e-04
1.037248900000000029e+00 7.136806234191614114e-04 1.797102726352737580e-04
1.042435100000000059e+00 7.049627152120770124e-04 1.769225942671303893e-04
1.047647299999999948e+00 6.962161056020595845e-04 1.741742982974166915e-04
1.052885499999999919e+00 6.874417287372242176e-04 1.714650034503663887e-04
1.058149900000000088e+00 6.786441668779996488e-04 1.688102426245829187e-04
1.063440699999999906e+00 6.698259361323587830e-04 1.661935059191410797e-04
1.068757900000000038e+00 6.609878325822038424e-04 1.636144225405237519e-04
1.074101699999999937e+00 6.521304132212022700e-04 1.610804472260634701e-04
1.079472200000000104e+00 6.432543753203975954e-04 1.585832680234999694e-04
1.084869499999999931e+00 6.343567152305170471e-04 1.561302842552898904e-04
1.090293900000000038e+00 6.254361952993930246e-04 1.537132410530419582e-04
1.095745399999999981e+00 6.164901941083926907e-04 1.513394826097039453e-04
1.101224100000000039e+00 6.075161211279761411e-04 1.490008674915985372e-04
1.106730200000000108e+00 5.985114234851405396e-04 1.466970197013116762e-04
1.112263900000000083e+00 5.894701670804651647e-04 1.444351514855002458e-04
1.117825199999999963e+00 5.803886600431472408e-04 1.422072603832512448e-04
1.123414300000000088e+00 5.712597375098708418e-04 1.400129810760432543e-04
1.129031399999999907e+00 5.620782894951592166e-04 1.378519520623101250e-04
1.134676500000000088e+00 5.528362716487561328e-04 1.357312739948031020e-04
1.140349899999999916e+00 5.435240486007388667e-04 1.336430711840071693e-04
1.146051699999999895e+00 5.341326280832611696e-04 1.315870045477675299e-04
1.151781900000000025e+00 5.246502436036523187e-04 1.295627489158041588e-04
1.157540800000000036e+00 5.150654005722396468e-04 1.275699477954892933e-04
1.163328499999999988e+00 5.053624854336531040e-04 1.256082707463282780e-04
1.169145199999999996e+00 4.955265107625618417e-04 1.236773793526936961e-04
1.174990900000000060e+00 4.855338615295079594e-04 1.217626005806869661e-04
1.180865899999999913e+00 4.753648566042255243e-04 1.198638057602500405e-04
1.186770199999999997e+00 4.649901090992034991e-04 1.179951144260731744e-04
1.192703999999999986e+00 4.543798420114593980e-04 1.161632705269199494e-04
1.198667600000000055e+00 4.434979446833470641e-04 1.143537582918486184e-04
1.204660899999999923e+00 4.322996749246957511e-04 1.125733922723738797e-04
1.210684199999999988e+00 4.207330300198149878e-04 1.108218431818979615e-04
1.216737600000000086e+00 4.087322100687855843e-04 1.090988036496958136e-04
1.222821300000000111e+00 3.962166863740339598e-04 1.074039599507243268e-04
1.228935399999999900e+00 3.830834560497294928e-04 1.057370101021364608e-04
1.235080100000000014e+00 3.691995204790837282e-04 1.040976460825038247e-04
1.241255500000000067e+00 3.543880085813567852e-04 1.024855711963441353e-04
1.247461799999999954e+00 3.384079124594624129e-04 1.008937206982281852e-04
1.253699099999999955e+00 3.209269899443796949e-04 9.932863268371510562e-05
1.259967599999999965e+00 3.014163480818424722e-04 9.779000969928858353e-05
1.266267400000000043e+00 2.790707271377097136e-04 9.627756483809377769e-05
1.272598799999999919e+00 2.524705648367105799e-04 9.479099857946543290e-05
1.278961800000000038e+00 2.187561425530935063e-04 9.332344101930127925e-05
1.285356600000000071e+00 1.705534051850992770e-04 9.188126674693955617e-05
1.291783300000000079e+00 7.315630106897666332e-05 9.046419829620735542e-05
1.294729000000000019e+00 -1.656288735180981532e-04 8.982184443842404498e-05
1.295070900000000025e+00 -1.700492131649014181e-04 3.455983937881848610e-04
1.298242300000000071e+00 6.940976000085592138e-05 3.426163731955311873e-04
1.304733499999999990e+00 1.480103548605158238e-04 3.366187385647464243e-04
1.311257099999999953e+00 1.763051514259575208e-04 3.307302153511414329e-04
1.317813399999999913e+00 1.851126473218230419e-04 3.249431421919214951e-04
1.324402499999999927e+00 1.755899503337226067e-04 3.192627864459109512e-04
1.331024500000000055e+00 1.066702875558181261e-04 3.136752840609292057e-04
1.332198800000000016e+00 2.950307855267652159e-05 3.126959146912344713e-04
1.332801099999999961e+00 2.841428251050299726e-05 4.703382873480143559e-04
1.337679599999999969e+00 1.820284037303037587e-04 4.642401332563474039e-04
1.344368000000000007e+00 2.347912383778152717e-04 4.560509314266356345e-04
1.351089900000000066e+00 2.661582436960896296e-04 4.480066279368742437e-04
1.357845299999999922e+00 2.888678284297453735e-04 4.400994536752226628e-04
1.364634499999999973e+00 3.065947026852317101e-04 4.323402227753683812e-04
1.371457699999999891e+00 3.209831022766464616e-04 4.247149480271485643e-04
1.378314999999999957e+00 3.329318576585457603e-04 4.172221740497684375e-04
1.385206600000000066e+00 3.429974480092784343e-04 4.098665171032395637e-04
1.392132600000000053e+00 3.515556336666000176e-04 4.026403960398085399e-04
1.399093300000000095e+00 3.588722475197237815e-04 3.955483647402043088e-04
1.406088699999999969e+00 3.651439021092732517e-04 3.885769580144365128e-04
1.413119199999999909e+00 3.705237996249684425e-04 3.817247899790907756e-04
1.420184799999999914e+00 3.751295222829284732e-04 3.750024776091868310e-04
1.427285700000000102e+00 3.790572265376882118e-04 3.683967160680190088e-04
1.434422099999999922e+00 3.823858819042445160e-04 3.619062116787170359e-04
1.441594199999999937e+00 3.851811901212731735e-04 3.555296829219107440e-04
1.448802200000000040e+00 3.874982537812966593e-04 3.492716828462822417e-04
1.456046200000000068e+00 3.893820968791922429e-04 3.431193033127184397e-04
1.463326499999999974e+00 3.908740788419126384e-04 3.370828902321941641e-04
1.470643099999999981e+00 3.920072484114275934e-04 3.311496961866514425e-04
1.477996300000000041e+00 3.928134066453048802e-04 3.253185593949283329e-04
1.485386300000000048e+00 3.933174056823853242e-04 3.195940313509846643e-04
1.492813200000000062e+00 3.935413885950233659e-04 3.139749311129226171e-04
1.500277300000000036e+00 3.935066874726284220e-04 3.084488003402835877e-04
1.507778700000000027e+00 3.932311682247457822e-04 3.030258368628682892e-04
1.515317599999999931e+00 3.927282796763529975e-04 2.976937357585072042e-04
1.522894200000000087e+00 3.920129595448049544e-04 2.924625816541769237e-04
1.530508600000000108e+00 3.910969379732229744e-04 2.873202197335509959e-04
1.538161200000000006e+00 3.899886819471556671e-04 2.822711213534779477e-04
1.545852000000000004e+00 3.886975548611045677e-04 2.773088187362649643e-04
1.553581199999999995e+00 3.872289429163946355e-04 2.724323538416492012e-04
1.561349099999999934e+00 3.855880780861307912e-04 2.676461631108506371e-04
1.569155899999999937e+00 3.837765912967808593e-04 2.629438505169470384e-04
1.577001700000000062e+00 3.817962014759346246e-04 2.583245019631562507e-04
1.584886699999999982e+00 3.796425276868460098e-04 2.537871943225190148e-04
1.592811100000000035e+00 3.773097444661725080e-04 2.493310128871908688e-04
1.600775199999999954e+00 3.747880552512788434e-04 2.449550359814453506e-04
1.608778999999999959e+00 3.720581743243613505e-04 2.406531528716900938e-04
1.616822900000000063e+00 3.690931591458312499e-04 2.364297390627531040e-04
1.624907000000000101e+00 3.658500283584857279e-04 2.322839275822940000e-04
1.633031600000000028e+00 3.622572558666275252e-04 2.282044988244631256e-04
1.641196700000000064e+00 3.581937443498647627e-04 2.242010489013410558e-04
1.649402699999999999e+00 3.534308319164190630e-04 2.202675765236972280e-04
1.657649699999999893e+00 3.474647458874180386e-04 2.164084095163324036e-04
1.665937999999999919e+00 3.387841026219818360e-04 2.126125637040984177e-04
1.674001499999999920e+00 3.168333350942416685e-04 2.089982505612839405e-04
1.674267699999999914e+00 3.147142352756063526e-04 2.088793671168599731e-04
1.677198600000000095e+00 3.158378082585830741e-04 2.433497321066465909e-04
1.682638999999999996e+00 3.318299598447332736e-04 2.404923898216263141e-04
1.691052199999999894e+00 3.390506448578088899e-04 2.361531865478441348e-04
1.699507499999999949e+00 3.420671599543998126e-04 2.318958748536370453e-04
1.708004999999999995e+00 3.434201743305103022e-04 2.277096621574337945e-04
1.716544999999999987e+00 3.438459592038727009e-04 2.236035909609142714e-04
1.725127800000000100e+00 3.436605572529362589e-04 2.195718464470616685e-04
1.733753399999999889e+00 3.430293162734854404e-04 2.156136233588189330e-04
1.742422200000000032e+00 3.420457439195701194e-04 2.117232315236231954e-04
1.751134299999999921e+00 3.407629693358617826e-04 2.078999396200764303e-04
1.759889899999999896e+00 3.392053802032441888e-04 2.041765634335525044e-04
1.768689399999999967e+00 3.374523617512588522e-04 2.006376991164365191e-04
1.777532799999999913e+00 3.355417462090864024e-04 1.971717163724055419e-04
1.786420499999999967e+00 3.334653396526083050e-04 1.937683006868649795e-04
1.795352599999999965e+00 3.312053158805674689e-04 1.904361614885656474e-04
1.804329400000000083e+00 3.287298240258368668e-04 1.871697798374358072e-04
1.813350999999999935e+00 3.259652822748687357e-04 1.839637585543138856e-04
1.822417799999999977e+00 3.227417382083572683e-04 1.808220268418111608e-04
1.831529900000000044e+00 3.185231278191416365e-04 1.777392469843271962e-04
1.839985800000000005e+00 3.101983635890345043e-04 1.749464297321747192e-04
1.840687500000000032e+00 3.081727353989758764e-04 1.747147521012015704e-04
1.843614099999999922e+00 3.093597226006878807e-04 1.859222804008429930e-04
1.849890899999999894e+00 3.139659216860541725e-04 1.837227520842873042e-04
1.859140400000000026e+00 3.150348081599242418e-04 1.805490616186305628e-04
1.868436100000000044e+00 3.147187418641791013e-04 1.774385262066236347e-04
1.877778299999999900e+00 3.138333433461415185e-04 1.743859172563302896e-04
1.887167199999999934e+00 3.126210841375377174e-04 1.713861119311968029e-04
1.896603000000000039e+00 3.111900427813594355e-04 1.684474254859839924e-04
1.906085999999999947e+00 3.095972699914297096e-04 1.655647154232384893e-04
1.915616500000000055e+00 3.078750617064144896e-04 1.627285307083484200e-04
1.925194499999999920e+00 3.060428379691761125e-04 1.599471538202679839e-04
1.934820500000000054e+00 3.041086667489369686e-04 1.572330148898299599e-04
1.944494600000000073e+00 3.021070657488761509e-04 1.546156762392794269e-04
1.954217099999999929e+00 3.000545971227880208e-04 1.520507034023604019e-04
1.963988199999999962e+00 2.979485518374816629e-04 1.495289026835494453e-04
1.973808100000000065e+00 2.957886064586217191e-04 1.470626258081105420e-04
1.983677200000000029e+00 2.935694318822501580e-04 1.446384433240553019e-04
1.993595500000000076e+00 2.912827676910663909e-04 1.422601409723254302e-04
2.003563499999999831e+00 2.889113262497101757e-04 1.399271776743968190e-04
2.013581299999999796e+00 2.864203486214798953e-04 1.376390460069076220e-04
2.023649199999999926e+00 2.837337812796784193e-04 1.353910604528127642e-04
2.033767500000000172e+00 2.806286772909951494e-04 1.331827712832702425e-04
2.043238500000000180e+00 2.762514471856945971e-04 1.311658330579638205e-04
2.043936299999999928e+00 2.756900315396378564e-04 1.310178731046952687e-04
2.050361300000000053e+00 2.748498534770205809e-04 1.358200889864891951e-04
2.054155999999999871e+00 2.755489155276296450e-04 1.350024651244833413e-04
2.064426800000000117e+00 2.752799023950677597e-04 1.328270761790634582e-04
2.074748899999999896e+00 2.741776406348000517e-04 1.306862583811141138e-04
2.085122699999999885e+00 2.727766916442104562e-04 1.285877230060533227e-04
2.095548299999999919e+00 2.712193644894929563e-04 1.265229402984009970e-04
2.106025999999999954e+00 2.695661054287732425e-04 1.244955491364409565e-04
2.116556200000000221e+00 2.678482116350941076e-04 1.225011351884294189e-04
2.127138899999999833e+00 2.660843115726963361e-04 1.205433221379289090e-04
2.137774600000000191e+00 2.642864764661133868e-04 1.186177368894319941e-04
2.148463500000000082e+00 2.624621443535033079e-04 1.167240324635637137e-04
2.159205800000000064e+00 2.606212938612650714e-04 1.148696784614613428e-04
2.170001800000000092e+00 2.587702565636466477e-04 1.130464368958786344e-04
2.180851899999999954e+00 2.569137259124735216e-04 1.112462238143055882e-04
2.191756100000000096e+00 2.550449448639656122e-04 1.094534351439807411e-04
2.202714900000000142e+00 2.531658717091699821e-04 1.076910464556600613e-04
2.213728500000000210e+00 2.512798051723667456e-04 1.059587271060362460e-04
2.224797099999999972e+00 2.493886000553692354e-04 1.042523574830128274e-04
2.235921100000000106e+00 2.474944393368852980e-04 1.025792054176733988e-04
2.247100699999999840e+00 2.455990389765217623e-04 1.009276302076450392e-04
2.258336200000000016e+00 2.437031754038497912e-04 9.930862632565296791e-05
2.269627900000000142e+00 2.418084484339116534e-04 9.771066639343825892e-05
2.280975999999999893e+00 2.399164210310734068e-04 9.614464246226591608e-05
2.292380899999999944e+00 2.380268942499775761e-04 9.459913963336939486e-05
2.303842799999999968e+00 2.361413683420741959e-04 9.308128255587077584e-05
2.315361999999999920e+00 2.342608599374017741e-04 9.158711751958560458e-05
2.326938800000000196e+00 2.323855414421002665e-04 9.012001668021390273e-05
2.338573499999999861e+00 2.305159802663079704e-04 8.867246071221667521e-05
2.350266400000000200e+00 2.286535145390558067e-04 8.725143372900409644e-05
2.362017699999999998e+00 2.267978842480417219e-04 8.585306810908485231e-05
2.373827799999999932e+00 2.249503533536497183e-04 8.447356263875279694e-05
2.385696999999999957e+00 2.231113882549580897e-04 8.311980069264513621e-05
2.397625399999999907e+00 2.212814742889754826e-04 8.178445990990086819e-05
2.409613600000000133e+00 2.194576001415764590e-04 8.046034337516965959e-05
2.421661600000000192e+00 2.176403350107712501e-04 7.915783282595396703e-05
2.433769900000000153e+00 2.158297689940091868e-04 7.787668740348897291e-05
2.445938799999999969e+00 2.140267557047365000e-04 7.661667516740154670e-05
2.458168500000000201e+00 2.122317718965947733e-04 7.537756931947591475e-05
2.470459299999999914e+00 2.104452588792212234e-04 7.415572721742485270e-05
2.482811599999999785e+00 2.086672697154175616e-04 7.295436858017474268e-05
2.495225700000000213e+00 2.068982232105430225e-04 7.177326940591038690e-05
2.507701799999999981e+00 2.051385380277387621e-04 7.061221050760670148e-05
2.520240300000000211e+00 2.033885835511474384e-04 6.946762173640625955e-05
2.532841499999999968e+00 2.016480492116931968e-04 6.834266553304846196e-05
2.545505700000000093e+00 1.999173103755119707e-04 6.723712553632754240e-05
2.558233299999999932e+00 1.981967115089393425e-04 6.614748724521719793e-05
2.571024400000000210e+00 1.964866287322236216e-04 6.507359257883056050e-05
2.583879599999999943e+00 1.947870192282953107e-04 6.402180154284460524e-05
2.596798999999999857e+00 1.938099472715802685e-04 6.297561878286769073e-05
2.609782899999999906e+00 1.921239620883845897e-04 6.194149579480516283e-05
2.622831899999999994e+00 1.904472451127838580e-04 6.092574836984848956e-05
2.635946000000000122e+00 1.887801903299387045e-04 5.992497860047543197e-05
2.649125699999999917e+00 1.871237267578186971e-04 5.894221105187302578e-05
2.662371400000000055e+00 1.854772191226055310e-04 5.797724230616654303e-05
2.675683199999999928e+00 1.842785630959990143e-04 5.701726635396517606e-05
2.689061699999999888e+00 1.826467648700635113e-04 5.607167848760844842e-05
2.702507000000000215e+00 1.810244320121514282e-04 5.514033299981967840e-05
2.716019499999999809e+00 1.794118720855383668e-04 5.422929094033581375e-05
2.729599599999999793e+00 1.778093797951657399e-04 5.332903886121324893e-05
2.743247600000000119e+00 1.762169598557865226e-04 5.244562751350397185e-05
2.756963799999999853e+00 1.746349029306637859e-04 5.157580666309993062e-05
2.770748600000000117e+00 1.730634743557100865e-04 5.072247595077797555e-05
2.784602399999999811e+00 1.715023641924593107e-04 4.988241696136875360e-05
2.798525399999999941e+00 1.699524133225446083e-04 4.905850557291330390e-05
2.812517999999999851e+00 1.684130227743553066e-04 4.824755657789234990e-05
2.826580600000000221e+00 1.668849825809561982e-04 4.744943066082453313e-05
2.840713500000000113e+00 1.653677079949832822e-04 4.666399145799562178e-05
2.854917100000000207e+00 1.638616958385464325e-04 4.589405695683033628e-05
2.869191700000000012e+00 1.623671674400696075e-04 4.513356887875070257e-05
2.883537599999999923e+00 1.608838076508972627e-04 4.439121492791724258e-05
2.897955300000000012e+00 1.594123298805360254e-04 4.365512935633322956e-05
2.912445099999999787e+00 1.579521513530331286e-04 4.292816553158624725e-05
2.927007300000000090e+00 1.565034746480242832e-04 4.221311941197857307e-05
2.941642400000000102e+00 1.550662183673529905e-04 4.150985974736380173e-05
2.956350599999999940e+00 1.536410831450770744e-04 4.082111418425785477e-05
2.971132299999999837e+00 1.522277287481268711e-04 4.014103414369825899e-05
2.985987999999999865e+00 1.508272855516314917e-04 3.947518475369800122e-05
3.000917900000000138e+00 1.494423218750861378e-04 3.881496819519973814e-05
3.015922499999999840e+00 1.480942438709443893e-04 3.813237257821989698e-05
3.031002099999999810e+00 1.467429884662020635e-04 3.745839165113482207e-05
3.046157099999999840e+00 1.453938439853922704e-04 3.679848103091029035e-05
3.061387900000000162e+00 1.440490977108874388e-04 3.615247579373010052e-05
3.076694900000000121e+00 1.427104873875701839e-04 3.551472892760954209e-05
3.092078299999999835e+00 1.413790160794249986e-04 3.489061902704215665e-05
3.107538700000000098e+00 1.400553848643235294e-04 3.427726838085700474e-05
3.123076399999999975e+00 1.387400698053114503e-04 3.367455933406071991e-05
3.138691800000000143e+00 1.374335185317581776e-04 3.308506181892242355e-05
3.154385299999999948e+00 1.361359404357842973e-04 3.250327049727566451e-05
3.170157199999999786e+00 1.348475438916488733e-04 3.193443286271420840e-05
3.186008000000000173e+00 1.335685107167545918e-04 3.137574586531484720e-05
3.201938000000000173e+00 1.322990306763982993e-04 3.082709716870218344e-05
3.217947699999999855e+00 1.310392679161550308e-04 3.028575203490871395e-05
3.234037400000000062e+00 1.297891856159081962e-04 2.975685610097909307e-05
3.250207599999999974e+00 1.285491441124165721e-04 2.923766359618206815e-05
3.266458699999999826e+00 1.273186765101034872e-04 2.872806528128273962e-05
3.282791000000000015e+00 1.260983534849679925e-04 2.822538408504182879e-05
3.299204899999999885e+00 1.248879106548420471e-04 2.773466482901927591e-05
3.315700899999999951e+00 1.236874817847094955e-04 2.725067363272801031e-05
3.332279400000000003e+00 1.224972006551355494e-04 2.677587465553366952e-05
3.348940799999999829e+00 1.213168039110108147e-04 2.631016332975526917e-05
3.365685599999999944e+00 1.203475488019028529e-04 2.584591608904309489e-05
3.382514000000000021e+00 1.191856901971785084e-04 2.539062579661457706e-05
3.399426500000000129e+00 1.180329630911271639e-04 2.494170783806157871e-05
3.416423700000000174e+00 1.168896832886687811e-04 2.450230634702069499e-05
3.433505799999999830e+00 1.157556234825003749e-04 2.407059128956519760e-05
3.450673300000000054e+00 1.146309100014229488e-04 2.364647695293356576e-05
3.467926700000000029e+00 1.135156622687511239e-04 2.323036494094172683e-05
3.485266300000000150e+00 1.124096462008584892e-04 2.282143909358826521e-05
3.502692699999999881e+00 1.113131497509139089e-04 2.242034154518226849e-05
3.520206099999999783e+00 1.102259437711896668e-04 2.202626554317800098e-05
3.537807200000000041e+00 1.091481238785740442e-04 2.163937004641896351e-05
3.555496199999999885e+00 1.080798104434150213e-04 2.125957584961773317e-05
3.573273700000000108e+00 1.070205793142997531e-04 2.088656593314902024e-05
3.591140000000000221e+00 1.059707162796605335e-04 2.052050030976765795e-05
3.609095700000000129e+00 1.049301406402005759e-04 2.016083204772420729e-05
3.627141200000000065e+00 1.038989502600505386e-04 1.980795569419250383e-05
3.645276899999999820e+00 1.028767435864239298e-04 1.946133149439477879e-05
3.663503299999999907e+00 1.018639408269579767e-04 1.912088959019150896e-05
3.681820800000000116e+00 1.008601431298394624e-04 1.878656128639060184e-05
3.700229900000000072e+00 9.994313800141991784e-05 1.845531426834251537e-05
3.718731099999999845e+00 9.895699468388702053e-05 1.812962010299198770e-05
3.737324699999999833e+00 9.797949214065038073e-05 1.780987040435858901e-05
3.756011399999999778e+00 9.701070930076221665e-05 1.749577263537955568e-05
3.774791399999999797e+00 9.605043892872442497e-05 1.718748866330518368e-05
3.793665400000000076e+00 9.509875807989082966e-05 1.688472941336592942e-05
3.812633700000000125e+00 9.415545810124246865e-05 1.658765518258895034e-05
3.831696899999999850e+00 9.322076807428832611e-05 1.629576061092982613e-05
3.850855399999999928e+00 9.229462102410014026e-05 1.600920775301612373e-05
3.870109600000000150e+00 9.137680450496853059e-05 1.572793682154751898e-05
3.889460199999999812e+00 9.046738708311606169e-05 1.545167046850332628e-05
3.908907500000000201e+00 8.956630807346822789e-05 1.518035364456884821e-05
3.928452000000000055e+00 8.867335629520505988e-05 1.491393098113708222e-05
3.948094300000000167e+00 8.778888294274924894e-05 1.465234724539541155e-05
3.967834700000000048e+00 8.691240394437093752e-05 1.439554882799847635e-05
3.987673899999999882e+00 8.604412161382361715e-05 1.414348113145384749e-05
4.055024000000000406e+00 8.371233960984308302e-05 1.332961961461304309e-05
4.334820999999999813e+00 7.308192791923714894e-05 1.052514858888164515e-05
4.633924000000000376e+00 6.372072244787331410e-05 8.322271649334682088e-06
4.953663999999999845e+00 5.551357225880239923e-05 6.590667974176617735e-06
5.295467000000000368e+00 4.832271198327701853e-05 5.227300634062116618e-06
5.660854999999999748e+00 4.202074294155869752e-05 4.148827420944871955e-06
6.051453000000000415e+00 3.647889846235426430e-05 3.280361796648930024e-06
6.469003999999999976e+00 3.157881014173206875e-05 2.596700397146603737e-06
6.915365000000000428e+00 2.719608813654793769e-05 2.059355664598100373e-06
7.392525000000000013e+00 2.309118486085673128e-05 1.634534459012430144e-06
7.634298000000000251e+00 2.088394622225897971e-05 1.460780346201640554e-06
7.751149999999999984e+00 1.916813390514110211e-05 1.385539613353838620e-06
7.782309999999999839e+00 1.775059033812307244e-05 1.366334057713072072e-06
7.829050999999999760e+00 1.878761405326861232e-05 3.774664705483297750e-06
7.902608999999999995e+00 1.925911682223114873e-05 3.632356781338165594e-06
7.945902000000000243e+00 1.928983546613482315e-05 3.551733733242293023e-06
8.408988000000000795e+00 1.774648152137173527e-05 2.844516708967141881e-06
8.447889999999999233e+00 1.753688903052299286e-05 2.796867700828056019e-06
8.537696999999999647e+00 1.688072537749555837e-05 2.691268623011728195e-06
8.572018999999999167e+00 1.625002411759238899e-05 2.652347623913958778e-06
8.623502999999999474e+00 1.660791477714155401e-05 3.600260067944186095e-06
8.752212000000000103e+00 1.662055598473645041e-05 3.397438017463986034e-06
8.864883999999999986e+00 1.636125033864926982e-05 3.231882465593653788e-06
9.000571000000000765e+00 1.585238436359107840e-05 3.057007623657339848e-06
9.030794000000000210e+00 1.562048559476790719e-05 3.020154807538252138e-06
9.036754000000000175e+00 1.553231763862374676e-05 3.012842029907120273e-06
9.091029000000000693e+00 1.563628016149859159e-05 3.405180118401969339e-06
9.226715999999999696e+00 1.550377791558924540e-05 3.235242881640721952e-06
9.653919000000000139e+00 1.459130906245805806e-05 2.765446044939040181e-06
1.032004000000000055e+01 1.308831566169334355e-05 2.177014285037737558e-06
1.103212000000000081e+01 1.162135191597271440e-05 1.699667543350947038e-06
1.179334000000000060e+01 1.025987481102495022e-05 1.332167130850693309e-06
1.260707999999999984e+01 9.031858705902993343e-06 1.045242100394627147e-06
1.347696999999999967e+01 7.934629771397800463e-06 8.208531857064195036e-07
1.440687999999999924e+01 6.961004351543324350e-06 6.453177841668863678e-07
1.540094999999999992e+01 6.101028497568133842e-06 5.077721159750432325e-07
1.646361999999999881e+01 5.348726887650400120e-06 3.986926538069601037e-07
1.759960999999999842e+01 4.684055901660419502e-06 3.129484799856056263e-07
1.881398000000000081e+01 4.099685024803874707e-06 2.452524413248073994e-07
2.011214999999999975e+01 3.585045464045284652e-06 1.922184077011915309e-07
2.149988000000000099e+01 3.134180244199146667e-06 1.508316592951332159e-07
2.298338000000000036e+01 2.739563839074097812e-06 1.184975751746533897e-07
2.456923000000000101e+01 2.394403905450015030e-06 9.320793091062342374e-08
2.626450000000000173e+01 2.092725233938099834e-06 7.340652381264554732e-08
2.807676000000000016e+01 1.829015084752817959e-06 5.745249511548367745e-08
3.001405000000000101e+01 1.598093751019336372e-06 4.491327700146236154e-08
3.208502000000000010e+01 1.396130292172453627e-06 3.516001895755244066e-08
3.429889000000000010e+01 1.219545810578317336e-06 2.754858534246338875e-08
3.666550999999999760e+01 1.065115908711407597e-06 2.157597536019460932e-08
3.919543000000000177e+01 9.300157945708132814e-07 1.690549133417135813e-08
4.189992000000000161e+01 8.117118054554946575e-07 1.320888549606302321e-08
4.479100999999999999e+01 7.079275087067715704e-07 1.033584094459566887e-08
4.788159000000000276e+01 6.164596600084172178e-07 8.099298492034769631e-09
5.118542000000000058e+01 5.342597476977765335e-07 6.358922733993592181e-09
5.271273000000000053e+01 4.982376859709837914e-07 5.719706720846534736e-09
5.351955999999999847e+01 4.745292187409150949e-07 5.415964767892603876e-09
5.373470999999999975e+01 4.602805662123063512e-07 5.338548731297720095e-09
5.405743999999999971e+01 4.652428087127628436e-07 2.556430656587714035e-08
5.471721000000000146e+01 4.623071467507429684e-07 2.449908435802411463e-08
5.486426999999999765e+01 4.608198064304562716e-07 2.427043450861654471e-08
5.849269999999999925e+01 4.143003722906369858e-07 1.934979291079459422e-08
6.252870000000000061e+01 3.656609051784487793e-07 1.523939950709806493e-08
6.684318000000000382e+01 3.215481661039423065e-07 1.199623604146887804e-08
7.145535999999999888e+01 2.822639348959374178e-07 9.442820572238916658e-09
7.638577999999999690e+01 2.475206243323522987e-07 7.430786165090620860e-09
8.165640000000000498e+01 2.169208099225929541e-07 5.843182089234691756e-09
8.729068999999999789e+01 1.900022990277691635e-07 4.584674198145115868e-09
9.331373999999999569e+01 1.663636161964290878e-07 3.600431628256507755e-09
9.975239000000000544e+01 1.456295810591476786e-07 2.830362078913634230e-09
1.066353000000000009e+02 1.274579397943265265e-07 2.227529066736656112e-09
1.139930999999999983e+02 1.115867595505641410e-07 1.749483492518995001e-09
1.218586999999999989e+02 9.763650385191377587e-08 1.375372007065611143e-09
1.302668999999999926e+02 8.542387553699401458e-08 1.083129999102761906e-09
1.392553000000000054e+02 7.473507435979266725e-08 8.545657905325739705e-10
1.488640000000000043e+02 6.538146552798562722e-08 6.758147884261980009e-10
1.591356000000000108e+02 5.719764868480381789e-08 5.356628679842376239e-10
1.701159000000000106e+02 5.003769337929323339e-08 4.257487411563173030e-10
1.818539000000000101e+02 4.377391532743938075e-08 3.394119044585774363e-10
1.944018000000000086e+02 3.829442337828789656e-08 2.714899374045744707e-10
2.078155999999999892e+02 3.350100691160660187e-08 2.179526204569907616e-10
2.221547999999999945e+02 2.930785587777939974e-08 1.756712375984280107e-10
2.374834999999999923e+02 2.563974906836879972e-08 1.423445965492197380e-10
2.538699000000000012e+02 2.243120414266544795e-08 1.161404194147040681e-10
2.713869000000000256e+02 1.962453891892954752e-08 9.519404635121193692e-11
2.901125999999999863e+02 1.716933402313792291e-08 7.840146731870582280e-11
3.101304000000000087e+02 1.502154378382041731e-08 6.489515368271696009e-11
3.315294000000000096e+02 1.314261120611455956e-08 5.398896075524877949e-11
3.544048999999999978e+02 1.149885843744296120e-08 4.514861096924330516e-11
3.788587999999999738e+02 1.006081250650387103e-08 3.795043134762057039e-11
4.050000999999999749e+02 8.802724461716823279e-09 3.206617313236919603e-11
4.329451000000000249e+02 7.702029905607005417e-09 2.722961858868829103e-11
