1.001660500000000065e+00 8.679152646782946085e-04 2.344356076764697865e-04
1.006668799999999919e+00 8.611314369665458521e-04 2.307268661211279699e-04
1.011702099999999938e+00 8.538953282331789409e-04 2.270846151268275496e-04
1.016760600000000014e+00 8.463325040114630859e-04 2.235080919439409069e-04
1.021844399999999986e+00 8.385251860701395605e-04 2.199790485659003543e-04
1.026953599999999911e+00 8.305311975118072777e-04 2.165144474216719581e-04
1.032088399999999906e+00 8.223933908967655162e-04 2.131048754191164677e-04
1.037248900000000029e+00 8.141490251837323923e-04 2.097497475387524030e-04
1.042435100000000059e+00 8.058217119766314818e-04 2.064485033655305720e-04
1.047647299999999948e+00 7.974317009522179566e-04 2.032005274351977365e-04
1.052885499999999919e+00 7.889949055630377526e-04 2.000052692680632572e-04
1.058149900000000088e+00 7.805243599703270887e-04 1.968706012810705918e-04
1.063440699999999906e+00 7.720306460070956289e-04 1.937789890281738125e-04
1.068757900000000038e+00 7.635242597136517517e-04 1.907383952444581770e-04
1.074101699999999937e+00 7.550091803643757321e-04 1.877482514912469412e-04
1.079472200000000104e+00 7.464913360571427854e-04 1.847997224968442299e-04
1.084869499999999931e+00 7.379764501971736992e-04 1.819088885990682359e-04
1.090293900000000038e+00 7.294678846146597636e-04 1.790586415216475504e-04
1.095745399999999981e+00 7.209674182926791236e-04 1.762567568170181136e-04
1.101224100000000039e+00 7.124989270028155410e-04 1.735027073449522982e-04
1.106730200000000108e+00 7.040208986977893350e-04 1.707878691140750230e-04
1.112263900000000083e+00 6.955589947044563733e-04 1.681198757555601054e-04
1.117825199999999963e+00 6.871093095485144089e-04 1.654982291892422171e-04
1.123414300000000088e+00 6.786767833897915320e-04 1.629144396392047671e-04
1.129031399999999907e+00 6.702573512541033351e-04 1.603760334085868751e-04
1.134676500000000088e+00 6.618526080410789582e-04 1.578746377850083591e-04
1.140349899999999916e+00 6.534637559150659625e-04 1.554098464970460585e-04
1.146051699999999895e+00 6.450853420381485580e-04 1.529890935266686909e-04
1.151781900000000025e+00 6.367207425525465937e-04 1.506119039186051801e-04
1.157540800000000036e+00 6.283661686718815774e-04 1.482700364035744790e-04
1.163328499999999988e+00 6.200198834279256220e-04 1.459631271885802634e-04
1.169145199999999996e+00 6.116801339293792767e-04 1.436908030045551854e-04
1.174990900000000060e+00 6.033438358948163636e-04 1.414603345104691740e-04
1.180865899999999913e+00 5.950093579477339209e-04 1.392636509030674593e-04
1.186770199999999997e+00 5.866754609120606234e-04 1.371004131359712598e-04
1.192703999999999986e+00 5.783344512473748708e-04 1.349777642302674944e-04
1.198667600000000055e+00 5.699867095016284291e-04 1.328877592552581014e-04
1.204660899999999923e+00 5.616252543716797026e-04 1.308300793688933132e-04
1.210684199999999988e+00 5.532476466864625015e-04 1.288043640279358016e-04
1.216737600000000086e+00 5.448472022770514418e-04 1.268102779400269648e-04
1.222821300000000111e+00 5.364174501578486843e-04 1.248474782119315940e-04
1.228935399999999900e+00 5.279552869175383216e-04 1.229229171168032362e-04
1.235080100000000014e+00 5.194503121635667738e-04 1.210216582726469551e-04
1.241255500000000067e+00 5.108955925714951619e-04 1.191506960841915715e-04
1.247461799999999954e+00 5.022844413462409976e-04 1.173168735264124582e-04
1.253699099999999955e+00 4.936034138259226501e-04 1.155054896139768569e-04
1.259967599999999965e+00 4.848438369637298687e-04 1.137305315335794770e-04
1.266267400000000043e+00 4.759905090450016548e-04 1.119774465726958710e-04
1.272598799999999919e+00 4.670301490608486311e-04 1.102530451496165382e-04
1.278961800000000038e+00 4.579461804098827618e-04 1.085570290946864423e-04
1.285356600000000071e+00 4.487171812318753255e-04 1.068681990159505910e-04
1.291783300000000079e+00 4.393187063562111090e-04 1.052004196950915015e-04
1.298242300000000071e+00 4.297271970470823463e-04 1.035603625388715137e-04
1.304733499999999990e+00 4.199072697439164021e-04 1.019477454544010935e-04
1.311257099999999953e+00 4.098235835501573836e-04 1.003622644199254210e-04
1.317813399999999913e+00 3.994280498337199532e-04 9.880361088900960751e-05
1.324402499999999927e+00 3.886671029360423235e-04 9.726473770723977335e-05
1.331024500000000055e+00 3.774679170710852323e-04 9.575890413678894296e-05
1.337679599999999969e+00 3.657443959930184191e-04 9.427233695968303745e-05
1.344368000000000007e+00 3.533805270979793398e-04 9.280484604627766072e-05
1.351089900000000066e+00 3.402294892989877724e-04 9.136948983062152449e-05
1.357845299999999922e+00 3.260702175581915415e-04 8.995271645837741626e-05
1.364634499999999973e+00 3.106134096578811875e-04 8.856089246499240330e-05
1.371457699999999891e+00 2.934143689710748100e-04 8.718721250386990570e-05
1.378314999999999957e+00 2.737648622586003663e-04 8.583799509383702728e-05
1.385206600000000066e+00 2.504214416012048427e-04 8.451296437794816473e-05
1.392132600000000053e+00 2.208672432077406201e-04 8.320542501066853210e-05
1.399093300000000095e+00 1.785354256494783756e-04 8.192159223609942593e-05
1.406088699999999969e+00 9.154582162703378903e-05 8.065484472614148381e-05
1.409097000000000044e+00 -1.052050638299161314e-04 8.012066267538461687e-05
1.409502899999999892e+00 -1.090194758644870643e-04 3.017817649288952252e-04
1.413119199999999909e+00 9.577528562952537263e-05 2.990526916479143522e-04
1.420184799999999914e+00 1.619987964898705619e-04 2.938219914375723302e-04
1.427285700000000102e+00 1.868421667028188102e-04 2.886798300848911962e-04
1.434422099999999922e+00 1.960205584948246436e-04 2.836314713759590538e-04
1.441594199999999937e+00 1.923946900232728695e-04 2.786696489781888947e-04
1.448802200000000040e+00 1.646623847753433858e-04 2.737995834035635489e-04
1.452919199999999966e+00 6.461147717915089719e-05 2.710651269083459952e-04
1.453680800000000106e+00 6.374239505624901291e-05 4.069325482324855450e-04
1.456046200000000068e+00 1.534503282194644004e-04 4.045813369544364068e-04
1.463326499999999974e+00 2.192256948803407435e-04 3.974499135590941188e-04
1.470643099999999981e+00 2.504514231869380252e-04 3.904403123951375723e-04
1.477996300000000041e+00 2.717382940811018566e-04 3.835511628949898021e-04
1.485386300000000048e+00 2.878768874170733712e-04 3.767871592818105154e-04
1.492813200000000062e+00 3.007405671595092143e-04 3.701409238533415690e-04
1.500277300000000036e+00 3.112839868760431056e-04 3.636170900697460935e-04
1.507778700000000027e+00 3.200732907952098891e-04 3.572024291512228993e-04
1.515317599999999931e+00 3.274759566153143380e-04 3.509075582314486082e-04
1.522894200000000087e+00 3.337487883259109825e-04 3.447252418726930883e-04
1.530508600000000108e+00 3.390786695987878566e-04 3.386483963079000583e-04
1.538161200000000006e+00 3.436075059296029048e-04 3.326816345329046084e-04
1.545852000000000004e+00 3.474449501266082792e-04 3.268237640074569202e-04
1.553581199999999995e+00 3.506808090697206403e-04 3.210620381549353169e-04
1.561349099999999934e+00 3.533850428880329201e-04 3.154125879624316122e-04
1.569155899999999937e+00 3.556169854810764140e-04 3.098570157380858272e-04
1.577001700000000062e+00 3.574258114707491848e-04 3.043999936482959245e-04
1.584886699999999982e+00 3.588544836431956184e-04 2.990404232229589942e-04
1.592811100000000035e+00 3.599382854235156823e-04 2.937772160158042597e-04
1.600775199999999954e+00 3.607068758401116163e-04 2.886092754743126870e-04
1.608778999999999959e+00 3.611881952455337419e-04 2.835300068976525788e-04
1.616822900000000063e+00 3.614039095550575145e-04 2.785439334560972690e-04
1.624907000000000101e+00 3.613742670286297035e-04 2.736445161442244449e-04
1.633031600000000028e+00 3.611179322873322322e-04 2.688307804614471644e-04
1.641196700000000064e+00 3.606489219446451185e-04 2.641018102969752810e-04
1.649402699999999999e+00 3.599806537901735081e-04 2.594620576916619034e-04
1.657649699999999893e+00 3.591246267857479231e-04 2.548997287739054266e-04
1.665937999999999919e+00 3.580902919751006541e-04 2.504193370854628843e-04
1.674267699999999914e+00 3.568853143501796036e-04 2.460199826253541217e-04
1.682638999999999996e+00 3.555163231090536211e-04 2.416954395982162771e-04
1.691052199999999894e+00 3.539865950178299652e-04 2.374501658443115351e-04
1.699507499999999949e+00 3.522994167360216501e-04 2.332780051514184746e-04
1.708004999999999995e+00 3.504542241140620957e-04 2.291834061163371106e-04
1.716544999999999987e+00 3.484489619615269368e-04 2.251602662527321750e-04
1.725127800000000100e+00 3.462757017338612326e-04 2.212077831874598567e-04
1.733753399999999889e+00 3.439248008071996957e-04 2.173252002958004096e-04
1.742422200000000032e+00 3.413773058527337320e-04 2.135117165812005688e-04
1.751134299999999921e+00 3.386049645114790388e-04 2.097614658184064032e-04
1.759889899999999896e+00 3.355611031920373343e-04 2.060839320232246284e-04
1.768689399999999967e+00 3.321714583174004446e-04 2.024681417189813854e-04
1.777532799999999913e+00 3.283009026158180909e-04 1.989184802212158967e-04
1.786420499999999967e+00 3.236878145936705319e-04 1.954291740447979171e-04
1.795352599999999965e+00 3.177034856894071671e-04 1.920045588544718276e-04
1.804329400000000083e+00 3.080931344158571944e-04 1.886339761362984004e-04
1.809879500000000085e+00 2.932114516295028202e-04 1.865919751247554408e-04
1.813350999999999935e+00 2.900967593108366412e-04 2.178775958320300647e-04
1.813720500000000069e+00 2.922774846775506646e-04 2.177147943156000393e-04
1.822417799999999977e+00 3.087545428827523212e-04 2.138866727497798666e-04
1.831529900000000044e+00 3.135385275241216944e-04 2.099642732403888222e-04
1.840687500000000032e+00 3.156674080668123812e-04 2.061145085010266309e-04
1.849890899999999894e+00 3.165718080573890424e-04 2.023365510835251221e-04
1.859140400000000026e+00 3.167451423842379760e-04 1.986247683361164651e-04
1.868436100000000044e+00 3.164195317741680695e-04 1.949880206903391961e-04
1.877778299999999900e+00 3.157192722996147722e-04 1.914111347785138169e-04
1.887167199999999934e+00 3.147179016041282726e-04 1.879076918087096450e-04
1.896603000000000039e+00 3.134543372870726317e-04 1.844579671357689981e-04
1.906085999999999947e+00 3.119524641485451168e-04 1.811599808773369999e-04
1.915616500000000055e+00 3.103139068134733191e-04 1.779976809948481014e-04
1.925194499999999920e+00 3.085502379655468363e-04 1.748995627536586485e-04
1.934820500000000054e+00 3.066586635880249874e-04 1.718648567561708706e-04
1.944494600000000073e+00 3.046325359377372163e-04 1.688928373071494997e-04
1.954217099999999929e+00 3.024595935555682335e-04 1.659781882016386019e-04
1.963988199999999962e+00 3.001112500764134485e-04 1.631202562958839267e-04
1.973808100000000065e+00 2.975272064265122897e-04 1.603138603750552799e-04
1.983677200000000029e+00 2.945689340255481918e-04 1.575674328365462315e-04
1.993595500000000076e+00 2.908255297424514919e-04 1.548713088885147300e-04
2.003563499999999831e+00 2.833326706869654008e-04 1.522293685352721327e-04
2.003633699999999962e+00 2.832118711468274816e-04 1.522106361511112074e-04
2.007966300000000093e+00 2.823522947255730311e-04 1.618160556954945323e-04
2.013581299999999796e+00 2.857956534958832587e-04 1.602271035311692970e-04
2.023649199999999926e+00 2.868442320806266011e-04 1.574355873874282879e-04
2.033767500000000172e+00 2.864999080372088018e-04 1.546942775817306383e-04
2.043936299999999928e+00 2.856162907053219949e-04 1.520113802571435003e-04
2.054155999999999871e+00 2.844301144851895703e-04 1.493774838564770370e-04
2.064426800000000117e+00 2.830444160719243463e-04 1.467963760128931125e-04
2.074748899999999896e+00 2.815102030191314066e-04 1.442631363767114892e-04
2.085122699999999885e+00 2.798589178479856201e-04 1.417772138308218317e-04
2.095548299999999919e+00 2.781060572083352066e-04 1.393380830037175059e-04
2.106025999999999954e+00 2.762578933168943285e-04 1.369537077184094717e-04
2.116556200000000221e+00 2.743431030990175221e-04 1.346657053312041270e-04
2.127138899999999833e+00 2.723794369314446948e-04 1.324265374903806764e-04
2.137774600000000191e+00 2.703611962031237845e-04 1.302314274381831491e-04
2.148463500000000082e+00 2.682800915853362383e-04 1.280798713960535587e-04
2.159205800000000064e+00 2.661219224813607441e-04 1.259672254261254612e-04
2.170001800000000092e+00 2.638582486965489844e-04 1.238930505088698200e-04
2.180851899999999954e+00 2.614248637978729205e-04 1.218610095176611319e-04
2.191756100000000096e+00 2.586412314332621953e-04 1.198665442583408768e-04
2.202285600000000176e+00 2.547223725736021019e-04 1.179809622397233178e-04
2.202714900000000142e+00 2.544648627564643421e-04 1.179051542705116250e-04
2.210714499999999916e+00 2.533116158668835744e-04 1.219474026157550965e-04
2.213728500000000210e+00 2.537570694207516618e-04 1.214013850622828799e-04
2.224797099999999972e+00 2.535427067819365178e-04 1.194378665046905250e-04
2.235921100000000106e+00 2.525172412943150493e-04 1.175068865893711285e-04
2.247100699999999840e+00 2.512133947265907368e-04 1.156120769763454269e-04
2.258336200000000016e+00 2.497657597204594937e-04 1.137490627817967000e-04
2.269627900000000142e+00 2.482303251624248179e-04 1.119214375102046478e-04
2.280975999999999893e+00 2.466354358980797699e-04 1.101209545829701472e-04
2.292380899999999944e+00 2.449988985319164750e-04 1.083551323042698637e-04
2.303842799999999968e+00 2.433315314896328815e-04 1.066158087071881111e-04
2.315361999999999920e+00 2.416399517207510987e-04 1.049104350386860886e-04
2.326938800000000196e+00 2.399326150097789360e-04 1.032386197774992501e-04
2.338573499999999861e+00 2.382160135128811055e-04 1.015961484460784490e-04
2.350266400000000200e+00 2.364943575860673809e-04 9.998269388104546877e-05
2.362017699999999998e+00 2.347676850183471513e-04 9.837899300414923020e-05
2.373827799999999932e+00 2.330316054337182947e-04 9.679254254921869078e-05
2.385696999999999957e+00 2.312890502777246657e-04 9.523069368095562115e-05
2.397625399999999907e+00 2.295417082928572980e-04 9.369319262452192279e-05
2.409613600000000133e+00 2.277918903804519593e-04 9.218348193976193738e-05
2.421661600000000192e+00 2.260411681590310381e-04 9.070126074751721709e-05
2.433769900000000153e+00 2.242902042229900092e-04 8.923885788325269211e-05
2.445938799999999969e+00 2.225404297333066046e-04 8.780339366713235259e-05
2.458168500000000201e+00 2.207928694567438076e-04 8.639092673757043663e-05
2.470459299999999914e+00 2.190481248581909054e-04 8.500120952270236467e-05
2.482811599999999785e+00 2.173071248614327148e-04 8.363399329036035328e-05
2.495225700000000213e+00 2.155707822602503617e-04 8.228544871551795106e-05
2.507701799999999981e+00 2.138392773490269203e-04 8.096252878194798528e-05
2.520240300000000211e+00 2.121131060232997250e-04 7.966138716280666502e-05
2.532841499999999968e+00 2.103931143140619494e-04 7.838178730832089406e-05
2.545505700000000093e+00 2.086797689617648675e-04 7.711997924503257373e-05
2.558233299999999932e+00 2.069731592329012771e-04 7.587927813309712987e-05
2.571024400000000210e+00 2.052741011173199481e-04 7.465945939000217190e-05
2.583879599999999943e+00 2.035826254655618607e-04 7.345682245461509650e-05
2.596798999999999857e+00 2.018998422739377017e-04 7.227464451219137154e-05
2.609782899999999906e+00 2.002257950654509774e-04 7.111270079302047615e-05
2.622831899999999994e+00 1.985585162485905533e-04 6.995711300907114382e-05
2.635946000000000122e+00 1.968978263641550240e-04 6.882484689536091818e-05
2.649125699999999917e+00 1.952441211665375403e-04 6.770549275746069262e-05
2.662371400000000055e+00 1.935984317631693648e-04 6.660901519155202168e-05
2.675683199999999928e+00 1.919605342974685987e-04 6.552846417606450155e-05
2.689061699999999888e+00 1.903310766701580604e-04 6.446366848465580974e-05
2.702507000000000215e+00 1.887101350653165707e-04 6.341778191286365934e-05
2.716019499999999809e+00 1.870980458202086468e-04 6.238729680723322098e-05
2.729599599999999793e+00 1.854948295778672260e-04 6.137532997586676799e-05
2.743247600000000119e+00 1.839011175267231217e-04 6.037841249896585611e-05
2.756963799999999853e+00 1.823166265625952582e-04 5.939963395301647083e-05
2.770748600000000117e+00 1.807416572852316638e-04 5.843555906161237821e-05
2.784602399999999811e+00 1.791767880277964119e-04 5.748603245295836212e-05
2.798525399999999941e+00 1.776217362462805883e-04 5.655090426055628454e-05
2.812517999999999851e+00 1.760770577916456162e-04 5.563320353213714234e-05
2.826580600000000221e+00 1.751373054356069692e-04 5.472639962067072636e-05
2.840713500000000113e+00 1.736068332530305708e-04 5.382724186000143916e-05
2.854917100000000207e+00 1.720864459482106831e-04 5.294507924514593597e-05
2.869191700000000012e+00 1.705761306912997703e-04 5.207660022595095360e-05
2.883537599999999923e+00 1.690758735979135488e-04 5.122166040892073573e-05
2.897955300000000012e+00 1.675864408683336521e-04 5.038011313388284542e-05
2.912445099999999787e+00 1.665035385801303378e-04 4.955181664185183242e-05
2.927007300000000090e+00 1.650332860324490590e-04 4.873357304457557292e-05
2.941642400000000102e+00 1.635747656564671721e-04 4.792832741831412640e-05
2.956350599999999940e+00 1.621286907276894178e-04 4.713897007599501853e-05
2.971132299999999837e+00 1.606967418503113185e-04 4.636230517121294002e-05
2.985987999999999865e+00 1.592815292728567652e-04 4.559519700143380849e-05
3.000917900000000138e+00 1.578893373494059298e-04 4.484352142579504913e-05
3.015922499999999840e+00 1.564848277619487217e-04 4.405368822140202055e-05
3.031002099999999810e+00 1.550796584664438022e-04 4.327946167329799697e-05
3.046157099999999840e+00 1.536792025578915383e-04 4.251772388190468122e-05
3.061387900000000162e+00 1.522850210254368675e-04 4.177126331272372028e-05
3.076694900000000121e+00 1.508979007784074465e-04 4.103699434877750225e-05
3.092078299999999835e+00 1.495186173079262259e-04 4.031768170607250576e-05
3.107538700000000098e+00 1.481474105716167739e-04 3.961026897313888210e-05
3.123076399999999975e+00 1.467843082150440456e-04 3.891749338176227809e-05
3.138691800000000143e+00 1.454297837929146382e-04 3.823633274868876901e-05
3.154385299999999948e+00 1.440842913782647489e-04 3.756666015066936472e-05
3.170157199999999786e+00 1.427473789484219927e-04 3.690552816009415766e-05
3.186008000000000173e+00 1.414194804355224698e-04 3.625847060591131364e-05
3.201938000000000173e+00 1.401008095647513537e-04 3.562252816144930763e-05
3.217947699999999855e+00 1.387911180171173798e-04 3.499757727279857066e-05
3.234037400000000062e+00 1.374908287965016297e-04 3.438349771752099179e-05
3.250207599999999974e+00 1.361999036016395726e-04 3.378292148676770572e-05
3.266458699999999826e+00 1.349183124307702045e-04 3.319020918583343558e-05
3.282791000000000015e+00 1.336464508070271120e-04 3.261073679920238025e-05
3.299204899999999885e+00 1.323840682136313699e-04 3.204163419557196709e-05
3.315700899999999951e+00 1.311313238357290814e-04 3.148278464219441303e-05
3.332279400000000003e+00 1.298881739312360457e-04 3.093138798066975999e-05
3.348940799999999829e+00 1.286547753231875337e-04 3.039004277009018564e-05
3.365685599999999944e+00 1.274308716195643573e-04 2.985863530091759717e-05
3.382514000000000021e+00 1.262166306477960690e-04 2.933705555860029968e-05
3.399426500000000129e+00 1.250121893178210788e-04 2.882519183158688316e-05
3.416423700000000174e+00 1.238174770535912074e-04 2.832293265333572329e-05
3.433505799999999830e+00 1.226324527622402844e-04 2.782756462476683901e-05
3.450673300000000054e+00 1.214570534550435052e-04 2.734420469250988116e-05
3.467926700000000029e+00 1.202914038253118578e-04 2.686754547710509006e-05
3.485266300000000150e+00 1.191354499269801573e-04 2.640008803952764160e-05
3.502692699999999881e+00 1.179891173697228120e-04 2.594172579148147493e-05
3.520206099999999783e+00 1.168525409600959443e-04 2.548981399907827172e-05
3.537807200000000041e+00 1.157256350805552231e-04 2.504732061475685646e-05
3.555496199999999885e+00 1.146083477705489285e-04 2.461262699165434292e-05
3.573273700000000108e+00 1.135007774856368736e-04 2.418589574959945337e-05
3.591140000000000221e+00 1.124026863135892785e-04 2.376678901134492969e-05
3.609095700000000129e+00 1.113143432892131895e-04 2.335522059791644188e-05
3.627141200000000065e+00 1.104129645480218157e-04 2.294962615542890503e-05
3.645276899999999820e+00 1.093431537073698707e-04 2.254577113982637022e-05
3.663503299999999907e+00 1.082820235246661469e-04 2.214927469821368372e-05
3.681820800000000116e+00 1.072295268637249969e-04 2.176005448592273334e-05
3.700229900000000072e+00 1.061857752087399609e-04 2.137778645822857387e-05
3.718731099999999845e+00 1.051508737809722676e-04 2.100239279171295999e-05
3.737324699999999833e+00 1.041247716502970670e-04 2.063403693407742524e-05
3.756011399999999778e+00 1.031075553014178318e-04 2.027216126909550854e-05
3.774791399999999797e+00 1.020990170164340376e-04 1.991693234533174105e-05
3.793665400000000076e+00 1.010990846994398875e-04 1.956803816255364259e-05
3.812633700000000125e+00 1.001081729709185376e-04 1.922564364943741844e-05
3.831696899999999850e+00 9.912574220190087414e-05 1.888920750817634723e-05
3.850855399999999928e+00 9.815219316043209859e-05 1.855912896399420411e-05
3.870109600000000150e+00 9.718715704779732299e-05 1.823487364277077245e-05
3.889460199999999812e+00 9.623085782526982095e-05 1.791637577386136072e-05
3.908907500000000201e+00 9.528308616405447716e-05 1.760357206541852501e-05
3.928452000000000055e+00 9.434392081055974699e-05 1.729662664463567557e-05
3.948094300000000167e+00 9.341328610220608940e-05 1.699524593651748812e-05
3.967834700000000048e+00 9.249112127087889725e-05 1.669914278852378285e-05
3.987673899999999882e+00 9.157748881931722536e-05 1.640848220705287523e-05
4.055024000000000406e+00 8.921492416273634483e-05 1.546330888521289302e-05
4.334820999999999813e+00 7.795555004160509901e-05 1.220738064215032556e-05
4.633924000000000376e+00 6.807204116436319972e-05 9.643557718234293996e-06
4.953663999999999845e+00 5.936786957023914104e-05 7.627571444950303838e-06
5.295467000000000368e+00 5.173552172844017978e-05 6.042216173349134749e-06
5.660854999999999748e+00 4.504762567382006332e-05 4.793828813070671315e-06
6.051453000000000415e+00 3.918637757907014263e-05 3.808898116996433057e-06
6.469003999999999976e+00 3.403750766401157012e-05 3.016078062049540049e-06
6.915365000000000428e+00 2.948788499699763919e-05 2.388544169293196757e-06
7.392525000000000013e+00 2.542612832982860926e-05 1.894580365503543580e-06
7.902608999999999995e+00 2.165097116934712492e-05 1.505163161405950166e-06
8.190742000000000189e+00 1.942948810036571123e-05 1.328647530904803681e-06
8.316110000000000113e+00 1.788167542035947022e-05 1.260517086751406929e-06
8.349541999999999575e+00 1.661578864757971889e-05 1.243037393369932757e-06
8.399689000000000405e+00 1.753004865167233437e-05 3.383509150807115495e-06
8.447889999999999233e+00 1.786542373218156086e-05 3.304353942669002793e-06
8.525057999999999581e+00 1.795689276436727389e-05 3.182804186710108361e-06
9.030794000000000210e+00 1.652147752149814961e-05 2.548839804472513123e-06
9.079014000000000806e+00 1.631845124776434939e-05 2.499818944987980799e-06
9.217978999999999701e+00 1.552999681329835692e-05 2.365053487520774453e-06
9.255036000000000485e+00 1.496866842367851474e-05 2.330637601519210547e-06
9.310622000000000398e+00 1.527130604478408921e-05 3.164061191740546351e-06
9.449586000000000041e+00 1.525929748579888404e-05 2.988359955510093989e-06
9.556274000000000157e+00 1.504853373159818787e-05 2.861354392034065527e-06
9.653919000000000139e+00 1.478044142767663407e-05 2.750377304096646674e-06
9.702543000000000362e+00 1.459543250526668971e-05 2.697026658848343841e-06
9.741548999999999126e+00 1.430891628372231180e-05 2.655729360322744149e-06
9.800055999999999656e+00 1.439339130213247015e-05 2.998097497715538559e-06
9.946325999999999112e+00 1.425861712667172490e-05 2.841094461465116718e-06
1.032004000000000055e+01 1.356658742933869108e-05 2.484750432260423341e-06
1.103212000000000081e+01 1.215218665396943266e-05 1.949371807248096197e-06
1.179334000000000060e+01 1.078283047182696209e-05 1.535278629697540549e-06
1.260707999999999984e+01 9.524303954119871430e-06 1.208045445129221561e-06
1.347696999999999967e+01 8.386452558096719456e-06 9.492618351329446838e-07
1.440687999999999924e+01 7.368962619616104782e-06 7.459965366676148161e-07
1.540094999999999992e+01 6.465569256398476327e-06 5.865736570996909821e-07
1.646361999999999881e+01 5.667207099913313435e-06 4.614945327262137696e-07
1.759960999999999842e+01 4.968410718041703524e-06 3.624386317966240233e-07
1.881398000000000081e+01 4.351002221411290235e-06 2.846641040431728662e-07
2.011214999999999975e+01 3.808257831320464383e-06 2.233840778380835132e-07
2.149988000000000099e+01 3.330496985957697477e-06 1.752929749841588382e-07
2.298338000000000036e+01 2.911938862171848760e-06 1.377083729094357215e-07
2.456923000000000101e+01 2.545610443292855826e-06 1.083138402259152691e-07
2.626450000000000173e+01 2.225339194504563744e-06 8.529865846597965656e-08
2.807676000000000016e+01 1.945309387839683342e-06 6.674748527653903321e-08
3.001405000000000101e+01 1.699892900152130394e-06 5.217378835118977927e-08
3.208502000000000010e+01 1.485250334851995537e-06 4.083217415272730022e-08
3.429889000000000010e+01 1.297582632347723934e-06 3.199748315396375974e-08
3.666550999999999760e+01 1.133514435326191314e-06 2.510211462917433812e-08
3.919543000000000177e+01 9.900400869587095670e-07 1.968389962991260179e-08
4.189992000000000161e+01 8.645277389367374156e-07 1.544233155874868489e-08
4.479100999999999999e+01 7.546301640656867575e-07 1.208667170157664814e-08
4.788159000000000276e+01 6.582279386136331474e-07 9.469541266332388312e-09
5.118542000000000058e+01 5.732875639301498231e-07 7.429251916411115235e-09
5.471721000000000146e+01 4.970209154445396429e-07 5.839898835380995199e-09
5.633579000000000292e+01 4.639794897779802295e-07 5.260381330115483425e-09
5.719807000000000130e+01 4.422423429011054067e-07 4.982384714296737999e-09
5.742801000000000045e+01 4.293780409935803754e-07 4.911480289725099273e-09
5.777293000000000234e+01 4.335843667816892299e-07 2.295709102558025695e-08
5.849269999999999925e+01 4.303926908152486663e-07 2.198155406925604553e-08
5.863521000000000072e+01 4.290968046915164785e-07 2.179687765216717493e-08
6.252870000000000061e+01 3.852586667414415835e-07 1.736983507887777240e-08
6.684318000000000382e+01 3.399031293837162362e-07 1.368626675886301437e-08
7.145535999999999888e+01 2.988349621546156306e-07 1.077842996446331707e-08
7.638577999999999690e+01 2.622908989438705480e-07 8.490972329233495082e-09
8.165640000000000498e+01 2.300087108217619959e-07 6.680646187506719920e-09
8.729068999999999789e+01 2.015478738654291944e-07 5.243743673939996440e-09
9.331373999999999569e+01 1.765228403687056338e-07 4.119476029388848587e-09
9.975239000000000544e+01 1.545546426479285306e-07 3.239335227969378874e-09
1.066353000000000009e+02 1.352892710380658642e-07 2.549893184962694767e-09
1.139930999999999983e+02 1.184068576950953074e-07 2.009750326757867693e-09
1.218586999999999989e+02 1.036605267953894861e-07 1.580629871869705900e-09
1.302668999999999926e+02 9.070190555663644954e-08 1.244629011011022752e-09
1.392553000000000054e+02 7.935727916219242978e-08 9.817255366850168940e-10
1.488640000000000043e+02 6.942824483769675464e-08 7.759487091575303350e-10
1.591356000000000108e+02 6.073972386367529276e-08 6.146902025355616283e-10
1.701159000000000106e+02 5.313752814216742353e-08 4.881651946301130362e-10
1.818539000000000101e+02 4.648644868943682342e-08 3.887874088969100889e-10
1.944018000000000086e+02 4.066781334161093589e-08 3.106035063121891689e-10
2.078155999999999892e+02 3.557755597919705620e-08 2.489924722787742031e-10
2.221547999999999945e+02 3.112460813617854892e-08 2.003572632601766822e-10
2.374834999999999923e+02 2.722921337009145228e-08 1.618767457432362197e-10
2.538699000000000012e+02 2.382151562663301966e-08 1.315087042729299442e-10
2.713869000000000256e+02 2.084072294919816553e-08 1.076114490539996882e-10
2.901125999999999863e+02 1.823323407518101356e-08 8.845672736352215103e-11
3.101304000000000087e+02 1.595225883487355010e-08 7.306057816547510515e-11
3.315294000000000096e+02 1.395686062958602282e-08 6.063575443040248231e-11
3.544048999999999978e+02 1.221120318971972610e-08 5.057858273316559410e-11
3.788587999999999738e+02 1.068404121125022359e-08 4.240089367326335691e-11
4.050000999999999749e+02 9.347961724570392354e-09 3.572439747044472937e-11
4.329451000000000249e+02 8.179061902943029073e-09 3.024781196607693138e-11
