1.001660500000000065e+00 3.990760839245744286e-04 1.076976923402461506e-04
1.006668799999999919e+00 3.915140610474321164e-04 1.060782467806745865e-04
1.011702099999999938e+00 3.838530649672051444e-04 1.044773638345668947e-04
1.016760600000000014e+00 3.760798282333113361e-04 1.029050351626229810e-04
1.021844399999999986e+00 3.681776571131307497e-04 1.013558836642515347e-04
1.026953599999999911e+00 3.601306124249191638e-04 9.982463563146926457e-05
1.032088399999999906e+00 3.519180457180822071e-04 9.829609149580730454e-05
1.037248900000000029e+00 3.435123277244033066e-04 9.679025217497947938e-05
1.042435100000000059e+00 3.348871152192716989e-04 9.530689184736940492e-05
1.047647299999999948e+00 3.260105386047637121e-04 9.385069380503136167e-05
1.052885499999999919e+00 3.168407204278339616e-04 9.241645225017999072e-05
1.058149900000000088e+00 3.073311086159428887e-04 9.099904377442874395e-05
1.063440699999999906e+00 2.974207518392883720e-04 8.960802939396843325e-05
1.068757900000000038e+00 2.870376779323705291e-04 8.823828284403816664e-05
1.074101699999999937e+00 2.760868730986583528e-04 8.688957309441102598e-05
1.079472200000000104e+00 2.644455219653338903e-04 8.556167950159803098e-05
1.084869499999999931e+00 2.519546991323241706e-04 8.425438319992563146e-05
1.090293900000000038e+00 2.383862750085850954e-04 8.296745187317056190e-05
1.095745399999999981e+00 2.234217024639090503e-04 8.170067856103627917e-05
1.101224100000000039e+00 2.065845382443714357e-04 8.045385010891949456e-05
1.106730200000000108e+00 1.871036831094304725e-04 7.922674792704521103e-05
1.112263900000000083e+00 1.636126180645281782e-04 7.801915571735258616e-05
1.117825199999999963e+00 1.332838326104999051e-04 7.683087318165165286e-05
1.123414300000000088e+00 8.844122924204691073e-05 7.566168766174851388e-05
1.129031399999999907e+00 -1.491955854448489653e-05 7.450680959704997111e-05
1.130771100000000029e+00 -2.050489301458422852e-04 7.415443256596669717e-05
1.131028900000000004e+00 -2.088186856380950108e-04 2.959284609473860446e-04
1.134676500000000088e+00 2.606991383352623589e-05 2.925759626055678977e-04
1.140349899999999916e+00 8.151826618983809016e-05 2.874571534324186486e-04
1.146051699999999895e+00 1.011635640783314688e-04 2.824271389982535791e-04
1.151781900000000025e+00 1.023920404401979076e-04 2.774849726722055168e-04
1.157540800000000036e+00 7.372741039242518290e-05 2.726296429319915895e-04
1.160384099999999918e+00 -3.515595816570502697e-05 2.702730221988668417e-04
1.160815799999999953e+00 -3.618979874493776037e-05 4.083006654953843899e-04
1.163328499999999988e+00 8.201109912093023876e-05 4.051567125080020293e-04
1.169145199999999996e+00 1.441982617875520352e-04 3.980026170968577735e-04
1.174990900000000060e+00 1.766005747016474465e-04 3.909757067952739497e-04
1.180865899999999913e+00 1.993724688766923699e-04 3.840745129016964114e-04
1.186770199999999997e+00 2.169727736339550840e-04 3.772976795203093953e-04
1.192703999999999986e+00 2.312201559751626346e-04 3.706394623948980056e-04
1.198667600000000055e+00 2.430688797158181067e-04 3.640985004198797246e-04
1.204660899999999923e+00 2.530901429131819170e-04 3.576735673091145369e-04
1.210684199999999988e+00 2.616627476079023593e-04 3.513633256905322050e-04
1.216737600000000086e+00 2.690519647009349358e-04 3.451665106580211265e-04
1.222821300000000111e+00 2.754501168347260305e-04 3.390776119539690180e-04
1.228935399999999900e+00 2.810065776439955019e-04 3.330954501669331847e-04
1.235080100000000014e+00 2.858362074615056897e-04 3.272230148157782370e-04
1.241255500000000067e+00 2.900312377961178681e-04 3.214549196353730506e-04
1.247461799999999954e+00 2.936667992634940834e-04 3.157858458975613199e-04
1.253699099999999955e+00 2.968063310311719197e-04 3.102188412218875760e-04
1.259967599999999965e+00 2.995001979495908709e-04 3.047527523045444916e-04
1.266267400000000043e+00 3.017935169269028825e-04 2.993823779922923068e-04
1.272598799999999919e+00 3.037235802282484153e-04 2.941066237510366402e-04
1.278961800000000038e+00 3.053239379644046903e-04 2.889244754058033476e-04
1.285356600000000071e+00 3.066217199435755441e-04 2.838348808419709299e-04
1.291783300000000079e+00 3.076423525618750461e-04 2.788328176290064543e-04
1.298242300000000071e+00 3.084077328121194884e-04 2.739212524577954951e-04
1.304733499999999990e+00 3.089367551658280886e-04 2.690992267112170397e-04
1.311257099999999953e+00 3.092467373625376191e-04 2.643578400340903059e-04
1.317813399999999913e+00 3.093519231082157619e-04 2.597040317365481013e-04
1.324402499999999927e+00 3.092653913195197849e-04 2.551329230055121187e-04
1.331024500000000055e+00 3.090006275685767251e-04 2.506358363539667967e-04
1.337679599999999969e+00 3.085658462732199692e-04 2.462196972299715071e-04
1.344368000000000007e+00 3.079714148786204275e-04 2.418835936838533546e-04
1.351089900000000066e+00 3.072242509329993531e-04 2.376227960190172993e-04
1.357845299999999922e+00 3.063311809356768873e-04 2.334365012090473075e-04
1.364634499999999973e+00 3.052971791350389433e-04 2.293276492368617086e-04
1.371457699999999891e+00 3.041271527908917657e-04 2.252878215564682954e-04
1.378314999999999957e+00 3.028236817133946350e-04 2.213237778450099689e-04
1.385206600000000066e+00 3.013885356102522580e-04 2.174271894394661116e-04
1.392132600000000053e+00 2.998198443810965613e-04 2.136010409268249751e-04
1.399093300000000095e+00 2.981172699404248633e-04 2.098408282030148596e-04
1.406088699999999969e+00 2.962734551792743729e-04 2.061495272730843871e-04
1.413119199999999909e+00 2.942812507742855301e-04 2.025226707787395025e-04
1.420184799999999914e+00 2.921255265173643340e-04 1.989632109025673277e-04
1.427285700000000102e+00 2.897861413554574973e-04 1.954631374689852735e-04
1.434422099999999922e+00 2.872285486926272986e-04 1.920254043702803348e-04
1.441594199999999937e+00 2.844003996211092898e-04 1.886493135819149267e-04
1.448802200000000040e+00 2.812126833203498787e-04 1.853306051926651224e-04
1.456046200000000068e+00 2.774997719629779779e-04 1.820722106669506006e-04
1.463326499999999974e+00 2.729142235712197747e-04 1.788699050671555099e-04
1.470643099999999981e+00 2.664926657727762741e-04 1.757230925304615081e-04
1.477996300000000041e+00 2.527910347349604991e-04 1.726451375716260453e-04
1.479443700000000028e+00 2.450154548710063783e-04 1.720464040939797667e-04
1.481756300000000026e+00 2.442362559993912249e-04 2.003499668841137913e-04
1.485386300000000048e+00 2.569677474215545333e-04 1.985760256017185576e-04
1.492813200000000062e+00 2.643650095727276142e-04 1.950045141667960859e-04
1.500277300000000036e+00 2.672841139073765435e-04 1.914980766188578937e-04
1.507778700000000027e+00 2.686349724045429175e-04 1.880594224572627990e-04
1.515317599999999931e+00 2.691489782514449431e-04 1.846809509674704876e-04
1.522894200000000087e+00 2.691238428667226158e-04 1.813653889565947791e-04
1.530508600000000108e+00 2.687096915186464952e-04 1.781120355196660573e-04
1.538161200000000006e+00 2.679903900218855704e-04 1.749168000271491598e-04
1.545852000000000004e+00 2.670126919492858577e-04 1.717757118189690172e-04
1.553581199999999995e+00 2.657984737815570963e-04 1.686981600555608764e-04
1.561349099999999934e+00 2.643876548847037453e-04 1.657860441376152356e-04
1.569155899999999937e+00 2.628233960690277548e-04 1.629349647858556124e-04
1.577001700000000062e+00 2.610828231746144560e-04 1.601376596570330195e-04
1.584886699999999982e+00 2.591246532513199075e-04 1.573935167834147289e-04
1.592811100000000035e+00 2.568591291634773465e-04 1.547051756394551727e-04
1.600775199999999954e+00 2.540504316723078931e-04 1.520719775158321557e-04
1.608778999999999959e+00 2.497007584286583615e-04 1.494836576218734115e-04
1.612549100000000069e+00 2.447549794898036860e-04 1.482877625410785238e-04
1.615250800000000098e+00 2.441975395323966579e-04 1.577059100322316277e-04
1.616822900000000063e+00 2.464885050511113947e-04 1.571720510091577730e-04
1.624907000000000101e+00 2.494950136672261735e-04 1.544651733800032315e-04
1.633031600000000028e+00 2.498638317722715724e-04 1.518098249606074043e-04
1.641196700000000064e+00 2.495156805864619286e-04 1.492054370575164721e-04
1.649402699999999999e+00 2.488061769266169281e-04 1.466514091376957575e-04
1.657649699999999893e+00 2.478704899902201345e-04 1.441440547984765416e-04
1.665937999999999919e+00 2.467730655606920108e-04 1.416859438324773797e-04
1.674267699999999914e+00 2.455524910117679841e-04 1.392703427091924995e-04
1.682638999999999996e+00 2.442292036131190366e-04 1.369029272086446053e-04
1.691052199999999894e+00 2.428163673380427700e-04 1.345800753153648954e-04
1.699507499999999949e+00 2.413262197476725459e-04 1.323347438640714517e-04
1.708004999999999995e+00 2.397892446135550695e-04 1.301447516704348859e-04
1.716544999999999987e+00 2.382075004472478151e-04 1.279973686559021662e-04
1.725127800000000100e+00 2.365805904139060671e-04 1.258920988435302643e-04
1.733753399999999889e+00 2.349082453530652111e-04 1.238254907634665010e-04
1.742422200000000032e+00 2.331868292825819489e-04 1.218000616920669748e-04
1.751134299999999921e+00 2.314106272265501396e-04 1.198123907778266125e-04
1.759889899999999896e+00 2.295663003664119226e-04 1.178591129243105386e-04
1.768689399999999967e+00 2.276295840371606461e-04 1.159456813582661832e-04
1.777532799999999913e+00 2.255474200047576311e-04 1.140629205622196670e-04
1.786420499999999967e+00 2.231790955631038429e-04 1.122191708309597745e-04
1.795352599999999965e+00 2.198731081613445595e-04 1.104053442209762239e-04
1.797299999999999898e+00 2.186425943992955560e-04 1.100153257301762533e-04
1.802699999999999969e+00 2.177033922825019998e-04 1.141453614541756306e-04
1.804329400000000083e+00 2.182144778479328483e-04 1.138130575052006909e-04
1.813350999999999935e+00 2.185506953107227077e-04 1.119923613406750135e-04
1.822417799999999977e+00 2.178543667849197564e-04 1.102068169357514496e-04
1.831529900000000044e+00 2.168511697789930574e-04 1.084503830016331281e-04
1.840687500000000032e+00 2.156960157880996717e-04 1.067227452982312649e-04
1.849890899999999894e+00 2.144495543876178366e-04 1.050263813602749093e-04
1.859140400000000026e+00 2.131427825121039014e-04 1.033609354303930707e-04
1.868436100000000044e+00 2.117932661097320112e-04 1.017232991676169913e-04
1.877778299999999900e+00 2.104121832846945952e-04 1.001131644479133980e-04
1.887167199999999934e+00 2.090071032971568116e-04 9.853023142129562655e-05
1.896603000000000039e+00 2.075841229938184143e-04 9.697965463271119235e-05
1.906085999999999947e+00 2.061510634622113554e-04 9.545291594959268231e-05
1.915616500000000055e+00 2.047107681150007596e-04 9.395515719664952747e-05
1.925194499999999920e+00 2.032668131995278593e-04 9.248068799694878156e-05
1.934820500000000054e+00 2.018145054677905105e-04 9.100252689586399619e-05
1.944494600000000073e+00 2.003532132273872011e-04 8.954742129833748589e-05
1.954217099999999929e+00 1.988852966992351581e-04 8.811776826662342480e-05
1.963988199999999962e+00 1.974126807271358198e-04 8.671328666623904038e-05
1.973808100000000065e+00 1.959372215658343420e-04 8.532845920073648402e-05
1.983677200000000029e+00 1.944599416499780066e-04 8.396829176615177258e-05
1.993595500000000076e+00 1.929822665311864611e-04 8.262992554640032886e-05
2.003563499999999831e+00 1.915051176147697474e-04 8.131311507544447938e-05
2.013581299999999796e+00 1.900291069931398858e-04 8.002020130579745355e-05
2.023649199999999926e+00 1.885551382828184368e-04 7.874580357440545480e-05
2.033767500000000172e+00 1.870837366732626991e-04 7.749227171171830641e-05
2.043936299999999928e+00 1.856161312317141548e-04 7.625938483350351354e-05
2.054155999999999871e+00 1.841524329094954232e-04 7.504691265508483329e-05
2.064426800000000117e+00 1.826931217759520819e-04 7.385213021210244996e-05
2.074748899999999896e+00 1.812393257237134405e-04 7.267734791840858323e-05
2.085122699999999885e+00 1.797914362535011517e-04 7.152234173891198685e-05
2.095548299999999919e+00 1.783502075749870909e-04 7.038443298361327365e-05
2.106025999999999954e+00 1.769143940197441534e-04 6.925607730084363915e-05
2.116556200000000221e+00 1.754818243466806885e-04 6.814208852815779893e-05
2.127138899999999833e+00 1.740539605550815965e-04 6.704719674089077406e-05
2.137774600000000191e+00 1.726305611931719896e-04 6.596876517840893211e-05
2.148463500000000082e+00 1.712123744593907276e-04 6.490662315651005458e-05
2.159205800000000064e+00 1.698001201660230271e-04 6.386299573431678347e-05
2.170001800000000092e+00 1.683935628266822041e-04 6.283529383698758250e-05
2.180851899999999954e+00 1.669936656460265173e-04 6.182571614850039033e-05
2.191756100000000096e+00 1.655999249125712260e-04 6.082935061349504098e-05
2.202714900000000142e+00 1.642132572279924273e-04 5.985075502402109870e-05
2.213728500000000210e+00 1.628337114088409664e-04 5.888739715332760676e-05
2.224797099999999972e+00 1.614613340354023705e-04 5.793911668196788216e-05
2.235921100000000106e+00 1.600961408521512654e-04 5.700574947481450611e-05
2.247100699999999840e+00 1.587390257973506915e-04 5.608713809464972922e-05
2.258336200000000016e+00 1.573894294408502783e-04 5.518541320001970604e-05
2.269627900000000142e+00 1.566596230852179076e-04 5.428443821546966632e-05
2.280975999999999893e+00 1.553193283275520033e-04 5.339559671433325214e-05
2.292380899999999944e+00 1.539855670637084190e-04 5.252102022507439653e-05
2.303842799999999968e+00 1.526589383125453254e-04 5.165831303559359359e-05
2.315361999999999920e+00 1.513392029801110812e-04 5.081182180089701187e-05
2.326938800000000196e+00 1.504227263274208061e-04 4.997469641943315497e-05
2.338573499999999861e+00 1.491142548732883231e-04 4.914685334940002020e-05
2.350266400000000200e+00 1.478120112668609390e-04 4.832820975215731588e-05
2.362017699999999998e+00 1.465165742077027258e-04 4.752525187285773137e-05
2.373827799999999932e+00 1.452277127670175512e-04 4.673562024534087220e-05
2.385696999999999957e+00 1.439459718522032375e-04 4.595916956621158149e-05
2.397625399999999907e+00 1.426714003976924626e-04 4.519360332848263833e-05
2.409613600000000133e+00 1.414042324992382897e-04 4.444309636442651042e-05
2.421661600000000192e+00 1.401447624977029765e-04 4.370321085617154434e-05
2.433769900000000153e+00 1.388927314292829696e-04 4.297808329990471493e-05
2.445938799999999969e+00 1.376488698564755126e-04 4.226331558100749155e-05
2.458168500000000201e+00 1.364127051547855908e-04 4.156090650313237349e-05
2.470459299999999914e+00 1.351847094869620719e-04 4.086862670920445907e-05
2.482811599999999785e+00 1.339646278801881973e-04 4.019053501005303078e-05
2.495225700000000213e+00 1.327529149299277783e-04 3.952232219621335218e-05
2.507701799999999981e+00 1.315497889713015500e-04 3.886182622225645020e-05
2.520240300000000211e+00 1.303545358927442755e-04 3.821102654509982854e-05
2.532841499999999968e+00 1.291675945915543426e-04 3.756982281407816908e-05
2.545505700000000093e+00 1.279887226150299014e-04 3.694014656456749820e-05
2.558233299999999932e+00 1.268181133376460490e-04 3.631984652848628179e-05
2.571024400000000210e+00 1.256557641051957175e-04 3.571083881629765979e-05
2.583879599999999943e+00 1.245018368839910679e-04 3.511299247157579376e-05
2.596798999999999857e+00 1.233563214753146601e-04 3.452419377728928920e-05
2.609782899999999906e+00 1.222191874872282334e-04 3.394632891152298026e-05
2.622831899999999994e+00 1.210905845760574363e-04 3.337927049211578009e-05
2.635946000000000122e+00 1.199705039319014753e-04 3.281897737908633187e-05
2.649125699999999917e+00 1.188588900759777447e-04 3.227123904093419902e-05
2.662371400000000055e+00 1.177556971804577063e-04 3.173202101524758700e-05
2.675683199999999928e+00 1.166613057834392595e-04 3.120123550109710670e-05
2.689061699999999888e+00 1.155752444113041335e-04 3.068071215467034257e-05
2.702507000000000215e+00 1.144980812575052551e-04 3.016842296855875731e-05
2.716019499999999809e+00 1.134293645551240180e-04 2.966427908652943249e-05
2.729599599999999793e+00 1.123692349962529741e-04 2.916819250220595755e-05
2.743247600000000119e+00 1.113180243674214315e-04 2.868196170882171133e-05
2.756963799999999853e+00 1.102752959598292187e-04 2.820547319310981278e-05
2.770748600000000117e+00 1.092411798091257253e-04 2.773488163314158914e-05
2.784602399999999811e+00 1.082159836385929202e-04 2.727384356815026379e-05
2.798525399999999941e+00 1.071992852077341944e-04 2.681855452327152876e-05
2.812517999999999851e+00 1.061915664836795859e-04 2.637263537236355556e-05
2.826580600000000221e+00 1.051923924974767317e-04 2.593597623210975992e-05
2.840713500000000113e+00 1.042020603288897274e-04 2.550482925995084329e-05
2.854917100000000207e+00 1.032206702975355258e-04 2.508095182919853493e-05
2.869191700000000012e+00 1.022479758999941422e-04 2.466426473431381606e-05
2.883537599999999923e+00 1.012842545735635655e-04 2.425648237190355575e-05
2.897955300000000012e+00 1.003294156982770377e-04 2.385393046973765632e-05
2.912445099999999787e+00 9.938372125012266223e-05 2.345833383483085383e-05
2.927007300000000090e+00 9.844708617838177404e-05 2.307138234066289029e-05
2.941642400000000102e+00 9.751990926893920760e-05 2.268945729082055222e-05
2.956350599999999940e+00 9.660209933076253583e-05 2.231425954703929711e-05
2.971132299999999837e+00 9.587405296507081653e-05 2.194397387416416280e-05
2.985987999999999865e+00 9.497640262690103729e-05 2.157855105311431193e-05
3.000917900000000138e+00 9.409174155086742785e-05 2.121966727893857390e-05
3.015922499999999840e+00 9.319308967023891299e-05 2.084153510915358787e-05
3.031002099999999810e+00 9.230067136857827861e-05 2.047346316180622907e-05
3.046157099999999840e+00 9.141509024477063199e-05 2.011023494876212160e-05
3.061387900000000162e+00 9.053600847205059117e-05 1.975349155828811480e-05
3.076694900000000121e+00 8.966370526260772572e-05 1.940316052790085137e-05
3.092078299999999835e+00 8.879815961722319236e-05 1.906084329780289273e-05
3.107538700000000098e+00 8.793947543879354514e-05 1.872311511623688942e-05
3.123076399999999975e+00 8.708762133462356447e-05 1.839158645270683862e-05
3.138691800000000143e+00 8.624285078129248115e-05 1.806783460221873100e-05
3.154385299999999948e+00 8.540483025508129001e-05 1.774848778845546798e-05
3.170157199999999786e+00 8.457395546951659404e-05 1.743513336747137528e-05
3.186008000000000173e+00 8.374988920899826379e-05 1.712770279041633416e-05
3.201938000000000173e+00 8.293287498045721353e-05 1.682612923150006155e-05
3.217947699999999855e+00 8.212272006592081380e-05 1.652873880245922799e-05
3.234037400000000062e+00 8.138494968612052080e-05 1.623708847047376230e-05
3.250207599999999974e+00 8.058854666866899978e-05 1.594952141353338511e-05
3.266458699999999826e+00 7.979885957302842124e-05 1.566583805839403019e-05
3.282791000000000015e+00 7.901571642734736664e-05 1.538804762450331529e-05
3.299204899999999885e+00 7.823920874813000898e-05 1.511529775652126392e-05
3.315700899999999951e+00 7.746941827339424590e-05 1.484753149494924678e-05
3.332279400000000003e+00 7.670616878997626586e-05 1.458469286855528288e-05
3.348940799999999829e+00 7.594967240563471264e-05 1.432657203391118369e-05
3.365685599999999944e+00 7.519962128395022631e-05 1.407311590911908012e-05
3.382514000000000021e+00 7.445623192830146770e-05 1.382442599194750555e-05
3.399426500000000129e+00 7.371944977514576077e-05 1.358014368217459600e-05
3.416423700000000174e+00 7.298921657234744645e-05 1.334021921936956315e-05
3.433505799999999830e+00 7.226549172983557463e-05 1.310475545087642610e-05
3.450673300000000054e+00 7.154822201875864305e-05 1.287355182018367063e-05
3.467926700000000029e+00 7.083747380391859768e-05 1.264656031685293741e-05
3.485266300000000150e+00 7.013308160269241833e-05 1.242373410028023977e-05
3.502692699999999881e+00 6.943510621329011801e-05 1.220487807197200037e-05
3.520206099999999783e+00 6.874350465973061940e-05 1.198994877817844855e-05
3.537807200000000041e+00 6.805821461123929335e-05 1.177904756318220532e-05
3.555496199999999885e+00 6.737930697645097935e-05 1.157183874514210603e-05
3.573273700000000108e+00 6.670649674812846564e-05 1.136842555494381961e-05
3.591140000000000221e+00 6.604007475845892917e-05 1.116876572891556627e-05
3.609095700000000129e+00 6.540239929630203158e-05 1.097224344598247151e-05
3.627141200000000065e+00 6.474813281392696794e-05 1.077882545278928440e-05
3.645276899999999820e+00 6.409987330797669929e-05 1.058890425889257997e-05
3.663503299999999907e+00 6.345756961914651424e-05 1.040244054147425811e-05
3.681820800000000116e+00 6.282117451646077185e-05 1.021939562319182993e-05
3.700229900000000072e+00 6.219074226949017521e-05 1.003959117406254147e-05
3.718731099999999845e+00 6.156611645055465678e-05 9.863130055262110882e-06
3.737324699999999833e+00 6.094725431236803700e-05 9.689836549028585966e-06
3.756011399999999778e+00 6.033430330221013158e-05 9.519536982974624676e-06
3.774791399999999797e+00 5.972701761328912232e-05 9.352472919314484218e-06
3.793665400000000076e+00 5.912544226439529310e-05 9.188334380168518438e-06
3.812633700000000125e+00 5.852953295863173709e-05 9.027224949195635306e-06
3.831696899999999850e+00 5.793923646428525458e-05 8.868975220670511728e-06
3.850855399999999928e+00 5.735450619418032880e-05 8.713553519299522228e-06
3.870109600000000150e+00 5.677529587426195773e-05 8.560928442459294407e-06
3.889460199999999812e+00 5.620164550551031714e-05 8.411068209540637424e-06
3.908907500000000201e+00 5.563341615821877374e-05 8.263942212559394963e-06
3.928452000000000055e+00 5.507055995964045027e-05 8.119388073125986799e-06
3.948094300000000167e+00 5.451302674083414079e-05 7.977508008961049191e-06
3.967834700000000048e+00 5.396086604859620531e-05 7.838141908678930312e-06
3.987673899999999882e+00 5.341402319188722007e-05 7.701261370905724404e-06
4.055024000000000406e+00 5.192138414559118429e-05 7.259839686221784251e-06
4.334820999999999813e+00 4.523290069635535932e-05 5.742776108097071286e-06
4.633924000000000376e+00 3.937230253082749912e-05 4.550069236245840792e-06
4.953663999999999845e+00 3.423746234238043593e-05 3.607219983443091109e-06
5.295467000000000368e+00 2.972412872783055843e-05 2.848551738343600800e-06
5.660854999999999748e+00 2.573939462538632567e-05 2.252066302799826055e-06
6.051453000000000415e+00 2.219220160032944137e-05 1.784278151461231095e-06
6.469003999999999976e+00 1.894175712023907923e-05 1.415766003670169805e-06
6.837361999999999718e+00 1.606511471584828724e-05 1.165581639332048458e-06
6.915365000000000428e+00 1.516331537721804611e-05 1.120287221603363604e-06
6.942015999999999742e+00 1.467530287096622271e-05 1.105262148963338348e-06
6.969922999999999647e+00 1.350714477968320464e-05 1.089932989557297343e-06
7.011784999999999712e+00 1.438141963796875078e-05 3.090277906636043375e-06
7.116437999999999597e+00 1.482834182218392501e-05 2.905130302909968294e-06
7.392525000000000013e+00 1.417522754701974551e-05 2.487520085249250688e-06
7.464757999999999782e+00 1.388192412290692587e-05 2.397377061480400901e-06
7.579013999999999918e+00 1.319658910623913442e-05 2.264780921735925135e-06
7.609482999999999997e+00 1.267553733542555066e-05 2.231321695524184810e-06
7.655185000000000350e+00 1.299053650426291208e-05 3.030047271670416259e-06
7.769441999999999737e+00 1.303868426941550756e-05 2.861985019131641894e-06
7.890959999999999752e+00 1.280478990670012971e-05 2.696703921783781698e-06
7.902608999999999995e+00 1.277545749419673535e-05 2.681607219260606110e-06
8.011739999999999640e+00 1.240739633331559615e-05 2.545703989336449113e-06
8.043948000000000320e+00 1.214510748682714232e-05 2.508516947119048319e-06
8.092259999999999565e+00 1.224058886280532060e-05 2.836426534362344994e-06
8.213039999999999452e+00 1.215186652756063405e-05 2.693808301326217677e-06
8.447889999999999233e+00 1.173955669581023227e-05 2.443893666458948404e-06
9.030794000000000210e+00 1.059405606828956013e-05 1.934015809957290055e-06
9.653919000000000139e+00 9.436676753665052637e-06 1.517318152551572454e-06
1.032004000000000055e+01 8.351664705293408180e-06 1.190290036440666056e-06
1.103212000000000081e+01 7.363115881169024763e-06 9.329926275579285774e-07
1.179334000000000060e+01 6.474669070412105096e-06 7.318318936509547665e-07
1.260707999999999984e+01 5.683674062137404451e-06 5.746102417103281383e-07
1.347696999999999967e+01 4.983516263323736875e-06 4.516298359762441823e-07
1.440687999999999924e+01 4.370862636813041023e-06 3.546267098917122077e-07
1.540094999999999992e+01 3.828661614701061389e-06 2.780397694320715355e-07
1.646361999999999881e+01 3.351605436807558718e-06 2.176058544680354629e-07
1.759960999999999842e+01 2.931024925253328147e-06 1.701573607972278486e-07
1.881398000000000081e+01 2.562339653896443521e-06 1.332063358816651659e-07
2.011214999999999975e+01 2.239541269857485333e-06 1.044062250542811643e-07
2.149988000000000099e+01 1.957129373836949025e-06 8.192879872965787163e-08
2.298338000000000036e+01 1.710172909266115131e-06 6.436989075794039201e-08
2.456923000000000101e+01 1.494298271335380586e-06 5.063653917594499627e-08
2.626450000000000173e+01 1.305664636070076824e-06 3.987632912417871749e-08
2.807676000000000016e+01 1.140895646663954439e-06 3.122040603878117322e-08
3.001405000000000101e+01 9.966247613272035854e-07 2.441837985646610079e-08
3.208502000000000010e+01 8.704359122452396474e-07 1.908463361984268399e-08
3.429889000000000010e+01 7.600439647567913819e-07 1.492163972904793498e-08
3.666550999999999760e+01 6.634173195579472824e-07 1.164266219774792000e-08
3.919543000000000177e+01 5.787171927681504248e-07 9.088331035252883946e-09
4.189992000000000161e+01 5.042525396206234534e-07 7.103103557267918126e-09
4.479100999999999999e+01 4.381326887150135215e-07 5.561946102947616554e-09
4.754861999999999966e+01 3.820051024060455038e-07 4.475440039123133313e-09
4.788159000000000276e+01 3.745269681697407628e-07 4.363661120211917293e-09
4.827640999999999849e+01 3.633712235624075829e-07 4.235875478894508043e-09
4.847048000000000201e+01 3.519076286441853424e-07 4.174864063588138774e-09
4.876160000000000139e+01 3.562656458439784188e-07 2.073750203681315722e-08
4.948937999999999704e+01 3.533638001693358649e-07 1.968560765337348396e-08
5.118542000000000058e+01 3.356230846311471725e-07 1.748390907218603741e-08
5.471721000000000146e+01 2.975240976741730763e-07 1.377121824943668235e-08
5.849269999999999925e+01 2.620777230812882964e-07 1.083353672675777823e-08
6.252870000000000061e+01 2.302717060679190502e-07 8.521155311589879563e-09
6.684318000000000382e+01 2.020461963350877736e-07 6.695809263573595890e-09
7.145535999999999888e+01 1.771229700954959909e-07 5.262262274738760527e-09
7.638577999999999690e+01 1.551840724884211589e-07 4.137893882640377042e-09
8.165640000000000498e+01 1.359138545015366338e-07 3.251537024248044439e-09
8.729068999999999789e+01 1.189940038258070933e-07 2.549841279865055689e-09
9.331373999999999569e+01 1.041563158580388046e-07 2.001529631247389625e-09
9.975239000000000544e+01 9.119637852796243831e-08 1.570491992984561324e-09
1.066353000000000009e+02 7.979914555098420727e-08 1.231121058738364434e-09
1.139930999999999983e+02 6.981904324162244323e-08 9.665701651187299004e-10
1.218586999999999989e+02 6.108303636249451611e-08 7.601026656859157137e-10
1.302668999999999926e+02 5.343793721796027317e-08 5.989239544991706510e-10
1.392553000000000054e+02 4.674840831956214542e-08 4.729086457312061919e-10
1.488640000000000043e+02 4.089571954915395652e-08 3.743141436304151196e-10
1.591356000000000108e+02 3.577563563557769180e-08 2.970652585334689178e-10
1.701159000000000106e+02 3.129663958962425985e-08 2.364833538758952536e-10
1.818539000000000101e+02 2.737850784729016555e-08 1.888809725949590294e-10
1.944018000000000086e+02 2.395116862652812033e-08 1.514195814053731097e-10
2.078155999999999892e+02 2.095305362659427984e-08 1.218781634835956382e-10
2.221547999999999945e+02 1.833048766534291671e-08 9.874504418231191579e-11
2.374834999999999923e+02 1.603653829678166854e-08 8.040019990511557309e-11
2.538699000000000012e+02 1.402988200807964976e-08 6.577368298974441707e-11
2.713869000000000256e+02 1.227455755457516357e-08 5.407581340613105859e-11
2.901125999999999863e+02 1.073899796637875971e-08 4.468859814081029782e-11
3.101304000000000087e+02 9.395670424469391568e-09 3.712809111406482196e-11
3.315294000000000096e+02 8.220509481370301549e-09 3.101393027690839560e-11
3.544048999999999978e+02 7.192423717936970081e-09 2.604786917656376726e-11
3.788587999999999738e+02 6.292983881331349505e-09 2.199487583492446058e-11
4.050000999999999749e+02 5.506089840027315643e-09 1.867059598028772069e-11
4.329451000000000249e+02 4.817645997590826718e-09 1.592862127263721671e-11
