1.067676000000000069e+00 2.925836731795088599e-07 7.348021321644502755e-08
1.141345000000000054e+00 2.599428570654307254e-07 5.793608204541178197e-08
1.220097999999999905e+00 2.300346115199643830e-07 4.537500803059726882e-08
1.304284999999999917e+00 2.027937682446693196e-07 3.544664358920263800e-08
1.394281000000000104e+00 1.783210908389734367e-07 2.767073319351372054e-08
1.490485999999999978e+00 1.565109091085729530e-07 2.158708505300095318e-08
1.593328999999999995e+00 1.371789019130166801e-07 1.683249057403774765e-08
1.703268999999999922e+00 1.201111315598049828e-07 1.311872305964957811e-08
1.820794999999999941e+00 1.050865328698256671e-07 1.022048797045752723e-08
1.946430000000000105e+00 9.188969738601097668e-08 7.960490785527939923e-09
2.080732999999999944e+00 8.032037140254852015e-08 6.198749218013823298e-09
2.224304000000000059e+00 7.018679050675863419e-08 4.826043232659746868e-09
2.377781000000000144e+00 6.132122476782928087e-08 3.757014236732241087e-09
2.541847999999999885e+00 5.357116671799270921e-08 2.924592426467400702e-09
2.717235000000000067e+00 4.680109176299493989e-08 2.276630975317797959e-09
2.904723999999999862e+00 4.088743422218709190e-08 1.762032352512385220e-09
3.105150000000000077e+00 3.571744028557211843e-08 1.356829065972924697e-09
3.319405999999999857e+00 3.119505670266704102e-08 1.040705585495005657e-09
3.548445000000000071e+00 2.724456663645009512e-08 7.983093842216270319e-10
3.793287999999999993e+00 2.379503932244957589e-08 6.124942876760152903e-10
4.055024000000000406e+00 2.078362645757058219e-08 4.699663172572287624e-10
4.334820999999999813e+00 1.815485449185359550e-08 3.606666905523136090e-10
4.633924000000000376e+00 1.586010124585798681e-08 2.768533451771984154e-10
4.953663999999999845e+00 1.385685291920736944e-08 2.125657184032429674e-10
5.295467000000000368e+00 1.210790651046921301e-08 1.632502862550581454e-10
5.660854999999999748e+00 1.058080321979395466e-08 1.254125026256102098e-10
6.051453000000000415e+00 9.247277304925004321e-09 9.637743934014960144e-11
6.469003999999999976e+00 8.082618382378840512e-09 7.409685742007826799e-11
6.915365000000000428e+00 7.065319977238823628e-09 5.699052874531553886e-11
7.392525000000000013e+00 6.176631849068531528e-09 4.385982513802359619e-11
7.902608999999999995e+00 5.400195224292007172e-09 3.377010087715229585e-11
8.447889999999999233e+00 4.721793124105159995e-09 2.602318361874938654e-11
9.030794000000000210e+00 4.129051621869681823e-09 2.003271705976766270e-11
9.653919000000000139e+00 3.610732538190371332e-09 1.533905081067938983e-11
1.032004000000000055e+01 3.157657620715783143e-09 1.175943732845852847e-11
1.103212000000000081e+01 2.761593890305387155e-09 9.028048984418177381e-12
1.179334000000000060e+01 2.415330287199091609e-09 6.942595320457423414e-12
1.260707999999999984e+01 2.112589183414700943e-09 5.349245600330601166e-12
1.347696999999999967e+01 1.847879054024462333e-09 4.119716677996161914e-12
1.440687999999999924e+01 1.616398567522412872e-09 3.177624866274613275e-12
1.540094999999999992e+01 1.413968948421430548e-09 2.458587249721186371e-12
1.646361999999999881e+01 1.236930133902933173e-09 1.909192105985725963e-12
1.759960999999999842e+01 1.082094248237360257e-09 1.488904236245755559e-12
1.881398000000000081e+01 9.466668357176487303e-10 1.166715053427909433e-12
2.011214999999999975e+01 8.282098511886160756e-10 9.193610114622560906e-13
2.149988000000000099e+01 7.245940526208103348e-10 7.288248136483180058e-13
2.298338000000000036e+01 6.339538206595458703e-10 5.816924024585915039e-13
2.456923000000000101e+01 5.546634742650984126e-10 4.676936348877695618e-13
2.626450000000000173e+01 4.852989194678296474e-10 3.790218789018157018e-13
2.807676000000000016e+01 4.246154386452442980e-10 3.090719765936681036e-13
3.001405000000000101e+01 3.715253864839388324e-10 2.541620942271381099e-13
3.208502000000000010e+01 3.250774068741397517e-10 2.109862825388843574e-13
3.429889000000000010e+01 2.844391268551625058e-10 1.768046477884961274e-13
3.666550999999999760e+01 2.488839424151556278e-10 1.495509365097847493e-13
3.919543000000000177e+01 2.177750873606055468e-10 1.276335818251625551e-13
4.189992000000000161e+01 1.905562759684367343e-10 1.098559967256128776e-13
4.479100999999999999e+01 1.667408030005127379e-10 9.530955371573984629e-14
4.788159000000000276e+01 1.459025351809940501e-10 8.328669055337821988e-14
5.118542000000000058e+01 1.276693600256120732e-10 7.326096459660913969e-14
5.471721000000000146e+01 1.117153893957072791e-10 6.481396380034195214e-14
5.849269999999999925e+01 9.775548940452244922e-11 5.763105238017008425e-14
6.252870000000000061e+01 8.554038881335172997e-11 5.146749759606195258e-14
6.684318000000000382e+01 7.485197608750308987e-11 4.613804095051510765e-14
7.145535999999999888e+01 6.549924198676327030e-11 4.148871537085492747e-14
7.638577999999999690e+01 5.731532114093139037e-11 3.740765556131303149e-14
8.165640000000000498e+01 5.015406520530230227e-11 3.380176876422264191e-14
8.729068999999999789e+01 4.388772066488428541e-11 3.059775898512704666e-14
9.331373999999999569e+01 3.840439533662762733e-11 2.773843760472597180e-14
9.975239000000000544e+01 3.360618640336614340e-11 2.517455981430712002e-14
1.066353000000000009e+02 2.940749768666178203e-11 2.287171108021200406e-14
1.139930999999999983e+02 2.573345554043018346e-11 2.079216481414415034e-14
1.218586999999999989e+02 2.251841468765838717e-11 1.891329409980170735e-14
1.302668999999999926e+02 1.970513252309927417e-11 1.721096600426079831e-14
1.392553000000000054e+02 1.724331144253798147e-11 1.566886567231566503e-14
1.488640000000000043e+02 1.508904921022065673e-11 1.426764514891499904e-14
1.591356000000000108e+02 1.320394348064248932e-11 1.299468880722244438e-14
1.701159000000000106e+02 1.155436603441110595e-11 1.183746775016102215e-14
1.818539000000000101e+02 1.011087560317503354e-11 1.078379353570624055e-14
1.944018000000000086e+02 8.847722887181701706e-12 9.825452345331799545e-15
2.078155999999999892e+02 7.742377401161477587e-12 8.953157912903752917e-15
2.221547999999999945e+02 6.775132262286300357e-12 8.158581173088677512e-15
2.374834999999999923e+02 5.928725371364277138e-12 7.435630708457985547e-15
2.538699000000000012e+02 5.188058044061232249e-12 6.777963016676046662e-15
2.713869000000000256e+02 4.539923394705349225e-12 6.178668248946063879e-15
2.901125999999999863e+02 3.972758244369751062e-12 5.633355344618928655e-15
3.101304000000000087e+02 3.476447509302292996e-12 5.137130956159783837e-15
3.315294000000000096e+02 3.042144067129406491e-12 4.685695243339727508e-15
3.544048999999999978e+02 2.662097479700700503e-12 4.274873280657375329e-15
3.788587999999999738e+02 2.329529146752645612e-12 3.901194089920454270e-15
4.050000999999999749e+02 2.038506797174518781e-12 3.561297840680995319e-15
4.329451000000000249e+02 1.783841588189766958e-12 3.252164877112007328e-15
