1.067676000000000069e+00 1.194454158450354141e-03 5.487929306992177670e-04
1.141345000000000054e+00 1.080153471973661038e-03 4.369705510340582389e-04
1.220097999999999905e+00 9.693657963283917097e-04 3.473457960465870897e-04
1.304284999999999917e+00 8.637261633385004845e-04 2.741083726177400608e-04
1.394281000000000104e+00 7.654637293458068118e-04 2.163184904089822066e-04
1.490485999999999978e+00 6.759266309728731046e-04 1.704472642067685539e-04
1.593328999999999995e+00 5.950052391630958077e-04 1.341578726339930159e-04
1.703268999999999922e+00 5.225972153369268626e-04 1.055857361752060136e-04
1.820794999999999941e+00 4.582338223110537243e-04 8.308563938714826991e-05
1.946430000000000105e+00 4.012863292731082840e-04 6.539195833320047278e-05
2.080732999999999944e+00 3.510836794445028569e-04 5.147976286309599608e-05
2.224304000000000059e+00 3.069732368168526845e-04 4.054676959555047593e-05
2.377781000000000144e+00 2.682536943829264648e-04 3.195689288085285564e-05
2.541847999999999885e+00 2.343441601470193077e-04 2.520203206944287248e-05
2.717235000000000067e+00 2.046841308326953252e-04 1.989015586010994162e-05
2.904723999999999862e+00 1.787801586850004893e-04 1.568454813539769483e-05
3.105150000000000077e+00 1.561235733445138292e-04 1.224156060569747907e-05
3.319405999999999857e+00 1.362255546200668503e-04 9.503309587967942955e-06
3.548445000000000071e+00 1.188068392688582955e-04 7.362521064938516306e-06
3.793287999999999993e+00 1.035690678918680416e-04 5.702295444106320010e-06
4.055024000000000406e+00 9.025413255821941301e-05 4.421802162993149271e-06
4.334820999999999813e+00 7.862340742818732086e-05 3.432781661692732610e-06
4.633924000000000376e+00 6.846175399088015535e-05 2.668298733664907199e-06
4.953663999999999845e+00 5.957671231598532367e-05 2.076610098767244716e-06
5.295467000000000368e+00 5.179536724462555992e-05 1.618077278562850608e-06
5.660854999999999748e+00 4.495793629739921441e-05 1.262565963809046778e-06
6.051453000000000415e+00 3.890421486076427724e-05 9.863824879194749016e-07
6.469003999999999976e+00 3.342704433676933312e-05 7.716439008252170368e-07
6.915365000000000428e+00 2.788181169965973935e-05 6.044671870406671889e-07
6.969759999999999955e+00 2.705794308795069525e-05 5.874391669646555060e-07
7.076439999999999841e+00 2.455629661472029019e-05 5.557928524717284757e-07
7.104887999999999870e+00 2.233328508507778908e-05 5.477314566654863997e-07
7.147560000000000358e+00 2.411356585509781214e-05 4.485902338153170151e-06
7.254240000000000244e+00 2.520695792923690197e-05 4.230903519914386645e-06
7.392525000000000013e+00 2.513930240400730974e-05 3.926982844612804484e-06
7.902608999999999995e+00 2.312506117549890090e-05 3.075620736138005891e-06
8.447889999999999233e+00 2.071368336825108196e-05 2.431040501213641145e-06
9.030794000000000210e+00 1.839833244171945617e-05 1.917302505002685866e-06
9.653919000000000139e+00 1.625822476082623201e-05 1.499328318468013026e-06
1.032004000000000055e+01 1.431982024266280756e-05 1.171489552621393673e-06
1.103212000000000081e+01 1.258642832285088052e-05 9.154810330640274101e-07
1.179334000000000060e+01 1.104736228037839658e-05 7.155566106962001172e-07
1.260707999999999984e+01 9.686950719021258222e-06 5.594303107741093796e-07
1.347696999999999967e+01 8.488261226146663187e-06 4.374452719533344581e-07
1.440687999999999924e+01 7.445416405392854738e-06 3.415103218870631339e-07
1.540094999999999992e+01 6.517511551352831509e-06 2.648294474909112081e-07
1.646361999999999881e+01 5.702802833083516878e-06 2.053545139495642822e-07
1.759960999999999842e+01 4.988596558766084110e-06 1.592352054235116415e-07
1.881398000000000081e+01 4.363026916256792652e-06 1.235091638318736053e-07
2.011214999999999975e+01 3.815465305555983924e-06 9.583561977601922001e-08
2.149988000000000099e+01 3.336397997922321237e-06 7.439457885544574790e-08
2.298338000000000036e+01 2.917376477885522039e-06 5.777822455203004108e-08
2.456923000000000101e+01 2.550942549608440792e-06 4.489323276356189180e-08
2.626450000000000173e+01 2.230567329206849516e-06 3.490316652498818669e-08
2.807676000000000016e+01 1.950617835915519387e-06 2.702954649628418611e-08
3.001405000000000101e+01 1.705694396685578761e-06 2.091845384694464531e-08
3.208502000000000010e+01 1.491539600196234564e-06 1.615351840566459464e-08
3.429889000000000010e+01 1.304276622807822791e-06 1.246214119257756910e-08
3.666550999999999760e+01 1.140550521157350468e-06 9.626840625436757995e-09
3.919543000000000177e+01 9.974068057792641569e-07 7.447762923703103259e-09
4.189992000000000161e+01 8.722575906823634916e-07 5.771734288141882027e-09
4.479100999999999999e+01 7.628464663969358619e-07 4.481440968314289627e-09
4.788159000000000276e+01 6.671844160376202810e-07 3.487564640718344211e-09
5.118542000000000058e+01 5.835429194868228131e-07 2.721190439023014998e-09
5.471721000000000146e+01 5.104066235594229179e-07 2.129757047971121364e-09
5.849269999999999925e+01 4.464535095784462122e-07 1.672497954066308979e-09
6.252870000000000061e+01 3.905270009429660595e-07 1.318543643265856669e-09
6.684318000000000382e+01 3.416180925131154319e-07 1.044122956389361653e-09
7.145535999999999888e+01 2.988447167794857778e-07 8.308327926260560131e-10
7.638577999999999690e+01 2.614339124967680768e-07 6.646964601382107534e-10
8.165640000000000498e+01 2.287133651582919209e-07 5.342992105422301285e-10
8.729068999999999789e+01 2.000918947650795734e-07 4.312112058421236245e-10
9.331373999999999569e+01 1.750561934556194339e-07 3.505552159901357743e-10
9.975239000000000544e+01 1.531558860335032320e-07 2.871862359164479767e-10
1.066353000000000009e+02 1.339979890857251536e-07 2.371417098944044362e-10
1.139930999999999983e+02 1.172383665449294995e-07 1.974221878390703556e-10
1.218586999999999989e+02 1.025767065708816626e-07 1.656906887320950459e-10
1.302668999999999926e+02 8.975017107517579325e-08 1.401836926364830270e-10
1.392553000000000054e+02 7.852836985714893136e-08 1.195262249131750501e-10
1.488640000000000043e+02 6.871036995526353468e-08 1.026778869765459815e-10
1.591356000000000108e+02 6.012063685812855204e-08 8.881431121342437447e-11
1.701159000000000106e+02 5.260536783234515251e-08 7.732596049492954815e-11
1.818539000000000101e+02 4.602985260691874898e-08 6.771918950607194561e-11
1.944018000000000086e+02 4.027673071057347502e-08 5.961358582406593805e-11
2.078155999999999892e+02 3.524277552450042095e-08 5.272803783809001921e-11
2.221547999999999945e+02 3.083826590978136275e-08 4.682556691000038560e-11
2.374834999999999923e+02 2.698439991516632879e-08 4.173674406448791540e-11
2.538699000000000012e+02 2.361223984220602415e-08 3.730857014760362072e-11
2.713869000000000256e+02 2.066165719152795321e-08 3.343838946352949105e-11
2.901125999999999863e+02 1.807977540332879479e-08 3.003014668919686221e-11
3.101304000000000087e+02 1.582064464697669116e-08 2.701771033527741516e-11
3.315294000000000096e+02 1.384380264652150754e-08 2.434399514683681701e-11
3.544048999999999978e+02 1.211402231003896730e-08 2.195765051994410826e-11
3.788587999999999738e+02 1.060041885319309514e-08 1.982487723209333492e-11
4.050000999999999749e+02 9.275966536649786237e-09 1.791083860369647835e-11
4.329451000000000249e+02 8.116997759944746755e-09 1.618981185107660537e-11
