1.000121100000000096e+00 2.037273318110386429e-04 1.072151439077725487e-04
1.005121699999999896e+00 2.023793071506330610e-04 1.055289753953312732e-04
1.010147300000000081e+00 2.010024887256351680e-04 1.038697165114754679e-04
1.015198000000000045e+00 1.996046991101107127e-04 1.022388975160931629e-04
1.020273999999999903e+00 1.981907562851149352e-04 1.006325799916216461e-04
1.025375399999999937e+00 1.967600434571763137e-04 9.902891712935787862e-05
1.030502299999999982e+00 1.953155878856309598e-04 9.744767298794459163e-05
1.035654800000000098e+00 1.938603102888870769e-04 9.589218514187590665e-05
1.040833099999999956e+00 1.923957048870667018e-04 9.436394035039018366e-05
1.046037200000000000e+00 1.909239265991414787e-04 9.286088329540868728e-05
1.051267399999999963e+00 1.894460006198413248e-04 9.138096946953654608e-05
1.056523799999999902e+00 1.879629916037285587e-04 8.992744893496352587e-05
1.061806400000000039e+00 1.864765823062985658e-04 8.849829970202973274e-05
1.067115400000000047e+00 1.849871029965365207e-04 8.709324877393579236e-05
1.072451000000000043e+00 1.834957854185623454e-04 8.571030567903003910e-05
1.077813200000000027e+00 1.820026874812395354e-04 8.435095628738814740e-05
1.083202299999999951e+00 1.805083630105312352e-04 8.301322407243512597e-05
1.088618300000000039e+00 1.790128609812480611e-04 8.169858197541725547e-05
1.094061399999999962e+00 1.775164588039906889e-04 8.040339658746198999e-05
1.099531700000000001e+00 1.760185962399325699e-04 7.913250150538626469e-05
1.105029400000000050e+00 1.745195637464827239e-04 7.788060680705702820e-05
1.110554500000000111e+00 1.730180143189318529e-04 7.664918431371450932e-05
1.116107299999999913e+00 1.715131256144457209e-04 7.543965348180868493e-05
1.121687799999999902e+00 1.700022684876315851e-04 7.424684425457321363e-05
1.127296300000000029e+00 1.684817383518979073e-04 7.307221344834082433e-05
1.132932800000000073e+00 1.669440061352563988e-04 7.191720670503451397e-05
1.138597400000000093e+00 1.653737654926978114e-04 7.078161157843924369e-05
1.144290400000000041e+00 1.637318131995444271e-04 6.966520518274625933e-05
1.150011899999999976e+00 1.618360595659620806e-04 6.856617495367221652e-05
1.151616399999999985e+00 1.610898210513617211e-04 6.826237122011061817e-05
1.154383600000000065e+00 1.604592611535639736e-04 6.919834199328561664e-05
1.155761899999999898e+00 1.604489681850748836e-04 6.893702789420432864e-05
1.161540699999999982e+00 1.595867157338873050e-04 6.785703420022132009e-05
1.167348400000000064e+00 1.584434567927686503e-04 6.679556310134837313e-05
1.173185200000000039e+00 1.572224153124565920e-04 6.575240675145390594e-05
1.179051099999999908e+00 1.559664489314595834e-04 6.472424074381449030e-05
1.184946400000000066e+00 1.546928802532927577e-04 6.371401615233520006e-05
1.190871100000000071e+00 1.534098536882573679e-04 6.271999205352772600e-05
1.196825400000000039e+00 1.521219931703458666e-04 6.174199079016236106e-05
1.202809599999999923e+00 1.508325201648522942e-04 6.078136536556379203e-05
1.208823600000000109e+00 1.495434430168436429e-04 5.983488139223013945e-05
1.214867700000000106e+00 1.482561247256067262e-04 5.890542133976260555e-05
1.220942100000000030e+00 1.469726029495204323e-04 5.799128049310462823e-05
1.227046800000000104e+00 1.456934974391993314e-04 5.709229906246795426e-05
1.233182000000000000e+00 1.444193574768089109e-04 5.620830906344776167e-05
1.239347900000000058e+00 1.431507118514856723e-04 5.533914419159395392e-05
1.245544699999999949e+00 1.418878449246161041e-04 5.448315851254753632e-05
1.251772399999999896e+00 1.406315197420296632e-04 5.364169360453227228e-05
1.258031200000000016e+00 1.393817645660820484e-04 5.281458742691653020e-05
1.264321400000000040e+00 1.381388024924164290e-04 5.200021614892641128e-05
1.270642999999999967e+00 1.369031283619188727e-04 5.119845101573260746e-05
1.276996199999999915e+00 1.356745335176582365e-04 5.041060086332757904e-05
1.283381200000000000e+00 1.344536626114603919e-04 4.963507188599481875e-05
1.289798100000000058e+00 1.332403178525236168e-04 4.887173467291379989e-05
1.296247099999999985e+00 1.320347022136512981e-04 4.812188043965891866e-05
1.302728300000000061e+00 1.308370299997680449e-04 4.738394447777530949e-05
1.309242000000000017e+00 1.296472631192712582e-04 4.665779354461928124e-05
1.315788200000000074e+00 1.284656240048153461e-04 4.594330642561470380e-05
1.322367099999999907e+00 1.272922861164276290e-04 4.524035573814363465e-05
1.328978999999999910e+00 1.261270016542699493e-04 4.454881198707615655e-05
1.335623900000000086e+00 1.249701733364996857e-04 4.386855702407942327e-05
1.342302000000000106e+00 1.238215695254850466e-04 4.319946693271710511e-05
1.349013500000000088e+00 1.226815402948097059e-04 4.254005132426474646e-05
1.355758599999999925e+00 1.215500416876985271e-04 4.189293081191904268e-05
1.362537399999999899e+00 1.204272351607676804e-04 4.125525945149231073e-05
1.369350000000000067e+00 1.193129025760447317e-04 4.062694102517153670e-05
1.376196799999999998e+00 1.182064133017484970e-04 4.000518998697130555e-05
1.383077799999999913e+00 1.171079565208311442e-04 3.939395688575945850e-05
1.389993199999999929e+00 1.160173183232781751e-04 3.879179770361427252e-05
1.396943100000000104e+00 1.149346652093835293e-04 3.819994017901919643e-05
1.403927799999999948e+00 1.138602997268038799e-04 3.761695274126428655e-05
1.410947500000000021e+00 1.127938277710144012e-04 3.704404918308188939e-05
1.418002200000000101e+00 1.117355934171254293e-04 3.647982103716415338e-05
1.425092199999999920e+00 1.106853642607466217e-04 3.592417347412539476e-05
1.432217700000000038e+00 1.096432705653747859e-04 3.537830342502171346e-05
1.439378800000000069e+00 1.086094510235780262e-04 3.484082184252662118e-05
1.446575699999999909e+00 1.075835229588704793e-04 3.431163908649381255e-05
1.453808599999999895e+00 1.065659408091269405e-04 3.379066635472774405e-05
1.461077600000000087e+00 1.055563384716110670e-04 3.327908072201046736e-05
1.468382999999999994e+00 1.045549797254722473e-04 3.277426083738486202e-05
1.475724899999999895e+00 1.035616649962079003e-04 3.227864186583002975e-05
1.483103499999999908e+00 1.025763450413222708e-04 3.178963143325253747e-05
1.490518999999999927e+00 1.015992842992355757e-04 3.130963897400277252e-05
1.497971600000000070e+00 1.006301143994653820e-04 3.083733024509661242e-05
1.505461500000000008e+00 9.966909418249589238e-05 3.037017093246577516e-05
1.512988800000000023e+00 9.871557103902583140e-05 2.991177547134695922e-05
1.520553700000000008e+00 9.776995737384632922e-05 2.945961690116693005e-05
1.528156499999999918e+00 9.683218778748102409e-05 2.901483761944568735e-05
1.535797300000000032e+00 9.590192770823528041e-05 2.857735910273337664e-05
1.543476300000000023e+00 9.497942611878419238e-05 2.814710159085406617e-05
1.551193700000000009e+00 9.406463115372024270e-05 2.772279664468444755e-05
1.558949600000000046e+00 9.315764645967934232e-05 2.730556895849300047e-05
1.566744399999999926e+00 9.225810876979279756e-05 2.689533731933162883e-05
1.574578100000000092e+00 9.136613554229940884e-05 2.649202823174787188e-05
1.582451000000000052e+00 9.048180318648489445e-05 2.609323184894600940e-05
1.590363299999999924e+00 8.960491952328331273e-05 2.570238775985762164e-05
1.598315099999999989e+00 8.873544558616100995e-05 2.531709649309448157e-05
1.606306599999999918e+00 8.787360095267495580e-05 2.493730090187392187e-05
1.614338199999999945e+00 8.701903883315668963e-05 2.456408419141754059e-05
1.622409900000000071e+00 8.617186403608161364e-05 2.419737633081268924e-05
1.630521899999999969e+00 8.533202322659829992e-05 2.383484170021718361e-05
1.638674500000000034e+00 8.449945309960067751e-05 2.347981851556505271e-05
1.646867899999999940e+00 8.367422982238601501e-05 2.312885773298374253e-05
1.655102199999999968e+00 8.285618061053608315e-05 2.278415307750204685e-05
1.663377700000000070e+00 8.204511779644867977e-05 2.244341463185996920e-05
1.671694599999999920e+00 8.124099391310978869e-05 2.210770971662027142e-05
1.680053100000000077e+00 8.044376172336864127e-05 2.177698580310739816e-05
1.688453399999999993e+00 7.965325209473459128e-05 2.145228354199815962e-05
1.696895599999999948e+00 7.886955208252958787e-05 2.113136168690728659e-05
1.705380099999999954e+00 7.809271606578809595e-05 2.081634661642386522e-05
1.713907000000000069e+00 7.732258501003457191e-05 2.050609624358528207e-05
1.722476600000000024e+00 7.655898654873362363e-05 2.020055920012517325e-05
1.731088900000000042e+00 7.582908242104075848e-05 1.989968809694234728e-05
1.739744399999999969e+00 7.507873685719914693e-05 1.960449066459822983e-05
1.748443100000000028e+00 7.433491158689346464e-05 1.931279406592157518e-05
1.757185299999999950e+00 7.359766572793928073e-05 1.902561455433805389e-05
1.765971200000000074e+00 7.286683960368074578e-05 1.874290414520300314e-05
1.774801099999999909e+00 7.214238062689931738e-05 1.846565378666302176e-05
1.783675099999999958e+00 7.142425290177719678e-05 1.819173311774925273e-05
1.792593499999999951e+00 7.071251280021053514e-05 1.792213914506195021e-05
1.801556500000000005e+00 7.000700628330491315e-05 1.765682558469046032e-05
1.810564199999999957e+00 6.931077761328685756e-05 1.739574751327242023e-05
1.819617100000000098e+00 6.861767536180796547e-05 1.713784260725027846e-05
1.828715099999999927e+00 6.793068308893171383e-05 1.688510160621062959e-05
1.837858699999999956e+00 6.724973571913577994e-05 1.663545412198909999e-05
1.847048000000000023e+00 6.657479850829746448e-05 1.638987070999687215e-05
1.856283300000000080e+00 6.590592327033393790e-05 1.614830654250941266e-05
1.865564699999999965e+00 6.524287228035311479e-05 1.591071894504463650e-05
1.874892500000000073e+00 6.458579793934508405e-05 1.567607981793009436e-05
1.884266999999999914e+00 6.393445306471940966e-05 1.544533941259565685e-05
1.893688299999999991e+00 6.328890350558551419e-05 1.521845609556817926e-05
1.903156700000000034e+00 6.264910165186359219e-05 1.499538695888877129e-05
1.912672499999999998e+00 6.201490527577021932e-05 1.477512489710020167e-05
1.922235899999999997e+00 6.138637129817067425e-05 1.455764300145597032e-05
1.931847099999999928e+00 6.076345969254698181e-05 1.434482467084237023e-05
1.941506299999999907e+00 6.014603820910113552e-05 1.413471431493917616e-05
1.951213800000000109e+00 5.953406374795241536e-05 1.392728508230125524e-05
1.960969900000000044e+00 5.892749366389460732e-05 1.372345124800690602e-05
1.970774699999999990e+00 5.832638723242614793e-05 1.352317380985787469e-05
1.980628599999999961e+00 5.773051614814086785e-05 1.332548050758656889e-05
1.990531800000000073e+00 5.713993508399680212e-05 1.313034627387157565e-05
2.000484399999999940e+00 5.655461389910386856e-05 1.293959144385061012e-05
2.010486799999999796e+00 5.597441934353046387e-05 1.275040942742840420e-05
2.020539299999999816e+00 5.539939838543061774e-05 1.256461524181043654e-05
2.030641999999999836e+00 5.482943689608386532e-05 1.238217171556901619e-05
2.040795199999999809e+00 5.426449679222298785e-05 1.220123263139584524e-05
2.050999200000000133e+00 5.370445757493235052e-05 1.202448594869507871e-05
2.061254200000000036e+00 5.314945335547259042e-05 1.184919605458350858e-05
2.071560400000000080e+00 5.259928718947946185e-05 1.167713440624536687e-05
2.081918200000000052e+00 5.205391928981589918e-05 1.150826354424012738e-05
2.092327800000000071e+00 5.151332030487236030e-05 1.134166569503645031e-05
2.102789500000000089e+00 5.097745600047696497e-05 1.117731781906776185e-05
2.113303399999999943e+00 5.044630195857097881e-05 1.101519813546532742e-05
2.123869899999999866e+00 4.991974215123912595e-05 1.085615216307710682e-05
2.134489299999999812e+00 4.939782163225872499e-05 1.069841575059954230e-05
2.145161700000000060e+00 4.888036477316672957e-05 1.054456086261112445e-05
2.155887499999999957e+00 4.836733799284740731e-05 1.039197187468200555e-05
2.166666999999999899e+00 4.785878673471447936e-05 1.024234293434918283e-05
2.177500300000000166e+00 4.735461549913079645e-05 1.009479338270724056e-05
2.188387800000000105e+00 4.685479121132977309e-05 9.949301402253731661e-06
2.199329699999999832e+00 4.635914570023522347e-05 9.805846300503893992e-06
2.210326400000000024e+00 4.586779314708057875e-05 9.665241392323140981e-06
2.221378000000000075e+00 4.538064299274931137e-05 9.525793188424417490e-06
2.232484900000000216e+00 4.489752519338678681e-05 9.389145989377128170e-06
2.243647300000000122e+00 4.441849101554598572e-05 9.254445151085285902e-06
2.254865600000000025e+00 4.394351248197020019e-05 9.121670096198913191e-06
2.266139900000000207e+00 4.347250563876824153e-05 8.990801653459743571e-06
2.277470600000000012e+00 4.300537747081420762e-05 8.861819604828714985e-06
2.288857900000000001e+00 4.254211178203370962e-05 8.735510788801619496e-06
2.300302199999999964e+00 4.208261900922528100e-05 8.610239187906103451e-06
2.311803700000000017e+00 4.162440931485842857e-05 8.485199849045567269e-06
2.323362799999999950e+00 4.117211391953735542e-05 8.358808897387879150e-06
2.334979600000000044e+00 4.072303946655407157e-05 8.234256046572522374e-06
2.346654500000000088e+00 4.027711592777411529e-05 8.110735574984288487e-06
2.358387800000000034e+00 3.983427903457182083e-05 7.989804897711618226e-06
2.370179700000000000e+00 3.939453191860170370e-05 7.870655403101347482e-06
2.382030600000000220e+00 3.895774782533929841e-05 7.754042682525498641e-06
2.393940699999999921e+00 3.852399336664479772e-05 7.638395648161841621e-06
2.405910399999999782e+00 3.809308514215187648e-05 7.524780854787537929e-06
2.417940000000000200e+00 3.766502846121562242e-05 7.411649504685422778e-06
2.430029699999999959e+00 3.724330974367058832e-05 7.298318855808325623e-06
2.442179799999999901e+00 3.682029932177834455e-05 7.186688041230982789e-06
2.454390699999999814e+00 3.639964598915443642e-05 7.076889248044831675e-06
2.466662700000000097e+00 3.598136829993770722e-05 6.968827742589884897e-06
2.478995999999999977e+00 3.556531692359313852e-05 6.862485160652618876e-06
2.491391000000000133e+00 3.515139875195525207e-05 6.757768683618577913e-06
2.503847899999999793e+00 3.473958553646272083e-05 6.654661371710154703e-06
2.516367199999999915e+00 3.432973197738185388e-05 6.553072313752065130e-06
2.528948999999999891e+00 3.392181836113704422e-05 6.453132137597519168e-06
2.541593799999999792e+00 3.351559961668446367e-05 6.354749885730304948e-06
2.554301699999999897e+00 3.311101115588766447e-05 6.257909455718189005e-06
2.567073199999999833e+00 3.270798090369217832e-05 6.162593890753748942e-06
2.579908599999999996e+00 3.230628820387107243e-05 6.068786888370676126e-06
2.592808199999999896e+00 3.190577331161505414e-05 5.976472288809587032e-06
2.605772200000000094e+00 3.150628573164610002e-05 5.885563494993761028e-06
2.618801100000000215e+00 3.110762355771435277e-05 5.796186134023690216e-06
2.631895099999999932e+00 3.070960071411962870e-05 5.708113334886161544e-06
2.645054500000000086e+00 3.031198716934914867e-05 5.621471094929629515e-06
2.658279799999999859e+00 2.991450914716561261e-05 5.536243522364346715e-06
2.671571199999999813e+00 2.951686276690765687e-05 5.452277385027054973e-06
2.684929100000000179e+00 2.911870469672999043e-05 5.369628067864058809e-06
2.698353700000000188e+00 2.871975875622412129e-05 5.288350108477931476e-06
2.711845499999999909e+00 2.831951825902386254e-05 5.208292107488360260e-06
2.725404699999999902e+00 2.791755154903283911e-05 5.129509189265218676e-06
2.739031699999999958e+00 2.751330284390741783e-05 5.051987495552976283e-06
2.752726899999999866e+00 2.710614892332260869e-05 4.975646276163088570e-06
2.766490500000000186e+00 2.669531593839363911e-05 4.900473291335667848e-06
2.780323000000000100e+00 2.627992292489725977e-05 4.826522231106444238e-06
2.794224600000000169e+00 2.585895474227672188e-05 4.753714049356812145e-06
2.808195700000000183e+00 2.543108369245653387e-05 4.682036480844061137e-06
2.822236699999999932e+00 2.499477726316153613e-05 4.611542750432036867e-06
2.836347899999999811e+00 2.454805174643236092e-05 4.542089910781944528e-06
2.850529600000000219e+00 2.408840872691649912e-05 4.473731888971098384e-06
2.864782299999999893e+00 2.361260484487913474e-05 4.406456703409420400e-06
2.879106199999999838e+00 2.311623762094007565e-05 4.340188865677060666e-06
2.893501699999999843e+00 2.259329911031680865e-05 4.274981480325063602e-06
2.907969200000000143e+00 2.203506942874993482e-05 4.210823035878624107e-06
2.922509100000000082e+00 2.142826012666365358e-05 4.147638997672406738e-06
2.937121600000000221e+00 2.075117648245639032e-05 4.085419288894935594e-06
2.951807200000000186e+00 1.996646914545476898e-05 4.024153497477048663e-06
2.966566199999999931e+00 1.898582107556665645e-05 3.963893778198871002e-06
2.981399099999999969e+00 1.756918378276612616e-05 3.904505217749634562e-06
2.996306099999999972e+00 1.401650396971956621e-05 3.846102168013546319e-06
2.998848199999999853e+00 1.125008746219054315e-05 3.836258804412732127e-06
3.000551999999999886e+00 1.113422162853571970e-05 1.004667555146310915e-05
3.011287600000000175e+00 1.616572751922620317e-05 9.915889902178408229e-06
3.026343999999999923e+00 1.755283480450686064e-05 9.736092383250624185e-06
3.041475800000000174e+00 1.813468297845091383e-05 9.559051314486962509e-06
3.056683099999999875e+00 1.839598736745005417e-05 9.385342151433261447e-06
3.071966600000000103e+00 1.845972894065108627e-05 9.215526714640338518e-06
3.087326399999999804e+00 1.835934927751489825e-05 9.048364244847873148e-06
3.102762999999999938e+00 1.807112765212139720e-05 8.884420876698052489e-06
3.118276799999999849e+00 1.745139798076854199e-05 8.723068122025137133e-06
3.133868200000000215e+00 1.511884526395498006e-05 8.564867070151239555e-06
3.135234000000000076e+00 1.407375258198260701e-05 8.551720360710255719e-06
3.137165899999999841e+00 1.402996383701838351e-05 1.229449651757113034e-05
3.149537599999999937e+00 1.724658823445172231e-05 1.211791174004776448e-05
3.165285299999999857e+00 1.821959856223082970e-05 1.189732934421109092e-05
3.181111700000000209e+00 1.874559937003726244e-05 1.168154194087254810e-05
3.197017199999999892e+00 1.908901520491802976e-05 1.146933861455924516e-05
3.213002299999999867e+00 1.932832496355841760e-05 1.126125428958937798e-05
3.229067300000000085e+00 1.949843082946438780e-05 1.105667078071129914e-05
3.245212700000000172e+00 1.961829503477617551e-05 1.085611806743234565e-05
3.261438699999999802e+00 1.969959151022398954e-05 1.065841905897981360e-05
3.277745900000000212e+00 1.975002261454316822e-05 1.046466982177098257e-05
3.294134699999999860e+00 1.977505227249103291e-05 1.027426468872451964e-05
3.310605300000000195e+00 1.977874054344441642e-05 1.008716746590722035e-05
3.327158400000000071e+00 1.976411444096065742e-05 9.903895272877201672e-06
3.343794100000000213e+00 1.973357082687574661e-05 9.723852807410200051e-06
3.360513099999999920e+00 1.968898345513705469e-05 9.547003392148353427e-06
3.377315700000000032e+00 1.963186036981202481e-05 9.373858153733471532e-06
3.394202299999999894e+00 1.956344531459950834e-05 9.203286637825931830e-06
3.411173300000000186e+00 1.948467078961558353e-05 9.036343906627313465e-06
3.428229099999999807e+00 1.939632051052071369e-05 8.871911001663925723e-06
3.445370299999999997e+00 1.929894575580705729e-05 8.711032280585289075e-06
3.462597099999999983e+00 1.919294096516444120e-05 8.553133529969327858e-06
3.479910100000000117e+00 1.907851354096262240e-05 8.397650510015238463e-06
3.497309700000000188e+00 1.895561396317784492e-05 8.245612999073423908e-06
3.514796200000000148e+00 1.882397552130296434e-05 8.095930522660702887e-06
3.532370199999999905e+00 1.868292566499570270e-05 7.949100117104788296e-06
3.550032100000000135e+00 1.853124600316307061e-05 7.805089403558460493e-06
3.567782199999999904e+00 1.836681616994387820e-05 7.663349375951318827e-06
3.585621100000000006e+00 1.818584340876792805e-05 7.524370070043758959e-06
3.603549199999999786e+00 1.798115650310612155e-05 7.388119940300485314e-06
3.621567000000000203e+00 1.773703880853159695e-05 7.254567521448498219e-06
3.639674799999999877e+00 1.740858488125388221e-05 7.123175121002120659e-06
3.657873200000000047e+00 1.670914169511963237e-05 6.993919211639143519e-06
3.658567899999999984e+00 1.664762829626083174e-05 6.989061101453071948e-06
3.667432300000000200e+00 1.658785341071717116e-05 8.176538610204098161e-06
3.676162600000000058e+00 1.697813489950006770e-05 8.103920930890449250e-06
3.694543400000000144e+00 1.722402253484285408e-05 7.953737790298842376e-06
3.713016099999999931e+00 1.729749264728070427e-05 7.806836039899601846e-06
3.731581199999999932e+00 1.730780071938308026e-05 7.662187913345861105e-06
3.750239099999999937e+00 1.728406897416275879e-05 7.520753772514290109e-06
3.768990300000000016e+00 1.723858927277223703e-05 7.381516308061452922e-06
3.787835199999999958e+00 1.717765375751552178e-05 7.244939508232723610e-06
3.806774400000000114e+00 1.710500939480109211e-05 7.111477487785861690e-06
3.825808299999999829e+00 1.702290951728567097e-05 6.979646368949253427e-06
3.844937299999999780e+00 1.693260655402423123e-05 6.851350373914941729e-06
3.864161999999999875e+00 1.683656627850099177e-05 6.728932761758575397e-06
3.883482799999999902e+00 1.673686321473835732e-05 6.609464055768790547e-06
3.902900199999999931e+00 1.663382379190987210e-05 6.491963000084661250e-06
3.922414700000000032e+00 1.652758284461450713e-05 6.375937866089517987e-06
3.942026799999999831e+00 1.641847371341314906e-05 6.261842549477890902e-06
3.961736900000000006e+00 1.630684166378637472e-05 6.150121908440591019e-06
3.981545600000000018e+00 1.619295270491474494e-05 6.040748015663109732e-06
4.001453299999999658e+00 1.607708742044269614e-05 5.933232427115854838e-06
4.021460600000000163e+00 1.595945070703114229e-05 5.828013406220275649e-06
4.041567900000000435e+00 1.584019974826751494e-05 5.725064058724052549e-06
4.061775700000000100e+00 1.571948606793207207e-05 5.623903352258459336e-06
4.082084599999999952e+00 1.559739300685106502e-05 5.524511383202089041e-06
4.102495000000000225e+00 1.547381713552431677e-05 5.426418974702560307e-06
4.123007499999999936e+00 1.534869974620279391e-05 5.330508277006566512e-06
4.143622599999999601e+00 1.522206753495756533e-05 5.236308082828488477e-06
4.164340700000000339e+00 1.509374736263767231e-05 5.143799457763944764e-06
4.185162400000000282e+00 1.496355289840659720e-05 5.052963385843940643e-06
4.206088199999999944e+00 1.483107113051749252e-05 4.964219801424160203e-06
4.227118599999999837e+00 1.469559517488550860e-05 4.876670669739122270e-06
4.248254199999999869e+00 1.455581065886139265e-05 4.791172637654362304e-06
4.269495499999999666e+00 1.440914038165074204e-05 4.706836738611903005e-06
4.290842999999999741e+00 1.424900898261027966e-05 4.624511381608575421e-06
4.312297199999999719e+00 1.404956075657735255e-05 4.543316567522115174e-06
4.320812499999999723e+00 1.392438171956490523e-05 4.511731516227038620e-06
4.333187800000000145e+00 1.385371288794157270e-05 4.752614279740616654e-06
4.333858700000000397e+00 1.385954480380955770e-05 4.750175677470067317e-06
4.355527999999999622e+00 1.387307642267329168e-05 4.668933183066620920e-06
4.377305599999999686e+00 1.380718792871215816e-05 4.589224532550896343e-06
4.399192099999999606e+00 1.372193754250422420e-05 4.511032218252512665e-06
4.421188100000000176e+00 1.362759667517322383e-05 4.433921586814612944e-06
4.443293999999999855e+00 1.352786968770592102e-05 4.358297116712674434e-06
4.465510499999999716e+00 1.342444948858700708e-05 4.284141648805541543e-06
4.487838100000000274e+00 1.331825767557182339e-05 4.211438380079501583e-06
4.510277199999999986e+00 1.320970308887406611e-05 4.139761681788454653e-06
4.532828600000000208e+00 1.309888988068014945e-05 4.069263692376587622e-06
4.555492799999999676e+00 1.298553563567195061e-05 4.000053183467928251e-06
4.578270200000000401e+00 1.286883983504962947e-05 3.932115806594640807e-06
4.601161600000000185e+00 1.274673416779518630e-05 3.865356799125868216e-06
4.624167400000000150e+00 1.261280827547336883e-05 3.799763269680109520e-06
4.642323799999999778e+00 1.247762250008347050e-05 3.749014080068339315e-06
4.647288200000000202e+00 1.241849625267753503e-05 3.735282570676056520e-06
4.661676100000000211e+00 1.239178223966902573e-05 3.858121878988103231e-06
4.670524699999999640e+00 1.238670464297637830e-05 3.833470517494764972e-06
4.693877299999999586e+00 1.232674686361040278e-05 3.769392398866785778e-06
4.717346700000000226e+00 1.224745285351606077e-05 3.706443625134713770e-06
4.740933400000000297e+00 1.216119212009165651e-05 3.644533859311245334e-06
4.764638099999999987e+00 1.207144948441689404e-05 3.583612994014722916e-06
4.788461299999999810e+00 1.197951174689733175e-05 3.522938403575518491e-06
4.812403599999999670e+00 1.188610528704351782e-05 3.463277252559419109e-06
4.836465600000000364e+00 1.179178035214476407e-05 3.404618475435312019e-06
4.860647900000000021e+00 1.169684542652099367e-05 3.346989064396258134e-06
4.884951199999999716e+00 1.160155330866669926e-05 3.290339749174221711e-06
4.909375899999999682e+00 1.150606213053978392e-05 3.234622318025335795e-06
4.933922800000000386e+00 1.141049376186445470e-05 3.179826528684002945e-06
4.958592399999999678e+00 1.131496700559312523e-05 3.126016846269320614e-06
4.983385400000000409e+00 1.121953928402987961e-05 3.073071099488364196e-06
5.008302300000000429e+00 1.112429464482776295e-05 3.021053747866594541e-06
5.033343799999999924e+00 1.102929939055382754e-05 2.969844464938388697e-06
5.058510499999999688e+00 1.093457697968565530e-05 2.919544107816401455e-06
5.083803099999999908e+00 1.084019005350678935e-05 2.870106207155539411e-06
5.109222100000000211e+00 1.074615971633173337e-05 2.821521333072304632e-06
5.134768199999999894e+00 1.065251867966866196e-05 2.773744095351271114e-06
5.160442100000000032e+00 1.055929842570603030e-05 2.726801412918516095e-06
5.186244300000000251e+00 1.046653004326962023e-05 2.680648528509543330e-06
5.212175499999999850e+00 1.037421697724434422e-05 2.635276767045336269e-06
5.238236399999999904e+00 1.028238792253108546e-05 2.590677533844195551e-06
5.264427600000000318e+00 1.019105826669435923e-05 2.546842362098772141e-06
5.290749700000000111e+00 1.010024276922773657e-05 2.503762859396681321e-06
5.317203400000000357e+00 1.000995519958274733e-05 2.461395961973682919e-06
5.343789499999999748e+00 9.920208377607157992e-06 2.419802907076537645e-06
5.370508400000000293e+00 9.831016043329780679e-06 2.378872037985306732e-06
5.397360899999999795e+00 9.742377928166820252e-06 2.338664562166008436e-06
5.424347700000000216e+00 9.654317741029272532e-06 2.299138397186836398e-06
5.451469499999999968e+00 9.566823042871025132e-06 2.260286055835075074e-06
5.478726799999999564e+00 9.479928898746782441e-06 2.222100200313832652e-06
5.506120499999999751e+00 9.393621599238251144e-06 2.184573394646150253e-06
5.533651100000000156e+00 9.307911981685008685e-06 2.147665090550170336e-06
5.561319300000000077e+00 9.222820947967796013e-06 2.111434913905848515e-06
5.589125899999999980e+00 9.138345857205175984e-06 2.075776140557411574e-06
5.617071600000000053e+00 9.054495425876304826e-06 2.040748358872787916e-06
5.645156899999999922e+00 8.971256699977368158e-06 2.006181194457792640e-06
5.673382700000000334e+00 8.888594225454649620e-06 1.972167606719974149e-06
5.701749600000000306e+00 8.806517618439208231e-06 1.938701684854156848e-06
5.730258400000000307e+00 8.725024803747618150e-06 1.905841896762275833e-06
5.758909599999999962e+00 8.644146087557939712e-06 1.873517432119541190e-06
5.787704200000000299e+00 8.563857015330064918e-06 1.841786164606274299e-06
5.816642700000000055e+00 8.484176618497745896e-06 1.810578036869245777e-06
5.845725899999999697e+00 8.405101816421242216e-06 1.779887340805218661e-06
5.874954599999999694e+00 8.326639622356173099e-06 1.749739826072247252e-06
5.904329299999999670e+00 8.248787506911081245e-06 1.720129508903459688e-06
5.933850999999999765e+00 8.171551415548259311e-06 1.690988126171481511e-06
5.963520199999999605e+00 8.094928513073036029e-06 1.662372605729756791e-06
5.993337799999999937e+00 8.018934249620443628e-06 1.634246220973971752e-06
6.023304500000000061e+00 7.958534860108406608e-06 1.606327919570765879e-06
6.053421000000000163e+00 7.883580441500072887e-06 1.578829842909303070e-06
6.083688200000000101e+00 7.809197907632763945e-06 1.551747551900076816e-06
6.114106600000000391e+00 7.735385244307232326e-06 1.525137101960578802e-06
6.144677100000000003e+00 7.662148616470198199e-06 1.498993230560457318e-06
6.175400500000000292e+00 7.589484954003158778e-06 1.473310749401084572e-06
6.206277499999999669e+00 7.517409511870573369e-06 1.448084541157394487e-06
6.237308900000000378e+00 7.445909732436864319e-06 1.423309510774468879e-06
6.268495399999999940e+00 7.375000245229235543e-06 1.398951199224622733e-06
6.299837899999999991e+00 7.314177365695172800e-06 1.374829300931451783e-06
6.331337099999999829e+00 7.244307659452857034e-06 1.351116783837557687e-06
6.362993799999999922e+00 7.175001179330306488e-06 1.327838149016821035e-06
6.394808799999999849e+00 7.106254624560146046e-06 1.304959657946633096e-06
6.426782799999999796e+00 7.038073352127063737e-06 1.282505627032530280e-06
6.458916699999999622e+00 6.970453603790512925e-06 1.260414104653418533e-06
6.491211299999999795e+00 6.903400123654051279e-06 1.238709610213682928e-06
6.523667399999999894e+00 6.836909160998340042e-06 1.217416132337302128e-06
6.556285700000000105e+00 6.770977190181331652e-06 1.196472730680437948e-06
6.589067100000000288e+00 6.705616322810814169e-06 1.175931594350650975e-06
6.622012500000000301e+00 6.640806305866961424e-06 1.155704524774901427e-06
6.655122500000000052e+00 6.576551730549509110e-06 1.135871419991840832e-06
6.688398099999999680e+00 6.512856090932790479e-06 1.116372556163366812e-06
6.721840099999999651e+00 6.449707589816286237e-06 1.097231727932098828e-06
6.755449300000000434e+00 6.387117648467763648e-06 1.078417593392227177e-06
6.789226600000000111e+00 6.325074257249501087e-06 1.059926550291310480e-06
6.823172699999999757e+00 6.263573592314948420e-06 1.041782100460290405e-06
6.857288600000000400e+00 6.202618704795875334e-06 1.023926475652175621e-06
6.891574999999999562e+00 6.142212932199979544e-06 1.006410147938153867e-06
6.926032900000000048e+00 6.082337038272945439e-06 9.892025904378519392e-07
6.960663099999999659e+00 6.023001504873868781e-06 9.723003777198411917e-07
6.995466399999999751e+00 5.964194922749878698e-06 9.556737403636954549e-07
7.030443700000000185e+00 5.905920115610070273e-06 9.393721798629946908e-07
7.065595899999999929e+00 5.848172689834162814e-06 9.233397300944970419e-07
7.100923899999999733e+00 5.790948291508166252e-06 9.075734641017249370e-07
7.136428500000000064e+00 5.734242766416404364e-06 8.920963472891997969e-07
7.172110700000000172e+00 5.678058440787562674e-06 8.769051064907881648e-07
7.207971200000000245e+00 5.622391186217084118e-06 8.619709385557925233e-07
7.244011099999999814e+00 5.567236282069366851e-06 8.473164691670460633e-07
7.280231099999999955e+00 5.512589672279806507e-06 8.328878623434400060e-07
7.316632300000000200e+00 5.458446725698693863e-06 8.187331394176307903e-07
7.353215500000000127e+00 5.410637032795173350e-06 8.047488271054938074e-07
7.389981500000000203e+00 5.357456640533206604e-06 7.909832748686871569e-07
7.426931399999999961e+00 5.304748305405854570e-06 7.774341351764290337e-07
7.464066100000000148e+00 5.252527173752766121e-06 7.641485404544024924e-07
7.501386400000000343e+00 5.200789250149188765e-06 7.510988829958050366e-07
7.538893400000000078e+00 5.149517905669100588e-06 7.382580417736427656e-07
7.576587800000000428e+00 5.098727912509121454e-06 7.256481492739749757e-07
7.614470800000000317e+00 5.048402645430349470e-06 7.132908245509564729e-07
7.652543099999999932e+00 4.998550451385020339e-06 7.011108370205088662e-07
7.690805799999999692e+00 4.949161046627235015e-06 6.891783231886731340e-07
7.729259899999999739e+00 4.900230387771453376e-06 6.774187906926068156e-07
7.767906199999999650e+00 4.851760491218145511e-06 6.659017262479125293e-07
7.806745699999999566e+00 4.803741497566270673e-06 6.545533952223902755e-07
7.845779399999999626e+00 4.756180784251986427e-06 6.434425958427528764e-07
7.885008299999999970e+00 4.709062918923602078e-06 6.324963444457414056e-07
7.924433399999999850e+00 4.662389590640557830e-06 6.217594927854760327e-07
7.964055499999999732e+00 4.616162537100009923e-06 6.112064964882299230e-07
8.003875799999999430e+00 4.570371977730559770e-06 6.008353142441224333e-07
8.043895199999999690e+00 4.525019502652425113e-06 5.906439464563901076e-07
8.084114700000000653e+00 4.480095754430426726e-06 5.806304038498954534e-07
8.124535200000000401e+00 4.435602286062559704e-06 5.707927221639359927e-07
8.165157900000000524e+00 4.391534926937917113e-06 5.611289337214332508e-07
8.205983700000000880e+00 4.347889876864017260e-06 5.516371098736319821e-07
8.247013600000000721e+00 4.304663263751317257e-06 5.423153322624210865e-07
8.288248700000000468e+00 4.261851150987683455e-06 5.331616934045254570e-07
8.329689899999999980e+00 4.219454866229092313e-06 5.241521663368212889e-07
8.371338400000000846e+00 4.177465333442778588e-06 5.153072419844597786e-07
8.413195099999999371e+00 4.135883857590044702e-06 5.066250754271511510e-07
8.455261000000000138e+00 4.094706611472937774e-06 4.980820111614542336e-07
8.497537299999999405e+00 4.053929615274987358e-06 4.896982574355697272e-07
8.540024999999999977e+00 4.013553899852856033e-06 4.814504073452287724e-07
9.030794000000000210e+00 3.603466141379273604e-06 3.967948950568221632e-07
9.653919000000000139e+00 3.147362074182840102e-06 3.116509698219712368e-07
1.032004000000000055e+01 2.744748786401968274e-06 2.451776209673663899e-07
1.103212000000000081e+01 2.391177035717551143e-06 1.932286181818500659e-07
1.179334000000000060e+01 2.080674472010310911e-06 1.524257718189564596e-07
1.260707999999999984e+01 1.807278463402057904e-06 1.204669214118176456e-07
1.347696999999999967e+01 1.564427985103187654e-06 9.525827396446190524e-08
1.440687999999999924e+01 1.339794970231653384e-06 7.529157076713518681e-08
1.473057999999999979e+01 1.259668936931112357e-06 6.965160206733240206e-08
1.495603999999999978e+01 1.181617462710555684e-06 6.605048848260382035e-08
1.501617000000000068e+01 1.125162308209631449e-06 6.513356998524584546e-08
1.510636000000000045e+01 1.158029263780610027e-06 1.546710856163585983e-07
1.533182000000000045e+01 1.164030246260660434e-06 1.466925492390422605e-07
1.540094999999999992e+01 1.159414929790517549e-06 1.443449370944834246e-07
1.646361999999999881e+01 1.043289603887447969e-06 1.133320477300801275e-07
1.754836999999999847e+01 9.139112637760879406e-07 8.963362276144916086e-08
1.759960999999999842e+01 9.072059250060827256e-07 8.867762291392901570e-08
1.781697000000000131e+01 8.731252214571413118e-07 8.475842873977296774e-08
1.788859000000000066e+01 8.494506128197655500e-07 8.351455699295288255e-08
1.799603000000000108e+01 8.559794974319419047e-07 1.142721483576918360e-07
1.826622000000000057e+01 8.444985419247889040e-07 1.082890825023262627e-07
1.854579999999999984e+01 8.200414669373190895e-07 1.025180852607927186e-07
1.862036000000000158e+01 8.071893713841910219e-07 1.010374572788079192e-07
1.873218999999999923e+01 8.072631884992655324e-07 1.140264336281647296e-07
1.881398000000000081e+01 8.046621319858096156e-07 1.123049046461531492e-07
1.901178000000000168e+01 7.944486971129499460e-07 1.082833389947288112e-07
2.011214999999999975e+01 7.252728803965833143e-07 8.888479665716709024e-08
2.149988000000000099e+01 6.429586867109570840e-07 7.021106767722177784e-08
2.298338000000000036e+01 5.671538363429819424e-07 5.547372780329247684e-08
2.456923000000000101e+01 4.989655059861188545e-07 4.384075713880098678e-08
2.626450000000000173e+01 4.382654941810981117e-07 3.465996100405578382e-08
2.807676000000000016e+01 3.845526302602229180e-07 2.725576707287459329e-08
3.001405000000000101e+01 3.370209944358305746e-07 2.141296503889304309e-08
3.208502000000000010e+01 2.953395614012241467e-07 1.679912929608539449e-08
3.429889000000000010e+01 2.584985532261831390e-07 1.319518686565341292e-08
3.666550999999999760e+01 2.262690133608437848e-07 1.037044162358733115e-08
3.919543000000000177e+01 1.979814229631313329e-07 8.128863263570728223e-09
4.189992000000000161e+01 1.731308756750814078e-07 6.374754185243476958e-09
4.479100999999999999e+01 1.513735276565553487e-07 5.004350718614551360e-09
4.788159000000000276e+01 1.323354184643918296e-07 3.933803862068397415e-09
5.118542000000000058e+01 1.156827040582411410e-07 3.096205565840868792e-09
5.471721000000000146e+01 1.011194956272169681e-07 2.440038518772578749e-09
5.849269999999999925e+01 8.838503345218522447e-08 1.925481618889747049e-09
6.252870000000000061e+01 7.724999258683144463e-08 1.521535560088801325e-09
6.684318000000000382e+01 6.751285998971185724e-08 1.203199911557782671e-09
7.145535999999999888e+01 5.899546500375950200e-08 9.518954902111069980e-10
7.638577999999999690e+01 5.154249470185089580e-08 7.544199255589671369e-10
8.165640000000000498e+01 4.501737404903279722e-08 5.968181284346101729e-10
8.729068999999999789e+01 3.928924947965086766e-08 4.695018979969165593e-10
9.331373999999999569e+01 3.422953362023246027e-08 3.702322891156967640e-10
9.911426000000000158e+01 3.001088172172403287e-08 2.993284271910517268e-10
9.975239000000000544e+01 2.953332334745001078e-08 2.926786387601894453e-10
1.006312999999999960e+02 2.876655027536663351e-08 2.838337202572713870e-10
1.010358999999999980e+02 2.812575374283235090e-08 2.798666626360221562e-10
1.016427000000000049e+02 2.821399849245516477e-08 1.072885654964946344e-09
1.031597000000000008e+02 2.774932466596034168e-08 1.018924099419148704e-09
1.066353000000000009e+02 2.621905233850828485e-08 9.077510171278834202e-10
1.139930999999999983e+02 2.312599263231564271e-08 7.191593553927916225e-10
1.218586999999999989e+02 2.031874544209670673e-08 5.694359145643668305e-10
1.302668999999999926e+02 1.782462490908388276e-08 4.509873101357369486e-10
1.392553000000000054e+02 1.562344628893636203e-08 3.574076811546053901e-10
1.488640000000000043e+02 1.368692085429088444e-08 2.832752327852494479e-10
1.591356000000000108e+02 1.198594689404678795e-08 2.246208216775411819e-10
1.701159000000000106e+02 1.049366969572547152e-08 1.783340250187301963e-10
1.818539000000000101e+02 9.185480876941427511e-09 1.417941569453758855e-10
1.944018000000000086e+02 8.039309335772637624e-09 1.129297183024353750e-10
2.078155999999999892e+02 7.035457983753794959e-09 9.010381287646822861e-11
2.221547999999999945e+02 6.156519671895139990e-09 7.206459801095463656e-11
2.374834999999999923e+02 5.387123111689589920e-09 5.777177125917438723e-11
2.538699000000000012e+02 4.713711919596663137e-09 4.643152423137319242e-11
2.713869000000000256e+02 4.124372924761175998e-09 3.742064578776177528e-11
2.901125999999999863e+02 3.608658262636217095e-09 3.024955373298706113e-11
3.101304000000000087e+02 3.157392155922412031e-09 2.453303718517770561e-11
3.315294000000000096e+02 2.762545078887206476e-09 1.996604911299538266e-11
3.544048999999999978e+02 2.417070357460066821e-09 1.631017944482769614e-11
3.788587999999999738e+02 2.114799595432400117e-09 1.337666101387084936e-11
4.050000999999999749e+02 1.850333248101204589e-09 1.101628463364994826e-11
4.329451000000000249e+02 1.618949396230308709e-09 9.111570647950471100e-12
