1.004374899999999959e+00 6.410152766076395586e-04 9.112490228457165999e-05
1.009396799999999983e+00 6.292196982156845770e-04 8.951619642163214817e-05
1.014443800000000007e+00 6.172702624240684281e-04 8.793273894206023514e-05
1.019516000000000089e+00 6.051405819748021135e-04 8.637998275011602063e-05
1.024613599999999902e+00 5.928019790449184923e-04 8.485756990361459297e-05
1.029736699999999949e+00 5.802139047286385739e-04 8.336515433020135445e-05
1.034885300000000008e+00 5.673376933778026630e-04 8.189676640279301158e-05
1.040059800000000090e+00 5.541164485554957034e-04 8.045212635334101996e-05
1.045260099999999914e+00 5.404930651633915728e-04 7.903657497069672554e-05
1.050486400000000042e+00 5.263839333368571871e-04 7.764976976996226473e-05
1.055738800000000088e+00 5.116965203695953562e-04 7.628585591384827946e-05
1.061017499999999947e+00 4.962984411599668990e-04 7.494457996826234562e-05
1.066322599999999898e+00 4.800321051145328287e-04 7.363116641206294936e-05
1.071654200000000001e+00 4.626669752933065967e-04 7.233440950880284665e-05
1.077012499999999928e+00 4.439032681798847071e-04 7.107038659976704672e-05
1.082397499999999901e+00 4.232887662562787143e-04 6.982254370778916922e-05
1.087809500000000096e+00 4.001340921064850515e-04 6.860143416119548240e-05
1.093248599999999904e+00 3.733015581484607002e-04 6.740141159058274313e-05
1.098714799999999991e+00 3.406711957510727049e-04 6.622225162409553284e-05
1.104208400000000090e+00 2.975711680798181851e-04 6.506371357258408834e-05
1.109729399999999977e+00 2.293417947099935710e-04 6.392557699147109014e-05
1.115278100000000050e+00 -1.210322320287484174e-04 6.280760588842438979e-05
1.115315000000000056e+00 -1.533359201449555856e-04 6.280029977967992953e-05
1.115485000000000060e+00 -1.580929877680104011e-04 3.440839948633372925e-04
1.120854500000000087e+00 2.068171732483356897e-04 3.381073395449153847e-04
1.126458699999999924e+00 2.569400419016962950e-04 3.320097574473036351e-04
1.132090999999999958e+00 2.742302600167774592e-04 3.260211128284308578e-04
1.137751500000000027e+00 2.651002550098062872e-04 3.201402034248116714e-04
1.142212999999999923e+00 1.143385207941580178e-04 3.156021030384929447e-04
1.142387100000000100e+00 1.127501481597804271e-04 4.476618109072901235e-04
1.143440199999999907e+00 2.245169102063546672e-04 4.461633169653267243e-04
1.149157399999999996e+00 3.151028272744510841e-04 4.381235343391106166e-04
1.154903199999999908e+00 3.521753288843463875e-04 4.302334836449171101e-04
1.160677699999999923e+00 3.770180918462955576e-04 4.224814404426142879e-04
1.166481099999999937e+00 3.956481367615320211e-04 4.148708550381436039e-04
1.172313500000000008e+00 4.103246507581548796e-04 4.074001547199649579e-04
1.178175100000000031e+00 4.221862349652229099e-04 4.000627965962036251e-04
1.184066000000000063e+00 4.319094241903335355e-04 3.928573100316693194e-04
1.189986299999999941e+00 4.399392280127319903e-04 3.857822364023383386e-04
1.195936200000000005e+00 4.465786426384564392e-04 3.788360973708864896e-04
1.201915899999999926e+00 4.520513794013039112e-04 3.720125779842115596e-04
1.207925499999999985e+00 4.565273010782535572e-04 3.653151592661122425e-04
1.213965100000000019e+00 4.601295927971203498e-04 3.587376305177177125e-04
1.220034999999999981e+00 4.629580485136834352e-04 3.522833892179722524e-04
1.226135100000000033e+00 4.650929082139089303e-04 3.459415998841384576e-04
1.232265799999999967e+00 4.665927530469594735e-04 3.397156804383185736e-04
1.238427100000000003e+00 4.674984672181521357e-04 3.335996631790795388e-04
1.244619300000000095e+00 4.678380933439573895e-04 3.275969730599882020e-04
1.250842400000000021e+00 4.676233792244796367e-04 3.217017102206025186e-04
1.257096599999999897e+00 4.668412904190209290e-04 3.159126637086197005e-04
1.263382100000000063e+00 4.654553784908611923e-04 3.102286345024676145e-04
1.269698999999999911e+00 4.633699243200339120e-04 3.046484593394775610e-04
1.276047500000000001e+00 4.603938734763489979e-04 2.991663913326722286e-04
1.282427699999999948e+00 4.560938819097181849e-04 2.937859026730984527e-04
1.288839899999999927e+00 4.492576063962181224e-04 2.885012904264372749e-04
1.295284000000000102e+00 4.331738247682453123e-04 2.833115442488773144e-04
1.296484100000000028e+00 4.248014692948541039e-04 2.823611685189618219e-04
1.298915999999999960e+00 4.241029477613331589e-04 3.183965385914916423e-04
1.301760500000000098e+00 4.384813635407827691e-04 3.160031394151572920e-04
1.308269300000000079e+00 4.493055867674246827e-04 3.106068425331223173e-04
1.314810599999999940e+00 4.541371161228460046e-04 3.053052122317686905e-04
1.321384700000000079e+00 4.568733474167430532e-04 3.000971656712291056e-04
1.327991600000000050e+00 4.584808814583738357e-04 2.949816989183239729e-04
1.334631600000000029e+00 4.593555133533731524e-04 2.899577490412984715e-04
1.341304700000000016e+00 4.597060429207537493e-04 2.850156343011871576e-04
1.348011199999999965e+00 4.596499234820775547e-04 2.801630923542236550e-04
1.354751299999999992e+00 4.592753866472890924e-04 2.753948070754851508e-04
1.361525000000000096e+00 4.586371557198969584e-04 2.707098801693453389e-04
1.368332700000000068e+00 4.577726630650682453e-04 2.660689884180873961e-04
1.375174300000000072e+00 4.566978683419662516e-04 2.615100028697329429e-04
1.382050199999999895e+00 4.554426418966678932e-04 2.570235300183107028e-04
1.388960500000000042e+00 4.540286900497555469e-04 2.526130052667407673e-04
1.395905299999999905e+00 4.524733525669808755e-04 2.482776089790839926e-04
1.402884800000000043e+00 4.507897353384591739e-04 2.440206669206462428e-04
1.409899199999999908e+00 4.489940498273513694e-04 2.398330227214686197e-04
1.416948700000000061e+00 4.470949305461286360e-04 2.357139233935988864e-04
1.424033499999999952e+00 4.451007381518555885e-04 2.316708124496435410e-04
1.431153600000000026e+00 4.430231259292123332e-04 2.276906375113603627e-04
1.438309400000000071e+00 4.408662945884448824e-04 2.237808028849710745e-04
1.445500900000000088e+00 4.386379426155104623e-04 2.199405536208776687e-04
1.452728400000000031e+00 4.363453337563425881e-04 2.161650809456807287e-04
1.459992100000000015e+00 4.339938988441908400e-04 2.124576669002900531e-04
1.467292000000000041e+00 4.315873791431944196e-04 2.088136011344415897e-04
1.474628499999999898e+00 4.291324110794347444e-04 2.052282013380174192e-04
1.482001600000000030e+00 4.266340339976729579e-04 2.017087309932414838e-04
1.489411700000000005e+00 4.240921341215550533e-04 1.982465872392755299e-04
1.496858699999999986e+00 4.215147692432173049e-04 1.948450839539352163e-04
1.504342999999999986e+00 4.189016544953481154e-04 1.915035199513975427e-04
1.511864700000000061e+00 4.162573283104193333e-04 1.882173831057312925e-04
1.519424000000000108e+00 4.135861218499986992e-04 1.849860685744974197e-04
1.527021200000000078e+00 4.108876379179069458e-04 1.818127837175274528e-04
1.534656299999999973e+00 4.081676547452426393e-04 1.786931022677459261e-04
1.542329499999999909e+00 4.054257206768870385e-04 1.756264353628204900e-04
1.550041199999999897e+00 4.026657120532854965e-04 1.726121772777531259e-04
1.557791399999999937e+00 3.998901274037864359e-04 1.696535162927832621e-04
1.565580399999999983e+00 3.970997952492207376e-04 1.667423640403241413e-04
1.573408300000000093e+00 3.942970500003722739e-04 1.638819258839897830e-04
1.581275299999999939e+00 3.914826921773032842e-04 1.610679518567162849e-04
1.589181699999999919e+00 3.886602434184825098e-04 1.583072681213931168e-04
1.597127600000000092e+00 3.858304377911237035e-04 1.555883250145406326e-04
1.605113199999999907e+00 3.829953104524134663e-04 1.529215826382908665e-04
1.613138799999999984e+00 3.801540758975971868e-04 1.502992052939474560e-04
1.621204499999999937e+00 3.773101011919475123e-04 1.477207191024667026e-04
1.629310500000000106e+00 3.744652590243872123e-04 1.451892236130541752e-04
1.637457099999999999e+00 3.716186867612663908e-04 1.426970596952582913e-04
1.645644300000000060e+00 3.687722983347798528e-04 1.402509142824918313e-04
1.653872599999999915e+00 3.659277183901560055e-04 1.378467167558857713e-04
1.662141899999999950e+00 3.630867784808399445e-04 1.354840306344312227e-04
1.670452599999999954e+00 3.602485048281994502e-04 1.331623815164377012e-04
1.678804900000000044e+00 3.574158002554631659e-04 1.308813161233810625e-04
1.687198900000000057e+00 3.545902644884941536e-04 1.286369368107828442e-04
1.695634899999999945e+00 3.517684589333466990e-04 1.264219642935602184e-04
1.704113100000000047e+00 3.489507622531311639e-04 1.242463762240952018e-04
1.712633700000000037e+00 3.461387436577594077e-04 1.221063295551109019e-04
1.721196799999999971e+00 3.433339554853634921e-04 1.200048354028261378e-04
1.729802800000000085e+00 3.405354221776848381e-04 1.179380779360736050e-04
1.738451799999999992e+00 3.377458215184626585e-04 1.159090417537650143e-04
1.747144100000000089e+00 3.349641933622284507e-04 1.139139594529511347e-04
1.755879799999999991e+00 3.321919774269766683e-04 1.119524679984944786e-04
1.764659200000000094e+00 3.294293541924965193e-04 1.100241945479490962e-04
1.773482500000000073e+00 3.266776555680644500e-04 1.081320640134062844e-04
1.782349900000000043e+00 3.239370550122955533e-04 1.062691244574096375e-04
1.791261699999999957e+00 3.212076846536307756e-04 1.044415729733682533e-04
1.800218000000000096e+00 3.184897439317241449e-04 1.026457744674439288e-04
1.809219099999999969e+00 3.157844303875642893e-04 1.008781502105436076e-04
1.818265199999999915e+00 3.130918655257311522e-04 9.914160844469841101e-05
1.827356500000000050e+00 3.104121663398116439e-04 9.743580518664156874e-05
1.836493300000000106e+00 3.077454118730445156e-04 9.576039424382895311e-05
1.845675699999999919e+00 3.050927778297410722e-04 9.411188378100543081e-05
1.854904099999999945e+00 3.024532492875769626e-04 9.249311949743735991e-05
1.864178600000000019e+00 2.998289864191858926e-04 9.090377458438389101e-05
1.873499500000000095e+00 2.972179890549471654e-04 8.934040278598762304e-05
1.882867000000000068e+00 2.946223374642571399e-04 8.780272462544016100e-05
1.892281399999999891e+00 2.920420325080610286e-04 8.629353991715831343e-05
1.901742800000000067e+00 2.894761617309554421e-04 8.480946655432680952e-05
1.911251500000000103e+00 2.869257135999764134e-04 8.335022800805427052e-05
1.920807699999999896e+00 2.843907124479955976e-04 8.191859043465145828e-05
1.930411799999999900e+00 2.818720658790645878e-04 8.050819171866081282e-05
1.940063799999999894e+00 2.793679547560210257e-04 7.911882090514575020e-05
1.949764199999999947e+00 2.768811155189722980e-04 7.775323879226836085e-05
1.959513000000000060e+00 2.744088167703797568e-04 7.641119327799503289e-05
1.969310499999999964e+00 2.719528860183057623e-04 7.509242232971378148e-05
1.979157099999999891e+00 2.695132531135221998e-04 7.379666273233389205e-05
1.989052899999999902e+00 2.670899295747546586e-04 7.252073349970698086e-05
1.998998100000000111e+00 2.646828969905721759e-04 7.127026114357978338e-05
2.008993100000000087e+00 2.622920828429633534e-04 7.003914099225699787e-05
2.019038099999999947e+00 2.599174671842119692e-04 6.882716992327894917e-05
2.029133299999999807e+00 2.575598829297999970e-04 6.763702012344153115e-05
2.039279000000000064e+00 2.552184097290574670e-04 6.646558628626464849e-05
2.049475399999999947e+00 2.528930234768371932e-04 6.531551580241353795e-05
2.059722700000000017e+00 2.505853573434429766e-04 6.418657009631265813e-05
2.070021300000000064e+00 2.482936437518166268e-04 6.307568964905143683e-05
2.080371400000000204e+00 2.460186690485014708e-04 6.198548526335435807e-05
2.090773299999999946e+00 2.437603571923027917e-04 6.091293277197144048e-05
2.101227199999999851e+00 2.415194523272797065e-04 5.986061869926777518e-05
2.111733300000000035e+00 2.392950874243772181e-04 5.882555340259039536e-05
2.122291999999999845e+00 2.370871627423501969e-04 5.780754619942866690e-05
2.132903400000000005e+00 2.348964195929410760e-04 5.680915024761343425e-05
2.143568000000000140e+00 2.327227134144032217e-04 5.582741467770761719e-05
2.154285799999999806e+00 2.305660097271491004e-04 5.486216479426004298e-05
2.165057200000000126e+00 2.284261865187976108e-04 5.391321696131420003e-05
2.175882500000000164e+00 2.263024010358513128e-04 5.298307173712031722e-05
2.186761900000000036e+00 2.241968048473818762e-04 5.206618088822020040e-05
2.197695700000000141e+00 2.221070687384769395e-04 5.116771477905682496e-05
2.208684199999999986e+00 2.200345587089389237e-04 5.028481930042437388e-05
2.219727600000000134e+00 2.179791747032185339e-04 4.941469712440353060e-05
2.230826299999999929e+00 2.167115780937852636e-04 4.856244175744394608e-05
2.241980400000000095e+00 2.146817378020001723e-04 4.770964297489756098e-05
2.253190299999999979e+00 2.126673708773774358e-04 4.687189078204492061e-05
2.264456200000000141e+00 2.106684193306721648e-04 4.604901958397743738e-05
2.275778499999999926e+00 2.086847874817121865e-04 4.524086117564008358e-05
2.287157399999999896e+00 2.070877758700136672e-04 4.444470349665825625e-05
2.298593200000000003e+00 2.051315695460589406e-04 4.365788466327415407e-05
2.310086200000000201e+00 2.031898340441863854e-04 4.288536686191008629e-05
2.321636600000000161e+00 2.012638349080523898e-04 4.212699117593877242e-05
2.333244800000000119e+00 1.993528110132399347e-04 4.138259645549766103e-05
2.344911000000000190e+00 1.974567020489911406e-04 4.064953997941682878e-05
2.356635600000000164e+00 1.955760472495786384e-04 3.993264930018388748e-05
2.368418699999999877e+00 1.937107834087645772e-04 3.922434975521838120e-05
2.380260799999999843e+00 1.918607813559859308e-04 3.853190709864187441e-05
2.392162100000000180e+00 1.900253469092035908e-04 3.785025881010006533e-05
2.404122999999999788e+00 1.882056051118464991e-04 3.718171417241842355e-05
2.416143599999999836e+00 1.864014742237602969e-04 3.652371318740979994e-05
2.428224300000000113e+00 1.846116321276457717e-04 3.587854324112710840e-05
2.440365400000000129e+00 1.828377753931451836e-04 3.524366771117536681e-05
2.452567199999999836e+00 1.810786049056556932e-04 3.462135389898577916e-05
2.464830099999999913e+00 1.793345923110266295e-04 3.400909002087966574e-05
2.477154200000000195e+00 1.776056569822742788e-04 3.340677077992846759e-05
2.489539999999999864e+00 1.758916607854266341e-04 3.281662852207697337e-05
2.501987699999999926e+00 1.741919475382673035e-04 3.223852348747241052e-05
2.514497599999999888e+00 1.725080959163317169e-04 3.166767791100683055e-05
2.527070099999999986e+00 1.708382986580878234e-04 3.110863605003811976e-05
2.539705500000000171e+00 1.691835576118366378e-04 3.055896439445490010e-05
2.552404000000000117e+00 1.675432241637989106e-04 3.002084658855739576e-05
2.565166000000000057e+00 1.659177151171529032e-04 2.948959985324781124e-05
2.577991899999999781e+00 1.643068979105030800e-04 2.896968059300087840e-05
2.590881800000000013e+00 1.627101550690929481e-04 2.845870736193550964e-05
2.603836199999999934e+00 1.613448460719129208e-04 2.795434021879066052e-05
2.616855399999999943e+00 1.597752784327679111e-04 2.745651520296399329e-05
2.629939699999999991e+00 1.582199552146729008e-04 2.696960321005265971e-05
2.643089400000000033e+00 1.566782576517138949e-04 2.648906287040025143e-05
2.656304800000000021e+00 1.551500865895481167e-04 2.601922243187723094e-05
2.669586300000000190e+00 1.536358257160780881e-04 2.555558537270546287e-05
2.682934299999999883e+00 1.521348625130849379e-04 2.510243683451279459e-05
2.696348899999999826e+00 1.506476069826299122e-04 2.465532854682037520e-05
2.709830699999999926e+00 1.491739147915587503e-04 2.421850200895163131e-05
2.723379800000000017e+00 1.477136985974772572e-04 2.378755379965619273e-05
2.736996700000000171e+00 1.462672975686652387e-04 2.336668502485815039e-05
2.750681699999999896e+00 1.448336599547850486e-04 2.295153492625937275e-05
2.764435100000000034e+00 1.434131534705212617e-04 2.254415610560107108e-05
2.778257299999999930e+00 1.420061177812389944e-04 2.214446005122254726e-05
2.792148599999999981e+00 1.406119830342238597e-04 2.175027151404082418e-05
2.806109300000000140e+00 1.392310921303030024e-04 2.136569147868960770e-05
2.820139900000000033e+00 1.378633088777243463e-04 2.098646665473276492e-05
2.834240600000000221e+00 1.365080899925702007e-04 2.061460146002256047e-05
2.848411800000000049e+00 1.351661922102539114e-04 2.024919236320617329e-05
2.862653900000000196e+00 1.338366212623746585e-04 1.989057508714836770e-05
2.876967099999999888e+00 1.325201378536591638e-04 1.953826856217341038e-05
2.891351999999999922e+00 1.312165907758822603e-04 1.919220107459539821e-05
2.905808700000000133e+00 1.299254594923588487e-04 1.885230493588830263e-05
2.920337799999999984e+00 1.286470212917210346e-04 1.851870942961111695e-05
2.934939400000000198e+00 1.273815828965041549e-04 1.819094770041519734e-05
2.949614099999999794e+00 1.261293920783872246e-04 1.786915133179401769e-05
2.964362200000000058e+00 1.248899076851265949e-04 1.755325376113827518e-05
2.979184000000000054e+00 1.236637954889870041e-04 1.724240609649464983e-05
2.994079900000000016e+00 1.224516828437292708e-04 1.693713828741112151e-05
3.009050300000000178e+00 1.212541681139053801e-04 1.662866759637938977e-05
3.024095599999999884e+00 1.200652794952187136e-04 1.632053296023208870e-05
3.039216099999999976e+00 1.188842381855282352e-04 1.601831450232478875e-05
3.054412199999999800e+00 1.177121731095068864e-04 1.572156281460330976e-05
3.069684200000000196e+00 1.165490545585206905e-04 1.543040708124948705e-05
3.085032599999999903e+00 1.153959465141204336e-04 1.514478323146274689e-05
3.100457800000000042e+00 1.142524121597750898e-04 1.486462830758072604e-05
3.115960100000000121e+00 1.131187618616764175e-04 1.458969326651794050e-05
3.131539899999999932e+00 1.119952842481150774e-04 1.431973286238554343e-05
3.147197600000000151e+00 1.108818988519029810e-04 1.405506192598831059e-05
3.162933600000000123e+00 1.097781740882027344e-04 1.379525100481587612e-05
3.178748199999999802e+00 1.086847446784191808e-04 1.354042928088345653e-05
3.194641999999999982e+00 1.076015078441258443e-04 1.329017392237610411e-05
3.210615199999999891e+00 1.065280475893245511e-04 1.304479805416882802e-05
3.226668300000000045e+00 1.054646179127285581e-04 1.280388391431013626e-05
3.242801599999999951e+00 1.044111386116042777e-04 1.256774151423558654e-05
3.259015600000000124e+00 1.033675172043407040e-04 1.233577877096850719e-05
3.275310699999999908e+00 1.023336686247777749e-04 1.210830533773320268e-05
3.291687299999999983e+00 1.013098333690364195e-04 1.188491562511864280e-05
3.308145699999999856e+00 1.002952811418318619e-04 1.166591696213029473e-05
3.324686400000000042e+00 9.929056932789767154e-05 1.145090780871923968e-05
3.341309900000000166e+00 9.829560049713527284e-05 1.123984312206340707e-05
3.358016399999999901e+00 9.730998377587575770e-05 1.103285292255101777e-05
3.374806500000000042e+00 9.633393602524403603e-05 1.082971726576073818e-05
3.391680500000000098e+00 9.536737417059377043e-05 1.063039298808049977e-05
3.408638900000000138e+00 9.440990169331557797e-05 1.043483667418910378e-05
3.425682099999999952e+00 9.346174051187903478e-05 1.024283540897872890e-05
3.442810500000000218e+00 9.252280438893349277e-05 1.005451878318660146e-05
3.460024600000000117e+00 9.159270865803829736e-05 9.869676035782595891e-06
3.477324700000000046e+00 9.067196501206827421e-05 9.688268406368040063e-06
3.494711300000000076e+00 8.975989945398136702e-05 9.510256911570045020e-06
3.512184899999999832e+00 8.885700331426831357e-05 9.335436916165115617e-06
3.529745800000000155e+00 8.796262629645520406e-05 9.164103563312945181e-06
3.547394499999999784e+00 8.707724997473622979e-05 8.995887704876682486e-06
3.565131500000000120e+00 8.620050394946026815e-05 8.830754232331253627e-06
3.582957200000000064e+00 8.533230890421518412e-05 8.668831352829594369e-06
3.600871900000000014e+00 8.447259093460357819e-05 8.509758775585971773e-06
3.618876300000000157e+00 8.362125808014334732e-05 8.353826546539900401e-06
3.636970700000000001e+00 8.277823812908306116e-05 8.200678236752800886e-06
3.655155499999999780e+00 8.194371820543605274e-05 8.050442462113620271e-06
3.673431299999999844e+00 8.111734522668408881e-05 7.902927034261953185e-06
3.691798499999999983e+00 8.029904473030429748e-05 7.758259565828679093e-06
3.710257499999999986e+00 7.948874290367909383e-05 7.616250472376982331e-06
3.728808799999999923e+00 7.868661546462117412e-05 7.476869759883872562e-06
3.747452800000000028e+00 7.789233193530734414e-05 7.340087909317452182e-06
3.766190100000000207e+00 7.710606058768964036e-05 7.205720451694786465e-06
3.785020999999999969e+00 7.632748175664319371e-05 7.074049016129654787e-06
3.803946100000000108e+00 7.555651732146720508e-05 6.944735611062778146e-06
3.822965899999999806e+00 7.479333494123005218e-05 6.817906410361129681e-06
3.842080699999999904e+00 7.403786283231794608e-05 6.693381609289015939e-06
3.861291099999999865e+00 7.328954622472497909e-05 6.571135155021122684e-06
3.880597499999999922e+00 7.254902620799306414e-05 6.451141581364653520e-06
3.900000499999999981e+00 7.181575220312814316e-05 6.333375317314165722e-06
3.919500499999999832e+00 7.108965868067498167e-05 6.217960126922151218e-06
3.939097999999999988e+00 7.037090387182835512e-05 6.104572787247712702e-06
3.958793500000000076e+00 6.965918863317401379e-05 5.993190803249596312e-06
3.978587500000000166e+00 6.895489057267657556e-05 5.883938444194154158e-06
3.998480400000000046e+00 6.825727317805974320e-05 5.776791578903318341e-06
4.018472799999999623e+00 6.756692779061172251e-05 5.671580897556799324e-06
4.038565199999999855e+00 6.688334501671229233e-05 5.568284732643444134e-06
4.058758000000000088e+00 6.620646405113823723e-05 5.467025412619398546e-06
4.079051800000000227e+00 6.553664114750797304e-05 5.367493475226199310e-06
4.099447099999999899e+00 6.487317273361746257e-05 5.269812219789106369e-06
4.119944300000000226e+00 6.421662817553139085e-05 5.173960878723599598e-06
4.140544000000000224e+00 6.356651995820487703e-05 5.079918616465248978e-06
4.161246700000000409e+00 6.292299065368521527e-05 4.987664916256614469e-06
4.182052999999999798e+00 6.228597117880263815e-05 4.897039900325025365e-06
4.202963200000000121e+00 6.165540215301214960e-05 4.808164474883166168e-06
4.223978100000000069e+00 6.103101285636782473e-05 4.720880275373301505e-06
4.245097999999999594e+00 6.041294642909051765e-05 4.635169800915443387e-06
4.266323400000000099e+00 5.980113952539829357e-05 4.551015474908564959e-06
4.287655100000000274e+00 5.919532976670565332e-05 4.468535560524548767e-06
4.309093299999999793e+00 5.859584844688652965e-05 4.387575772396152148e-06
4.330638800000000010e+00 5.800224519187462103e-05 4.307984066586953697e-06
4.352292000000000272e+00 5.741465368308848954e-05 4.230013574784009095e-06
4.374053499999999595e+00 5.683301144747461038e-05 4.153378791620396312e-06
4.395923699999999990e+00 5.625707979725588011e-05 4.078197819132373468e-06
4.417903299999999867e+00 5.568716109404976564e-05 4.004321995576541648e-06
4.439992900000000020e+00 5.512283259646208298e-05 3.931868196869930613e-06
4.462192800000000403e+00 5.456422416308873412e-05 3.860820403001551716e-06
4.484503799999999707e+00 5.401127178020444962e-05 3.790902247803152607e-06
4.506926299999999941e+00 5.346392193995425622e-05 3.722489931874159962e-06
4.529460900000000123e+00 5.292211688084526565e-05 3.655179454138297580e-06
4.552108200000000160e+00 5.238579954084116849e-05 3.589215140309470423e-06
4.574868799999999958e+00 5.185491354475571399e-05 3.524326496169210768e-06
4.597743099999999750e+00 5.132924117932767825e-05 3.460755689485787431e-06
4.620731799999999723e+00 5.080905961447392140e-05 3.398234942072817136e-06
4.643835499999999783e+00 5.029398302981938503e-05 3.337003977962881124e-06
4.667054699999999556e+00 4.978428771750038109e-05 3.276797937917952628e-06
4.690389999999999837e+00 4.927959557937483336e-05 3.217729955019488160e-06
4.713841900000000251e+00 4.878017752332259758e-05 3.159787157126748009e-06
4.737411100000000097e+00 4.828566097069024514e-05 3.102833569536505032e-06
4.761098200000000169e+00 4.779630962518101832e-05 3.046980798928342413e-06
4.784903700000000093e+00 4.731176250208289874e-05 2.992094450188527190e-06
4.808828199999999775e+00 4.683227816449325829e-05 2.938285114803920551e-06
4.832872300000000010e+00 4.635750088254172503e-05 2.885419761405432683e-06
4.857036700000000096e+00 4.588768236809894516e-05 2.832527444773415632e-06
4.881321899999999658e+00 4.542247600242568746e-05 2.780687291547604332e-06
4.905728500000000381e+00 4.496198427621177614e-05 2.729768310323557403e-06
4.930257100000000392e+00 4.450601476610200734e-05 2.679878525894271428e-06
4.954908399999999880e+00 4.405466623435876029e-05 2.630770603975146742e-06
4.979682900000000245e+00 4.360789387866582690e-05 2.582202111703336093e-06
5.004581400000000180e+00 4.316550761654056203e-05 2.534517760203335435e-06
5.029604299999999917e+00 4.272746957120741748e-05 2.487707747939609161e-06
5.054752299999999643e+00 4.229387478732666607e-05 2.441877564937454353e-06
5.080026000000000153e+00 4.186454226180889897e-05 2.396900979246649357e-06
5.105426200000000136e+00 4.143956367168932862e-05 2.352768267440180077e-06
5.130953299999999828e+00 4.101889864406487525e-05 2.309469981152192687e-06
5.156608099999999695e+00 4.060236842964360017e-05 2.266996573149835702e-06
5.182391100000000250e+00 4.019006690767734207e-05 2.225226202266883421e-06
5.208303100000000185e+00 3.978181898244586336e-05 2.184375088781072849e-06
5.234344600000000014e+00 3.937771674658197972e-05 2.144209597971996275e-06
5.260516299999999923e+00 3.897759015463190586e-05 2.104833078679246815e-06
5.286818900000000099e+00 3.858152655062120189e-05 2.066236449434016070e-06
5.313252999999999560e+00 3.818948549474954213e-05 2.028301006917430458e-06
5.339819199999999988e+00 3.780142696409182797e-05 1.991128709354856133e-06
5.366518300000000075e+00 3.741718636061938468e-05 1.954602021475752061e-06
5.393350899999999726e+00 3.703697021188162840e-05 1.918713842011294305e-06
5.420317700000000016e+00 3.666037549204355714e-05 1.883672250770475345e-06
5.447419299999999964e+00 3.628772688744660965e-05 1.849145935846986025e-06
5.474656399999999756e+00 3.591874680138888758e-05 1.815342581473356945e-06
5.502029699999999579e+00 3.555363249860301581e-05 1.782147742289896413e-06
5.529539800000000227e+00 3.519199817579024211e-05 1.749554644218925146e-06
5.557187500000000391e+00 3.483415340219184734e-05 1.717556510501928512e-06
5.584973399999999977e+00 3.447994572151903399e-05 1.686251094541166915e-06
5.612898300000000340e+00 3.412922514682577546e-05 1.655422413259309556e-06
5.640962799999999611e+00 3.378207021100325359e-05 1.624858754536876785e-06
5.669167599999999752e+00 3.343844465433951991e-05 1.594558243440999642e-06
5.697513500000000342e+00 3.309820305370384978e-05 1.564928363095097781e-06
5.726001000000000118e+00 3.276142286803636377e-05 1.535757542289850346e-06
5.754630999999999830e+00 3.242796043920551514e-05 1.507142208450263177e-06
5.783404199999999662e+00 3.209778429256699513e-05 1.479176871333025846e-06
5.812321200000000410e+00 3.177096853844413028e-05 1.451653151699122784e-06
5.841382799999999875e+00 3.144737497291081376e-05 1.424666151091842537e-06
5.870589700000000022e+00 3.112707521323170869e-05 1.398209726085552164e-06
5.899942700000000428e+00 3.080993388363976120e-05 1.372277765624800614e-06
5.929442400000000113e+00 3.049592220055761933e-05 1.346765921420612959e-06
5.959089600000000431e+00 3.018510868980161813e-05 1.321767511706430117e-06
5.988884999999999792e+00 2.987746117397265926e-05 1.297276606833157598e-06
6.018829499999999832e+00 2.957284870949459396e-05 1.273190408999578583e-06
6.048923600000000178e+00 2.927124472076134013e-05 1.249600983173036270e-06
6.079168199999999800e+00 2.897271420359195108e-05 1.226406593750250656e-06
6.109564100000000053e+00 2.867713113760555913e-05 1.203698371198072440e-06
6.140111899999999956e+00 2.838456216619080039e-05 1.181470658606190043e-06
6.170812500000000256e+00 2.809497528153493345e-05 1.159528805342716162e-06
6.201666499999999971e+00 2.780815858724915285e-05 1.138058124446744538e-06
6.232674900000000129e+00 2.752435714158643873e-05 1.117053024593762815e-06
6.263838200000000356e+00 2.724327175178958233e-05 1.096414967053021907e-06
6.295157399999999903e+00 2.696514269617209872e-05 1.076139853374548224e-06
6.326633199999999846e+00 2.668967501551915933e-05 1.056223675419708592e-06
6.358266399999999763e+00 2.641701898398017426e-05 1.036754151300127688e-06
6.390057699999999841e+00 2.614714664093425078e-05 1.017634723613104755e-06
6.422007999999999939e+00 2.587985803314919457e-05 9.988614651295788415e-07
6.454118000000000244e+00 2.561538436396755867e-05 9.804305159744320103e-07
6.486388599999999727e+00 2.535344351008095504e-05 9.623380203044377670e-07
6.518820599999999743e+00 2.509417856893078120e-05 9.445801729843714983e-07
6.551414699999999591e+00 2.483756304500778645e-05 9.271532174811506173e-07
6.584171699999999738e+00 2.458340759698004761e-05 9.100534162433729772e-07
6.915365000000000428e+00 2.222672160638043042e-05 7.586829737228278471e-07
7.392525000000000013e+00 1.935554915351282796e-05 5.926591386906268950e-07
7.902608999999999995e+00 1.684071936743171662e-05 4.635821195342650089e-07
8.447889999999999233e+00 1.463050032546336869e-05 3.630970421688492738e-07
9.030794000000000210e+00 1.267262131163917310e-05 2.837251409489554286e-07
9.653919000000000139e+00 1.088118823983666644e-05 2.191208088181044284e-07
1.015976000000000035e+01 9.426353839411925697e-06 1.799965736185120938e-07
1.032004000000000055e+01 8.635484657526681153e-06 1.694942059210901476e-07
1.035673000000000066e+01 8.047485494869183420e-06 1.672047015634032184e-07
1.041893999999999920e+01 8.518064272237177499e-06 1.255082335576418030e-06
1.057443999999999917e+01 8.766557516770797124e-06 1.181759209351449856e-06
1.103212000000000081e+01 8.441412559554989229e-06 9.987455092414529695e-07
1.179334000000000060e+01 7.597399623097819917e-06 7.814507588981120478e-07
1.260707999999999984e+01 6.747945825457786487e-06 6.161675986120959845e-07
1.347696999999999967e+01 5.963463340567618964e-06 4.873104885445703039e-07
1.440687999999999924e+01 5.254500242302434886e-06 3.821576813728130623e-07
1.540094999999999992e+01 4.619561606165818191e-06 2.991957597649208856e-07
1.646361999999999881e+01 4.055347039822119180e-06 2.338940054458224591e-07
1.759960999999999842e+01 3.556271233326936387e-06 1.826671253214662160e-07
1.881398000000000081e+01 3.116235555392173958e-06 1.426079734008451705e-07
2.011214999999999975e+01 2.729161310194710960e-06 1.113514360914872699e-07
2.149988000000000099e+01 2.392002736875744721e-06 8.679848845369643369e-08
2.298338000000000036e+01 2.093290233007216691e-06 6.756179901040360793e-08
2.456923000000000101e+01 1.831462886264603567e-06 5.260179108007830260e-08
2.626450000000000173e+01 1.602181033584331825e-06 4.096771868894370670e-08
2.807676000000000016e+01 1.401422721183846578e-06 3.176897577383376956e-08
3.001405000000000101e+01 1.225649294418224265e-06 2.460118017124365919e-08
3.208502000000000010e+01 1.071842775057720110e-06 1.906231788130737515e-08
3.429889000000000010e+01 9.373069397504739248e-07 1.478081879029188932e-08
3.666550999999999760e+01 8.196525224896928292e-07 1.147022751707383257e-08
3.919543000000000177e+01 7.167683754185059695e-07 8.909545798807499221e-09
4.189992000000000161e+01 6.268139980377474242e-07 6.927645165160719567e-09
4.479100999999999999e+01 5.481664432254258864e-07 5.393076307728353645e-09
4.788159000000000276e+01 4.793974042593969821e-07 4.182406572410750953e-09
5.118542000000000058e+01 4.192608584950589930e-07 3.248069755607285170e-09
5.471721000000000146e+01 3.666772919280380087e-07 2.527540110695170460e-09
5.849269999999999925e+01 3.206988496130640905e-07 1.971227719443552089e-09
6.252870000000000061e+01 2.804946538829078465e-07 1.541198451363019874e-09
6.684318000000000382e+01 2.453400516723988658e-07 1.208717217047560330e-09
7.145535999999999888e+01 2.145982429653675045e-07 9.510079306390833485e-10
7.638577999999999690e+01 1.877156758645155192e-07 7.510962974958789035e-10
8.165640000000000498e+01 1.642064450251735886e-07 5.951736282579833371e-10
8.729068999999999789e+01 1.436442374360041465e-07 4.729501872639280953e-10
9.331373999999999569e+01 1.256600989748146830e-07 3.778726773601347645e-10
9.975239000000000544e+01 1.099303560851732260e-07 3.037197628866338740e-10
1.066353000000000009e+02 9.617209442678746939e-08 2.456854061703215589e-10
1.139930999999999983e+02 8.413767400151842970e-08 2.001027773565929411e-10
1.218586999999999989e+02 7.361068816583887641e-08 1.641610564275231238e-10
1.302668999999999926e+02 6.440217025643476909e-08 1.356782154551344967e-10
1.392553000000000054e+02 5.634667173038106456e-08 1.129938029504261680e-10
1.488640000000000043e+02 4.929948960010650198e-08 9.482288458504682966e-11
1.591356000000000108e+02 4.313429879505849277e-08 8.017954810679180764e-11
1.701159000000000106e+02 3.774084756640243615e-08 6.828947347992508972e-11
1.818539000000000101e+02 3.302208153684024948e-08 5.857820950743395938e-11
1.944018000000000086e+02 2.889368497829554441e-08 5.057996152477536650e-11
2.078155999999999892e+02 2.528163831355126638e-08 4.393974667299409565e-11
2.221547999999999945e+02 2.212138455927837179e-08 3.838699445130992243e-11
2.374834999999999923e+02 1.935633931850357242e-08 3.370436344335924617e-11
2.538699000000000012e+02 1.693707001006855545e-08 2.972813576428117812e-11
2.713869000000000256e+02 1.482027774584825946e-08 2.632461597551874470e-11
2.901125999999999863e+02 1.296808104393230851e-08 2.338936221397517411e-11
3.101304000000000087e+02 1.134747448198757440e-08 2.084368356697304937e-11
3.315294000000000096e+02 9.929427117852731049e-09 1.862240731485598898e-11
3.544048999999999978e+02 8.688616848236418216e-09 1.667179115433832386e-11
3.788587999999999738e+02 7.602911186481824136e-09 1.495126945373944934e-11
4.050000999999999749e+02 6.652891020590244407e-09 1.342716164045004034e-11
4.329451000000000249e+02 5.821619384480717160e-09 1.207199481236794442e-11
