1.001660500000000065e+00 6.595455459772176345e-04 1.690218358534213553e-04
1.006668799999999919e+00 6.497616002642734017e-04 1.664233204794892621e-04
1.011702099999999938e+00 6.399439267065149331e-04 1.638618926036852557e-04
1.016760600000000014e+00 6.300876115746312017e-04 1.613448245745385378e-04
1.021844399999999986e+00 6.201921092162511560e-04 1.588640004840809715e-04
1.026953599999999911e+00 6.102450835230136287e-04 1.564266400325858321e-04
1.032088399999999906e+00 6.002444172334352960e-04 1.540246957617718464e-04
1.037248900000000029e+00 5.901785652592904515e-04 1.516653194303694359e-04
1.042435100000000059e+00 5.800366160283378526e-04 1.493405762297508757e-04
1.047647299999999948e+00 5.698097305079039563e-04 1.470500808007712352e-04
1.052885499999999919e+00 5.594841835838104379e-04 1.447934942081307392e-04
1.058149900000000088e+00 5.490448021243746765e-04 1.425778183436954478e-04
1.063440699999999906e+00 5.384752683528053196e-04 1.403952535669336448e-04
1.068757900000000038e+00 5.277583907717167677e-04 1.382454698748597803e-04
1.074101699999999937e+00 5.168739571712789192e-04 1.361353702840235327e-04
1.079472200000000104e+00 5.057920394505308666e-04 1.340500678496550993e-04
1.084869499999999931e+00 4.944893486169182938e-04 1.319965207632871763e-04
1.090293900000000038e+00 4.829277039401746172e-04 1.299457774475527502e-04
1.095745399999999981e+00 4.710674046748382165e-04 1.279335151464942519e-04
1.101224100000000039e+00 4.588601069191727421e-04 1.259451435804619741e-04
1.106730200000000108e+00 4.462510057364425646e-04 1.239945176304833635e-04
1.112263900000000083e+00 4.331674920874651583e-04 1.220741912366165324e-04
1.117825199999999963e+00 4.195235835742752088e-04 1.201838566558122298e-04
1.123414300000000088e+00 4.052104384840721630e-04 1.183231867376954957e-04
1.129031399999999907e+00 3.900846490698924116e-04 1.164918577402838354e-04
1.134676500000000088e+00 3.739669629419653594e-04 1.146895694890152570e-04
1.140349899999999916e+00 3.566021686807412756e-04 1.129159937544300490e-04
1.146051699999999895e+00 3.376395655056196377e-04 1.111708258091676247e-04
1.151781900000000025e+00 3.165624111114059814e-04 1.094605401230003608e-04
1.157540800000000036e+00 2.925608661919757618e-04 1.077577822150236210e-04
1.163328499999999988e+00 2.642637655294799090e-04 1.060826574915735201e-04
1.169145199999999996e+00 2.290285828630240030e-04 1.044348614960237257e-04
1.174990900000000060e+00 1.805676230825901832e-04 1.028141103701901417e-04
1.180865899999999913e+00 9.537429531869582005e-05 1.012134955694661954e-04
1.185057800000000050e+00 -2.193427965636562374e-04 1.000925130849656986e-04
1.185342200000000012e+00 -2.242448224547554671e-04 3.850644738899942064e-04
1.186770199999999997e+00 -7.667336416789201153e-06 3.834452141742104836e-04
1.192703999999999986e+00 1.241496151064937280e-04 3.768322856603437002e-04
1.198667600000000055e+00 1.622381646992256533e-04 3.703341485966399793e-04
1.204660899999999923e+00 1.738508846028063136e-04 3.639560808443162909e-04
1.210684199999999988e+00 1.615266964386814351e-04 3.576773659325047138e-04
1.216737600000000086e+00 3.217348553833551504e-05 3.515161818848061125e-04
1.216958999999999902e+00 -3.949155617265441983e-06 3.512921101886080314e-04
1.217440999999999995e+00 -5.277133637839328962e-06 5.283813358136158151e-04
1.222821300000000111e+00 1.875483352390675180e-04 5.202624277708156912e-04
1.228935399999999900e+00 2.420356220395528243e-04 5.112365114150741168e-04
1.235080100000000014e+00 2.761581101232908923e-04 5.023695567867522433e-04
1.241255500000000067e+00 3.013294344702532597e-04 4.936535396624028033e-04
1.247461799999999954e+00 3.211861437272537289e-04 4.850867841823713520e-04
1.253699099999999955e+00 3.374208315665080406e-04 4.766738861855328822e-04
1.259967599999999965e+00 3.509812972478773465e-04 4.684069211310643152e-04
1.266267400000000043e+00 3.624676245910338928e-04 4.602842964780794318e-04
1.272598799999999919e+00 3.722848934400546476e-04 4.523043613336708815e-04
1.278961800000000038e+00 3.807227043817582751e-04 4.444655880719065540e-04
1.285356600000000071e+00 3.880006517082208077e-04 4.367603264481348131e-04
1.291783300000000079e+00 3.942816956767169318e-04 4.291871294877999676e-04
1.298242300000000071e+00 3.997017557686389968e-04 4.217504680450862280e-04
1.304733499999999990e+00 4.043640314668674619e-04 4.144429245082106557e-04
1.311257099999999953e+00 4.083582249949575566e-04 4.072630575620829149e-04
1.317813399999999913e+00 4.117552225979107298e-04 4.002094095547965467e-04
1.324402499999999927e+00 4.146176446956632193e-04 3.932747135351025202e-04
1.331024500000000055e+00 4.169953655356502796e-04 3.864635425096988154e-04
1.337679599999999969e+00 4.189353518191029843e-04 3.797686809573784300e-04
1.344368000000000007e+00 4.204737438524944497e-04 3.731946383752354638e-04
1.351089900000000066e+00 4.216466349650941975e-04 3.667342832810380746e-04
1.357845299999999922e+00 4.224811167356476199e-04 3.603864054322876518e-04
1.364634499999999973e+00 4.230054684796306919e-04 3.541497240685096857e-04
1.371457699999999891e+00 4.232393357392809992e-04 3.480173148592846395e-04
1.378314999999999957e+00 4.232051154508991776e-04 3.419937132793866895e-04
1.385206600000000066e+00 4.229189860368161541e-04 3.360776997410574703e-04
1.392132600000000053e+00 4.223966979487737126e-04 3.302624910932072818e-04
1.399093300000000095e+00 4.216523362257465794e-04 3.245525206759704165e-04
1.406088699999999969e+00 4.206976324348187489e-04 3.189355616518023320e-04
1.413119199999999909e+00 4.195427011069106623e-04 3.134215892838405622e-04
1.420184799999999914e+00 4.181945108818570971e-04 3.080039946172815463e-04
1.427285700000000102e+00 4.166607800807191082e-04 3.026762426058591084e-04
1.434422099999999922e+00 4.149470081983641168e-04 2.974427846906995462e-04
1.441594199999999937e+00 4.130545730696124815e-04 2.923025665816135835e-04
1.448802200000000040e+00 4.109859003822134444e-04 2.872491639890851697e-04
1.456046200000000068e+00 4.087375814794446728e-04 2.822869951382079223e-04
1.463326499999999974e+00 4.063043917700231251e-04 2.774096879598349870e-04
1.470643099999999981e+00 4.036786966756598493e-04 2.726163433122566005e-04
1.477996300000000041e+00 4.008426127978039237e-04 2.679060130621016317e-04
1.485386300000000048e+00 3.977744138603672448e-04 2.632777770945962117e-04
1.492813200000000062e+00 3.944347009752383970e-04 2.587307411611102794e-04
1.500277300000000036e+00 3.907652925499472698e-04 2.542639840211560775e-04
1.507778700000000027e+00 3.866702205832244659e-04 2.498714580101334885e-04
1.515317599999999931e+00 3.819775434754374291e-04 2.455574964217644611e-04
1.522894200000000087e+00 3.763479333959201460e-04 2.413161013166611882e-04
1.530508600000000108e+00 3.689581979165173359e-04 2.371515856276583531e-04
1.538161200000000006e+00 3.567146491717304232e-04 2.330529193195737586e-04
1.542710800000000049e+00 3.367387049940111948e-04 2.306579079134179740e-04
1.545289300000000088e+00 3.356909841442854130e-04 2.689856091900848928e-04
1.545852000000000004e+00 3.401905427748307034e-04 2.686305471356276653e-04
1.553581199999999995e+00 3.593915654825087210e-04 2.638172621346125853e-04
1.561349099999999934e+00 3.649545596273946258e-04 2.590851489573985978e-04
1.569155899999999937e+00 3.675016804563301207e-04 2.544432543395211540e-04
1.577001700000000062e+00 3.686237317690285080e-04 2.498806809778409159e-04
1.584886699999999982e+00 3.688843430737320621e-04 2.453965567125133214e-04
1.592811100000000035e+00 3.685460696344789334e-04 2.409802303060436723e-04
1.600775199999999954e+00 3.677524256605991604e-04 2.366455840914244598e-04
1.608778999999999959e+00 3.665861068856954069e-04 2.323868809931029942e-04
1.616822900000000063e+00 3.650931014019462295e-04 2.282080712549401614e-04
1.624907000000000101e+00 3.633013360564362154e-04 2.242042007134225907e-04
1.633031600000000028e+00 3.613104737776056839e-04 2.203395157239924614e-04
1.641196700000000064e+00 3.591166372196602659e-04 2.165504953682803634e-04
1.649402699999999999e+00 3.566922837496892514e-04 2.128409690438018821e-04
1.657649699999999893e+00 3.539846499389543311e-04 2.092006139561525355e-04
1.665937999999999919e+00 3.508777398958289398e-04 2.056286345830958323e-04
1.674267699999999914e+00 3.470654704854546574e-04 2.021289231431951734e-04
1.682638999999999996e+00 3.413037708465959134e-04 1.986960088241549989e-04
1.686807600000000074e+00 3.345937888315063001e-04 1.970174244161082024e-04
1.689792500000000031e+00 3.337984505517910846e-04 2.095709790839850979e-04
1.691052199999999894e+00 3.362283582381869382e-04 2.090230824133730765e-04
1.699507499999999949e+00 3.405263723780464877e-04 2.054240181818588000e-04
1.708004999999999995e+00 3.409973739514917355e-04 2.018875452368119308e-04
1.716544999999999987e+00 3.404783262398731851e-04 1.984220416957760283e-04
1.725127800000000100e+00 3.394663751626779608e-04 1.950221576315929904e-04
1.733753399999999889e+00 3.381481881092624083e-04 1.916826746165382358e-04
1.742422200000000032e+00 3.366124718841348711e-04 1.884073717907651401e-04
1.751134299999999921e+00 3.349100182424246102e-04 1.851955278297853368e-04
1.759889899999999896e+00 3.330715124255192766e-04 1.820419877598629984e-04
1.768689399999999967e+00 3.311117794559571164e-04 1.789460779192646048e-04
1.777532799999999913e+00 3.290472687976880558e-04 1.759554064021809426e-04
1.786420499999999967e+00 3.269205031639109481e-04 1.730424131561828914e-04
1.795352599999999965e+00 3.247349608314292562e-04 1.701887849602555047e-04
1.804329400000000083e+00 3.224888268172776819e-04 1.673851833257917598e-04
1.813350999999999935e+00 3.201811036262561792e-04 1.646396602489472378e-04
1.822417799999999977e+00 3.178070017691379248e-04 1.619429662053240709e-04
1.831529900000000044e+00 3.153570939387035461e-04 1.592945669819493290e-04
1.840687500000000032e+00 3.128124882685571367e-04 1.566981583676266667e-04
1.849890899999999894e+00 3.101355563504376816e-04 1.541489213866331707e-04
1.859140400000000026e+00 3.072419501848129737e-04 1.516463194215482034e-04
1.868436100000000044e+00 3.038966746175619056e-04 1.491898371425071275e-04
1.877778299999999900e+00 2.986922405009765345e-04 1.467789474853218321e-04
1.877847199999999939e+00 2.986265516322572037e-04 1.467611098701839141e-04
1.883752899999999952e+00 2.972719618259460307e-04 1.521724078949903596e-04
1.887167199999999934e+00 2.982096280973442265e-04 1.512816918286683725e-04
1.896603000000000039e+00 2.980956867061653045e-04 1.488646324760674669e-04
1.906085999999999947e+00 2.969878394105841942e-04 1.464883233985118385e-04
1.915616500000000055e+00 2.955338237513471951e-04 1.441523124882655813e-04
1.925194499999999920e+00 2.938999400966352217e-04 1.418561741761221388e-04
1.934820500000000054e+00 2.921562366076839792e-04 1.396034778453435058e-04
1.944494600000000073e+00 2.903376626644739076e-04 1.373857211840891050e-04
1.954217099999999929e+00 2.884668662766033741e-04 1.352065168141248000e-04
1.963988199999999962e+00 2.865575629352990167e-04 1.330654397498755119e-04
1.973808100000000065e+00 2.846181405951728649e-04 1.309620686430791061e-04
1.983677200000000029e+00 2.826587449685700982e-04 1.288959727627547248e-04
1.993595500000000076e+00 2.806871555389105319e-04 1.268706612221230179e-04
2.003563499999999831e+00 2.787081222368243023e-04 1.248739755409600065e-04
2.013581299999999796e+00 2.767211850011882059e-04 1.228862777292867277e-04
2.023649199999999926e+00 2.747202544308272629e-04 1.209191181190014764e-04
2.033767500000000172e+00 2.727090742986055106e-04 1.189838170251485139e-04
2.043936299999999928e+00 2.706903079718769216e-04 1.170800387461737335e-04
2.054155999999999871e+00 2.686669400531682076e-04 1.152074331098877267e-04
2.064426800000000117e+00 2.666399410684589378e-04 1.133656646955873588e-04
2.074748899999999896e+00 2.646117048211966776e-04 1.115544008670353495e-04
2.085122699999999885e+00 2.625835278204640289e-04 1.097733012269460501e-04
2.095548299999999919e+00 2.605567364655606856e-04 1.080220444725573135e-04
2.106025999999999954e+00 2.585320903204000958e-04 1.062966004778195675e-04
2.116556200000000221e+00 2.565107651220783201e-04 1.046003761394832159e-04
2.127138899999999833e+00 2.544935294731570001e-04 1.029293988319098028e-04
2.137774600000000191e+00 2.524814627697455219e-04 1.012870390728427068e-04
2.148463500000000082e+00 2.504752235721219192e-04 9.967298412602213333e-05
2.159205800000000064e+00 2.484758941548345472e-04 9.808331399846410045e-05
2.170001800000000092e+00 2.464840502339668820e-04 9.651777056255508608e-05
2.180851899999999954e+00 2.445002239475139419e-04 9.497966776116458692e-05
2.191756100000000096e+00 2.425254506521019795e-04 9.346515572149528286e-05
2.202714900000000142e+00 2.405588960294390781e-04 9.196335916271775556e-05
2.213728500000000210e+00 2.385972707611066297e-04 9.048123408280454839e-05
2.224797099999999972e+00 2.366420520701420234e-04 8.902209328344657573e-05
2.235921100000000106e+00 2.346933674104218403e-04 8.758917342975711866e-05
2.247100699999999840e+00 2.327526220034450304e-04 8.617524611342001594e-05
2.258336200000000016e+00 2.308199194632109185e-04 8.478702523861138512e-05
2.269627900000000142e+00 2.288953602621522599e-04 8.342078635681242675e-05
2.280975999999999893e+00 2.269798634684370878e-04 8.207287965977069397e-05
2.292380899999999944e+00 2.250734791003320843e-04 8.074991857410594839e-05
2.303842799999999968e+00 2.231766874355094285e-04 7.944824035867641880e-05
2.315361999999999920e+00 2.212895414248933917e-04 7.816424855419994643e-05
2.326938800000000196e+00 2.194124770225011091e-04 7.690446472440067949e-05
2.338573499999999861e+00 2.175459127091708606e-04 7.566194677682877687e-05
2.350266400000000200e+00 2.156898722981539574e-04 7.443983701895446920e-05
2.362017699999999998e+00 2.138447698986895679e-04 7.324121639947652981e-05
2.373827799999999932e+00 2.128175154043520560e-04 7.205267848116988160e-05
2.385696999999999957e+00 2.109859029613149993e-04 7.087088534949962271e-05
2.397625399999999907e+00 2.091639041616143158e-04 6.970882487914390336e-05
2.409613600000000133e+00 2.073518727352307233e-04 6.856627259627403844e-05
2.421661600000000192e+00 2.055498949933344825e-04 6.744302342257512946e-05
2.433769900000000153e+00 2.037583209219577735e-04 6.633565724606320488e-05
2.445938799999999969e+00 2.024942082106877619e-04 6.523763873160699257e-05
2.458168500000000201e+00 2.007176948967855903e-04 6.415524668737240474e-05
2.470459299999999914e+00 1.989506962790702730e-04 6.309147634425545873e-05
2.482811599999999785e+00 1.971929026570108288e-04 6.204298033928014550e-05
2.495225700000000213e+00 1.954453721439984885e-04 6.101272575488348875e-05
2.507701799999999981e+00 1.937081409935716451e-04 6.000051306837898927e-05
2.520240300000000211e+00 1.919815407880863533e-04 5.900613967664808634e-05
2.532841499999999968e+00 1.902652539923301066e-04 5.802632992601812896e-05
2.545505700000000093e+00 1.885599402009654579e-04 5.706399523845635021e-05
2.558233299999999932e+00 1.868655797725779358e-04 5.611589161551043455e-05
2.571024400000000210e+00 1.851825113949338224e-04 5.518490733960958633e-05
2.583879599999999943e+00 1.835106749467976534e-04 5.427084420648734989e-05
2.596798999999999857e+00 1.818500817161760913e-04 5.337051500279363093e-05
2.609782899999999906e+00 1.802010190144028500e-04 5.248377617476585657e-05
2.622831899999999994e+00 1.785634169627215839e-04 5.161642301569897530e-05
2.635946000000000122e+00 1.769375879335632472e-04 5.075936097552611519e-05
2.649125699999999917e+00 1.753234659098508626e-04 4.991249098444271084e-05
2.662371400000000055e+00 1.737207045746583657e-04 4.907571690606477282e-05
2.675683199999999928e+00 1.721295907162683587e-04 4.825477503415237095e-05
2.689061699999999888e+00 1.705497570094515532e-04 4.744948019537010653e-05
2.702507000000000215e+00 1.689817684633332915e-04 4.665677376919607740e-05
2.716019499999999809e+00 1.674252799957948504e-04 4.587652053670174078e-05
2.729599599999999793e+00 1.658807979098123368e-04 4.511144208738738424e-05
2.743247600000000119e+00 1.643477097332952637e-04 4.435852345783600757e-05
2.756963799999999853e+00 1.628265224485977872e-04 4.361763494468879905e-05
2.770748600000000117e+00 1.613174373720683457e-04 4.289145951355941195e-05
2.784602399999999811e+00 1.598198385050793985e-04 4.217422804403509834e-05
2.798525399999999941e+00 1.583344860739074346e-04 4.147142816932915775e-05
2.812517999999999851e+00 1.568607668433191630e-04 4.078289163976145837e-05
2.826580600000000221e+00 1.553991335333059073e-04 4.010293673104550402e-05
2.840713500000000113e+00 1.539497709245024441e-04 3.943696974414435377e-05
2.854917100000000207e+00 1.525120752277239452e-04 3.877936636091843870e-05
2.869191700000000012e+00 1.510867412167117162e-04 3.813548017609938266e-05
2.883537599999999923e+00 1.496731791619617031e-04 3.750244806011203760e-05
2.897955300000000012e+00 1.482720410055455500e-04 3.688014917992507867e-05
2.912445099999999787e+00 1.468829869570247406e-04 3.626846642324763937e-05
2.927007300000000090e+00 1.455061744255665187e-04 3.566728367497504643e-05
2.941642400000000102e+00 1.441414908849854390e-04 3.507648342555731702e-05
2.956350599999999940e+00 1.427893317248397269e-04 3.449595285416543741e-05
2.971132299999999837e+00 1.414495817172504403e-04 3.392557772645259253e-05
2.985987999999999865e+00 1.401225854463216682e-04 3.336524375558012938e-05
3.000917900000000138e+00 1.388086985116541202e-04 3.281224374003603841e-05
3.015922499999999840e+00 1.375109830213391913e-04 3.223549116954585724e-05
3.031002099999999810e+00 1.362165012368979735e-04 3.167138020164748404e-05
3.046157099999999840e+00 1.349283246488717299e-04 3.111720190536869271e-05
3.061387900000000162e+00 1.336485146081933166e-04 3.057284572204194275e-05
3.076694900000000121e+00 1.323772880665273748e-04 3.003566873766591681e-05
3.092078299999999835e+00 1.313391356230270883e-04 2.951064367634742542e-05
3.107538700000000098e+00 1.300856390090601830e-04 2.898759028252147603e-05
3.123076399999999975e+00 1.288408790461829240e-04 2.847400247572102263e-05
3.138691800000000143e+00 1.276052599819480339e-04 2.796977406288363112e-05
3.154385299999999948e+00 1.263791686534457596e-04 2.747479982339454523e-05
3.170157199999999786e+00 1.251621526329822949e-04 2.698897635059368903e-05
3.186008000000000173e+00 1.239547872829689190e-04 2.651219944970113242e-05
3.201938000000000173e+00 1.227568251795134121e-04 2.604436757394917669e-05
3.217947699999999855e+00 1.215686157289902404e-04 2.558537844739400090e-05
3.234037400000000062e+00 1.203899093222216351e-04 2.513272222863999745e-05
3.250207599999999974e+00 1.192208442067279884e-04 2.469113075121872854e-05
3.266458699999999826e+00 1.180615584920487437e-04 2.425569697377871344e-05
3.282791000000000015e+00 1.169119962520861637e-04 2.382873378771131463e-05
3.299204899999999885e+00 1.157720943870282383e-04 2.340896282552985550e-05
3.315700899999999951e+00 1.146417831491873752e-04 2.299724510294392604e-05
3.332279400000000003e+00 1.135213759550657438e-04 2.259302092704315097e-05
3.348940799999999829e+00 1.124104276526824751e-04 2.219620623294236389e-05
3.365685599999999944e+00 1.113092382331045229e-04 2.180648547894483008e-05
3.382514000000000021e+00 1.103047069589362903e-04 2.142262870882356764e-05
3.399426500000000129e+00 1.092225169479188712e-04 2.104342762961150881e-05
3.416423700000000174e+00 1.081493257208456378e-04 2.067111892769271192e-05
3.433505799999999830e+00 1.070854451857698492e-04 2.030562661343427285e-05
3.450673300000000054e+00 1.060306286181441509e-04 1.994664766227325712e-05
3.467926700000000029e+00 1.049849838079343659e-04 1.959433379609352424e-05
3.485266300000000150e+00 1.039486241630438695e-04 1.924838678488823235e-05
3.502692699999999881e+00 1.029212985842239817e-04 1.890851184942050653e-05
3.520206099999999783e+00 1.019029553113528250e-04 1.857508573703671684e-05
3.537807200000000041e+00 1.008938469717865808e-04 1.824759302818757472e-05
3.555496199999999885e+00 9.989374739211048142e-05 1.792618805193036866e-05
3.573273700000000108e+00 9.890257797611933974e-05 1.761036489884847155e-05
3.591140000000000221e+00 9.792027753643020951e-05 1.730049666815352131e-05
3.609095700000000129e+00 9.694692894783157053e-05 1.699608303800029846e-05
3.627141200000000065e+00 9.598246178655698148e-05 1.669727856066039468e-05
3.645276899999999820e+00 9.502664911478132955e-05 1.640380639429853981e-05
3.663503299999999907e+00 9.407973176975964729e-05 1.611560682562291057e-05
3.681820800000000116e+00 9.314148236430386295e-05 1.583262112950687439e-05
3.700229900000000072e+00 9.221197984321650813e-05 1.555479067371092245e-05
3.718731099999999845e+00 9.129099617467840695e-05 1.528205737303169347e-05
3.737324699999999833e+00 9.037846912274510695e-05 1.501415593071485026e-05
3.756011399999999778e+00 8.947446536434902967e-05 1.475103161092930779e-05
3.774791399999999797e+00 8.861098159400735048e-05 1.449201271073084889e-05
3.793665400000000076e+00 8.772379037050726924e-05 1.423726020257103688e-05
3.812633700000000125e+00 8.684462347916441206e-05 1.398693290424128560e-05
3.831696899999999850e+00 8.597369587741929828e-05 1.374138826570813262e-05
3.850855399999999928e+00 8.511079894930089948e-05 1.350016719542273175e-05
3.870109600000000150e+00 8.425586937484377445e-05 1.326322193260572582e-05
3.889460199999999812e+00 8.340896921014986595e-05 1.303050412192023441e-05
3.908907500000000201e+00 8.257003656205494195e-05 1.280216661725695034e-05
3.928452000000000055e+00 8.173900138792429212e-05 1.257776280838674155e-05
3.948094300000000167e+00 8.091579022525950292e-05 1.235744639400962568e-05
3.967834700000000048e+00 8.010034263732681821e-05 1.214117204486432653e-05
3.987673899999999882e+00 7.929245127611784605e-05 1.192869813682780767e-05
4.055024000000000406e+00 7.709809208229899283e-05 1.124349778503113007e-05
4.334820999999999813e+00 6.720730653274517281e-05 8.889416838241587620e-06
4.633924000000000376e+00 5.853653792165628453e-05 7.039310181355588741e-06
4.953663999999999845e+00 5.093947056953369195e-05 5.582810064048879116e-06
5.295467000000000368e+00 4.427959749742896891e-05 4.423952577912046686e-06
5.660854999999999748e+00 3.841509657266852656e-05 3.494565087983071153e-06
6.051453000000000415e+00 3.322491983145534013e-05 2.766031074301623911e-06
6.469003999999999976e+00 2.856914331395227222e-05 2.193977771140577846e-06
6.915365000000000428e+00 2.414925265828759074e-05 1.739364708090871294e-06
7.097944000000000031e+00 2.217557736628732138e-05 1.587885822851162125e-06
7.206585999999999714e+00 2.029394060304718885e-05 1.505867624799349156e-06
7.235557000000000016e+00 1.872266378507510783e-05 1.484864561064036165e-06
7.279014000000000095e+00 1.988827178917157570e-05 4.167792996089585317e-06
7.392525000000000013e+00 2.047212653401632058e-05 3.910321350851165844e-06
7.771694000000000102e+00 1.906286989094914435e-05 3.206346774704351689e-06
7.890648999999999802e+00 1.813482612924703527e-05 3.030484180006229330e-06
7.902608999999999995e+00 1.796361485368249493e-05 3.013568907705005650e-06
7.922369999999999912e+00 1.744720887633580453e-05 2.985981555805089130e-06
7.969952000000000147e+00 1.784028667607926667e-05 4.025443713173278478e-06
8.088905999999999707e+00 1.787031808704313843e-05 3.812167696395410467e-06
8.208088000000000051e+00 1.755905664821275140e-05 3.613614804334832051e-06
8.333721999999999852e+00 1.701894247394752666e-05 3.418845265548384768e-06
8.367224000000000217e+00 1.666583006314987492e-05 3.369571477509045706e-06
8.417477999999999128e+00 1.679092144329023372e-05 3.809666480085639355e-06
8.447889999999999233e+00 1.679697172258055383e-05 3.762552062877735927e-06
8.543112000000000705e+00 1.666450662894238278e-05 3.619707151762575762e-06
9.030794000000000210e+00 1.546738043963269063e-05 2.982159048662116448e-06
9.653919000000000139e+00 1.385213432849725992e-05 2.343188536689197453e-06
1.032004000000000055e+01 1.229407609361953869e-05 1.838931107170086289e-06
1.103212000000000081e+01 1.085793447089360594e-05 1.441795727329767467e-06
1.179334000000000060e+01 9.559013665721414782e-06 1.130630203302763247e-06
1.260707999999999984e+01 8.397885719068439483e-06 8.875079151899095428e-07
1.347696999999999967e+01 7.367381921931650618e-06 6.973753056611009343e-07
1.440687999999999924e+01 6.457162122554527285e-06 5.485405417724872890e-07
1.540094999999999992e+01 5.661039442586810259e-06 4.303011044208327718e-07
1.646361999999999881e+01 4.957432635013575475e-06 3.374107214488744398e-07
1.759960999999999842e+01 4.338798514025019848e-06 2.640505296302250692e-07
1.881398000000000081e+01 3.793823025494680776e-06 2.067216713100886116e-07
2.011214999999999975e+01 3.316392018786942075e-06 1.620220235363485387e-07
2.149988000000000099e+01 2.898538213086501853e-06 1.271439384883400675e-07
2.298338000000000036e+01 2.533044579831447293e-06 9.989492390894423387e-08
2.456923000000000101e+01 2.213491267787254702e-06 7.858108256772053776e-08
2.626450000000000173e+01 1.934235426945785149e-06 6.188761958982392736e-08
2.807676000000000016e+01 1.690334974906032564e-06 4.844310685983078769e-08
3.001405000000000101e+01 1.476704605865679805e-06 3.788390159255303723e-08
3.208502000000000010e+01 1.289876909602899752e-06 2.964232422078031467e-08
3.429889000000000010e+01 1.126471102644695969e-06 2.318856808620910886e-08
3.666550999999999760e+01 9.835064852684949436e-07 1.813215363425060688e-08
3.919543000000000177e+01 8.582972089698889745e-07 1.415169514839921645e-08
4.189992000000000161e+01 7.484367021055651318e-07 1.105953385025131955e-08
4.479100999999999999e+01 6.515646935260235237e-07 8.656669894710974096e-09
4.788159000000000276e+01 5.643190201366811592e-07 6.788795010396265286e-09
4.923431999999999675e+01 5.278488208205850974e-07 6.137464591911645824e-09
4.998790999999999940e+01 5.023199766388780744e-07 5.809803156480999502e-09
5.018885999999999825e+01 4.867376974986790936e-07 5.726284361388082463e-09
5.049029999999999774e+01 4.924984968034145554e-07 2.810851101277041803e-08
5.118542000000000058e+01 4.889245319950727452e-07 2.678722985281545966e-08
5.124387999999999721e+01 4.882560194265027586e-07 2.667909726597093421e-08
5.471721000000000146e+01 4.381549668238340423e-07 2.114229018029015363e-08
5.849269999999999925e+01 3.868055496987544909e-07 1.664615191453457525e-08
6.252870000000000061e+01 3.401957419032936147e-07 1.309857983328604771e-08
6.684318000000000382e+01 2.986668578163695548e-07 1.030332113377349933e-08
7.145535999999999888e+01 2.619220857527753310e-07 8.100129896154645570e-09
7.638577999999999690e+01 2.295385629695325206e-07 6.371182017217649195e-09
8.165640000000000498e+01 2.010686557092350909e-07 5.007698355678714719e-09
8.729068999999999789e+01 1.760618410772520890e-07 3.927536381928286499e-09
9.331373999999999569e+01 1.541229101310837228e-07 3.083394252337675431e-09
9.975239000000000544e+01 1.348927832371906882e-07 2.423204195594211645e-09
1.066353000000000009e+02 1.180979896568040409e-07 1.900374506712465114e-09
1.139930999999999983e+02 1.033332635015473762e-07 1.491900380985696567e-09
1.218586999999999989e+02 9.040696319776191232e-08 1.173076507379748256e-09
1.302668999999999926e+02 7.909363456245464195e-08 9.240793419533837433e-10
1.392553000000000054e+02 6.919383831031160421e-08 7.294847358288567364e-10
1.488640000000000043e+02 6.053184457181750895e-08 5.771566047281200778e-10
1.591356000000000108e+02 5.295376976481030239e-08 4.578623201453921963e-10
1.701159000000000106e+02 4.632442294885598283e-08 3.642781158668097875e-10
1.818539000000000101e+02 4.052504329711697396e-08 2.907595333367408278e-10
1.944018000000000086e+02 3.545202714512257581e-08 2.329041168296366825e-10
2.078155999999999892e+02 3.101427268271206571e-08 1.872919678523402786e-10
2.221547999999999945e+02 2.713235210600796410e-08 1.513904851551461983e-10
2.374834999999999923e+02 2.373677342764884281e-08 1.231636015962025973e-10
2.538699000000000012e+02 2.076653102385203353e-08 1.006608908201953449e-10
2.713869000000000256e+02 1.816828167096232067e-08 8.266672343870253940e-11
2.901125999999999863e+02 1.589536182519903554e-08 6.823645784026701547e-11
3.101304000000000087e+02 1.390700665546755601e-08 5.661644115295941604e-11
3.315294000000000096e+02 1.216754797115408124e-08 4.722785257825534993e-11
3.544048999999999978e+02 1.064580807306742430e-08 3.960493556423532449e-11
3.788587999999999738e+02 9.314501652671442810e-09 3.339063569967422889e-11
4.050000999999999749e+02 8.149766595244514075e-09 2.829853223350801168e-11
4.329451000000000249e+02 7.130755730069963450e-09 2.410274032331196725e-11
