1.004374899999999959e+00 6.477688381685664087e-04 9.100615735997904002e-05
1.009396799999999983e+00 6.395249030086124767e-04 8.937818048766114996e-05
1.014443800000000007e+00 6.311976228466417834e-04 8.778484736179848391e-05
1.019516000000000089e+00 6.228322688215280015e-04 8.622060428529676663e-05
1.024613599999999902e+00 6.144548915850348144e-04 8.467999531904989651e-05
1.029736699999999949e+00 6.060648694534017614e-04 8.317297003684718951e-05
1.034885300000000008e+00 5.976674325609764808e-04 8.169406912089632433e-05
1.040059800000000090e+00 5.892643687863463381e-04 8.023790609035899070e-05
1.045260099999999914e+00 5.808552109171833712e-04 7.880928065987231998e-05
1.050486400000000042e+00 5.724336939599036604e-04 7.740787438897395862e-05
1.055738800000000088e+00 5.639966708690853127e-04 7.603337937938369764e-05
1.061017499999999947e+00 5.555437497125594254e-04 7.468548332680259247e-05
1.066322599999999898e+00 5.470639999984223695e-04 7.335896163164564875e-05
1.071654200000000001e+00 5.385522567031542605e-04 7.205848611181488444e-05
1.077012499999999928e+00 5.300035041537321358e-04 7.078375280391840799e-05
1.082397499999999901e+00 5.214053826732482997e-04 6.952962441339030132e-05
1.087809500000000096e+00 5.127534938775353459e-04 6.829586844953598095e-05
1.093248599999999904e+00 5.040311433109949607e-04 6.708706882558001768e-05
1.098714799999999991e+00 4.952300054083672628e-04 6.590294435419735979e-05
1.104208400000000090e+00 4.863294164606465930e-04 6.473844463988644952e-05
1.109729399999999977e+00 4.773197514874006025e-04 6.359336448864243293e-05
1.115278100000000050e+00 4.681744860846707990e-04 6.247218945120322736e-05
1.120854500000000087e+00 4.588733381685460586e-04 6.136996468756103626e-05
1.126458699999999924e+00 4.493872703374900634e-04 6.028648472483739501e-05
1.132090999999999958e+00 4.396812467898455383e-04 5.922153531070107474e-05
1.137751500000000027e+00 4.297172260157267835e-04 5.817952843348851542e-05
1.143440199999999907e+00 4.194426318392605046e-04 5.715561002006220518e-05
1.149157399999999996e+00 4.087977301558505180e-04 5.614957216072407345e-05
1.154903199999999908e+00 3.977004474919906916e-04 5.516121901220691196e-05
1.160677699999999923e+00 3.860473938134915137e-04 5.419487859826869981e-05
1.166481099999999937e+00 3.737060020262974406e-04 5.324128666189882251e-05
1.172313500000000008e+00 3.604852396255434901e-04 5.230479732021920601e-05
1.178175100000000031e+00 3.461188046666722920e-04 5.138967211926066385e-05
1.184066000000000063e+00 3.302084526180375256e-04 5.048679132780410319e-05
1.189986299999999941e+00 3.121147986794928220e-04 4.960044651566041017e-05
1.195936200000000005e+00 2.907123971540490049e-04 4.873483826899810466e-05
1.201915899999999926e+00 2.637241756190525149e-04 4.788098039472806985e-05
1.207925499999999985e+00 2.252039766027076574e-04 4.704310306876052712e-05
1.213965100000000019e+00 1.461021322841559377e-04 4.622102706466327173e-05
1.216598499999999916e+00 -6.434813049625917201e-05 4.586642905863747309e-05
1.216801400000000033e+00 -6.774830168028336385e-05 2.449137563719554428e-04
1.220034999999999981e+00 1.508827350846202587e-04 2.425738482377349852e-04
1.226135100000000033e+00 2.089939356917138173e-04 2.382291666748037726e-04
1.232265799999999967e+00 2.297335149794812906e-04 2.339642877756011171e-04
1.238427100000000003e+00 2.344775821334148485e-04 2.297741041582401105e-04
1.244619300000000095e+00 2.169083309933961343e-04 2.256619784562598013e-04
1.247695100000000057e+00 1.217702948716909155e-04 2.236543078854165401e-04
1.247904899999999984e+00 1.206415728200161915e-04 3.169095092807155110e-04
1.250842400000000021e+00 2.259922467800205728e-04 3.142265875109502863e-04
1.257096599999999897e+00 2.679906441935690537e-04 3.086131235573395522e-04
1.263382100000000063e+00 2.900579883251099347e-04 3.030934312624565660e-04
1.269698999999999911e+00 3.053819851750067004e-04 2.976789046806584626e-04
1.276047500000000001e+00 3.169857374146067960e-04 2.923601090657590006e-04
1.282427699999999948e+00 3.261326271193172241e-04 2.871359934922282581e-04
1.288839899999999927e+00 3.334924207050558192e-04 2.820054716952973993e-04
1.295284000000000102e+00 3.394779199498290179e-04 2.769635030070151881e-04
1.301760500000000098e+00 3.443606444626345605e-04 2.720171028276784412e-04
1.308269300000000079e+00 3.483295826863211007e-04 2.671572155778889450e-04
1.314810599999999940e+00 3.515297569348271021e-04 2.623868668323483372e-04
1.321384700000000079e+00 3.540643243329599202e-04 2.576970757905612552e-04
1.327991600000000050e+00 3.560156982863309379e-04 2.530948985868725402e-04
1.334631600000000029e+00 3.574444634253553296e-04 2.485753846529644394e-04
1.341304700000000016e+00 3.584008381227962465e-04 2.441376409295638273e-04
1.348011199999999965e+00 3.589181279505828629e-04 2.397768327785208960e-04
1.354751299999999992e+00 3.590203542974140945e-04 2.354959798290376838e-04
1.361525000000000096e+00 3.587194608304466298e-04 2.312903564200831613e-04
1.368332700000000068e+00 3.580107092158075783e-04 2.271629247064673135e-04
1.375174300000000072e+00 3.568723555856742895e-04 2.231052120150823288e-04
1.382050199999999895e+00 3.552468879209885592e-04 2.191240139372940116e-04
1.388960500000000042e+00 3.530148623742576891e-04 2.152146945784199023e-04
1.395905299999999905e+00 3.499183020900740993e-04 2.113727001166846870e-04
1.402884800000000043e+00 3.452833653870876593e-04 2.076010260585146058e-04
1.409899199999999908e+00 3.362760650621201782e-04 2.038951547406007568e-04
1.413007300000000077e+00 3.250499910240790412e-04 2.022802442374401627e-04
1.415592600000000090e+00 3.244828876788756239e-04 2.292381550746116158e-04
1.416948700000000061e+00 3.308665498903596192e-04 2.284779236775073526e-04
1.424033499999999952e+00 3.419517017909169438e-04 2.245620122392423708e-04
1.431153600000000026e+00 3.460443472986785810e-04 2.207161052127047109e-04
1.438309400000000071e+00 3.482200052744462951e-04 2.169357364467219601e-04
1.445500900000000088e+00 3.494350908663541996e-04 2.132202127154651371e-04
1.452728400000000031e+00 3.500471098890913478e-04 2.095724147776362471e-04
1.459992100000000015e+00 3.502373567665409393e-04 2.059843881410789953e-04
1.467292000000000041e+00 3.501083431774301745e-04 2.024626652289170505e-04
1.474628499999999898e+00 3.497250069211691533e-04 1.989993478007708733e-04
1.482001600000000030e+00 3.491334662677837209e-04 1.955973668212245096e-04
1.489411700000000005e+00 3.483683754582146989e-04 1.922489622603378511e-04
1.496858699999999986e+00 3.474497946256127059e-04 1.889571059723749050e-04
1.504342999999999986e+00 3.463995475563309530e-04 1.857246401763352681e-04
1.511864700000000061e+00 3.452321671357978816e-04 1.825474382275131687e-04
1.519424000000000108e+00 3.439616427108365326e-04 1.794214358655505498e-04
1.527021200000000078e+00 3.426001296930442064e-04 1.763529436805465287e-04
1.534656299999999973e+00 3.411556235097157504e-04 1.733379146693787278e-04
1.542329499999999909e+00 3.396383266344989247e-04 1.703723517912351547e-04
1.550041199999999897e+00 3.380529383823987848e-04 1.674590821891551776e-04
1.557791399999999937e+00 3.364066959516483386e-04 1.645975452440906505e-04
1.565580399999999983e+00 3.347064642568057320e-04 1.617838000906789641e-04
1.573408300000000093e+00 3.329577313550876466e-04 1.590206710211308912e-04
1.581275299999999939e+00 3.311633288354061031e-04 1.563009516670813524e-04
1.589181699999999919e+00 3.293271708588139403e-04 1.536241690951913725e-04
1.597127600000000092e+00 3.274519372499268451e-04 1.509898742934620910e-04
1.605113199999999907e+00 3.255413698420825158e-04 1.484008823724117655e-04
1.613138799999999984e+00 3.235978807471575095e-04 1.458566845597809121e-04
1.621204499999999937e+00 3.216262050559956617e-04 1.433600327395360269e-04
1.629310500000000106e+00 3.196274383533182243e-04 1.408975016622206514e-04
1.637457099999999999e+00 3.176037494656561632e-04 1.384783576001566104e-04
1.645644300000000060e+00 3.155573573513874145e-04 1.360989456835286074e-04
1.653872599999999915e+00 3.134902226639486216e-04 1.337619843473149034e-04
1.662141899999999950e+00 3.114055729849699678e-04 1.314638665037556138e-04
1.670452599999999954e+00 3.093052496937406261e-04 1.292072957666058934e-04
1.678804900000000044e+00 3.071900316384350814e-04 1.269886803626759178e-04
1.687198900000000057e+00 3.050617858139400944e-04 1.248076133212235061e-04
1.695634899999999945e+00 3.029233052563536414e-04 1.226636762204495507e-04
1.704113100000000047e+00 3.007752268832434000e-04 1.205595421444424938e-04
1.712633700000000037e+00 2.986192107323215345e-04 1.184886320538067618e-04
1.721196799999999971e+00 2.964558704058205458e-04 1.164536483746972254e-04
1.729802800000000085e+00 2.942867194217601689e-04 1.144572154823716569e-04
1.738451799999999992e+00 2.921143289359352411e-04 1.124928635925463439e-04
1.747144100000000089e+00 2.899381222550511360e-04 1.105602423205243761e-04
1.755879799999999991e+00 2.877595917664923695e-04 1.086649958683297512e-04
1.764659200000000094e+00 2.855791372827025105e-04 1.067977674949892482e-04
1.773482500000000073e+00 2.833991158915764343e-04 1.049671462610175793e-04
1.782349900000000043e+00 2.812198839035780760e-04 1.031638774058995779e-04
1.791261699999999957e+00 2.790417580809735924e-04 1.013964617617464913e-04
1.800218000000000096e+00 2.768651100324847508e-04 9.965574499890873534e-05
1.809219099999999969e+00 2.746930277425279547e-04 9.794724520444269048e-05
1.818265199999999915e+00 2.725239134782464338e-04 9.626482609460801495e-05
1.827356500000000050e+00 2.703598786698322245e-04 9.461395907815212537e-05
1.836493300000000106e+00 2.682020244494715726e-04 9.299142416678786622e-05
1.845675699999999919e+00 2.660487914705943159e-04 9.139122786288149673e-05
1.854904099999999945e+00 2.638985989719367601e-04 8.981313706296364214e-05
1.864178600000000019e+00 2.617535171162273201e-04 8.826256688681766930e-05
1.873499500000000095e+00 2.596146160382559686e-04 8.673920919554344022e-05
1.882867000000000068e+00 2.574812387175766273e-04 8.524276341997016546e-05
1.892281399999999891e+00 2.553544279659993987e-04 8.377015331656950193e-05
1.901742800000000067e+00 2.532344008153492487e-04 8.232664961035617295e-05
1.911251500000000103e+00 2.511221473058879725e-04 8.090367488815219368e-05
1.920807699999999896e+00 2.490178222970246117e-04 7.950921907022238521e-05
1.930411799999999900e+00 2.469223406913005885e-04 7.813478819855811932e-05
1.940063799999999894e+00 2.448350682860222323e-04 7.678830326694718303e-05
1.949764199999999947e+00 2.427568712712788158e-04 7.546135293006465050e-05
1.959513000000000060e+00 2.406887064096298713e-04 7.415910275095666140e-05
1.969310499999999964e+00 2.386298515321996739e-04 7.287860547174574105e-05
1.979157099999999891e+00 2.365811420764982480e-04 7.162227017761671542e-05
1.989052899999999902e+00 2.345426835578492042e-04 7.038454974816454857e-05
1.998998100000000111e+00 2.325137926140987321e-04 6.917050372917542711e-05
2.008993100000000087e+00 2.304967804043396855e-04 6.797724385382359811e-05
2.019038099999999947e+00 2.284901829026233339e-04 6.680194340086205483e-05
2.029133299999999807e+00 2.264940699587112587e-04 6.564958959998840103e-05
2.039279000000000064e+00 2.245099485535486294e-04 6.451734337810420897e-05
2.049475399999999947e+00 2.225371156673317788e-04 6.340242253075809009e-05
2.059722700000000017e+00 2.205763282440665273e-04 6.230974274104125374e-05
2.070021300000000064e+00 2.186268506835538220e-04 6.123397113108062291e-05
2.080371400000000204e+00 2.166887199798133541e-04 6.017493039334786465e-05
2.090773299999999946e+00 2.147633412132073235e-04 5.913746284064003411e-05
2.101227199999999851e+00 2.128500170367695612e-04 5.811632325097620868e-05
2.111733300000000035e+00 2.109487576389753205e-04 5.711382474800948404e-05
2.122291999999999845e+00 2.090595317694479932e-04 5.612728066396067289e-05
2.132903400000000005e+00 2.071830350450708203e-04 5.515898537590681561e-05
2.143568000000000140e+00 2.053191950877809489e-04 5.420627796977563797e-05
2.154285799999999806e+00 2.034673804489798372e-04 5.327143401827695091e-05
2.165057200000000126e+00 2.016288535625904556e-04 5.235182310178987917e-05
2.175882500000000164e+00 1.998022749476258196e-04 5.144969216761605108e-05
2.186761900000000036e+00 1.979889176255541442e-04 5.056004308976189886e-05
2.197695700000000141e+00 1.961887252936008125e-04 4.968752614567935956e-05
2.208684199999999986e+00 1.944010182712199025e-04 4.883194474191715072e-05
2.219727600000000134e+00 1.926257760308709992e-04 4.798837697670391047e-05
2.230826299999999929e+00 1.908641643950008480e-04 4.716140404649336377e-05
2.241980400000000095e+00 1.891149320868477468e-04 4.634615624837476624e-05
2.253190299999999979e+00 1.873792200600948713e-04 4.554717058135060199e-05
2.264456200000000141e+00 1.856563760845676757e-04 4.476194269548949394e-05
2.275778499999999926e+00 1.839463255976465450e-04 4.398801208915880236e-05
2.287157399999999896e+00 1.822490267686556475e-04 4.322526445908352516e-05
2.298593200000000003e+00 1.805649965769600893e-04 4.247586805320867527e-05
2.310086200000000201e+00 1.788935895102818812e-04 4.173967454556720442e-05
2.321636600000000161e+00 1.772353264905776084e-04 4.101879959982120279e-05
2.333244800000000119e+00 1.755895579317643220e-04 4.030631317179606893e-05
2.344911000000000190e+00 1.739567932156022099e-04 3.960885525349145162e-05
2.356635600000000164e+00 1.723374895969342565e-04 3.892402025995265991e-05
2.368418699999999877e+00 1.707305007401796677e-04 3.824945356707069432e-05
2.380260799999999843e+00 1.691368121811959830e-04 3.758724969914588603e-05
2.392162100000000180e+00 1.675552849920887433e-04 3.693727096365927474e-05
2.404122999999999788e+00 1.659874250056190040e-04 3.629719449030022286e-05
2.416143599999999836e+00 1.644321126148567849e-04 3.566691910920041011e-05
2.428224300000000113e+00 1.628897756953703142e-04 3.504850159747232560e-05
2.440365400000000129e+00 1.619086854243766485e-04 3.443535471275323409e-05
2.452567199999999836e+00 1.603850738945792069e-04 3.382958150762963050e-05
2.464830099999999913e+00 1.588737433407644522e-04 3.323537087010526575e-05
2.477154200000000195e+00 1.573741507445295990e-04 3.265047481103869288e-05
2.489539999999999864e+00 1.558862120143363083e-04 3.207690007285255617e-05
2.501987699999999926e+00 1.546750937267442805e-04 3.151032265347676647e-05
2.514497599999999888e+00 1.532081612660648204e-04 3.095276423870577115e-05
2.527070099999999986e+00 1.517532003269166715e-04 3.040620431285359906e-05
2.539705500000000171e+00 1.503096669170699907e-04 2.986844968848381676e-05
2.552404000000000117e+00 1.488779810970387927e-04 2.933940705391008429e-05
2.565166000000000057e+00 1.474575964342376456e-04 2.882102779550780894e-05
2.577991899999999781e+00 1.460493582703762132e-04 2.831115142179277874e-05
2.590881800000000013e+00 1.446527507622914971e-04 2.780968830724712010e-05
2.603836199999999934e+00 1.432676796684028396e-04 2.731654523724797037e-05
2.616855399999999943e+00 1.418945179464930616e-04 2.683363784212110611e-05
2.629939699999999991e+00 1.405327418559891713e-04 2.636084679898351179e-05
2.643089400000000033e+00 1.391827160648048732e-04 2.589408207425014319e-05
2.656304800000000021e+00 1.378443571938050010e-04 2.543526178885678664e-05
2.669586300000000190e+00 1.365171454041241600e-04 2.498626427516644543e-05
2.682934299999999883e+00 1.352018460966582258e-04 2.454501677891668545e-05
2.696348899999999826e+00 1.338983852013569205e-04 2.411143595630329081e-05
2.709830699999999926e+00 1.326058110332574208e-04 2.368543467348973512e-05
2.723379800000000017e+00 1.313248952729378341e-04 2.326693104606102885e-05
2.736996700000000171e+00 1.300555262281136160e-04 2.285584042227906186e-05
2.750681699999999896e+00 1.287972108089880708e-04 2.245208066025005289e-05
2.764435100000000034e+00 1.275502682598523847e-04 2.205557033389695629e-05
2.778257299999999930e+00 1.263145993618792302e-04 2.166622794761076753e-05
2.792148599999999981e+00 1.250901149848400462e-04 2.128397354323626048e-05
2.806109300000000140e+00 1.238767265781161721e-04 2.090872785972916722e-05
2.820139900000000033e+00 1.226743287656606625e-04 2.054041087125729815e-05
2.834240600000000221e+00 1.216395540172097046e-04 2.017709354666220401e-05
2.848411800000000049e+00 1.204584552112302463e-04 1.981872567615391187e-05
2.862653900000000196e+00 1.192880732400494287e-04 1.946709108942297660e-05
2.876967099999999888e+00 1.181286992121089661e-04 1.912211445711857496e-05
2.891351999999999922e+00 1.169802135974330705e-04 1.878371845324867549e-05
2.905808700000000133e+00 1.158421787838188378e-04 1.845002341563662857e-05
2.920337799999999984e+00 1.147152015550518525e-04 1.812277777946927861e-05
2.934939400000000198e+00 1.135988419802895863e-04 1.780226705832434452e-05
2.949614099999999794e+00 1.124933349796574517e-04 1.748680974026314115e-05
2.964362200000000058e+00 1.113985801555432821e-04 1.717723770880870686e-05
2.979184000000000054e+00 1.103151631592424000e-04 1.687295618568443041e-05
2.994079900000000016e+00 1.092426184256738522e-04 1.657443278423778289e-05
3.009050300000000178e+00 1.081771372929448940e-04 1.627253115507972707e-05
3.024095599999999884e+00 1.071177191425281585e-04 1.597096662156823375e-05
3.039216099999999976e+00 1.060673594728706184e-04 1.567493609545437199e-05
3.054412199999999800e+00 1.050259942161876268e-04 1.538454908703256981e-05
3.069684200000000196e+00 1.039932438336600690e-04 1.509974176284862041e-05
3.085032599999999903e+00 1.029696867377406718e-04 1.482010959624293781e-05
3.100457800000000042e+00 1.019549342413102693e-04 1.454576381982473721e-05
3.115960100000000121e+00 1.009492436517716766e-04 1.427664483571205903e-05
3.131539899999999932e+00 9.995254341658386119e-05 1.401252549382704565e-05
3.147197600000000151e+00 9.896476257649256284e-05 1.375334930775991934e-05
3.162933600000000123e+00 9.798552681248693557e-05 1.349906030873398165e-05
3.178748199999999802e+00 9.701538332538656119e-05 1.324960345724106251e-05
3.194641999999999982e+00 9.605424152381320934e-05 1.300475865780636588e-05
3.210615199999999891e+00 9.510144600336500073e-05 1.276463822624561087e-05
3.226668300000000045e+00 9.415780754944694979e-05 1.252886244046492933e-05
3.242801599999999951e+00 9.322266859938891639e-05 1.229754493087328221e-05
3.259015600000000124e+00 9.229624260538288447e-05 1.207063471260524297e-05
3.275310699999999908e+00 9.137817120499879128e-05 1.184792140149834306e-05
3.291687299999999983e+00 9.046894985418468815e-05 1.162935771703506698e-05
3.308145699999999856e+00 8.956822410347707499e-05 1.141489715098897090e-05
3.324686400000000042e+00 8.867564036391811528e-05 1.120449291219821308e-05
3.341309900000000166e+00 8.779167400611658477e-05 1.099809866142839444e-05
3.358016399999999901e+00 8.691598612892336903e-05 1.079551316063208109e-05
3.374806500000000042e+00 8.604876225483798480e-05 1.059669290897553273e-05
3.391680500000000098e+00 8.518940062630615069e-05 1.040128625405781355e-05
3.408638900000000138e+00 8.433861955146913292e-05 1.020956340801678891e-05
3.425682099999999952e+00 8.349555714295500719e-05 1.002132944072641731e-05
3.442810500000000218e+00 8.266066593635805742e-05 9.836697764428702141e-06
3.460024600000000117e+00 8.183386581036064924e-05 9.655475423800186546e-06
3.477324700000000046e+00 8.101483549531761819e-05 9.477775313899142244e-06
3.494711300000000076e+00 8.020350391827771547e-05 9.303256522590187970e-06
3.512184899999999832e+00 7.940029382837598298e-05 9.132032846407878461e-06
3.529745800000000155e+00 7.860439784879158509e-05 8.964067248004415643e-06
3.547394499999999784e+00 7.781647922844998867e-05 8.799174536934006635e-06
3.565131500000000120e+00 7.703621614432528309e-05 8.637320048742537208e-06
3.582957200000000064e+00 7.626330158090743471e-05 8.478616178498482749e-06
3.600871900000000014e+00 7.549791176986095896e-05 8.322735635686425912e-06
3.618876300000000157e+00 7.473996516757268544e-05 8.169936495894151112e-06
3.636970700000000001e+00 7.398939787368423438e-05 8.019894999641077136e-06
3.655155499999999780e+00 7.324614233846879377e-05 7.872580414566771043e-06
3.673431299999999844e+00 7.251012371678385591e-05 7.728104744851534947e-06
3.691798499999999983e+00 7.178127600683633280e-05 7.586293513794556904e-06
3.710257499999999986e+00 7.105931289878888155e-05 7.447116828847325893e-06
3.728808799999999923e+00 7.034460972127606145e-05 7.310544862980840471e-06
3.747452800000000028e+00 6.963709577144273509e-05 7.176548258486054780e-06
3.766190100000000207e+00 6.893626496311674675e-05 7.045097540554264980e-06
3.785020999999999969e+00 6.824227689262734491e-05 6.916025396859396821e-06
3.803946100000000108e+00 6.755527225961254585e-05 6.789304959980281648e-06
3.822965899999999806e+00 6.687497177135907109e-05 6.665047099232394071e-06
3.842080699999999904e+00 6.620131812126764891e-05 6.543087303709222677e-06
3.861291099999999865e+00 6.553424411543981695e-05 6.423263511961916307e-06
3.880597499999999922e+00 6.487369015679312495e-05 6.305822727773375604e-06
3.900000499999999981e+00 6.421979046342772145e-05 6.190468106849716760e-06
3.919500499999999832e+00 6.357228282508084016e-05 6.077310493712285335e-06
3.939097999999999988e+00 6.293130221238068796e-05 5.966324862513782796e-06
3.958793500000000076e+00 6.229658843391441597e-05 5.857221240767225906e-06
3.978587500000000166e+00 6.166808185703194218e-05 5.750242875505270623e-06
3.998480400000000046e+00 6.104591672416598833e-05 5.645365545518894117e-06
4.018472799999999623e+00 6.042983755302975255e-05 5.542303725671860741e-06
4.038565199999999855e+00 5.981997307133759525e-05 5.441167366883072596e-06
4.058758000000000088e+00 5.921607896530332106e-05 5.341934822807456973e-06
4.079051800000000227e+00 5.861809577677364464e-05 5.244455696307224511e-06
4.099447099999999899e+00 5.802614857178081030e-05 5.148838563253146770e-06
4.119944300000000226e+00 5.744017945597170170e-05 5.055062347059033955e-06
4.140544000000000224e+00 5.685994818500469321e-05 4.962979144175218407e-06
4.161246700000000409e+00 5.628540069041264695e-05 4.872570030607491677e-06
4.182052999999999798e+00 5.571682849830706866e-05 4.783941648082646213e-06
4.202963200000000121e+00 5.515365724329583745e-05 4.696823997998303913e-06
4.223978100000000069e+00 5.459634308893645573e-05 4.611324464005543852e-06
4.245097999999999594e+00 5.404449186192631001e-05 4.527548667522807259e-06
4.266323400000000099e+00 5.349805228480823249e-05 4.445230611754356102e-06
4.287655100000000274e+00 5.295729696991195360e-05 4.364353909836228698e-06
4.309093299999999793e+00 5.242168215222291064e-05 4.285024752265098923e-06
4.330638800000000010e+00 5.189164221655124176e-05 4.207225231792663464e-06
4.352292000000000272e+00 5.136679988384404519e-05 4.130817405273133229e-06
4.374053499999999595e+00 5.084726327280444577e-05 4.055905692954346407e-06
4.395923699999999990e+00 5.033282466953681295e-05 3.982234242638888239e-06
4.417903299999999867e+00 4.982374361713786445e-05 3.910027072936147371e-06
4.439992900000000020e+00 4.931965325501648002e-05 3.839149037722598001e-06
4.462192800000000403e+00 4.882051171295107538e-05 3.769467755667458256e-06
4.484503799999999707e+00 4.832656890002504779e-05 3.701204025521834888e-06
4.506926299999999941e+00 4.783747324186660919e-05 3.634108594944081440e-06
4.529460900000000123e+00 4.735332596225197389e-05 3.568284479210586706e-06
4.552108200000000160e+00 4.687407619567708595e-05 3.503717199029457517e-06
4.574868799999999958e+00 4.639952840589788182e-05 3.440277676253784021e-06
4.597743099999999750e+00 4.592992894379596376e-05 3.378067720910061629e-06
4.620731799999999723e+00 4.546493744692578113e-05 3.316959567873881498e-06
4.643835499999999783e+00 4.500465058724400819e-05 3.257053978871851267e-06
4.667054699999999556e+00 4.454888263600715719e-05 3.198112246122525099e-06
4.690389999999999837e+00 4.409786661790200750e-05 3.140347822836936599e-06
4.713841900000000251e+00 4.365127953791790480e-05 3.083635814948247567e-06
4.737411100000000097e+00 4.320934807304125476e-05 3.027964333020698267e-06
4.761098200000000169e+00 4.277175394904068542e-05 2.973321664147592314e-06
4.784903700000000093e+00 4.233859034573457731e-05 2.919696263366171359e-06
4.808828199999999775e+00 4.190981227037227568e-05 2.866967475090898601e-06
4.832872300000000010e+00 4.148524505865508369e-05 2.815342745640717652e-06
4.857036700000000096e+00 4.106510470708988236e-05 2.764592957904993229e-06
4.881321899999999658e+00 4.064909037629127258e-05 2.714708592108898224e-06
4.905728500000000381e+00 4.023741556931912430e-05 2.665787150099653143e-06
4.930257100000000392e+00 3.982978379098892036e-05 2.617817626650965509e-06
4.954908399999999880e+00 3.942640284028817768e-05 2.570683131580106730e-06
4.979682900000000245e+00 3.902698381669847925e-05 2.524479900765003384e-06
5.004581400000000180e+00 3.863160757440471757e-05 2.479092237972564303e-06
5.029604299999999917e+00 3.824023659466512393e-05 2.434511194415558913e-06
5.054752299999999643e+00 3.785282912271821184e-05 2.390727751308304126e-06
5.080026000000000153e+00 3.746934540684559160e-05 2.347733020726352262e-06
5.105426200000000136e+00 3.708974321840390412e-05 2.305518103871017865e-06
5.130953299999999828e+00 3.671398665059305349e-05 2.264176664116495735e-06
5.156608099999999695e+00 3.634203439838502473e-05 2.223494857059371348e-06
5.182391100000000250e+00 3.597384990156155221e-05 2.183668249707159716e-06
5.208303100000000185e+00 3.560939281432453594e-05 2.144485194090238911e-06
5.234344600000000014e+00 3.524873837290166490e-05 2.106039106579591205e-06
5.260516299999999923e+00 3.489162542323845525e-05 2.068221827347665133e-06
5.286818900000000099e+00 3.453812842998074158e-05 2.030827977555212152e-06
5.313252999999999560e+00 3.418821150640121147e-05 1.993755018629296313e-06
5.339819199999999988e+00 3.384183913488519771e-05 1.957393893146557313e-06
5.366518300000000075e+00 3.349886808390917546e-05 1.921638620036266421e-06
5.393350899999999726e+00 3.315937134875132874e-05 1.886677278305980094e-06
5.420317700000000016e+00 3.282320986067903331e-05 1.852113071389867139e-06
5.447419299999999964e+00 3.249045520907369153e-05 1.818038811339648003e-06
5.474656399999999756e+00 3.216107256816007809e-05 1.784641263295634298e-06
5.502029699999999579e+00 3.183492707502795206e-05 1.751912621909417613e-06
5.529539800000000227e+00 3.151198884196655827e-05 1.719750260325552052e-06
5.557187500000000391e+00 3.119232446172039901e-05 1.688147900848330275e-06
5.584973399999999977e+00 3.087590174386954151e-05 1.657193367105515916e-06
5.612898300000000340e+00 3.056259011888620757e-05 1.626785577848605590e-06
5.640962799999999611e+00 3.025236099368416173e-05 1.597011540969789256e-06
5.669167599999999752e+00 2.994537418366176619e-05 1.567771263708382433e-06
5.697513500000000342e+00 2.964140657918386027e-05 1.539058763144139416e-06
5.726001000000000118e+00 2.934043154087973178e-05 1.510868191853706645e-06
5.754630999999999830e+00 2.904260220376441847e-05 1.483284859362499478e-06
5.783404199999999662e+00 2.874770318223631029e-05 1.456120094304264785e-06
5.812321200000000410e+00 2.845570769572699292e-05 1.429550153503107248e-06
5.841382799999999875e+00 2.816676548278970171e-05 1.403388258979549719e-06
5.870589700000000022e+00 2.788066757937034479e-05 1.377808939834594153e-06
5.899942700000000428e+00 2.759747352751096145e-05 1.352627320141047055e-06
5.929442400000000113e+00 2.731706859738066429e-05 1.328016265879007442e-06
5.959089600000000431e+00 2.703959681804966869e-05 1.303792781667290948e-06
5.988884999999999792e+00 2.676485751886062064e-05 1.280040395836562266e-06
6.018829499999999832e+00 2.649290716357550034e-05 1.256753678682165265e-06
6.048923600000000178e+00 2.622363650309853525e-05 1.233840560400178078e-06
6.079168199999999800e+00 2.595718319484911080e-05 1.211383347253502565e-06
6.109564100000000053e+00 2.569335370552809923e-05 1.189376772404973669e-06
6.140111899999999956e+00 2.543220497043070040e-05 1.167559199936656829e-06
6.170812500000000256e+00 2.517370860534362670e-05 1.145929266998761088e-06
6.201666499999999971e+00 2.491775995379735234e-05 1.124654950702053794e-06
6.232674900000000129e+00 2.466441110553213369e-05 1.103816579295581066e-06
6.263838200000000356e+00 2.441356031022424831e-05 1.083325336152651082e-06
6.295157399999999903e+00 2.416518195302877156e-05 1.063260789713894413e-06
6.326633199999999846e+00 2.391925304218916063e-05 1.043535005769539040e-06
6.358266399999999763e+00 2.367590047722854189e-05 1.024226834293276274e-06
6.390057699999999841e+00 2.343487383782258645e-05 1.005249248305988803e-06
6.422007999999999939e+00 2.319629905831527828e-05 9.866803345438915407e-07
6.454118000000000244e+00 2.296007889835939363e-05 9.683526384170877577e-07
6.486388599999999727e+00 2.272626239667923992e-05 9.505065646247238919e-07
6.518820599999999743e+00 2.249475358365319712e-05 9.328946076233090140e-07
6.551414699999999591e+00 2.226560197176670580e-05 9.156747314187846323e-07
6.584171699999999738e+00 2.203871349679038872e-05 8.987625558667384140e-07
6.915365000000000428e+00 1.993473593962917262e-05 7.488031782157600660e-07
7.392525000000000013e+00 1.737286516241211517e-05 5.845160953706052023e-07
7.902608999999999995e+00 1.513242472460978120e-05 4.568686254275354093e-07
8.447889999999999233e+00 1.317031858948931263e-05 3.575671550667211506e-07
9.030794000000000210e+00 1.144662893958390033e-05 2.792249301724101399e-07
9.653919000000000139e+00 9.917394198848397129e-06 2.155687095630270545e-07
1.032004000000000055e+01 8.524734950571032164e-06 1.666925370763214112e-07
1.088104000000000049e+01 7.364084505152902522e-06 1.360820262311242709e-07
1.103212000000000081e+01 6.876034806313817395e-06 1.290990157954900246e-07
1.104757999999999996e+01 6.793373506583408629e-06 1.284099788248671498e-07
1.109200000000000053e+01 6.319147948200775670e-06 1.264618963750373678e-07
1.115862000000000087e+01 6.668807260129320833e-06 9.426605162828646584e-07
1.132516000000000034e+01 6.847031859837124669e-06 8.872249388901527398e-07
1.179334000000000060e+01 6.597479324291552026e-06 7.544432762760149998e-07
1.260707999999999984e+01 5.934690466519531095e-06 5.899195370530569716e-07
1.347696999999999967e+01 5.268926677577825298e-06 4.651849128194961356e-07
1.440687999999999924e+01 4.654970980532964652e-06 3.680124575514465499e-07
1.540094999999999992e+01 4.100814742551891187e-06 2.887192664065467424e-07
1.646361999999999881e+01 3.604801574429661041e-06 2.260642383032742125e-07
1.759960999999999842e+01 3.164224461087895580e-06 1.767396617290984002e-07
1.881398000000000081e+01 2.774634229503480247e-06 1.380466518692124486e-07
2.011214999999999975e+01 2.431202704807933669e-06 1.077905457587739334e-07
2.149988000000000099e+01 2.129166982358015585e-06 8.418790229189977048e-08
2.298338000000000036e+01 1.866031632275454669e-06 6.566779876724007252e-08
2.456923000000000101e+01 1.633026293380664076e-06 5.115111529754103483e-08
2.626450000000000173e+01 1.428816206440888597e-06 3.985760655897642316e-08
2.807676000000000016e+01 1.249979080008907211e-06 3.092121876823995007e-08
3.001405000000000101e+01 1.093317875998863093e-06 2.396224197089840712e-08
3.208502000000000010e+01 9.561901127586573119e-07 1.857112255335674510e-08
3.429889000000000010e+01 8.362118671834464693e-07 1.440142067130118651e-08
3.666550999999999760e+01 7.312653128912916337e-07 1.117620957508160683e-08
3.919543000000000177e+01 6.394854489645749904e-07 8.680974499115790502e-09
4.189992000000000161e+01 5.592312520649791276e-07 6.749167994284219556e-09
4.479100999999999999e+01 4.890579100075203840e-07 5.253232175332591886e-09
4.788159000000000276e+01 4.277043702937960992e-07 4.094179453316709138e-09
5.118542000000000058e+01 3.740569357611720246e-07 3.179051180076363641e-09
5.471721000000000146e+01 3.271415477170996846e-07 2.471961534483370416e-09
5.849269999999999925e+01 2.861182740445505543e-07 1.926181964049881351e-09
6.252870000000000061e+01 2.502462022998440992e-07 1.504357058519775697e-09
6.684318000000000382e+01 2.188790470056715432e-07 1.178197347026682236e-09
7.145535999999999888e+01 1.914495199951396088e-07 9.255583887974534287e-10
7.638577999999999690e+01 1.674636337696149188e-07 7.296913381481782134e-10
8.165640000000000498e+01 1.464878239408667817e-07 5.770442048689517620e-10
8.729068999999999789e+01 1.281421418804269223e-07 4.575145544113009133e-10
9.331373999999999569e+01 1.120971591960984858e-07 3.645955954929323687e-10
9.975239000000000544e+01 9.806392691404691848e-08 2.921842550487286929e-10
1.066353000000000009e+02 8.578936395087731519e-08 2.355856652197778394e-10
1.139930999999999983e+02 7.505310198514892159e-08 1.912003601289703278e-10
1.218586999999999989e+02 6.566195935334231464e-08 1.562539268049950935e-10
1.302668999999999926e+02 5.744708711381775879e-08 1.286246194584657349e-10
1.392553000000000054e+02 5.026087700955022340e-08 1.066701215973175801e-10
1.488640000000000043e+02 4.397437089629795781e-08 8.913295265722399134e-11
1.591356000000000108e+02 3.847493601214997777e-08 7.504475100919600220e-11
1.701159000000000106e+02 3.366369550971789330e-08 6.365043214667870208e-11
1.818539000000000101e+02 2.945444107640978523e-08 5.436973376399972021e-11
1.944018000000000086e+02 2.577191281401837485e-08 4.676173520000536565e-11
2.078155999999999892e+02 2.254998104797288622e-08 4.047005318396818176e-11
2.221547999999999945e+02 1.973105868213307775e-08 3.523525382969832320e-11
2.374834999999999923e+02 1.726472435303427060e-08 3.083913877076300470e-11
2.538699000000000012e+02 1.510676788272338133e-08 2.712217429153534830e-11
2.713869000000000256e+02 1.321862796852151240e-08 2.395384409518242376e-11
2.901125999999999863e+02 1.156658583543966224e-08 2.123711906014013424e-11
3.101304000000000087e+02 1.012107464751121693e-08 1.888808563889624781e-11
3.315294000000000096e+02 8.856270285319172180e-09 1.684406269027614896e-11
3.544048999999999978e+02 7.749550787726178917e-09 1.505778852837563659e-11
3.788587999999999738e+02 6.781153393359287900e-09 1.348651986947218310e-11
4.050000999999999749e+02 5.933803246312692415e-09 1.209890003894156669e-11
4.329451000000000249e+02 5.192352605865535413e-09 1.086805034006471198e-11
