1.000000000000000000e+00 2.454656495197214770e-04 2.667436060210770274e-05
1.298597194388777520e+00 1.458055452943890604e-04 1.200874530372648112e-05
1.597194388777555041e+00 9.604648214265812259e-05 5.481382405232791932e-06
1.895791583166332783e+00 6.788871139711768500e-05 2.876084897183181501e-06
2.194388777555110082e+00 5.047992127385979403e-05 1.654090550025819040e-06
2.492985971943888046e+00 3.898247248621485354e-05 1.025965806045051619e-06
2.791583166332665567e+00 3.101765881291848316e-05 6.626315699288969599e-07
3.090180360721443087e+00 2.526534262679175176e-05 4.475062434078847901e-07
3.388777555110220607e+00 2.097260369771816358e-05 3.105414659824774270e-07
3.687374749498998128e+00 1.768598484927065174e-05 2.217229495544609975e-07
3.985971943887775648e+00 1.511498576412236973e-05 1.622051676302882135e-07
4.284569138276553169e+00 1.306635811688729503e-05 1.214067147872833139e-07
4.583166332665331133e+00 1.140774217977892373e-05 9.278029153671301480e-08
4.881763527054108209e+00 1.004613917409008900e-05 7.221692979546193979e-08
5.180360721442886174e+00 8.914613812358194856e-06 5.709108600510948714e-08
5.478957915831663250e+00 7.964088386674846100e-06 4.570059035528409363e-08
5.777555110220441215e+00 7.157899548368121531e-06 3.695164395424551485e-08
6.076152304609219179e+00 6.468217130390860235e-06 3.011944270071702703e-08
6.374749498997996255e+00 5.873742523936682458e-06 2.498130720567501402e-08
6.673346693386774220e+00 5.357635020687630390e-06 2.087675398292856704e-08
6.971943887775551296e+00 4.906661962766046269e-06 1.749337276398812584e-08
7.270541082164329261e+00 4.510393173902568404e-06 1.486481015760396958e-08
7.569138276553106337e+00 4.160277297839925411e-06 1.269836994168640662e-08
7.867735470941884302e+00 3.849392099365085784e-06 1.086563400666138171e-08
8.166332665330662266e+00 3.572159138408914555e-06 9.437461171296554987e-09
8.464929859719440230e+00 3.323798185917148989e-06 8.157154843621794341e-09
8.763527054108216419e+00 3.100528788573103374e-06 7.165155844994918730e-09
9.062124248496994383e+00 2.898993767221115040e-06 6.254378771580990063e-09
9.360721442885772348e+00 2.716530379851105837e-06 5.532597827799332461e-09
9.659318637274550312e+00 2.550740677783334008e-06 4.857588388731011508e-09
9.957915831663326500e+00 2.399711073636229648e-06 4.336139067906968429e-09
1.025651302605210446e+01 2.261689288642167848e-06 3.845051587177798637e-09
1.055511022044088243e+01 2.135259639826616844e-06 3.447344557640634656e-09
1.085370741482966039e+01 2.019137059190547829e-06 3.088759475617237448e-09
1.115230460921843836e+01 1.912237419123626560e-06 2.774273212682175121e-09
1.145090180360721455e+01 1.813616894400559306e-06 2.512183699169234226e-09
1.174949899799599251e+01 1.722424152505713782e-06 2.263415467427884274e-09
1.204809619238477048e+01 1.637954638247741271e-06 2.064105147310439531e-09
1.234669338677354844e+01 1.559546590251080554e-06 1.880669904829241974e-09
1.264529058116232463e+01 1.486632921033175077e-06 1.709920232822883724e-09
1.294388777555110259e+01 1.418726322322846447e-06 1.573827803613370231e-09
1.324248496993988056e+01 1.355363717529430074e-06 1.443872714583099416e-09
1.354108216432865852e+01 1.296152209055116793e-06 1.324422603320393001e-09
1.383967935871743649e+01 1.240746244665585225e-06 1.227209397565839026e-09
1.413827655310621267e+01 1.188815214840077407e-06 1.134102433528487497e-09
1.443687374749499064e+01 1.140075723349235521e-06 1.046434332504985717e-09
1.473547094188376860e+01 1.094280503693447610e-06 9.762468966721593987e-10
1.503406813627254657e+01 1.051187916719631769e-06 9.088474981464754475e-10
1.533266533066132453e+01 1.010589451181269569e-06 8.440732493738506054e-10
1.563126252505010072e+01 9.723027118686345954e-07 7.903179478422174653e-10
1.592985971943887868e+01 9.361514011686411116e-07 7.410636495029644873e-10
1.622845691382765665e+01 9.019779547355832873e-07 6.936218704160081407e-10
1.652705410821643284e+01 8.696420566823620039e-07 6.495796854840004240e-10
1.682565130260520903e+01 8.390178842488307566e-07 6.132376253796072573e-10
1.712424849699398877e+01 8.099822423908422150e-07 5.781629653818380181e-10
1.742284569138276495e+01 7.824271525525600814e-07 5.442905424072275340e-10
1.772144288577154470e+01 7.562555842901929505e-07 5.138518750638775927e-10
1.802004008016032088e+01 7.313773612183626960e-07 4.876926789955513194e-10
1.831863727454910062e+01 7.077061284434361595e-07 4.623862824489796825e-10
1.861723446893787681e+01 6.851650640012659190e-07 4.378916519057321935e-10
1.891583166332665300e+01 6.636845167706317878e-07 4.155299790142957807e-10
1.921442885771543274e+01 6.432000758183449966e-07 3.964488914427685575e-10
1.951302605210420893e+01 6.236490667671909361e-07 3.779517788220803233e-10
1.981162324649298867e+01 6.049756340722911381e-07 3.600122364584185365e-10
2.011022044088176486e+01 5.871280382333636324e-07 3.426054278889144427e-10
2.040881763527054105e+01 5.700608553845344707e-07 3.284992265033165087e-10
2.070741482965932079e+01 5.537268494313115861e-07 3.148177357406817634e-10
2.100601202404809698e+01 5.380846088894242442e-07 3.015252055053570862e-10
2.130460921843687672e+01 5.230956199833578265e-07 2.886052812346760597e-10
2.160320641282565290e+01 5.087246290009614636e-07 2.767393369095794307e-10
2.190180360721442909e+01 4.949386779149259487e-07 2.664958755743810737e-10
2.220040080160320883e+01 4.817053662530799603e-07 2.565279650135001820e-10
2.249899799599198502e+01 4.689955487627348266e-07 2.468246342466107747e-10
2.279759519038076476e+01 4.567819764189377966e-07 2.373754870740016433e-10
2.309619238476954095e+01 4.450396756826376221e-07 2.287113583572045057e-10
2.339478957915831714e+01 4.337450557949991689e-07 2.211474718879197619e-10
2.369338677354709688e+01 4.228748461315819927e-07 2.137742339991852564e-10
2.399198396793587307e+01 4.124080483218299415e-07 2.065845264220816910e-10
2.429058116232464926e+01 4.023249467229073234e-07 1.995715808990970357e-10
2.458917835671342900e+01 3.926070859576393370e-07 1.927972717210719554e-10
2.488777555110220518e+01 3.832379314614647621e-07 1.871283085648173626e-10
2.518637274549098493e+01 3.742000832843837804e-07 1.815937622625222369e-10
2.548496993987976111e+01 3.654781042816877074e-07 1.761889080887232673e-10
2.578356713426853730e+01 3.570574460289898570e-07 1.709092401844557013e-10
2.608216432865731704e+01 3.489243881261508530e-07 1.657504590289757842e-10
2.638076152304609323e+01 3.410662378850661868e-07 1.609766935768515319e-10
2.667935871743487297e+01 3.334708925298238605e-07 1.567257538669187396e-10
2.697795591182364916e+01 3.261263886498417145e-07 1.525689145903212726e-10
2.727655310621242535e+01 3.190218018533603121e-07 1.485030853867842469e-10
2.757515030060120509e+01 3.121467960295049339e-07 1.445253097517540358e-10
2.787374749498998128e+01 3.054915857394106319e-07 1.406327578667591031e-10
2.817234468937876102e+01 2.990470810746100174e-07 1.369902238975969629e-10
2.847094188376753721e+01 2.928046824776916603e-07 1.337761251090795397e-10
2.876953907815631339e+01 2.867556687209421044e-07 1.306287441694738149e-10
2.906813627254509314e+01 2.808921341651698709e-07 1.275460250375208490e-10
2.936673346693386932e+01 2.752065730515475103e-07 1.245259952942209612e-10
2.966533066132264906e+01 2.696918554732837693e-07 1.215667619343232343e-10
2.996392785571142525e+01 2.643412050150416378e-07 1.186665074094476522e-10
3.026252505010020144e+01 2.591484732362393492e-07 1.161387471709489254e-10
3.056112224448898118e+01 2.541072812689622633e-07 1.137233547016684075e-10
3.085971943887775737e+01 2.492117336261381161e-07 1.113547046803290896e-10
3.115831663326653356e+01 2.444562738246114422e-07 1.090314532765842029e-10
3.145691382765531330e+01 2.398356078513767521e-07 1.067523076840335569e-10
3.175551102204408949e+01 2.353446894252255256e-07 1.045160237213314953e-10
3.205410821643286567e+01 2.309787062149580746e-07 1.023214035673749993e-10
3.235270541082164186e+01 2.267333458107057459e-07 1.004090136045622159e-10
3.265130260521041805e+01 2.226039685119251031e-07 9.855925945373040757e-11
3.294989979959920134e+01 2.185863573465080438e-07 9.674303083123746615e-11
3.324849699398797753e+01 2.146765151919422433e-07 9.495942448163358043e-11
3.354709418837675372e+01 2.108706220249837013e-07 9.320756930838475146e-11
3.384569138276552991e+01 2.071650255885028487e-07 9.148662495529261561e-11
3.414428857715431320e+01 2.035562326271648672e-07 8.979578046234967887e-11
3.444288577154308939e+01 2.000409922043715091e-07 8.822693606489704041e-11
3.474148296593186558e+01 1.966161067840280219e-07 8.678371372268734570e-11
3.504008016032064177e+01 1.932784128754750738e-07 8.536508847844609345e-11
3.533867735470941795e+01 1.900249758894051595e-07 8.397043682628743996e-11
3.563727454909820125e+01 1.868529836644404671e-07 8.259915615722177487e-11
3.593587174348697744e+01 1.837597403888687586e-07 8.125066389097687081e-11
3.623446893787575362e+01 1.807426608715519604e-07 7.992439665074492490e-11
3.653306613226452981e+01 1.777992651392728344e-07 7.861980947840053597e-11
3.683166332665330600e+01 1.749272602556431780e-07 7.741273509053573505e-11
3.713026052104208929e+01 1.721243401489790689e-07 7.628545347091023390e-11
3.742885771543086548e+01 1.693882408011130990e-07 7.517615814044514584e-11
3.772745490981964167e+01 1.667168550780431011e-07 7.408442203703193033e-11
3.802605210420841786e+01 1.641081582525242586e-07 7.300983151247597559e-11
3.832464929859719405e+01 1.615602041667743528e-07 7.195198580994043324e-11
3.862324649298597734e+01 1.590711216020376647e-07 7.091049656562906840e-11
3.892184368737475353e+01 1.566391108423601635e-07 6.988498733340738412e-11
3.922044088176352972e+01 1.542624501081360110e-07 6.888330568463188005e-11
3.951903807615230590e+01 1.519395674916287622e-07 6.798591682635707396e-11
3.981763527054108209e+01 1.496687514572153205e-07 6.710198722017181031e-11
4.011623246492986539e+01 1.474484575395570241e-07 6.623121632228116444e-11
4.041482965931864157e+01 1.452771981180060508e-07 6.537331247093053278e-11
4.071342685370741776e+01 1.431535399243499637e-07 6.452799256069540840e-11
4.101202404809619395e+01 1.410761016771112902e-07 6.369498173100020122e-11
4.131062124248497014e+01 1.390435518351087053e-07 6.287401306814547329e-11
4.160921843687375343e+01 1.370546064634595883e-07 6.206482732016481011e-11
4.190781563126252962e+01 1.351080293775929881e-07 6.126904095313916593e-11
4.220641282565130581e+01 1.332027024779362851e-07 6.055281600827285038e-11
4.250501002004008200e+01 1.313373918301775167e-07 5.984665400699775365e-11
4.280360721442885819e+01 1.295109846891723390e-07 5.915034435257320122e-11
4.310220440881764148e+01 1.277224067201647503e-07 5.846368228402449973e-11
4.340080160320641767e+01 1.259706204186666358e-07 5.778646867539302660e-11
4.369939879759519386e+01 1.242546236056559854e-07 5.711850984321632072e-11
4.399799599198397004e+01 1.225734479940196883e-07 5.645961736184757724e-11
4.429659318637274623e+01 1.209261578224112818e-07 5.580960788624464772e-11
4.459519038076152952e+01 1.193118485529257780e-07 5.516830298187837071e-11
4.489378757515030571e+01 1.177296632276731301e-07 5.455290210018224461e-11
4.519238476953908190e+01 1.161787711134727033e-07 5.397851534390937367e-11
4.549098196392785809e+01 1.146583201768094485e-07 5.341166899527389728e-11
4.578957915831663428e+01 1.131675189507829655e-07 5.285221553962688834e-11
4.608817635270541047e+01 1.117056015245236601e-07 5.230001128520532520e-11
4.638677354709419376e+01 1.102718265593277119e-07 5.175491624009025511e-11
4.668537074148296995e+01 1.088654763487003119e-07 5.121679399388676308e-11
4.698396793587174614e+01 1.074858559200813372e-07 5.068551160391569399e-11
4.728256513026052232e+01 1.061322921761543194e-07 5.016093948571758353e-11
4.758116232464929851e+01 1.048041330737589898e-07 4.964295130767965807e-11
4.787975951903808181e+01 1.035007468385347318e-07 4.913142388960551969e-11
4.817835671342685799e+01 1.022215758359717762e-07 4.866222351250441563e-11
4.847695390781563418e+01 1.009659709761184152e-07 4.819902388043725704e-11
4.877555110220441037e+01 9.973335660623644050e-08 4.774149553685181587e-11
4.907414829659318656e+01 9.852317486432517523e-08 4.728953495896335857e-11
4.937274549098196985e+01 9.733488470671493214e-08 4.684304112833355093e-11
4.967134268537074604e+01 9.616796130327490120e-08 4.640191545559639550e-11
4.996993987975952223e+01 9.502189545784326972e-08 4.596606170788333689e-11
5.026853707414829842e+01 9.389619305268423948e-08 4.553538593883470235e-11
5.056713426853707460e+01 9.279037451584037076e-08 4.510979642109097814e-11
5.086573146292585790e+01 9.170397431030794947e-08 4.468920358116174543e-11
5.116432865731463409e+01 9.063654044401995682e-08 4.427351993657537941e-11
5.146292585170341027e+01 8.958765774211404104e-08 4.388732009896161419e-11
5.176152304609218646e+01 8.855687740583837388e-08 4.350743944342848335e-11
5.206012024048096265e+01 8.754378352126707998e-08 4.313191649192756566e-11
5.235871743486974594e+01 8.654797377405286296e-08 4.276067668964190464e-11
5.265731462925852213e+01 8.556905722434731537e-08 4.239364717282895906e-11
5.295591182364729832e+01 8.460665392306839145e-08 4.203075672114412893e-11
5.325450901803607451e+01 8.366039454318721664e-08 4.167193571156823011e-11
5.355310621242485070e+01 8.272992002536498522e-08 4.131711607387620012e-11
5.385170340681363399e+01 8.181488123730660356e-08 4.096623124758758826e-11
5.415030060120241018e+01 8.091493864622609904e-08 4.061921614034097893e-11
5.444889779559118637e+01 8.002976200385116055e-08 4.027600708763832949e-11
5.474749498997996255e+01 7.915903215805385772e-08 3.993850454865993279e-11
5.504609218436873874e+01 7.830245290371739177e-08 3.962195824404280591e-11
5.534468937875752204e+01 7.745970114369463377e-08 3.930882761812995045e-11
5.564328657314629822e+01 7.663048086072291818e-08 3.899905768250455804e-11
5.594188376753507441e+01 7.581450391665887485e-08 3.869259462278161657e-11
5.624048096192385060e+01 7.501148980214936904e-08 3.838938576744141203e-11
5.653907815631262679e+01 7.422116539553273150e-08 3.808937955765083901e-11
5.683767535070141008e+01 7.344326473058276110e-08 3.779252551803574929e-11
5.713627254509018627e+01 7.267752877272673624e-08 3.749877422836999741e-11
5.743486973947896246e+01 7.192370520338673686e-08 3.720807729614737881e-11
5.773346693386773865e+01 7.118154821210763451e-08 3.692038733000489833e-11
5.803206412825651483e+01 7.045081829615372926e-08 3.663565791396638224e-11
5.833066132264529813e+01 6.973128206726710305e-08 3.635384358247724963e-11
5.862925851703407432e+01 6.902272178579539252e-08 3.608141089963868035e-11
5.892785571142285050e+01 6.832491724053099449e-08 3.581942598709239290e-11
5.922645290581162669e+01 6.763764065169006763e-08 3.556008273063120613e-11
5.952505010020040288e+01 6.696068129935574460e-08 3.530334137601244088e-11
5.982364729458917907e+01 6.629383370933376657e-08 3.504916296269329426e-11
6.012224448897796236e+01 6.563689749722332621e-08 3.479750930412128404e-11
6.042084168336673855e+01 6.498967721786912413e-08 3.454834296860914149e-11
6.071943887775551474e+01 6.435198221998241753e-08 3.430162726077388647e-11
6.101803607214429093e+01 6.372362650573059192e-08 3.405732620352110518e-11
6.131663326653306711e+01 6.310442859510090183e-08 3.381540452055539223e-11
6.161523046092185041e+01 6.249421139485426974e-08 3.357582761939947003e-11
6.191382765531062660e+01 6.189280207189278844e-08 3.333856157490463408e-11
6.221242484969940278e+01 6.130003193087124229e-08 3.310357311323609043e-11
6.251102204408817897e+01 6.071573629589100959e-08 3.287082959631725557e-11
6.280961923847695516e+01 6.013976375736582282e-08 3.265025461047179957e-11
6.310821643286573845e+01 5.957194838447110916e-08 3.243239046192203134e-11
6.340681362725451464e+01 5.901213629759285286e-08 3.221657825762851834e-11
6.370541082164329083e+01 5.846017779579976459e-08 3.200278914424316737e-11
6.400400801603205991e+01 5.791592666202189681e-08 3.179099480685472292e-11
6.430260521042083610e+01 5.737924006620927420e-08 3.158116745648722470e-11
6.460120240480962650e+01 5.684997847161734632e-08 3.137327981794531228e-11
6.489979959919840269e+01 5.632800554410292766e-08 3.116730511799491275e-11
6.519839679358717888e+01 5.581318806432165569e-08 3.096321707386871958e-11
6.549699398797595506e+01 5.530539584272111422e-08 3.076098988208623911e-11
6.579559118236473125e+01 5.480450163722821639e-08 3.056059820757810394e-11
6.609418837675350744e+01 5.431038107353373624e-08 3.036201717310523728e-11
6.639278557114228363e+01 5.382291256788079540e-08 3.016522234896358866e-11
6.669138276553105982e+01 5.334197725226802898e-08 2.997018974296534165e-11
6.698997995991985022e+01 5.286746245309628149e-08 2.978077700543343495e-11
6.728857715430862640e+01 5.239925454419014061e-08 2.959704085647524996e-11
6.758717434869740259e+01 5.193723867649899688e-08 2.941492818413419756e-11
6.788577154308617878e+01 5.148130614491225726e-08 2.923441756570777002e-11
6.818436873747495497e+01 5.103135061935872435e-08 2.905548795375590632e-11
6.848296593186373116e+01 5.058726808280881390e-08 2.887811866792004985e-11
6.878156312625250735e+01 5.014895677115624585e-08 2.870228938695508237e-11
6.908016032064128353e+01 4.971631711491545623e-08 2.852798014096815652e-11
6.937875751503005972e+01 4.928925168267107704e-08 2.835517130385769954e-11
6.967735470941883591e+01 4.886766512622066128e-08 2.818384358594708558e-11
6.997595190380762631e+01 4.845146412735218834e-08 2.801397802680664992e-11
7.027454909819640250e+01 4.804055734620144455e-08 2.784555598825890434e-11
7.057314629258517868e+01 4.763485537113526745e-08 2.767855914756120848e-11
7.087174348697395487e+01 4.723427067011042735e-08 2.751296949076081802e-11
7.117034068136273106e+01 4.683871754345718519e-08 2.734876930621717834e-11
7.146893787575150725e+01 4.644811250116075066e-08 2.718621440340994630e-11
7.176753507014028344e+01 4.606238175010174410e-08 2.703072368696533988e-11
7.206613226452905963e+01 4.568143586430886606e-08 2.687652148400756825e-11
7.236472945891783581e+01 4.530519603115796533e-08 2.672359184423122937e-11
7.266332665330661200e+01 4.493358505403626234e-08 2.657191907951082793e-11
7.296192384769540240e+01 4.456652731274241410e-08 2.642148775853594680e-11
7.326052104208417859e+01 4.420394872501401302e-08 2.627228270157754607e-11
7.355911823647295478e+01 4.384577670914597155e-08 2.612428897538178683e-11
7.385771543086173097e+01 4.349194014766500468e-08 2.597749188818769616e-11
7.415631262525050715e+01 4.314236935202532318e-08 2.583187698486519010e-11
7.445490981963928334e+01 4.279699602829409143e-08 2.568743004217007166e-11
7.475350701402805953e+01 4.245575324379403251e-08 2.554413706411287594e-11
7.505210420841683572e+01 4.211857539467329613e-08 2.540198427743803732e-11
7.535070140280561191e+01 4.178539817437302926e-08 2.526095812721078717e-11
7.564929859719438809e+01 4.145615854296474372e-08 2.512104527250838939e-11
7.594789579158317849e+01 4.113079469732942944e-08 2.498223258221310959e-11
7.624649298597195468e+01 4.080924604215317432e-08 2.484450713090404512e-11
7.654509018036073087e+01 4.049145487456037409e-08 2.471033235298074930e-11
7.684368737474950706e+01 4.017736267750085726e-08 2.457935684635762265e-11
7.714228456913828325e+01 3.986691080437963044e-08 2.444939528219236865e-11
7.744088176352705943e+01 3.956004321735185249e-08 2.432043593178176807e-11
7.773947895791583562e+01 3.925670495271560399e-08 2.419246724662230837e-11
7.803807615230461181e+01 3.895684209629940602e-08 2.406547785496270495e-11
7.833667334669338800e+01 3.866040175950459469e-08 2.393945655843521780e-11
7.863527054108216419e+01 3.836733205598379760e-08 2.381439232876380224e-11
7.893386773547094037e+01 3.807758207893548111e-08 2.369027430454688687e-11
7.923246492985973077e+01 3.779110187899653605e-08 2.356709178811296600e-11
7.953106212424850696e+01 3.750784244271471694e-08 2.344483424244702595e-11
7.982965931863728315e+01 3.722775567158354425e-08 2.332349128818582759e-11
8.012825651302605934e+01 3.695079436162333113e-08 2.320305270068057831e-11
8.042685370741483553e+01 3.667691218349174469e-08 2.308350840712486724e-11
8.072545090180361171e+01 3.640606366310822512e-08 2.296484848374639349e-11
8.102404809619238790e+01 3.613820416277780349e-08 2.284706315306083321e-11
8.132264529058116409e+01 3.587328986279857545e-08 2.273014278118611010e-11
8.162124248496994028e+01 3.561127774353983398e-08 2.261407787521574802e-11
8.191983967935871647e+01 3.535212878908695245e-08 2.250203194204271467e-11
8.221843687374750687e+01 3.509579868693763932e-08 2.239122175403761618e-11
8.251703406813628305e+01 3.484224628247529795e-08 2.228121352435836770e-11
8.281563126252505924e+01 3.459143158691031724e-08 2.217199857846484029e-11
8.311422845691383543e+01 3.434331532848584520e-08 2.206356836647389575e-11
8.341282565130261162e+01 3.409785893710465051e-08 2.195591446092826399e-11
8.371142284569138781e+01 3.385502452933915395e-08 2.184902855461304473e-11
8.401002004008016399e+01 3.361477489381348604e-08 2.174290245841882534e-11
8.430861723446894018e+01 3.337707347694757181e-08 2.163752809925017078e-11
8.460721442885771637e+01 3.314188436905268127e-08 2.153289751797848085e-11
8.490581162324649256e+01 3.290917229076867172e-08 2.142900286743798039e-11
8.520440881763528296e+01 3.267890257983335293e-08 2.132583641046385038e-11
8.550300601202405915e+01 3.245104117817479034e-08 2.122339051797146936e-11
8.580160320641283533e+01 3.222555461931730152e-08 2.112165766707578276e-11
8.610020040080161152e+01 3.200241001609296686e-08 2.102063043924980175e-11
8.639879759519038771e+01 3.178157504864960185e-08 2.092030151852127194e-11
8.669739478957916390e+01 3.156301795274758734e-08 2.082066368970659109e-11
8.699599198396794009e+01 3.134670750833719354e-08 2.072170983668115831e-11
8.729458917835671627e+01 3.113261305115536765e-08 2.062346885554390635e-11
8.759318637274549246e+01 3.092070610074031675e-08 2.052860283795452364e-11
8.789178356713426865e+01 3.071095527316434534e-08 2.043438140227133135e-11
8.819038076152305905e+01 3.050333141661929762e-08 2.034079800116975575e-11
8.848897795591183524e+01 3.029780587031791450e-08 2.024784617569841773e-11
8.878757515030061143e+01 3.009435045460244093e-08 2.015551955379304788e-11
8.908617234468938761e+01 2.989293746128506874e-08 2.006381184882040952e-11
8.938476953907816380e+01 2.969353964421379293e-08 1.997271685815134748e-11
8.968336673346693999e+01 2.949613021005780490e-08 1.988222846176229395e-11
8.998196392785571618e+01 2.930068280930653985e-08 1.979234062086474642e-11
9.028056112224449237e+01 2.910717152747683618e-08 1.970304737656181660e-11
9.057915831663326856e+01 2.891557087652261858e-08 1.961434284853141053e-11
9.087775551102204474e+01 2.872585578644178081e-08 1.952622123373540681e-11
9.117635270541082093e+01 2.853800159707530544e-08 1.943867680515407344e-11
9.147494989979961133e+01 2.835198405009328322e-08 1.935170391054542620e-11
9.177354709418838752e+01 2.816777928116335570e-08 1.926529697122869798e-11
9.207214428857716371e+01 2.798536381229643250e-08 1.917945048089151202e-11
9.237074148296593989e+01 2.780471454436558381e-08 1.909415900442022593e-11
9.266933867735471608e+01 2.762580874979314175e-08 1.900941717675280660e-11
9.296793587174349227e+01 2.744862406540213601e-08 1.892521970175389052e-11
9.326653306613226846e+01 2.727313848542767983e-08 1.884156135111144429e-11
9.356513026052104465e+01 2.709933280604108220e-08 1.876038400432249082e-11
9.386372745490982084e+01 2.692718369085495999e-08 1.868008759566724658e-11
9.416232464929859702e+01 2.675666970319824577e-08 1.860030044126912123e-11
9.446092184368738742e+01 2.658777020064457797e-08 1.852101771176938148e-11
9.475951903807616361e+01 2.642046486548808458e-08 1.844223463868057830e-11
9.505811623246493980e+01 2.625473369863290404e-08 1.836394651343046179e-11
9.535671342685371599e+01 2.609055701361648433e-08 1.828614868642393581e-11
9.565531062124249218e+01 2.592791543076317302e-08 1.820883656612250282e-11
9.595390781563126836e+01 2.576678987146509376e-08 1.813200561814099564e-11
9.625250501002004455e+01 2.560716155258690809e-08 1.805565136436099814e-11
9.655110220440882074e+01 2.544901198099159033e-08 1.797976938206082247e-11
9.684969939879759693e+01 2.529232294818408574e-08 1.790435530306153234e-11
9.714829659318637312e+01 2.513707652507018828e-08 1.782940481288874085e-11
9.744689378757516351e+01 2.498325505682742190e-08 1.775491364994975323e-11
9.774549098196393970e+01 2.483084115788573177e-08 1.768087760472590893e-11
9.804408817635271589e+01 2.467981770701474944e-08 1.760729251897955457e-11
9.834268537074149208e+01 2.453016784251545147e-08 1.753415428497554737e-11
9.864128256513026827e+01 2.438187495751357124e-08 1.746145884471689188e-11
9.893987975951904446e+01 2.423492269535218311e-08 1.738920218919415426e-11
9.923847695390782064e+01 2.408929494508128834e-08 1.731738035764850581e-11
9.953707414829659683e+01 2.394497583704193786e-08 1.724598943684801102e-11
9.983567134268537302e+01 2.380194990814365523e-08 1.717552159050565851e-11
1.001342685370741492e+02 2.366020202268380005e-08 1.710675262360725876e-11
1.004328657314629396e+02 2.351971656826862097e-08 1.703839257107024619e-11
1.007314629258517158e+02 2.338047859815358260e-08 1.697043779647327474e-11
1.010300601202404920e+02 2.324247338614584901e-08 1.690288470638517098e-11
1.013286573146292682e+02 2.310568642271048313e-08 1.683572974973152057e-11
1.016272545090180444e+02 2.297010341115658503e-08 1.676896941717241193e-11
1.019258517034068205e+02 2.283571026390158869e-08 1.670260024049114656e-11
1.022244488977955967e+02 2.270249309881173892e-08 1.663661879199357987e-11
1.025230460921843729e+02 2.257043823561711703e-08 1.657102168391808618e-11
1.028216432865731491e+02 2.243953219239948158e-08 1.650580556785566629e-11
1.031202404809619253e+02 2.230976168215109449e-08 1.644096713418021071e-11
1.034188376753507015e+02 2.218111360940308319e-08 1.637650311148865671e-11
1.037174348697394919e+02 2.205357506692160849e-08 1.631241026605074519e-11
1.040160320641282681e+02 2.192713333247034915e-08 1.624868540126828687e-11
1.043146292585170443e+02 2.180177586563772156e-08 1.618532535714371171e-11
1.046132264529058205e+02 2.167749030472746817e-08 1.612232700975775927e-11
1.049118236472945966e+02 2.155426446371102959e-08 1.605968727075599986e-11
1.052104208416833728e+02 2.143208632924049616e-08 1.599740308684419626e-11
1.055090180360721490e+02 2.131094405772046468e-08 1.593547143929215685e-11
1.058076152304609252e+02 2.119082597243785073e-08 1.587388934344607065e-11
1.061062124248497014e+02 2.107172056074804850e-08 1.581265384824897201e-11
1.064048096192384776e+02 2.095361647131630994e-08 1.575176203576938012e-11
1.067034068136272680e+02 2.083650280540162529e-08 1.569155433270950525e-11
1.070020040080160442e+02 2.072036921834743656e-08 1.563284126873924260e-11
1.073006012024048204e+02 2.060520382638851770e-08 1.557445497938120875e-11
1.075991983967935965e+02 2.049099589708231395e-08 1.551639274415095930e-11
1.078977955911823727e+02 2.037773484628624153e-08 1.545865187267878140e-11
1.081963927855711489e+02 2.026541023570545120e-08 1.540122970429419711e-11
1.084949899799599251e+02 2.015401177048772120e-08 1.534412360761722304e-11
1.087935871743487013e+02 2.004352929686458630e-08 1.528733098015645755e-11
1.090921843687374775e+02 1.993395279983748866e-08 1.523084924791372069e-11
1.093907815631262537e+02 1.982527240090811658e-08 1.517467586499513393e-11
1.096893787575150441e+02 1.971747835585198843e-08 1.511880831322863637e-11
1.099879759519038203e+02 1.961056105253427551e-08 1.506324410178767573e-11
1.102865731462925964e+02 1.950451100876685180e-08 1.500798076682099651e-11
1.105851703406813726e+02 1.939931887020590190e-08 1.495301587108848672e-11
1.108837675350701488e+02 1.929497540828918072e-08 1.489834700360286968e-11
1.111823647294589250e+02 1.919147151821176027e-08 1.484397177927713448e-11
1.114809619238477012e+02 1.908879821693988960e-08 1.478988783857772755e-11
1.117795591182364774e+02 1.898694664126188925e-08 1.473609284718322433e-11
1.120781563126252536e+02 1.888590804587531266e-08 1.468258449564845200e-11
1.123767535070140298e+02 1.878567380150963325e-08 1.462936049907404690e-11
1.126753507014028202e+02 1.868623539308375592e-08 1.457641859678116579e-11
1.129739478957915964e+02 1.858758441789759503e-08 1.452375655199145260e-11
1.132725450901803725e+02 1.848971258385684557e-08 1.447137215151197629e-11
1.135711422845691487e+02 1.839261170773054376e-08 1.441926320542519483e-11
1.138697394789579249e+02 1.829627371344047404e-08 1.436742754678379344e-11
1.141683366733467011e+02 1.820069080695246896e-08 1.431656923369761170e-11
1.144669338677354773e+02 1.810585506672786285e-08 1.426647210256320037e-11
1.147655310621242535e+02 1.801175860327716905e-08 1.421663565706611466e-11
1.150641282565130297e+02 1.791839375267951361e-08 1.416705786772936030e-11
1.153627254509018059e+02 1.782575295006975128e-08 1.411773672608781370e-11
1.156613226452905963e+02 1.773382872810607702e-08 1.406867024441697456e-11
1.159599198396793724e+02 1.764261371546526205e-08 1.401985645546593191e-11
1.162585170340681486e+02 1.755210063536481296e-08 1.397129341219442087e-11
1.165571142284569248e+02 1.746228230411171311e-08 1.392297918751400719e-11
1.168557114228457010e+02 1.737315162967704154e-08 1.387491187403309914e-11
1.171543086172344772e+02 1.728470161029595656e-08 1.382708958380599674e-11
1.174529058116232534e+02 1.719692533309256089e-08 1.377951044808566978e-11
1.177515030060120296e+02 1.710981597272927126e-08 1.373217261708035829e-11
1.180501002004008058e+02 1.702336679007986851e-08 1.368507425971382750e-11
1.183486973947895819e+02 1.693757113092615870e-08 1.363821356338927564e-11
1.186472945891783581e+02 1.685242242467738173e-08 1.359158873375680894e-11
1.189458917835671485e+02 1.676791418311222845e-08 1.354519799448438041e-11
1.192444889779559247e+02 1.668403999914285085e-08 1.349903958703226043e-11
1.195430861723447009e+02 1.660079354560037564e-08 1.345311177043074803e-11
1.198416833667334771e+02 1.651816857404171271e-08 1.340741282106135259e-11
1.201402805611222533e+02 1.643615891357695721e-08 1.336194103244110807e-11
1.204388777555110295e+02 1.635475846971721951e-08 1.331669471501021707e-11
1.207374749498998057e+02 1.627396122324231760e-08 1.327167219592274496e-11
1.210360721442885819e+02 1.619376122908804043e-08 1.322687181884047430e-11
1.213346693386773580e+02 1.611415261525249605e-08 1.318229194372977535e-11
1.216332665330661342e+02 1.603512958172130621e-08 1.313793094666146076e-11
1.219318637274549246e+02 1.595668659880226024e-08 1.309404470620092119e-11
1.222304609218437008e+02 1.587881841733724023e-08 1.305116431985408878e-11
1.225290581162324770e+02 1.580151882970698761e-08 1.300849292822661075e-11
1.228276553106212532e+02 1.572478231354751306e-08 1.296602900710386432e-11
1.231262525050100294e+02 1.564860341337591682e-08 1.292377104705687176e-11
1.234248496993988056e+02 1.557297673962082711e-08 1.288171755326349526e-11
1.237234468937875818e+02 1.549789696766913072e-08 1.283986704533215862e-11
1.240220440881763579e+02 1.542335883692864176e-08 1.279821805712812316e-11
1.243206412825651341e+02 1.534935714990668529e-08 1.275676913660229041e-11
1.246192384769539103e+02 1.527588677130399373e-08 1.271551884562243304e-11
1.249178356713427007e+02 1.520294262712384003e-08 1.267446575980687824e-11
1.252164328657314769e+02 1.513051970379590773e-08 1.263360846836057246e-11
1.255150300601202531e+02 1.505861304731484860e-08 1.259294557391341289e-11
1.258136272545090293e+02 1.498721776239307758e-08 1.255247569236100541e-11
1.261122244488978055e+02 1.491632901162757366e-08 1.251219745270757145e-11
1.264108216432865817e+02 1.484594201468049125e-08 1.247210949691115852e-11
1.267094188376753578e+02 1.477605204747325636e-08 1.243221047973097860e-11
1.270080160320641340e+02 1.470665444139387441e-08 1.239249906857694843e-11
1.273066132264529102e+02 1.463774458251728937e-08 1.235297394336134313e-11
1.276052104208416864e+02 1.456931791083847483e-08 1.231363379635248053e-11
1.279038076152304768e+02 1.450136991951801219e-08 1.227447733203051387e-11
1.282024048096192530e+02 1.443389615414004184e-08 1.223550326694522457e-11
1.285010020040080292e+02 1.436689221198215049e-08 1.219671032957577960e-11
1.287995991983968054e+02 1.430035374129720145e-08 1.215809726019245821e-11
1.290981963927855816e+02 1.423427644060671221e-08 1.211966281072028505e-11
1.293967935871743578e+02 1.416865605800568035e-08 1.208140574460456328e-11
1.296953907815631339e+02 1.410348839047852825e-08 1.204332483667825906e-11
1.299939879759519101e+02 1.403876928322613715e-08 1.200541887303120362e-11
1.302925851703406863e+02 1.397449464366251730e-08 1.196775910494844704e-11
1.305911823647294625e+02 1.391066055169638013e-08 1.193103963945902280e-11
1.308897795591182387e+02 1.384726283679082237e-08 1.189448770927161346e-11
1.311883767535070149e+02 1.378429753051075881e-08 1.185810217040748089e-11
1.314869739478957911e+02 1.372176070943015532e-08 1.182188188927946622e-11
1.317855711422845673e+02 1.365964849452074075e-08 1.178582574257421511e-11
1.320841683366733434e+02 1.359795705055058046e-08 1.174993261713612205e-11
1.323827655310621196e+02 1.353668258549199201e-08 1.171420140985272388e-11
1.326813627254509242e+02 1.347582134993876001e-08 1.167863102754168134e-11
1.329799599198397004e+02 1.341536963653267003e-08 1.164322038683934559e-11
1.332785571142284766e+02 1.335532377939884198e-08 1.160796841409072058e-11
1.335771543086172528e+02 1.329568015358997232e-08 1.157287404524096342e-11
1.338757515030060290e+02 1.323643517453925332e-08 1.153793622572832915e-11
1.341743486973948052e+02 1.317758529752176765e-08 1.150315391037854199e-11
1.344729458917835814e+02 1.311912701712427550e-08 1.146852606330054802e-11
1.347715430861723576e+02 1.306105686672319917e-08 1.143405165778370886e-11
1.350701402805611337e+02 1.300337141797068407e-08 1.139972967619630244e-11
1.353687374749499099e+02 1.294606728028860417e-08 1.136555910988541959e-11
1.356673346693386861e+02 1.288914110037027329e-08 1.133153895907809821e-11
1.359659318637274623e+02 1.283258956168994689e-08 1.129766823278388069e-11
1.362645290581162385e+02 1.277640938401971051e-08 1.126394594869855406e-11
1.365631262525050147e+02 1.272059732295381952e-08 1.123037113310919221e-11
1.368617234468937909e+02 1.266515016944030145e-08 1.119694282080043408e-11
1.371603206412825671e+02 1.261006474931962745e-08 1.116366005496199128e-11
1.374589178356713433e+02 1.255533792287047433e-08 1.113052188709737064e-11
1.377575150300601194e+02 1.250096658436230588e-08 1.109752737693373418e-11
1.380561122244488956e+02 1.244694766161473042e-08 1.106467559233300462e-11
1.383547094188376718e+02 1.239327811556358505e-08 1.103196560920406955e-11
1.386533066132264764e+02 1.233995493983339740e-08 1.099939651141611650e-11
1.389519038076152526e+02 1.228697516031645991e-08 1.096696739071314247e-11
1.392505010020040288e+02 1.223433583475803346e-08 1.093467734662948306e-11
1.395490981963928050e+02 1.218203435854723877e-08 1.090324930903181468e-11
1.398476953907815812e+02 1.213006754808452031e-08 1.087196727712325733e-11
1.401462925851703574e+02 1.207843254924986011e-08 1.084081854488021469e-11
1.404448897795591336e+02 1.202712654320117150e-08 1.080980226208508121e-11
1.407434869739479097e+02 1.197614674096651816e-08 1.077891758573543766e-11
1.410420841683366859e+02 1.192549038306512973e-08 1.074816367996766610e-11
1.413406813627254621e+02 1.187515473913395462e-08 1.071753971598155698e-11
1.416392785571142383e+02 1.182513710755973997e-08 1.068704487196584018e-11
1.419378757515030145e+02 1.177543481511654953e-08 1.065667833302470008e-11
1.422364729458917907e+02 1.172604521660852915e-08 1.062643929110515330e-11
1.425350701402805669e+02 1.167696569451800269e-08 1.059632694492538447e-11
1.428336673346693431e+02 1.162819365865863679e-08 1.056634049990398674e-11
1.431322645290581193e+02 1.157972654583370779e-08 1.053647916809004889e-11
1.434308617234468954e+02 1.153156181949930517e-08 1.050674216809414550e-11
1.437294589178356716e+02 1.148369696943247831e-08 1.047712872502019149e-11
1.440280561122244478e+02 1.143612951140413948e-08 1.044763807039810769e-11
1.443266533066132240e+02 1.138885698685675455e-08 1.041826944211737011e-11
1.446252505010020002e+02 1.134187696258661138e-08 1.038902208436134282e-11
1.449238476953908048e+02 1.129518703043077825e-08 1.035989524754246215e-11
1.452224448897795810e+02 1.124878480695843975e-08 1.033088818823816578e-11
1.455210420841683572e+02 1.120266793316674913e-08 1.030200016912766836e-11
1.458196392785571334e+02 1.115683407418100339e-08 1.027323045892947701e-11
1.461182364729459096e+02 1.111128091895909502e-08 1.024457833233967919e-11
1.464168336673346857e+02 1.106600618000019218e-08 1.021604306997101079e-11
1.467154308617234619e+02 1.102100759305757635e-08 1.018762395829261087e-11
1.470140280561122381e+02 1.097628291685554140e-08 1.015932028957060527e-11
1.473126252505010143e+02 1.093182993281026649e-08 1.013113136180927819e-11
1.476112224448897905e+02 1.088764644475475037e-08 1.010305647869310814e-11
1.479098196392785667e+02 1.084373027866750607e-08 1.007509494952938883e-11
1.482084168336673429e+02 1.080007928240514167e-08 1.004724608919160918e-11
1.485070140280561191e+02 1.075669132543870145e-08 1.001950921806347012e-11
1.488056112224448952e+02 1.071356429859367642e-08 9.991883661983623339e-12
1.491042084168336714e+02 1.067069616951284818e-08 9.964881816595641502e-12
1.494028056112224476e+02 1.062808482829092344e-08 9.938112367380564836e-12
1.497014028056112238e+02 1.058572821469965528e-08 9.911449707845226062e-12
1.500000000000000000e+02 1.054362430245949185e-08 9.884893200247653078e-12
