1.067676000000000069e+00 3.253408354354836315e-08 5.092737724457866176e-12
1.141345000000000054e+00 2.846804304869028709e-08 3.877772669215914398e-12
1.220097999999999905e+00 2.491013147516067274e-08 2.961418697448910139e-12
1.304284999999999917e+00 2.179688356887093619e-08 2.269613516667728986e-12
1.394281000000000104e+00 1.907310589738912728e-08 1.746829651185992356e-12
1.490485999999999978e+00 1.668954623103208450e-08 1.351288267885305657e-12
1.593328999999999995e+00 1.460415334999247731e-08 1.051469454012507999e-12
1.703268999999999922e+00 1.277919374236486110e-08 8.237813037808156838e-13
1.820794999999999941e+00 1.118250627884865564e-08 6.504799942035251640e-13
1.946430000000000105e+00 9.785221241719842484e-09 5.182656159550172616e-13
2.080732999999999944e+00 8.562623222236890579e-09 4.169917384885668788e-13
2.224304000000000059e+00 7.492772978957193674e-09 3.391814288208324609e-13
2.377781000000000144e+00 6.556596694076726791e-09 2.791200410927292363e-13
2.541847999999999885e+00 5.737389538634060725e-09 2.325211462352340163e-13
2.717235000000000067e+00 5.020589898661255223e-09 1.961545464742913270e-13
2.904723999999999862e+00 4.393342475807772900e-09 1.675812312551895514e-13
3.105150000000000077e+00 3.844459534260022293e-09 1.449528703759836324e-13
3.319405999999999857e+00 3.364150147865706366e-09 1.268775478014463332e-13
3.548445000000000071e+00 2.943849619705670409e-09 1.122989826604549411e-13
3.793287999999999993e+00 2.576058970423495026e-09 1.004089635354380792e-13
4.055024000000000406e+00 2.254242206677303972e-09 9.060533755082786222e-14
4.334820999999999813e+00 1.972607839788391658e-09 8.241420880890496360e-14
4.633924000000000376e+00 1.726176812960124123e-09 7.548681662486160226e-14
4.953663999999999845e+00 1.510517141165795629e-09 6.954904734125845604e-14
5.295467000000000368e+00 1.321813604239930246e-09 6.439326555906629440e-14
5.660854999999999748e+00 1.156672325747891644e-09 5.985772639002365078e-14
6.051453000000000415e+00 1.012173766969412970e-09 5.582264913563597903e-14
6.469003999999999976e+00 8.857263543839820513e-10 5.219207479731541326e-14
6.915365000000000428e+00 7.750758252028678943e-10 4.889381576217525688e-14
7.392525000000000013e+00 6.782416562975270450e-10 4.586748448676928758e-14
7.902608999999999995e+00 5.935114122014935604e-10 4.307302349998984075e-14
8.447889999999999233e+00 5.193660569804849780e-10 4.047340542053688525e-14
9.030794000000000210e+00 4.544835745524641332e-10 3.804368348246330407e-14
9.653919000000000139e+00 3.977065671677989167e-10 3.576267208520082959e-14
1.032004000000000055e+01 3.480224839409557088e-10 3.361418474611719565e-14
1.103212000000000081e+01 3.045454457025675837e-10 3.158441755455462829e-14
1.179334000000000060e+01 2.664995161505125587e-10 2.966458361061920835e-14
1.260707999999999984e+01 2.332067121631556667e-10 2.784482607194994268e-14
1.347696999999999967e+01 2.040709552564016283e-10 2.611993890965726201e-14
1.440687999999999924e+01 1.785771317038118428e-10 2.448386400978579931e-14
1.540094999999999992e+01 1.562682320822453348e-10 2.293117264842003324e-14
1.646361999999999881e+01 1.367461329235612768e-10 2.145912570324320328e-14
1.759960999999999842e+01 1.196629299607112232e-10 2.006343460539108357e-14
1.881398000000000081e+01 1.047139071664949326e-10 1.874248737956160264e-14
2.011214999999999975e+01 9.163232832111294605e-11 1.749170958364519497e-14
2.149988000000000099e+01 8.018509513047985962e-11 1.630905878278975080e-14
2.298338000000000036e+01 7.016781055310170070e-11 1.519191442816384772e-14
2.456923000000000101e+01 6.140201577166372261e-11 1.413804841304481193e-14
2.626450000000000173e+01 5.373131205343359881e-11 1.314477982397178747e-14
2.807676000000000016e+01 4.701882168938845328e-11 1.221040003186064023e-14
3.001405000000000101e+01 4.114494795209879098e-11 1.133154066352181055e-14
3.208502000000000010e+01 3.600485713240916992e-11 1.050669189660902302e-14
3.429889000000000010e+01 3.150689385821231199e-11 9.733097658618937227e-15
3.666550999999999760e+01 2.757085665216062161e-11 9.008581816912212848e-15
3.919543000000000177e+01 2.412652944881762274e-11 8.330934538951545320e-15
4.189992000000000161e+01 2.111248398453280298e-11 7.697941433628713964e-15
4.479100999999999999e+01 1.847498138970204900e-11 7.107401516991719963e-15
4.788159000000000276e+01 1.616696855289665453e-11 6.556948463219982365e-15
5.118542000000000058e+01 1.414728746404808158e-11 6.044478028407465273e-15
5.471721000000000146e+01 1.237991979261489343e-11 5.568252796596531408e-15
5.849269999999999925e+01 1.083334024361794181e-11 5.125743575499182197e-15
6.252870000000000061e+01 9.479969093746833577e-12 4.715174424054571160e-15
6.684318000000000382e+01 8.295670904800956322e-12 4.334925033583553429e-15
7.145535999999999888e+01 7.259322614378484059e-12 3.982753054243509729e-15
7.638577999999999690e+01 6.352441660126034144e-12 3.657054670106712845e-15
8.165640000000000498e+01 5.558853930550964866e-12 3.356265331786650101e-15
8.729068999999999789e+01 4.864406585745986451e-12 3.078459985984363057e-15
9.331373999999999569e+01 4.256714552875282379e-12 2.822249313415992331e-15
9.975239000000000544e+01 3.724938449338740583e-12 2.586287716821535131e-15
1.066353000000000009e+02 3.259595656805549607e-12 2.368945869393356815e-15
1.139930999999999983e+02 2.852387943293191880e-12 2.168964575924634527e-15
1.218586999999999989e+02 2.496046313006180760e-12 1.985219090000789756e-15
1.302668999999999926e+02 2.184225958538035052e-12 1.816363548895943357e-15
1.392553000000000054e+02 1.911358948718572675e-12 1.661353135497043009e-15
1.488640000000000043e+02 1.672577891577734575e-12 1.519202081921556041e-15
1.591356000000000108e+02 1.463629077217691988e-12 1.388871233642505671e-15
1.701159000000000106e+02 1.280784037709670928e-12 1.269401063541919481e-15
1.818539000000000101e+02 1.120780282894398058e-12 1.160054583136082164e-15
1.944018000000000086e+02 9.807654471302411256e-13 1.059946073304863455e-15
2.078155999999999892e+02 8.582413397630510968e-13 9.683968252231140207e-16
2.221547999999999945e+02 7.510248687774580627e-13 8.846498408501873634e-16
2.374834999999999923e+02 6.572019432498190478e-13 8.081272502088324664e-16
2.538699000000000012e+02 5.750999062071812758e-13 7.382167218501632977e-16
2.713869000000000256e+02 5.032548399098970782e-13 6.743566511592258625e-16
2.901125999999999863e+02 4.403850204717618612e-13 6.160622626060265372e-16
3.101304000000000087e+02 3.853692360588042556e-13 5.628554843270084278e-16
3.315294000000000096e+02 3.372264458441372552e-13 5.142985094007320188e-16
3.544048999999999978e+02 2.950980128579666898e-13 4.699902964222208753e-16
3.788587999999999738e+02 2.582325369969171242e-13 4.295870377824600643e-16
4.050000999999999749e+02 2.259724320460835747e-13 3.927479847992845386e-16
4.329451000000000249e+02 1.977425194322256552e-13 3.591412043309380107e-16
