1.000000000000000000e+00 2.374926326215652495e-04 3.244098192227614903e-05
1.298597194388777520e+00 1.417244320133236881e-04 1.466195753469036476e-05
1.597194388777555041e+00 9.357868259751622102e-05 6.749324791749617962e-06
1.895791583166332783e+00 6.620488407693236703e-05 3.563708004380547437e-06
2.194388777555110082e+00 4.925058465968399290e-05 2.045147052897303207e-06
2.492985971943888046e+00 3.803876923309836553e-05 1.249728359176433718e-06
2.791583166332665567e+00 3.025114321503841940e-05 8.069548234443633128e-07
3.090180360721443087e+00 2.462899127544704346e-05 5.399421460712430995e-07
3.388777555110220607e+00 2.043773585444426692e-05 3.744752122895934158e-07
3.687374749498998128e+00 1.723001141054098542e-05 2.672168243584152683e-07
3.985971943887775648e+00 1.472158725694171614e-05 1.953799638112498730e-07
4.284569138276553169e+00 1.272344890367657864e-05 1.461566760796431653e-07
4.583166332665331133e+00 1.110621299289772806e-05 1.116376522075458544e-07
4.881763527054108209e+00 9.778909602891129886e-06 8.685195405695614410e-08
5.180360721442886174e+00 8.676182983287777578e-06 6.863377817715310915e-08
5.478957915831663250e+00 7.750050712633013621e-06 5.494185782605145210e-08
5.777555110220441215e+00 6.964706230735819576e-06 4.443944620434335174e-08
6.076152304609219179e+00 6.292982854856767463e-06 3.623684098429620877e-08
6.374749498997996255e+00 5.714099964524573787e-06 3.006264327055251219e-08
6.673346693386774220e+00 5.211599401411426824e-06 2.512768678069612360e-08
6.971943887775551296e+00 4.772563912868114973e-06 2.105800393259910716e-08
7.270541082164329261e+00 4.386837889122631509e-06 1.789429635275236966e-08
7.569138276553106337e+00 4.046071654543268282e-06 1.528620246909950228e-08
7.867735470941884302e+00 3.743512583304947360e-06 1.307940308063244473e-08
8.166332665330662266e+00 3.473738202961100510e-06 1.135896904079759937e-08
8.464929859719440230e+00 3.232069341455428441e-06 9.816485861991826147e-09
8.763527054108216419e+00 3.014840578388436122e-06 8.620391051870589722e-09
9.062124248496994383e+00 2.818764009952977506e-06 7.522147626060102049e-09
9.360721442885772348e+00 2.641261501682415926e-06 6.651118544848304293e-09
9.659318637274550312e+00 2.479982253461967398e-06 5.836509971220717798e-09
9.957915831663326500e+00 2.333074636537201479e-06 5.206041234619140161e-09
1.025651302605210446e+01 2.198821757913347222e-06 4.612282088386313029e-09
1.055511022044088243e+01 2.075852452591669663e-06 4.130980512188250202e-09
1.085370741482966039e+01 1.962911162198751118e-06 3.696887449142259256e-09
1.115230460921843836e+01 1.858944088075191698e-06 3.316347325024413413e-09
1.145090180360721455e+01 1.763033867002201680e-06 2.999471567323372524e-09
1.174949899799599251e+01 1.674348254424795838e-06 2.698701723965653584e-09
1.204809619238477048e+01 1.592205842302641053e-06 2.457978166511809281e-09
1.234669338677354844e+01 1.515959278530782455e-06 2.236478029971490214e-09
1.264529058116232463e+01 1.445056837720422232e-06 2.030330525864265725e-09
1.294388777555110259e+01 1.379027502968019824e-06 1.866261193312292409e-09
1.324248496993988056e+01 1.317417030844615965e-06 1.709590871217414477e-09
1.354108216432865852e+01 1.259843990550936810e-06 1.565624615894267442e-09
1.383967935871743649e+01 1.205973943038968599e-06 1.448606396850482226e-09
1.413827655310621267e+01 1.155482837587671342e-06 1.336530974302097415e-09
1.443687374749499064e+01 1.108095315846468481e-06 1.231018473954816438e-09
1.473547094188376860e+01 1.063572606670115099e-06 1.146687776518852716e-09
1.503406813627254657e+01 1.021677669793504160e-06 1.065706925501965751e-09
1.533266533066132453e+01 9.822077603740915511e-07 9.878802103631380890e-10
1.563126252505010072e+01 9.449868738906138306e-07 9.234032451818841090e-10
1.592985971943887868e+01 9.098425274765158095e-07 8.643622486785111374e-10
1.622845691382765665e+01 8.766211114617024436e-07 8.074939141852651854e-10
1.652705410821643284e+01 8.451864652547353134e-07 7.547259022005639633e-10
1.682565130260520903e+01 8.154169169962724382e-07 7.112790156855014324e-10
1.712424849699398877e+01 7.871916819147651492e-07 6.693473043818471617e-10
1.742284569138276495e+01 7.604057832260540024e-07 6.288528659064071424e-10
1.772144288577154470e+01 7.349652285444606260e-07 5.925054239034451710e-10
1.802004008016032088e+01 7.107824636029399195e-07 5.613325441985209529e-10
1.831863727454910062e+01 6.877730276592449943e-07 5.311759119667469130e-10
1.861723446893787681e+01 6.658622386788669171e-07 5.019866291865411987e-10
1.891583166332665300e+01 6.449826696108482816e-07 4.753685547563407755e-10
1.921442885771543274e+01 6.250719339314142592e-07 4.527149074265409581e-10
1.951302605210420893e+01 6.060685410815698302e-07 4.307545729142706479e-10
1.981162324649298867e+01 5.879181950594469461e-07 4.094562027641947045e-10
2.011022044088176486e+01 5.705706010543397736e-07 3.887903103724371341e-10
2.040881763527054105e+01 5.539820338392706887e-07 3.721147671654465014e-10
2.070741482965932079e+01 5.381061242356191161e-07 3.559418436166477647e-10
2.100601202404809698e+01 5.229026159287366471e-07 3.402287112544109359e-10
2.130460921843687672e+01 5.083340722077221255e-07 3.249560373103799196e-10
2.160320641282565290e+01 4.943663697328182402e-07 3.109507269023580585e-10
2.190180360721442909e+01 4.809675855597271794e-07 2.989027595442265458e-10
2.220040080160320883e+01 4.681059461384617617e-07 2.871788844656330847e-10
2.249899799599198502e+01 4.557531227000213107e-07 2.757661980192139682e-10
2.279759519038076476e+01 4.438826296081507923e-07 2.646524725925761552e-10
2.309619238476954095e+01 4.324703194040491681e-07 2.544818351007875527e-10
2.339478957915831714e+01 4.214933323548460445e-07 2.456369132259013832e-10
2.369338677354709688e+01 4.109288371254429367e-07 2.370149285681949047e-10
2.399198396793587307e+01 4.007564246051482316e-07 2.286075572940499168e-10
2.429058116232464926e+01 3.909569324303371432e-07 2.204068848599093858e-10
2.458917835671342900e+01 3.815124346809384895e-07 2.124881630494512227e-10
2.488777555110220518e+01 3.724070059656322497e-07 2.059019210902001669e-10
2.518637274549098493e+01 3.636235700675382277e-07 1.994718455937001306e-10
2.548496993987976111e+01 3.551471235181459290e-07 1.931924473401000178e-10
2.578356713426853730e+01 3.469635266122407185e-07 1.870584913902130572e-10
2.608216432865731704e+01 3.390594444158473991e-07 1.810649825300736601e-10
2.638076152304609323e+01 3.314225914224115865e-07 1.755317165582195492e-10
2.667935871743487297e+01 3.240412296207256952e-07 1.706256336145895236e-10
2.697795591182364916e+01 3.169036508655486020e-07 1.658281536064224674e-10
2.727655310621242535e+01 3.099992379810095595e-07 1.611357098955468285e-10
2.757515030060120509e+01 3.033179455344762568e-07 1.565448903289909796e-10
2.787374749498998128e+01 2.968502632846775189e-07 1.520524289643788442e-10
2.817234468937876102e+01 2.905873903653043645e-07 1.478580257588314130e-10
2.847094188376753721e+01 2.845210037400147232e-07 1.441778701692187789e-10
2.876953907815631339e+01 2.786425552027899739e-07 1.405741067756011362e-10
2.906813627254509314e+01 2.729443616575990030e-07 1.370443814027554955e-10
2.936673346693386932e+01 2.674191286358726711e-07 1.335864356232706052e-10
2.966533066132264906e+01 2.620599269442015510e-07 1.301981019387857427e-10
2.996392785571142525e+01 2.568601709328647212e-07 1.268772992493502130e-10
3.026252505010020144e+01 2.518139575667349587e-07 1.240037950146056168e-10
3.056112224448898118e+01 2.469150267342600918e-07 1.212626990077245653e-10
3.085971943887775737e+01 2.421576341905232129e-07 1.185746484330178372e-10
3.115831663326653356e+01 2.375363800254496002e-07 1.159381182513688290e-10
3.145691382765531330e+01 2.330461194052793408e-07 1.133516413279304018e-10
3.175551102204408949e+01 2.286819482493165305e-07 1.108138057097541779e-10
3.205410821643286567e+01 2.244391898363040172e-07 1.083232520555802659e-10
3.235270541082164186e+01 2.203137128591632110e-07 1.061709323937592991e-10
3.265130260521041805e+01 2.163009533729453383e-07 1.040914198977435110e-10
3.294989979959920134e+01 2.123968063331653786e-07 1.020495971428670609e-10
3.324849699398797753e+01 2.085973873551555143e-07 1.000444486801341173e-10
3.354709418837675372e+01 2.048989841597600311e-07 9.807499521393016589e-11
3.384569138276552991e+01 2.012980475033078958e-07 9.614029200723996701e-11
3.414428857715431320e+01 1.977911826603841808e-07 9.423942737054587045e-11
3.444288577154308939e+01 1.943752580261321853e-07 9.248354566226849402e-11
3.474148296593186558e+01 1.910471668371184233e-07 9.087708853759916840e-11
3.504008016032064177e+01 1.878038047176616173e-07 8.929801055065655664e-11
3.533867735470941795e+01 1.846423199266997170e-07 8.774561767430194857e-11
3.563727454909820125e+01 1.815599796955044928e-07 8.621923914182371626e-11
3.593587174348697744e+01 1.785541643209550092e-07 8.471822648056334919e-11
3.623446893787575362e+01 1.756223615981308286e-07 8.324195259332295713e-11
3.653306613226452981e+01 1.727621615701317330e-07 8.178981088482079647e-11
3.683166332665330600e+01 1.699713458654137355e-07 8.045349481402766999e-11
3.713026052104208929e+01 1.672476710857126809e-07 7.921163857725169257e-11
3.742885771543086548e+01 1.645889291912315840e-07 7.798959671958159797e-11
3.772745490981964167e+01 1.619930725597399484e-07 7.678689877318235905e-11
3.802605210420841786e+01 1.594581336488357644e-07 7.560308904749599562e-11
3.832464929859719405e+01 1.569822212669903205e-07 7.443772605357364104e-11
3.862324649298597734e+01 1.545635170456110319e-07 7.329038195511062766e-11
3.892184368737475353e+01 1.522002720998337189e-07 7.216064204475093170e-11
3.922044088176352972e+01 1.498908150977984167e-07 7.105798546091207296e-11
3.951903807615230590e+01 1.476336362387292615e-07 7.007926263140294210e-11
3.981763527054108209e+01 1.454270521638802281e-07 6.911521892027893269e-11
4.011623246492986539e+01 1.432695620524902722e-07 6.816552654424902667e-11
4.041482965931864157e+01 1.411597203224363972e-07 6.722986740707752967e-11
4.071342685370741776e+01 1.390961342083837105e-07 6.630793274435364468e-11
4.101202404809619395e+01 1.370774614629159550e-07 6.539942278377932871e-11
4.131062124248497014e+01 1.351024081735588099e-07 6.450404642019015390e-11
4.160921843687375343e+01 1.331697266890680054e-07 6.362152090456847149e-11
4.190781563126252962e+01 1.312782164300146808e-07 6.275382511737914645e-11
4.220641282565130581e+01 1.294268145491858536e-07 6.198079172093254560e-11
4.250501002004008200e+01 1.276142969582740047e-07 6.121861942548265018e-11
4.280360721442885819e+01 1.258395823808068354e-07 6.046708093049366814e-11
4.310220440881764148e+01 1.241016268646157383e-07 5.972595523406830084e-11
4.340080160320641767e+01 1.223994222463895811e-07 5.899502741627500656e-11
4.369939879759519386e+01 1.207319946894181981e-07 5.827408843135812382e-11
4.399799599198397004e+01 1.190984032905663062e-07 5.756293490840913484e-11
4.429659318637274623e+01 1.174977387527566320e-07 5.686136896009996724e-11
4.459519038076152952e+01 1.159291221194654189e-07 5.616919799910018326e-11
4.489378757515030571e+01 1.143917241618337849e-07 5.550701446473673104e-11
4.519238476953908190e+01 1.128847406236197401e-07 5.489291120335809892e-11
4.549098196392785809e+01 1.114073368313078211e-07 5.428686973809801962e-11
4.578957915831663428e+01 1.099587437097404006e-07 5.368873235427027238e-11
4.608817635270541047e+01 1.085382170168778149e-07 5.309834542441158379e-11
4.638677354709419376e+01 1.071450363877615676e-07 5.251555927673192195e-11
4.668537074148296995e+01 1.057785044211437998e-07 5.194022806861306102e-11
4.698396793587174614e+01 1.044379458066207647e-07 5.137220966493095283e-11
4.728256513026052232e+01 1.031227064902297765e-07 5.081136552098848670e-11
4.758116232464929851e+01 1.018321528765860628e-07 5.025756056985633983e-11
4.787975951903808181e+01 1.005656710657401723e-07 4.971066311392914669e-11
4.817835671342685799e+01 9.932273041516228894e-08 4.921377341406134438e-11
4.847695390781563418e+01 9.810268877714998439e-08 4.872326996372413787e-11
4.877555110220441037e+01 9.690498672336729702e-08 4.823877210228544676e-11
4.907414829659318656e+01 9.572908218273648205e-08 4.776017020469470210e-11
4.937274549098196985e+01 9.457444942650738457e-08 4.728735729786915227e-11
4.967134268537074604e+01 9.344057848058100442e-08 4.682022898098282302e-11
4.996993987975952223e+01 9.232697456234182705e-08 4.635868334861354800e-11
5.026853707414829842e+01 9.123315754083675144e-08 4.590262091662882020e-11
5.056713426853707460e+01 9.015866141920185455e-08 4.545194455069771563e-11
5.086573146292585790e+01 8.910303383829429475e-08 4.500655939732069019e-11
5.116432865731463409e+01 8.806583560054323577e-08 4.456637281727437550e-11
5.146292585170341027e+01 8.704666662856634641e-08 4.416074511111157494e-11
5.176152304609218646e+01 8.604508765703959110e-08 4.376202274472121660e-11
5.206012024048096265e+01 8.506069429032384961e-08 4.336787422024264952e-11
5.235871743486974594e+01 8.409309560458782959e-08 4.297822128501254122e-11
5.265731462925852213e+01 8.314191172849724985e-08 4.259298746131762972e-11
5.295591182364729832e+01 8.220677347034457097e-08 4.221209799635350179e-11
5.325450901803607451e+01 8.128732195977311689e-08 4.183547981386696813e-11
5.355310621242485070e+01 8.038320830344476167e-08 4.146306146741608066e-11
5.385170340681363399e+01 7.949409325403635462e-08 4.109477309518528171e-11
5.415030060120241018e+01 7.861964689197664602e-08 4.073054637629539784e-11
5.444889779559118637e+01 7.775954831936738460e-08 4.037031448855124764e-11
5.474749498997996255e+01 7.691348828017253735e-08 4.001635228672822851e-11
5.504609218436873874e+01 7.608118561289455236e-08 3.968685110071237911e-11
5.534468937875752204e+01 7.526231867113230641e-08 3.936090538246756393e-11
5.564328657314629822e+01 7.445659982326912442e-08 3.903845789313714099e-11
5.594188376753507441e+01 7.366374909362660794e-08 3.871945261594431713e-11
5.624048096192385060e+01 7.288349391922595565e-08 3.840383472375016306e-11
5.653907815631262679e+01 7.211556891551826423e-08 3.809155054763987873e-11
5.683767535070141008e+01 7.135971565070645651e-08 3.778254754649894816e-11
5.713627254509018627e+01 7.061568242830232860e-08 3.747677427754348598e-11
5.743486973947896246e+01 6.988322407757560157e-08 3.717418036776977547e-11
5.773346693386773865e+01 6.916210175157015360e-08 3.687471648628973642e-11
5.803206412825651483e+01 6.845208273237661151e-08 3.657833431752056038e-11
5.833066132264529813e+01 6.775294024336432363e-08 3.628498653519770077e-11
5.862925851703407432e+01 6.706446351835794164e-08 3.600235701276935066e-11
5.892785571142285050e+01 6.638643870881209624e-08 3.573171787598046704e-11
5.922645290581162669e+01 6.571864352336650059e-08 3.546380765787480344e-11
5.952505010020040288e+01 6.506087321241004713e-08 3.519858529099611266e-11
5.982364729458917907e+01 6.441292812344120772e-08 3.493601052780663128e-11
6.012224448897796236e+01 6.377461354955598141e-08 3.467604392032628735e-11
6.042084168336673855e+01 6.314573958316481468e-08 3.441864680037595029e-11
6.071943887775551474e+01 6.252612097473213604e-08 3.416378126040333260e-11
6.101803607214429093e+01 6.191557699634347540e-08 3.391141013487212401e-11
6.131663326653306711e+01 6.131393130991167705e-08 3.366149698219474484e-11
6.161523046092185041e+01 6.072101183984308520e-08 3.341400606719046250e-11
6.191382765531062660e+01 6.013665064999238968e-08 3.316890234405126106e-11
6.221242484969940278e+01 5.956068382474123837e-08 3.292615143979802228e-11
6.251102204408817897e+01 5.899295135404379596e-08 3.268571963821099121e-11
6.280961923847695516e+01 5.843330961754078571e-08 3.245920726069187468e-11
6.310821643286573845e+01 5.788159403864661743e-08 3.223556698832367682e-11
6.340681362725451464e+01 5.733765487690561806e-08 3.201403306238929917e-11
6.370541082164329083e+01 5.680134667443254529e-08 3.179457586456615061e-11
6.400400801603205991e+01 5.627252735846593988e-08 3.157716632924385734e-11
6.430260521042083610e+01 5.575105814727143415e-08 3.136177593069114373e-11
6.460120240480962650e+01 5.523680345908281166e-08 3.114837667057893723e-11
6.489979959919840269e+01 5.472963082396870554e-08 3.093694106584773550e-11
6.519839679358717888e+01 5.422941079851834813e-08 3.072744213690832090e-11
6.549699398797595506e+01 5.373601688324375533e-08 3.051985339616533386e-11
6.579559118236473125e+01 5.324932544259985819e-08 3.031414883685331376e-11
6.609418837675350744e+01 5.276921562752824336e-08 3.011030292217532636e-11
6.639278557114228363e+01 5.229556930043385019e-08 2.990829057473469748e-11
6.669138276553105982e+01 5.182827096250775052e-08 2.970808716625069586e-11
6.698997995991985022e+01 5.136721123561428822e-08 2.951424504574923813e-11
6.728857715430862640e+01 5.091227971493821122e-08 2.932683462779391359e-11
6.758717434869740259e+01 5.046336470054684125e-08 2.914108015197672957e-11
6.788577154308617878e+01 5.002036056855823597e-08 2.895695976719403520e-11
6.818436873747495497e+01 4.958316400281486322e-08 2.877445200510899299e-11
6.848296593186373116e+01 4.915167393464303471e-08 2.859353577180696464e-11
6.878156312625250735e+01 4.872579148443835742e-08 2.841419033966813844e-11
6.908016032064128353e+01 4.830541990501550172e-08 2.823639533945115878e-11
6.937875751503005972e+01 4.789046452666043963e-08 2.806013075258092381e-11
6.967735470941883591e+01 4.748083270382784585e-08 2.788537690363490980e-11
6.997595190380762631e+01 4.707643376342707622e-08 2.771211445302172762e-11
7.027454909819640250e+01 4.667717895464305575e-08 2.754032438984639276e-11
7.057314629258517868e+01 4.628298140024008317e-08 2.736998802495666698e-11
7.087174348697395487e+01 4.589375604929902700e-08 2.720108698416527613e-11
7.117034068136273106e+01 4.550941963133931460e-08 2.703360320164260467e-11
7.146893787575150725e+01 4.512989112177986850e-08 2.686783693465923781e-11
7.176753507014028344e+01 4.475510077696039789e-08 2.671009799850894466e-11
7.206613226452905963e+01 4.438495961344867009e-08 2.655366620629158876e-11
7.236472945891783581e+01 4.401939105326986321e-08 2.639852537707841403e-11
7.266332665330661200e+01 4.365832008864308551e-08 2.624465959591139117e-11
7.296192384769540240e+01 4.330167324350402372e-08 2.609205320836081842e-11
7.326052104208417859e+01 4.294937853612342687e-08 2.594069081521597875e-11
7.355911823647295478e+01 4.260136544278510931e-08 2.579055726730506992e-11
7.385771543086173097e+01 4.225756486249030618e-08 2.564163766044091768e-11
7.415631262525050715e+01 4.191790908265438753e-08 2.549391733048859151e-11
7.445490981963928334e+01 4.158233174576505406e-08 2.534738184855192102e-11
7.475350701402805953e+01 4.125076781697079349e-08 2.520201701627524583e-11
7.505210420841683572e+01 4.092315355257002407e-08 2.505780886125735175e-11
7.535070140280561191e+01 4.059942646937278789e-08 2.491474363257443006e-11
7.564929859719438809e+01 4.027952531490736620e-08 2.477280779640913876e-11
7.594789579158317849e+01 3.996339003844483742e-08 2.463198803178262537e-11
7.624649298597195468e+01 3.965096176281708654e-08 2.449227122638703901e-11
7.654509018036073087e+01 3.934218501261484704e-08 2.435649056022210946e-11
7.684368737474950706e+01 3.903700284250408847e-08 2.422424382315622206e-11
7.714228456913828325e+01 3.873535774802016950e-08 2.409302086973573288e-11
7.744088176352705943e+01 3.843719528054131697e-08 2.396280985742020316e-11
7.773947895791583562e+01 3.814246203512794530e-08 2.383359912561792900e-11
7.803807615230461181e+01 3.785110562660791860e-08 2.370537719220492952e-11
7.833667334669338800e+01 3.756307466629845749e-08 2.357813275012366733e-11
7.863527054108216419e+01 3.727831873934589010e-08 2.345185466405912675e-11
7.893386773547094037e+01 3.699678838266401728e-08 2.332653196719045606e-11
7.923246492985973077e+01 3.671843506345366800e-08 2.320215385801601248e-11
7.953106212424850696e+01 3.644321115828558477e-08 2.307870969724994530e-11
7.982965931863728315e+01 3.617106993272985688e-08 2.295618900478832034e-11
8.012825651302605934e+01 3.590196552151594056e-08 2.283458145674330909e-11
8.042685370741483553e+01 3.563585290920725148e-08 2.271387688254320658e-11
8.072545090180361171e+01 3.537268791137504362e-08 2.259406526209691764e-11
8.102404809619238790e+01 3.511242715625745923e-08 2.247513672302119255e-11
8.132264529058116409e+01 3.485502806688864246e-08 2.235708153792882526e-11
8.162124248496994028e+01 3.460044884368499262e-08 2.223989012177645386e-11
8.191983967935871647e+01 3.434865298889505127e-08 2.212722447464097782e-11
8.221843687374750687e+01 3.409959620162944781e-08 2.201586537117023831e-11
8.251703406813628305e+01 3.385323830503244143e-08 2.190531219865039682e-11
8.281563126252505924e+01 3.360954044478111018e-08 2.179555623957063252e-11
8.311422845691383543e+01 3.336846446324402658e-08 2.168658890169464443e-11
8.341282565130261162e+01 3.312997288454440736e-08 2.157840171581844909e-11
8.371142284569138781e+01 3.289402889999515029e-08 2.147098633357604812e-11
8.401002004008016399e+01 3.266059635389573942e-08 2.136433452529200596e-11
8.430861723446894018e+01 3.242963972968066231e-08 2.125843817787957747e-11
8.460721442885771637e+01 3.220112413640940003e-08 2.115328929278337082e-11
8.490581162324649256e+01 3.197501529558844730e-08 2.104887998396545993e-11
8.520440881763528296e+01 3.175127952831602587e-08 2.094520247593376722e-11
8.550300601202405915e+01 3.152988374274045145e-08 2.084224910181182792e-11
8.580160320641283533e+01 3.131079542182353180e-08 2.074001230144881160e-11
8.610020040080161152e+01 3.109398261140057191e-08 2.063848461956890271e-11
8.639879759519038771e+01 3.087941390852855572e-08 2.053765870395903506e-11
8.669739478957916390e+01 3.066705845011505969e-08 2.043752730369408210e-11
8.699599198396794009e+01 3.045688590181949398e-08 2.033808326739860799e-11
8.729458917835671627e+01 3.024886646073059357e-08 2.023936015098538536e-11
8.759318637274549246e+01 3.004297181824822043e-08 2.014436888996683503e-11
8.789178356713426865e+01 2.983917213438503480e-08 2.005002306184042481e-11
8.819038076152305905e+01 2.963743908423362846e-08 1.995631611063771161e-11
8.848897795591183524e+01 2.943774481998024330e-08 1.986324156888011816e-11
8.878757515030061143e+01 2.924006196129387890e-08 1.977079305609089977e-11
8.908617234468938761e+01 2.904436358594076712e-08 1.967896427733711242e-11
8.938476953907816380e+01 2.885062322061771208e-08 1.958774902180080048e-11
8.968336673346693999e+01 2.865881483199893863e-08 1.949714116137866068e-11
8.998196392785571618e+01 2.846891281799036803e-08 1.940713464930969777e-11
9.028056112224449237e+01 2.828089199918619216e-08 1.931772351882999945e-11
9.057915831663326856e+01 2.809472761052221746e-08 1.922890188185420723e-11
9.087775551102204474e+01 2.791039529312079054e-08 1.914066392768292073e-11
9.117635270541082093e+01 2.772787108632247805e-08 1.905300392173553771e-11
9.147494989979961133e+01 2.754713141989947801e-08 1.896591620430789994e-11
9.177354709418838752e+01 2.736815310644611739e-08 1.887939518935419861e-11
9.207214428857716371e+01 2.719091333394168446e-08 1.879343536329252878e-11
9.237074148296593989e+01 2.701538965848152288e-08 1.870803128383374705e-11
9.266933867735471608e+01 2.684155999717155030e-08 1.862317757883278583e-11
9.296793587174349227e+01 2.666940262118244252e-08 1.853886894516225958e-11
9.326653306613226846e+01 2.649889614895921859e-08 1.845510014760763582e-11
9.356513026052104465e+01 2.633002230480326942e-08 1.837406624262128412e-11
9.386372745490982084e+01 2.616275809755135156e-08 1.829395975562111756e-11
9.416232464929859702e+01 2.599708262622587479e-08 1.821436131836079062e-11
9.446092184368738742e+01 2.583297583402140192e-08 1.813526611290425899e-11
9.475951903807616361e+01 2.567041797964110169e-08 1.805666938204275557e-11
9.505811623246493980e+01 2.550938963135970289e-08 1.797856642834103193e-11
9.535671342685371599e+01 2.534987166121623324e-08 1.790095261320146478e-11
9.565531062124249218e+01 2.519184523933357482e-08 1.782382335594573365e-11
9.595390781563126836e+01 2.503529182836146479e-08 1.774717413291364637e-11
9.625250501002004455e+01 2.488019317804008238e-08 1.767100047657870530e-11
9.655110220440882074e+01 2.472653131988102279e-08 1.759529797468008467e-11
9.684969939879759693e+01 2.457428856196299444e-08 1.752006226937072823e-11
9.714829659318637312e+01 2.442344748383929803e-08 1.744528905638107615e-11
9.744689378757516351e+01 2.427399093155425857e-08 1.737097408419820133e-11
9.774549098196393970e+01 2.412590201276628104e-08 1.729711315326004178e-11
9.804408817635271589e+01 2.397916409197447884e-08 1.722370211516424113e-11
9.834268537074149208e+01 2.383376078584675780e-08 1.715073687189150685e-11
9.864128256513026827e+01 2.368967595864670834e-08 1.707821337504304340e-11
9.893987975951904446e+01 2.354689371775692066e-08 1.700612762509175990e-11
9.923847695390782064e+01 2.340539840929649902e-08 1.693447567064704874e-11
9.953707414829659683e+01 2.326517461383048924e-08 1.686325360773276681e-11
9.983567134268537302e+01 2.312620757642195921e-08 1.679301393981606654e-11
1.001342685370741492e+02 2.298848301062096818e-08 1.672462730432858167e-11
1.004328657314629396e+02 2.285198504625584416e-08 1.665664730978162135e-11
1.007314629258517158e+02 2.271669916077577126e-08 1.658907033997105780e-11
1.010300601202404920e+02 2.258261104592244994e-08 1.652189282144394207e-11
1.013286573146292682e+02 2.244970660394680127e-08 1.645511122286858987e-11
1.016272545090180444e+02 2.231797194390331349e-08 1.638872205441580196e-11
1.019258517034068205e+02 2.218739337802040004e-08 1.632272186715093811e-11
1.022244488977955967e+02 2.205795741814467099e-08 1.625710725243664428e-11
1.025230460921843729e+02 2.192965077225776815e-08 1.619187484134605514e-11
1.028216432865731491e+02 2.180246034106384802e-08 1.612702130408615875e-11
1.031202404809619253e+02 2.167637321464602173e-08 1.606254334943121665e-11
1.034188376753507015e+02 2.155137666919047176e-08 1.599843772416602275e-11
1.037174348697394919e+02 2.142745816377633926e-08 1.593470121253871375e-11
1.040160320641282681e+02 2.130460533723010180e-08 1.587133063572307584e-11
1.043146292585170443e+02 2.118280600504283003e-08 1.580832285129003771e-11
1.046132264529058205e+02 2.106204815634901642e-08 1.574567475268821078e-11
1.049118236472945966e+02 2.094231995096543734e-08 1.568338326873334757e-11
1.052104208416833728e+02 2.082360971648888404e-08 1.562144536310645949e-11
1.055090180360721490e+02 2.070590594545109812e-08 1.555985803386044567e-11
1.058076152304609252e+02 2.058919729253008092e-08 1.549861831293511627e-11
1.061062124248497014e+02 2.047347257181605321e-08 1.543772326568035844e-11
1.064048096192384776e+02 2.035872075413113852e-08 1.537716999038736399e-11
1.067034068136272680e+02 2.024493124228799569e-08 1.531733876892257594e-11
1.070020040080160442e+02 2.013209396695171062e-08 1.525913453459792974e-11
1.073006012024048204e+02 2.002019740802445265e-08 1.520125424293298739e-11
1.075991983967935965e+02 1.990923113765181790e-08 1.514369519702004897e-11
1.078977955911823727e+02 1.979918487207067528e-08 1.508645472980516418e-11
1.081963927855711489e+02 1.969004846922658847e-08 1.502953020367621904e-11
1.084949899799599251e+02 1.958181192643692152e-08 1.497291901005778541e-11
1.087935871743487013e+02 1.947446537809890337e-08 1.491661856901262670e-11
1.090921843687374775e+02 1.936799909344147666e-08 1.486062632884980819e-11
1.093907815631262537e+02 1.926240347432003092e-08 1.480493976573913385e-11
1.096893787575150441e+02 1.915766905305316643e-08 1.474955638333197134e-11
1.099879759519038203e+02 1.905378649030048628e-08 1.469447371238821612e-11
1.102865731462925964e+02 1.895074657298049011e-08 1.463968931040928505e-11
1.105851703406813726e+02 1.884854021222785158e-08 1.458520076127710689e-11
1.108837675350701488e+02 1.874715844138916970e-08 1.453100567489892910e-11
1.111823647294589250e+02 1.864659241405620794e-08 1.447710168685782425e-11
1.114809619238477012e+02 1.854683340213609508e-08 1.442348645806883500e-11
1.117795591182364774e+02 1.844787279395755148e-08 1.437015767444065395e-11
1.120781563126252536e+02 1.834970209241230354e-08 1.431711304654263820e-11
1.123767535070140298e+02 1.825231291313108433e-08 1.426435030927722323e-11
1.126753507014028202e+02 1.815569698269341615e-08 1.421186722155746626e-11
1.129739478957915964e+02 1.805984613687049038e-08 1.415966156598977884e-11
1.132725450901803725e+02 1.796475231890036018e-08 1.410773114856159670e-11
1.135711422845691487e+02 1.787040757779492022e-08 1.405607379833403369e-11
1.138697394789579249e+02 1.777680406667784269e-08 1.400468736713936471e-11
1.141683366733467011e+02 1.768393420428801522e-08 1.395433252744713490e-11
1.144669338677354773e+02 1.759179029651555854e-08 1.390477598052387189e-11
1.147655310621242535e+02 1.750036468373759937e-08 1.385547730625170617e-11
1.150641282565130297e+02 1.740964991953657103e-08 1.380643449705318072e-11
1.153627254509018059e+02 1.731963865373952840e-08 1.375764556613595186e-11
1.156613226452905963e+02 1.723032363092920957e-08 1.370910854722449674e-11
1.159599198396793724e+02 1.714169768898194116e-08 1.366082149429596001e-11
1.162585170340681486e+02 1.705375375763184474e-08 1.361278248132007175e-11
1.165571142284569248e+02 1.696648485706064601e-08 1.356498960200304301e-11
1.168557114228457010e+02 1.687988409651279916e-08 1.351744096953543400e-11
1.171543086172344772e+02 1.679394467293520815e-08 1.347013471634383356e-11
1.174529058116232534e+02 1.670865986964110837e-08 1.342306899384634322e-11
1.177515030060120296e+02 1.662402305499773798e-08 1.337624197221178205e-11
1.180501002004008058e+02 1.654002768113710411e-08 1.332965184012256049e-11
1.183486973947895819e+02 1.645666728268955613e-08 1.328329680454110355e-11
1.186472945891783581e+02 1.637393547553960675e-08 1.323717509047984135e-11
1.189458917835671485e+02 1.629182595560360388e-08 1.319128494077464884e-11
1.192444889779559247e+02 1.621033249762884642e-08 1.314562461586169444e-11
1.195430861723447009e+02 1.612944895401353166e-08 1.310019239355760388e-11
1.198416833667334771e+02 1.604916925364744844e-08 1.305498656884296021e-11
1.201402805611222533e+02 1.596948740077264504e-08 1.301000545364900106e-11
1.204388777555110295e+02 1.589039747386397917e-08 1.296524737664748732e-11
1.207374749498998057e+02 1.581189362452891154e-08 1.292071068304370276e-11
1.210360721442885819e+02 1.573397007642635760e-08 1.287639373437251367e-11
1.213346693386773580e+02 1.565662112420411122e-08 1.283229490829743665e-11
1.216332665330661342e+02 1.557984113245445964e-08 1.278841259841265486e-11
1.219318637274549246e+02 1.550362472542158844e-08 1.274503040651893134e-11
1.222304609218437008e+02 1.542796679675442807e-08 1.270273676540465906e-11
1.225290581162324770e+02 1.535286132429177899e-08 1.266064925927209342e-11
1.228276553106212532e+02 1.527830294239544012e-08 1.261876638476289479e-11
1.231262525050100294e+02 1.520428635041030092e-08 1.257708665310206802e-11
1.234248496993988056e+02 1.513080631172219261e-08 1.253560858992156128e-11
1.237234468937875818e+02 1.505785765283176352e-08 1.249433073508644990e-11
1.240220440881763579e+02 1.498543526244371682e-08 1.245325164252356137e-11
1.243206412825651341e+02 1.491353409057154304e-08 1.241236988005261253e-11
1.246192384769539103e+02 1.484214914765712860e-08 1.237168402921978147e-11
1.249178356713427007e+02 1.477127550370515590e-08 1.233119268513363985e-11
1.252164328657314769e+02 1.470090828743188160e-08 1.229089445630345038e-11
1.255150300601202531e+02 1.463104268542810095e-08 1.225078796447976651e-11
1.258136272545090293e+02 1.456167394133597403e-08 1.221087184449730205e-11
1.261122244488978055e+02 1.449279735503953690e-08 1.217114474412002387e-11
1.264108216432865817e+02 1.442440828186848563e-08 1.213160532388848046e-11
1.267094188376753578e+02 1.435650213181521185e-08 1.209225225696921959e-11
1.270080160320641340e+02 1.428907436876455032e-08 1.205308422900638850e-11
1.273066132264529102e+02 1.422212050973630319e-08 1.201409993797541341e-11
1.276052104208416864e+02 1.415563612414008427e-08 1.197529809403870177e-11
1.279038076152304768e+02 1.408961683304229474e-08 1.193667741940339787e-11
1.282024048096192530e+02 1.402405830844514589e-08 1.189823664818111918e-11
1.285010020040080292e+02 1.395895627257725747e-08 1.185997452624963462e-11
1.287995991983968054e+02 1.389430649719587457e-08 1.182188981111647673e-11
1.290981963927855816e+02 1.383010480290031435e-08 1.178398127178446822e-11
1.293967935871743578e+02 1.376634705845646719e-08 1.174624768861905484e-11
1.296953907815631339e+02 1.370302918013221826e-08 1.170868785321752845e-11
1.299939879759519101e+02 1.364014713104354803e-08 1.167130056828002074e-11
1.302925851703406863e+02 1.357769697269522483e-08 1.163416320241969434e-11
1.305911823647294625e+02 1.351567525925711218e-08 1.159802842541302880e-11
1.308897795591182387e+02 1.345407753360506848e-08 1.156205851602353461e-11
1.311883767535070149e+02 1.339289993997110667e-08 1.152625234848818791e-11
1.314869739478957911e+02 1.333213866631845557e-08 1.149060880727006270e-11
1.317855711422845673e+02 1.327178994374764255e-08 1.145512678694248193e-11
1.320841683366733434e+02 1.321185004591211192e-08 1.141980519207473089e-11
1.323827655310621196e+02 1.315231528844297543e-08 1.138464293711934902e-11
1.326813627254509242e+02 1.309318202838275252e-08 1.134963894630086596e-11
1.329799599198397004e+02 1.303444666362821787e-08 1.131479215350616631e-11
1.332785571142284766e+02 1.297610563238172755e-08 1.128010150217619347e-11
1.335771543086172528e+02 1.291815541261125700e-08 1.124556594519917398e-11
1.338757515030060290e+02 1.286059252151885477e-08 1.121118444480528439e-11
1.341743486973948052e+02 1.280341351501732342e-08 1.117695597246267372e-11
1.344729458917835814e+02 1.274661498721506464e-08 1.114287950877491731e-11
1.347715430861723576e+02 1.269019356990887859e-08 1.110895404337980997e-11
1.350701402805611337e+02 1.263414593208461644e-08 1.107517857484950165e-11
1.353687374749499099e+02 1.257846877942554895e-08 1.104155211059198225e-11
1.356673346693386861e+02 1.252315885382824073e-08 1.100807366675380221e-11
1.359659318637274623e+02 1.246821293292595033e-08 1.097474226812416319e-11
1.362645290581162385e+02 1.241362782961925985e-08 1.094155694804019783e-11
1.365631262525050147e+02 1.235940039161389764e-08 1.090851674829352578e-11
1.368617234468937909e+02 1.230552750096565998e-08 1.087562071903803442e-11
1.371603206412825671e+02 1.225200607363216520e-08 1.084286791869883883e-11
1.374589178356713433e+02 1.219883305903150812e-08 1.081025741388246169e-11
1.377575150300601194e+02 1.214600543960755023e-08 1.077778827928815365e-11
1.380561122244488956e+02 1.209352023040181562e-08 1.074545959762037698e-11
1.383547094188376718e+02 1.204137447863182740e-08 1.071327045950244116e-11
1.386533066132264764e+02 1.198956526327577374e-08 1.068121996339119177e-11
1.389519038076152526e+02 1.193808969466348852e-08 1.064930721549289818e-11
1.392505010020040288e+02 1.188694491407346877e-08 1.061753132968011061e-11
1.395490981963928050e+02 1.183612819323456462e-08 1.058666702134413318e-11
1.398476953907815812e+02 1.178563663501181281e-08 1.055594715523728924e-11
1.401462925851703574e+02 1.173546746954146019e-08 1.052535819328298209e-11
1.404448897795591336e+02 1.168561795799465201e-08 1.049489930054278077e-11
1.407434869739479097e+02 1.163608539056483534e-08 1.046456964916375262e-11
1.410420841683366859e+02 1.158686708609953300e-08 1.043436841830348867e-11
1.413406813627254621e+02 1.153796039173749579e-08 1.040429479405605484e-11
1.416392785571142383e+02 1.148936268255123311e-08 1.037434796937887048e-11
1.419378757515030145e+02 1.144107136119477960e-08 1.034452714402050130e-11
1.422364729458917907e+02 1.139308385755666806e-08 1.031483152444939423e-11
1.425350701402805669e+02 1.134539762841795806e-08 1.028526032378348462e-11
1.428336673346693431e+02 1.129801015711526411e-08 1.025581276172068891e-11
1.431322645290581193e+02 1.125091895320872866e-08 1.022648806447027765e-11
1.434308617234468954e+02 1.120412155215477950e-08 1.019728546468508389e-11
1.437294589178356716e+02 1.115761551498368816e-08 1.016820420139458555e-11
1.440280561122244478e+02 1.111139842798176879e-08 1.013924351993879560e-11
1.443266533066132240e+02 1.106546790237821746e-08 1.011040267190299070e-11
1.446252505010020002e+02 1.101982157403639020e-08 1.008168091505323153e-11
1.449238476953908048e+02 1.097445710314965197e-08 1.005307751327269735e-11
1.452224448897795810e+02 1.092937217394147407e-08 1.002459173649879601e-11
1.455210420841683572e+02 1.088456449436992056e-08 9.996222860661047875e-12
1.458196392785571334e+02 1.084003179583631856e-08 9.967970167619732294e-12
1.461182364729459096e+02 1.079577183289813059e-08 9.939832945105293377e-12
1.464168336673346857e+02 1.075178238298588349e-08 9.911810486658487341e-12
1.467154308617234619e+02 1.070806124612414217e-08 9.883902091571250410e-12
1.470140280561122381e+02 1.066460624465646876e-08 9.856107064828285642e-12
1.473126252505010143e+02 1.062141522297422810e-08 9.828424717049383239e-12
1.476112224448897905e+02 1.057848604724927779e-08 9.800854364432421017e-12
1.479098196392785667e+02 1.053581660517042174e-08 9.773395328697053117e-12
1.482084168336673429e+02 1.049340480568355474e-08 9.746046937029090184e-12
1.485070140280561191e+02 1.045124857873547633e-08 9.718808522025554868e-12
1.488056112224448952e+02 1.040934587502131124e-08 9.691679421640369015e-12
1.491042084168336714e+02 1.036769473264114342e-08 9.665203718712643970e-12
1.494028056112224476e+02 1.032629309180118602e-08 9.638965992926855511e-12
1.497014028056112238e+02 1.028513894763854947e-08 9.612832935649981909e-12
1.500000000000000000e+02 1.024423033139149059e-08 9.586803921807551506e-12
