2.080732999999999944e+00 8.592645503225583261e-09 4.995047226420660306e-12
2.224304000000000059e+00 7.517805755323502817e-09 3.768755632957309560e-12
2.377781000000000144e+00 6.577516604567165256e-09 2.849601669575903742e-12
2.541847999999999885e+00 5.754977224920614503e-09 2.160481098281612176e-12
2.717235000000000067e+00 5.035351545771091713e-09 1.643407423955091243e-12
2.904723999999999862e+00 4.405797726479519567e-09 1.255097388877496321e-12
3.105150000000000077e+00 3.854992786027300460e-09 9.631903062769486331e-13
3.319405999999999857e+00 3.373080937174174992e-09 7.433745504141247559e-13
3.548445000000000071e+00 2.951458185413269506e-09 5.774863198591194410e-13
3.793287999999999993e+00 2.582549199074353145e-09 4.520821627433519667e-13
4.055024000000000406e+00 2.259774822812686959e-09 3.569587296079832241e-13
4.334820999999999813e+00 1.977360302642332903e-09 2.845680090398820729e-13
4.633924000000000376e+00 1.730249087590425125e-09 2.292354453158008331e-13
4.953663999999999845e+00 1.514027678626868807e-09 1.867518948908882738e-13
5.295467000000000368e+00 1.324832605059307803e-09 1.539402556297287120e-13
5.660854999999999748e+00 1.159285175042628906e-09 1.284361340137932850e-13
6.051453000000000415e+00 1.014429777305216411e-09 1.084723413540387094e-13
6.469003999999999976e+00 8.876739041596563799e-10 9.270735079730441875e-14
6.915365000000000428e+00 7.767606591438575787e-10 8.014473496799418318e-14
7.392525000000000013e+00 6.797092003711966550e-10 7.003362125810963726e-14
7.902608999999999995e+00 5.947837273043248393e-10 6.180791044032901936e-14
8.447889999999999233e+00 5.204716199620485835e-10 5.503799566841962224e-14
9.030794000000000210e+00 4.554441926901828264e-10 4.939690101442401782e-14
9.653919000000000139e+00 3.985431936641279359e-10 4.464072700125295219e-14
2.011214999999999975e+01 9.181912056711971502e-11 1.837629531156537387e-14
2.149988000000000099e+01 8.034855222351802136e-11 1.706860757743189638e-14
2.298338000000000036e+01 7.031049589222949703e-11 1.585008726120112598e-14
2.456923000000000101e+01 6.152687597999072007e-11 1.471345165676539082e-14
2.626450000000000173e+01 5.384057398453408792e-11 1.365280708913989550e-14
2.807676000000000016e+01 4.711419828914239128e-11 1.266148651399619462e-14
3.001405000000000101e+01 4.122840953390209326e-11 1.173420298936580306e-14
3.208502000000000010e+01 3.607789215805487750e-11 1.086726650634830155e-14
3.429889000000000010e+01 3.157080486867650221e-11 1.005717800203825272e-14
3.666550999999999760e+01 2.762664536902865644e-11 9.301093927219215531e-15
3.919543000000000177e+01 2.417534868346853781e-11 8.593954737498813043e-15
4.189992000000000161e+01 2.115520439783928336e-11 7.934714001135603906e-15
4.479100999999999999e+01 1.851236490371091084e-11 7.320042196779985866e-15
4.788159000000000276e+01 1.619968187923943086e-11 6.747235324361632078e-15
5.118542000000000058e+01 1.417591403248372982e-11 6.214426295477015674e-15
5.471721000000000146e+01 1.240497015100138482e-11 5.719384041614604532e-15
5.849269999999999925e+01 1.085526114942116885e-11 5.259337450973251274e-15
6.252870000000000061e+01 9.499104002254421863e-12 4.833156505373501644e-15
6.684318000000000382e+01 8.312415358522553304e-12 4.437967381634678641e-15
7.145535999999999888e+01 7.273975243799484173e-12 4.072175233433292173e-15
7.638577999999999690e+01 6.365263789477328853e-12 3.734189779766281104e-15
8.165640000000000498e+01 5.570074237317397796e-12 3.422004982426147513e-15
8.729068999999999789e+01 4.874225180515810328e-12 3.134158920848662309e-15
9.331373999999999569e+01 4.265306547501711951e-12 2.869025731152888244e-15
9.975239000000000544e+01 3.732457076848983292e-12 2.624884343379729570e-15
2.078155999999999892e+02 8.599736628699511913e-13 9.648104061146211333e-16
2.221547999999999945e+02 7.525407800646012996e-13 8.801174585981855483e-16
2.374834999999999923e+02 6.585284770107140562e-13 8.029327033736665290e-16
2.538699000000000012e+02 5.762607205494196655e-13 7.326016414065218490e-16
2.713869000000000256e+02 5.042706380862886903e-13 6.685253722180270766e-16
2.901125999999999863e+02 4.412739186307652137e-13 6.101556338583738452e-16
3.101304000000000087e+02 3.861470872311765098e-13 5.570596283937185565e-16
3.315294000000000096e+02 3.379071228720637655e-13 5.087234007882801954e-16
3.544048999999999978e+02 2.956936554619634637e-13 4.647447510009032328e-16
3.788587999999999738e+02 2.587537682288182929e-13 4.247388498778408806e-16
4.050000999999999749e+02 2.264285476483265500e-13 3.883448415820070327e-16
4.329451000000000249e+02 1.981416541741196706e-13 3.552507265343515905e-16
