1.001660500000000065e+00 1.429903445868426545e-03 4.160322692320822025e-04
1.006668799999999919e+00 1.415808640667968066e-03 4.092176037793746643e-04
1.011702099999999938e+00 1.401786383444779535e-03 4.025253171599648349e-04
1.016760600000000014e+00 1.387840068088332275e-03 3.959411017567443297e-04
1.021844399999999986e+00 1.373979152399471730e-03 3.894766433303563629e-04
1.026953599999999911e+00 1.360206848375075141e-03 3.831178259889225345e-04
1.032088399999999906e+00 1.346520161680885182e-03 3.768634772986257124e-04
1.037248900000000029e+00 1.332922218670844292e-03 3.707251241257328842e-04
1.042435100000000059e+00 1.319416264802563028e-03 3.646889097215614303e-04
1.047647299999999948e+00 1.306001832820554700e-03 3.587536587186317908e-04
1.052885499999999919e+00 1.292679206852629780e-03 3.529183113865725307e-04
1.058149900000000088e+00 1.279448156791463580e-03 3.471941496977371672e-04
1.063440699999999906e+00 1.266311187722056432e-03 3.415552024235679845e-04
1.068757900000000038e+00 1.253265747830908461e-03 3.360251779592023829e-04
1.074101699999999937e+00 1.240311584781548940e-03 3.305783709890065423e-04
1.079472200000000104e+00 1.227451328306917739e-03 3.252260743322001914e-04
1.084869499999999931e+00 1.214682231263116427e-03 3.199672500936444103e-04
1.090293900000000038e+00 1.202006402366396750e-03 3.148008112938099727e-04
1.095745399999999981e+00 1.189421358449716708e-03 3.097137935900016906e-04
1.101224100000000039e+00 1.176927030152281851e-03 3.047172814247323439e-04
1.106730200000000108e+00 1.164525650036871141e-03 2.998102449129004163e-04
1.112263900000000083e+00 1.152211848331052314e-03 2.949798670697535165e-04
1.117825199999999963e+00 1.139990766519061345e-03 2.902371062997774584e-04
1.123414300000000088e+00 1.127859566895737971e-03 2.855692794335364256e-04
1.129031399999999907e+00 1.115815510647367309e-03 2.809755686569638967e-04
1.134676500000000088e+00 1.103861150153817149e-03 2.764667780740213965e-04
1.140349899999999916e+00 1.091993583840595748e-03 2.720303998859675831e-04
1.146051699999999895e+00 1.080175062872838938e-03 2.676771139356463099e-04
1.151781900000000025e+00 1.068483775883397524e-03 2.633946152288340432e-04
1.157540800000000036e+00 1.056876508604428101e-03 2.591707642324838560e-04
1.163328499999999988e+00 1.045355523602063815e-03 2.550275404832153220e-04
1.169145199999999996e+00 1.033918275210311561e-03 2.509640098306674264e-04
1.174990900000000060e+00 1.022567136203189836e-03 2.469569537013248882e-04
1.180865899999999913e+00 1.011294977540187724e-03 2.430168792630518044e-04
1.186770199999999997e+00 1.000106432895255621e-03 2.391430835829956244e-04
1.192703999999999986e+00 9.889990789482426461e-04 2.353348283811728411e-04
1.198667600000000055e+00 9.779704135131697673e-04 2.315913635252549142e-04
1.204660899999999923e+00 9.670208010139942504e-04 2.279120235216631151e-04
1.210684199999999988e+00 9.561499380586042061e-04 2.242960712514356007e-04
1.216737600000000086e+00 9.453557483564011986e-04 2.207320298831874368e-04
1.222821300000000111e+00 9.346360711574575042e-04 2.172408183883535048e-04
1.228935399999999900e+00 9.239930695458827394e-04 2.137895627954475156e-04
1.235080100000000014e+00 9.134225766340874813e-04 2.104097643217540785e-04
1.241255500000000067e+00 9.029247427084115263e-04 2.070794515201580279e-04
1.247461799999999954e+00 8.924975697697268588e-04 2.038086218304616722e-04
1.253699099999999955e+00 8.821412404061150687e-04 2.005861508867364212e-04
1.259967599999999965e+00 8.718518835396509318e-04 1.974219417745827227e-04
1.266267400000000043e+00 8.616297695365440117e-04 1.943049848540733633e-04
1.272598799999999919e+00 8.514748816345488538e-04 1.912450746631455826e-04
1.278961800000000038e+00 8.413838140841298783e-04 1.882313307195750921e-04
1.285356600000000071e+00 8.313548972429531895e-04 1.852734698803843165e-04
1.291783300000000079e+00 8.213885049965782359e-04 1.823607083053747024e-04
1.298242300000000071e+00 8.114791080974461833e-04 1.795026433396385099e-04
1.304733499999999990e+00 8.016292841007173356e-04 1.766785736468291399e-04
1.311257099999999953e+00 7.918519305451462466e-04 1.739081906393603796e-04
1.317813399999999913e+00 7.821129952602131740e-04 1.711809047973298302e-04
1.324402499999999927e+00 7.724258619742901000e-04 1.685061734170335433e-04
1.331024500000000055e+00 7.627894197349298008e-04 1.658735425224035773e-04
1.337679599999999969e+00 7.532007586871500900e-04 1.632727470037628878e-04
1.344368000000000007e+00 7.436587986903209256e-04 1.607230040714706582e-04
1.351089900000000066e+00 7.341591170244954161e-04 1.582237206444157026e-04
1.357845299999999922e+00 7.247010404383152525e-04 1.557550042793931261e-04
1.364634499999999973e+00 7.152819468618983609e-04 1.533261650710627101e-04
1.371457699999999891e+00 7.058977871428734861e-04 1.509367683686717819e-04
1.378314999999999957e+00 6.965447827014045615e-04 1.485863944477471465e-04
1.385206600000000066e+00 6.872224380013575423e-04 1.462840893661916089e-04
1.392132600000000053e+00 6.779271951567639480e-04 1.440104470726823670e-04
1.399093300000000095e+00 6.686522954993625494e-04 1.417745583108173928e-04
1.406088699999999969e+00 6.593962431195964221e-04 1.395760279298477046e-04
1.413119199999999909e+00 6.501541476228381170e-04 1.374144241831924598e-04
1.420184799999999914e+00 6.409232345811923101e-04 1.352893589373966763e-04
1.427285700000000102e+00 6.316946045604618322e-04 1.331912338242313590e-04
1.434422099999999922e+00 6.224657503635784529e-04 1.311380815811503812e-04
1.441594199999999937e+00 6.132313170446865086e-04 1.291111628946300808e-04
1.448802200000000040e+00 6.039817722043711555e-04 1.271192777619703528e-04
1.456046200000000068e+00 5.947124560174054308e-04 1.251620446322408069e-04
1.463326499999999974e+00 5.854144364207751992e-04 1.232301006656279306e-04
1.470643099999999981e+00 5.760794177717734046e-04 1.213321361379986435e-04
1.477996300000000041e+00 5.666978292682329794e-04 1.194677620131976721e-04
1.485386300000000048e+00 5.572578080677812211e-04 1.176277671832509994e-04
1.492813200000000062e+00 5.477467071214827841e-04 1.158207081834790076e-04
1.500277300000000036e+00 5.381509268328333977e-04 1.140462064132753461e-04
1.507778700000000027e+00 5.284549044129715220e-04 1.122951992224607072e-04
1.515317599999999931e+00 5.186383166054897402e-04 1.105761121325755432e-04
1.522894200000000087e+00 5.086804056737213560e-04 1.088799671388026360e-04
1.530508600000000108e+00 4.985561254438496863e-04 1.071979680804675524e-04
1.538161200000000006e+00 4.882321943944588740e-04 1.055385325615510974e-04
1.545852000000000004e+00 4.776744518308646413e-04 1.039014485061787228e-04
1.553581199999999995e+00 4.668398643647004003e-04 1.023033844591508210e-04
1.561349099999999934e+00 4.556758019533059577e-04 1.007186462066967075e-04
1.569155899999999937e+00 4.441169090593913358e-04 9.916386568806245284e-05
1.577001700000000062e+00 4.320795658139699310e-04 9.763870685850762861e-05
1.584886699999999982e+00 4.194565920089483911e-04 9.613455065004404717e-05
1.592811100000000035e+00 4.061063662297620565e-04 9.465118432023713203e-05
1.600775199999999954e+00 3.918340728605259108e-04 9.319658861429084673e-05
1.608778999999999959e+00 3.763648004721381894e-04 9.176228729174367837e-05
1.616822900000000063e+00 3.593095088041766186e-04 9.035617833143014884e-05
1.624907000000000101e+00 3.399662564402489498e-04 8.896986598136481816e-05
1.633031600000000028e+00 3.172082914487847865e-04 8.760314252660424215e-05
1.641196700000000064e+00 2.887238782534517958e-04 8.626381376197417099e-05
1.649402699999999999e+00 2.485389760328833380e-04 8.494359515084467962e-05
1.657649699999999893e+00 1.686573777862986176e-04 8.364229556285570765e-05
1.661414200000000063e+00 -1.033720856718956698e-05 8.305786357538287611e-05
1.661985800000000069e+00 -1.397481964564061061e-05 2.924579897928773612e-04
1.665937999999999919e+00 1.635166614948982704e-04 2.900627883565884543e-04
1.674267699999999914e+00 2.283509563759775381e-04 2.850927673500010056e-04
1.682638999999999996e+00 2.522660763527777381e-04 2.802040208650648191e-04
1.691052199999999894e+00 2.616471986479260137e-04 2.754034136336982758e-04
1.699507499999999949e+00 2.603697945700389829e-04 2.706899598989307505e-04
1.708004999999999995e+00 2.437927145740765049e-04 2.660550155012520964e-04
1.715850799999999898e+00 1.417205357448226015e-04 2.618711756433138044e-04
1.716544999999999987e+00 8.591018069912224626e-05 3.902322224882663767e-04
1.716949300000000012e+00 1.410260718647999331e-04 3.899110492327036897e-04
1.725127800000000100e+00 2.625876915404670329e-04 3.834986352124482539e-04
1.733753399999999889e+00 2.971590806641210723e-04 3.768829646315271500e-04
1.742422200000000032e+00 3.187110371890268740e-04 3.703838620432695658e-04
1.751134299999999921e+00 3.343761789838107894e-04 3.639925629149340608e-04
1.759889899999999896e+00 3.465186257688194983e-04 3.577078973462751625e-04
1.768689399999999967e+00 3.562499444521050073e-04 3.515286659263194445e-04
1.777532799999999913e+00 3.641991380600441918e-04 3.454611429387420378e-04
1.786420499999999967e+00 3.707620634539561858e-04 3.394966951417993780e-04
1.795352599999999965e+00 3.762076979807110278e-04 3.336342146792767673e-04
1.804329400000000083e+00 3.807304273670061726e-04 3.278798381339010368e-04
1.813350999999999935e+00 3.844734153572258576e-04 3.222251313487892524e-04
1.822417799999999977e+00 3.875484565088660655e-04 3.166689616431843379e-04
1.831529900000000044e+00 3.900422594419550651e-04 3.112030953561869986e-04
1.840687500000000032e+00 3.920274700112212195e-04 3.058408196816476835e-04
1.849890899999999894e+00 3.935605755332681173e-04 3.005667560718693326e-04
1.859140400000000026e+00 3.946907368315213114e-04 2.953869948323201134e-04
1.868436100000000044e+00 3.954584136255555804e-04 2.902934802087143258e-04
1.877778299999999900e+00 3.958973410925139690e-04 2.852922498951104423e-04
1.887167199999999934e+00 3.960375568332860402e-04 2.803753199332772702e-04
1.896603000000000039e+00 3.959037939393504277e-04 2.755486913335773789e-04
1.906085999999999947e+00 3.955182307357177265e-04 2.708044522927295595e-04
1.915616500000000055e+00 3.948989504105686853e-04 2.661416882440172907e-04
1.925194499999999920e+00 3.940610826916154030e-04 2.615595343146392125e-04
1.934820500000000054e+00 3.930190908004238060e-04 2.570570644118492696e-04
1.944494600000000073e+00 3.917846976345056671e-04 2.526334155746081376e-04
1.954217099999999929e+00 3.903651513789739113e-04 2.482877057501182072e-04
1.963988199999999962e+00 3.887691704565957962e-04 2.440190738878525109e-04
1.973808100000000065e+00 3.870012677500045037e-04 2.398200181176776778e-04
1.983677200000000029e+00 3.850626610333947233e-04 2.356963826456847787e-04
1.993595500000000076e+00 3.829539996185861526e-04 2.316407704916817662e-04
2.003563499999999831e+00 3.806704266195406377e-04 2.276589628542003904e-04
2.013581299999999796e+00 3.782037183653575124e-04 2.237501473807225526e-04
2.023649199999999926e+00 3.755384570348390327e-04 2.199005271408226159e-04
2.033767500000000172e+00 3.726509756353944456e-04 2.161288321912508076e-04
2.043936299999999928e+00 3.695009705973716627e-04 2.124149136122478287e-04
2.054155999999999871e+00 3.660248413998832022e-04 2.087645347682856524e-04
2.064426800000000117e+00 3.621102083876397322e-04 2.051833585144703664e-04
2.074748899999999896e+00 3.575465823229910241e-04 2.016579528036289883e-04
2.085122699999999885e+00 3.518651980716986163e-04 1.982002981127366920e-04
2.095548299999999919e+00 3.436547627756082334e-04 1.947971109528660340e-04
2.105260499999999979e+00 3.249954917990753285e-04 1.916981783025838452e-04
2.106025999999999954e+00 3.207277108131743057e-04 1.914540370730810691e-04
2.109939400000000020e+00 3.239010753020607849e-04 2.231716182263805790e-04
2.116556200000000221e+00 3.370835624685309100e-04 2.206883918761303126e-04
2.127138899999999833e+00 3.435137681399264920e-04 2.168020762418126294e-04
2.137774600000000191e+00 3.461255924313584435e-04 2.129796504618049376e-04
2.148463500000000082e+00 3.472248228812920045e-04 2.092204291074305027e-04
2.159205800000000064e+00 3.474851381839382750e-04 2.055358870444668135e-04
2.170001800000000092e+00 3.471910093184742726e-04 2.018828295153779527e-04
2.180851899999999954e+00 3.464918318763032345e-04 1.982911075614517322e-04
2.191756100000000096e+00 3.454780672953808307e-04 1.947600762409909363e-04
2.202714900000000142e+00 3.442035116452870757e-04 1.912950082911641053e-04
2.213728500000000210e+00 3.426948520852497390e-04 1.879188741599248651e-04
2.224797099999999972e+00 3.410303730065904378e-04 1.847072622381136216e-04
2.235921100000000106e+00 3.392512956841145576e-04 1.815464259053470005e-04
2.247100699999999840e+00 3.373563109644315324e-04 1.784358289866188067e-04
2.258336200000000016e+00 3.353496625727270209e-04 1.753865529818916184e-04
2.269627900000000142e+00 3.332354983405913171e-04 1.723921080550973122e-04
2.280975999999999893e+00 3.310137387503841186e-04 1.694576392881190247e-04
2.292380899999999944e+00 3.286772539476184515e-04 1.665767192102224228e-04
2.303842799999999968e+00 3.262134944501488497e-04 1.637487514294052899e-04
2.315361999999999920e+00 3.235931421127838381e-04 1.609788050157279769e-04
2.326938800000000196e+00 3.207595567948038902e-04 1.582549239638485260e-04
2.338573499999999861e+00 3.175849080685320307e-04 1.555878278993519381e-04
2.350266400000000200e+00 3.137012653962227364e-04 1.529656844891894192e-04
2.362017699999999998e+00 3.067709618766570378e-04 1.503880072289056767e-04
2.362585199999999830e+00 3.060688101944031552e-04 1.502685707537745430e-04
2.368214899999999901e+00 3.050180458201491606e-04 1.594473890724670405e-04
2.373827799999999932e+00 3.077360236333918702e-04 1.581416923495583429e-04
2.385696999999999957e+00 3.086082090751312689e-04 1.554352805964578986e-04
2.397625399999999907e+00 3.080206722141307627e-04 1.527737854972377387e-04
2.409613600000000133e+00 3.068937931312353071e-04 1.501621445569768657e-04
2.421661600000000192e+00 3.054719986001218400e-04 1.475998108551224879e-04
2.433769900000000153e+00 3.038575424643115766e-04 1.450808194624608467e-04
2.445938799999999969e+00 3.021023046368857606e-04 1.426100604206274501e-04
2.458168500000000201e+00 3.002362795143579516e-04 1.401816505279213174e-04
2.470459299999999914e+00 2.982761678387070049e-04 1.377951234140284181e-04
2.482811599999999785e+00 2.962275140355818221e-04 1.354552966798009891e-04
2.495225700000000213e+00 2.941141111431424832e-04 1.332142231773466548e-04
2.507701799999999981e+00 2.919559365962690121e-04 1.310182637725818727e-04
2.520240300000000211e+00 2.897463576059416176e-04 1.288564766002599097e-04
2.532841499999999968e+00 2.874785776030343320e-04 1.267388606080220126e-04
2.545505700000000093e+00 2.851379895517487336e-04 1.246597465297156766e-04
2.558233299999999932e+00 2.826964035205572785e-04 1.226186969998716752e-04
2.571024400000000210e+00 2.800898906110314509e-04 1.206152930162464082e-04
2.583879599999999943e+00 2.771365418334740681e-04 1.186440171511989023e-04
2.595750199999999897e+00 2.732893987751023137e-04 1.168679590718744668e-04
2.596798999999999857e+00 2.727452560759188434e-04 1.167095869856114404e-04
2.606049699999999802e+00 2.716910628902548643e-04 1.206206259416146555e-04
2.609782899999999906e+00 2.720389745146969658e-04 1.200609189713800710e-04
2.622831899999999994e+00 2.715523065171338230e-04 1.181227710392564813e-04
2.635946000000000122e+00 2.703152084224305488e-04 1.162158775018150644e-04
2.649125699999999917e+00 2.688167036876078675e-04 1.143448466228472150e-04
2.662371400000000055e+00 2.671833764982325401e-04 1.125043384239188585e-04
2.675683199999999928e+00 2.654678629569804217e-04 1.106940316668501801e-04
2.689061699999999888e+00 2.636980193074065122e-04 1.089135870246606710e-04
2.702507000000000215e+00 2.618901561929294413e-04 1.071626888718073094e-04
2.716019499999999809e+00 2.600540441364111201e-04 1.054410120704241100e-04
2.729599599999999793e+00 2.581974321111338158e-04 1.037482346062805933e-04
2.743247600000000119e+00 2.563269795664999888e-04 1.020840412698761142e-04
2.756963799999999853e+00 2.544450284085375200e-04 1.004386002403778716e-04
2.770748600000000117e+00 2.525546284435187358e-04 9.882121224920010301e-05
2.784602399999999811e+00 2.506579224608974856e-04 9.722685381633158134e-05
2.798525399999999941e+00 2.487578040448589086e-04 9.565998300530507146e-05
2.812517999999999851e+00 2.468558521901871583e-04 9.412029386382578364e-05
2.826580600000000221e+00 2.449543650123954986e-04 9.260748334633055981e-05
2.840713500000000113e+00 2.430540394982106994e-04 9.111663513869791488e-05
2.854917100000000207e+00 2.411570512799775603e-04 8.965211701434786559e-05
2.869191700000000012e+00 2.392640078414459898e-04 8.820906348122459890e-05
2.883537599999999923e+00 2.373762399550023998e-04 8.679180407622194939e-05
2.897955300000000012e+00 2.354953643389684536e-04 8.539551749931644821e-05
2.912445099999999787e+00 2.336226033981826091e-04 8.401998689293934145e-05
2.927007300000000090e+00 2.317587710673521789e-04 8.266948034407035038e-05
2.941642400000000102e+00 2.299067632133124453e-04 8.133925125210546704e-05
2.956350599999999940e+00 2.280683454208591782e-04 8.003353012713351365e-05
2.971132299999999837e+00 2.262479843445843895e-04 7.874320561192020508e-05
2.985987999999999865e+00 2.244534213122111120e-04 7.747692057625213825e-05
3.000917900000000138e+00 2.227014049376389838e-04 7.622566111515149761e-05
3.015922499999999840e+00 2.209674902158930256e-04 7.493272115528043715e-05
3.031002099999999810e+00 2.192032926375980545e-04 7.365941879232986962e-05
3.046157099999999840e+00 2.174233411223522165e-04 7.240985473175458906e-05
3.061387900000000162e+00 2.156359990075113094e-04 7.118375946045613837e-05
3.076694900000000121e+00 2.138460437940141630e-04 6.997233587250546749e-05
3.092078299999999835e+00 2.120551880853835597e-04 6.877969501566286007e-05
3.107538700000000098e+00 2.102656694265903937e-04 6.760985557088971154e-05
3.123076399999999975e+00 2.084793655015363116e-04 6.645835735065672178e-05
3.138691800000000143e+00 2.066977564762312552e-04 6.532500471964329818e-05
3.154385299999999948e+00 2.049219561522377334e-04 6.421376380472144636e-05
3.170157199999999786e+00 2.031530493694728360e-04 6.312024307353468098e-05
3.186008000000000173e+00 2.013911398759383705e-04 6.204836906191800233e-05
3.201938000000000173e+00 1.996375605510397079e-04 6.098969737538826653e-05
3.217947699999999855e+00 1.978923725979723277e-04 5.995633428902238021e-05
3.234037400000000062e+00 1.961562510592984425e-04 5.893580224534536108e-05
3.250207599999999974e+00 1.944295273961855661e-04 5.793201449112423649e-05
3.266458699999999826e+00 1.927125316576848576e-04 5.694880686388285412e-05
3.282791000000000015e+00 1.910058790405481206e-04 5.598194401507394790e-05
3.299204899999999885e+00 1.893092953243372502e-04 5.503124792354618331e-05
3.315700899999999951e+00 1.876236303875653791e-04 5.409654052843523517e-05
3.332279400000000003e+00 1.865442559331085496e-04 5.316977124774109197e-05
3.348940799999999829e+00 1.848739384941654412e-04 5.224696611611504742e-05
3.365685599999999944e+00 1.832126557345691085e-04 5.134372215404403545e-05
3.382514000000000021e+00 1.815610140359063401e-04 5.045205381254423466e-05
3.399426500000000129e+00 1.799187600513554516e-04 4.957570780905324302e-05
3.416423700000000174e+00 1.782864345717912250e-04 4.871835368250646264e-05
3.433505799999999830e+00 1.770401214039298498e-04 4.787212640009742522e-05
3.450673300000000054e+00 1.754250324196542500e-04 4.702931074831468046e-05
3.467926700000000029e+00 1.738186406365248217e-04 4.620504721481967562e-05
3.485266300000000150e+00 1.722220228848709786e-04 4.539158719351821442e-05
3.502692699999999881e+00 1.706349226858386965e-04 4.459631531992628179e-05
3.520206099999999783e+00 1.690578804117385397e-04 4.381529012581914109e-05
3.537807200000000041e+00 1.674913663923955080e-04 4.304834913491149102e-05
3.555496199999999885e+00 1.659351440127347101e-04 4.229164686061386621e-05
3.573273700000000108e+00 1.643894319406930937e-04 4.155242477579646447e-05
3.591140000000000221e+00 1.628544662298795557e-04 4.082682046028844548e-05
3.609095700000000129e+00 1.613304449628472233e-04 4.011104268489309842e-05
3.627141200000000065e+00 1.598175745051501903e-04 3.941222968001481574e-05
3.645276899999999820e+00 1.583155854585291140e-04 3.872297730785567526e-05
3.663503299999999907e+00 1.568248999796784972e-04 3.804677118486760756e-05
3.681820800000000116e+00 1.553452454365542024e-04 3.738346347218075014e-05
3.700229900000000072e+00 1.538770273098034435e-04 3.673290664263164393e-05
3.718731099999999845e+00 1.524199618807153421e-04 3.609495455191265512e-05
3.737324699999999833e+00 1.509744550715905805e-04 3.546595318871266619e-05
3.756011399999999778e+00 1.495402045596072984e-04 3.484965258326121722e-05
3.774791399999999797e+00 1.481173913875642766e-04 3.424416975892188489e-05
3.793665400000000076e+00 1.467059331040299281e-04 3.364972842297361426e-05
3.812633700000000125e+00 1.453059917354369423e-04 3.306586178445244343e-05
3.831696899999999850e+00 1.439172762562829569e-04 3.249279328289846985e-05
3.850855399999999928e+00 1.425401454920282023e-04 3.192972008124180476e-05
3.870109600000000150e+00 1.411743218580901614e-04 3.137687115787491526e-05
3.889460199999999812e+00 1.398199234651221990e-04 3.083412993056774590e-05
3.908907500000000201e+00 1.384768873734422304e-04 3.030104841634842822e-05
3.928452000000000055e+00 1.371451363133246711e-04 2.977751873356762559e-05
3.948094300000000167e+00 1.358247850725565441e-04 2.926343324695997606e-05
3.967834700000000048e+00 1.345155687551350657e-04 2.875835682334772607e-05
3.987673899999999882e+00 1.332177869612412985e-04 2.826251705336456547e-05
4.055024000000000406e+00 1.296915505382682419e-04 2.665789858165570431e-05
4.334820999999999813e+00 1.138533220643236243e-04 2.108908820951054162e-05
4.633924000000000376e+00 9.964284537568673613e-05 1.666586254094388187e-05
4.953663999999999845e+00 8.717140210882201145e-05 1.316869644592513906e-05
5.295467000000000368e+00 7.614955313945096936e-05 1.041063421214199652e-05
5.660854999999999748e+00 6.644375181605724544e-05 8.236557207372758379e-06
6.051453000000000415e+00 5.792895196560614844e-05 6.527236605345969404e-06
6.469003999999999976e+00 5.046587161116057835e-05 5.180940132963389988e-06
6.915365000000000428e+00 4.392426419606705016e-05 4.119009515460473974e-06
7.392525000000000013e+00 3.818307397491915717e-05 3.274470200096435604e-06
7.902608999999999995e+00 3.311810700035510644e-05 2.596848307429391351e-06
8.447889999999999233e+00 2.860567803459522374e-05 2.062803792979051674e-06
9.030794000000000210e+00 2.444976127760248620e-05 1.635849724131988094e-06
9.369486000000000203e+00 2.196753592201861421e-05 1.428260210783104644e-06
9.512897000000000602e+00 2.031848816740817364e-05 1.350434603352954895e-06
9.551140000000000185e+00 1.899825383051614576e-05 1.330601554250563294e-06
9.608503999999999934e+00 1.992372488477612823e-05 3.538231215281453490e-06
9.653919000000000139e+00 2.022158302342109778e-05 3.468438989305741187e-06
9.751913999999999305e+00 2.031991685878841827e-05 3.323783821243535861e-06
1.032004000000000055e+01 1.876470162441987090e-05 2.641095599875108518e-06
1.052460999999999913e+01 1.797336319917410059e-05 2.449243760855820611e-06
1.068570000000000064e+01 1.711028156288963207e-05 2.311991546996179027e-06
1.072865999999999964e+01 1.652763800707293660e-05 2.277293287915413591e-06
1.079310000000000080e+01 1.680680126837654057e-05 3.116093653553445255e-06
1.095419000000000054e+01 1.673211022714402377e-05 2.939935340332129543e-06
1.103212000000000081e+01 1.657764262463052533e-05 2.859576028911491286e-06
1.104528999999999961e+01 1.654797203832660256e-05 2.846186841053590054e-06
1.121434999999999960e+01 1.604822512860370624e-05 2.682522260449224355e-06
1.125943000000000005e+01 1.574744795112832229e-05 2.641014356832934277e-06
1.132704999999999984e+01 1.581406343064677364e-05 2.987391212812524687e-06
1.149610999999999983e+01 1.563392115072368568e-05 2.833537394471001958e-06
1.179334000000000060e+01 1.509618547391641481e-05 2.589212294104015691e-06
1.260707999999999984e+01 1.352887022386114140e-05 2.048106205553145005e-06
1.347696999999999967e+01 1.200586461344768398e-05 1.617865143881603410e-06
1.440687999999999924e+01 1.060526942502768895e-05 1.276166355497801671e-06
1.540094999999999992e+01 9.339038575460268101e-06 1.003960123494446081e-06
1.646361999999999881e+01 8.206342943665765485e-06 7.892816387035143285e-07
1.759960999999999842e+01 7.200370419624873224e-06 6.206287736735973550e-07
1.881398000000000081e+01 6.311195677233332287e-06 4.883217920676205559e-07
2.011214999999999975e+01 5.532356290204434166e-06 3.840211092846542295e-07
2.149988000000000099e+01 4.844970692343180668e-06 3.022039057302753022e-07
2.298338000000000036e+01 4.241003131152369535e-06 2.377072002047778481e-07
2.456923000000000101e+01 3.709607304906892604e-06 1.869644512076307783e-07
2.626450000000000173e+01 3.244185476090075219e-06 1.472177390276272713e-07
2.807676000000000016e+01 2.837062548411645306e-06 1.151693882840037764e-07
3.001405000000000101e+01 2.479919770433383667e-06 8.998082433277259024e-08
3.208502000000000010e+01 2.167347531721187283e-06 7.039423920639013406e-08
3.429889000000000010e+01 1.893963758052846201e-06 5.514581364528702987e-08
3.666550999999999760e+01 1.654927935426938735e-06 4.325108643360485003e-08
3.919543000000000177e+01 1.445954581015593978e-06 3.397115583831910908e-08
4.189992000000000161e+01 1.263259933300669028e-06 2.671055014739923642e-08
4.479100999999999999e+01 1.103493454156685504e-06 2.099540933374287119e-08
4.788159000000000276e+01 9.637272639400126925e-07 1.651380069337748531e-08
5.118542000000000058e+01 8.413520702232479125e-07 1.296549582119786955e-08
5.471721000000000146e+01 7.340038829736548254e-07 1.018344742120060066e-08
5.849269999999999925e+01 6.394120921182804199e-07 8.009605714240963407e-09
6.252870000000000061e+01 5.543538451303077693e-07 6.311735239668652803e-09
6.404377999999999815e+01 5.239695004818651709e-07 5.797501074790495230e-09
6.502405000000000257e+01 5.001342672926746451e-07 5.493966624052651512e-09
6.528544999999999732e+01 4.864487528719183956e-07 5.416694584531731701e-09
6.567754999999999654e+01 4.903321085829902197e-07 2.414758718281144132e-08
6.665782000000000096e+01 4.844976366519395326e-07 2.293416409914483069e-08
6.684318000000000382e+01 4.826389346603593102e-07 2.271547837650916468e-08
7.145535999999999888e+01 4.301280300561786148e-07 1.796281115909406862e-08
7.638577999999999690e+01 3.791083659231882597e-07 1.416315151464981481e-08
8.165640000000000498e+01 3.331424219806378080e-07 1.116307666570728721e-08
8.729068999999999789e+01 2.923150630845805255e-07 8.782768947942408011e-09
9.331373999999999569e+01 2.562495240664641893e-07 6.902858816345081784e-09
9.975239000000000544e+01 2.244983483437563520e-07 5.430045058304559121e-09
1.066353000000000009e+02 1.966016905998272713e-07 4.275500069156496294e-09
1.139930999999999983e+02 1.721229582177129499e-07 3.370088227974024644e-09
1.218586999999999989e+02 1.506615297146798553e-07 2.659581737395088649e-09
1.302668999999999926e+02 1.318580798149501026e-07 2.101704201163327360e-09
1.392553000000000054e+02 1.154314987510042162e-07 1.657721536342765859e-09
1.488640000000000043e+02 1.010017307800917680e-07 1.309632775849892108e-09
1.591356000000000108e+02 8.837028528476753170e-08 1.036598502259804551e-09
1.701159000000000106e+02 7.731526942728318698e-08 8.223583997233768944e-10
1.818539000000000101e+02 6.764130210254810871e-08 6.540199552964433210e-10
1.944018000000000086e+02 5.917688675260983481e-08 5.215503539412804214e-10
2.078155999999999892e+02 5.177120041909083076e-08 4.171587816886441171e-10
2.221547999999999945e+02 4.529229675479871691e-08 3.347738962737179401e-10
2.374834999999999923e+02 3.962421392740537217e-08 2.696352565282901819e-10
2.538699000000000012e+02 3.466564544212197932e-08 2.180184078065767375e-10
2.713869000000000256e+02 3.032773008416461348e-08 1.770331235076532092e-10
2.901125999999999863e+02 2.653285728404394995e-08 1.446324158858069614e-10
3.101304000000000087e+02 2.321324535150574211e-08 1.190364053044507481e-10
3.315294000000000096e+02 2.030938583834722364e-08 9.841007864186858626e-11
3.544048999999999978e+02 1.776903322511721935e-08 8.173149010902031652e-11
3.788587999999999738e+02 1.554667195983685567e-08 6.820221655925808592e-11
4.050000999999999749e+02 1.360240486476794415e-08 5.717732742764150516e-11
4.329451000000000249e+02 1.190143901029754776e-08 4.816443781275959804e-11
