1.000121100000000096e+00 1.505726147846987674e-03 6.168078972077625441e-04
1.005121699999999896e+00 1.493085005538060143e-03 6.075506609549547170e-04
1.010147300000000081e+00 1.480478014877663470e-03 5.984230141372551140e-04
1.015198000000000045e+00 1.467917339641324186e-03 5.894498888154198375e-04
1.020273999999999903e+00 1.455398285159405529e-03 5.805903739333306661e-04
1.025375399999999937e+00 1.442932582593247151e-03 5.718823521091467551e-04
1.030502299999999982e+00 1.430518351966968572e-03 5.632983120965850661e-04
1.035654800000000098e+00 1.418161607182331571e-03 5.548498541303788917e-04
1.040833099999999956e+00 1.405860120224363546e-03 5.465226860094995554e-04
1.046037200000000000e+00 1.393619950625006251e-03 5.383283559540214935e-04
1.051267399999999963e+00 1.381441070585999248e-03 5.302526731717270656e-04
1.056523799999999902e+00 1.369323978369345156e-03 5.223070316511762125e-04
1.061806400000000039e+00 1.357271884994314766e-03 5.144649997750461298e-04
1.067115400000000047e+00 1.345284910053303959e-03 5.067629670146716909e-04
1.072451000000000043e+00 1.333368027114037718e-03 4.991620706929694251e-04
1.077813200000000027e+00 1.321516881050837982e-03 4.916860874921831709e-04
1.083202299999999951e+00 1.310193316485004948e-03 4.843089860000352798e-04
1.088618300000000039e+00 1.298481103849617041e-03 4.770420798720464268e-04
1.094061399999999962e+00 1.286839587109607800e-03 4.698963571373813292e-04
1.099531700000000001e+00 1.275271235480656155e-03 4.628462766305576465e-04
1.105029400000000050e+00 1.263775894653817360e-03 4.559029096441238600e-04
1.110554500000000111e+00 1.252351595516239041e-03 4.490771789005584130e-04
1.116107299999999913e+00 1.241002495391711324e-03 4.423438532837585817e-04
1.121687799999999902e+00 1.229728800680104277e-03 4.357139338836821447e-04
1.127296300000000029e+00 1.218530045514296762e-03 4.291862595281498594e-04
1.132932800000000073e+00 1.207408593829514950e-03 4.227597957344889166e-04
1.138597400000000093e+00 1.196454859564931392e-03 4.164334769456449949e-04
1.144290400000000041e+00 1.185488493142272627e-03 4.101945344026586369e-04
1.150011899999999976e+00 1.174592300259080097e-03 4.040305154379597217e-04
1.155761899999999898e+00 1.163770733710721905e-03 3.979638123272033717e-04
1.161540699999999982e+00 1.153023318158426670e-03 3.919933251574102056e-04
1.167348400000000064e+00 1.142352032772768347e-03 3.861066237316911260e-04
1.173185200000000039e+00 1.131752481796361029e-03 3.803141872816899168e-04
1.179051099999999908e+00 1.121230863304227337e-03 3.746037478842213406e-04
1.184946400000000066e+00 1.110782601364769225e-03 3.689856557457029686e-04
1.190871100000000071e+00 1.100409757686171509e-03 3.634477707619224174e-04
1.196825400000000039e+00 1.090111980469540788e-03 3.580003791484337602e-04
1.202809599999999923e+00 1.079890672102605358e-03 3.526313774856348242e-04
1.208823600000000109e+00 1.069744054374039202e-03 3.473400287181742331e-04
1.214867700000000106e+00 1.059673486228071603e-03 3.421364483226094970e-04
1.220942100000000030e+00 1.049676686928047251e-03 3.370087532343262263e-04
1.227046800000000104e+00 1.039757359764923025e-03 3.319670513032851487e-04
1.233182000000000000e+00 1.029911359385279022e-03 3.269887820801459862e-04
1.239347900000000058e+00 1.020140148245020318e-03 3.220948135721812323e-04
1.245544699999999949e+00 1.010445118649516217e-03 3.172735109802016966e-04
1.251772399999999896e+00 1.000824347767422049e-03 3.125241521651874106e-04
1.258031200000000016e+00 9.912791849274007246e-04 3.078565573398899663e-04
1.264321400000000040e+00 9.818072611748331849e-04 3.032487147996975078e-04
1.270642999999999967e+00 9.724084798702556376e-04 2.987105612993813685e-04
1.276996199999999915e+00 9.630841411329625320e-04 2.942517809535335430e-04
1.283381200000000000e+00 9.538354800166718014e-04 2.898507221719112724e-04
1.289798100000000058e+00 9.446587756398574847e-04 2.855171579758146103e-04
1.296247099999999985e+00 9.355552812546838459e-04 2.812606380293897115e-04
1.302728300000000061e+00 9.265246826516425381e-04 2.770598627864930929e-04
1.309242000000000017e+00 9.175663806400524399e-04 2.729244252889906201e-04
1.315788200000000074e+00 9.086818162308027240e-04 2.688536616258816272e-04
1.322367099999999907e+00 8.998688855750465194e-04 2.648468714064641902e-04
1.328978999999999910e+00 8.911270008167986902e-04 2.608933190206503346e-04
1.335623900000000086e+00 8.824575482695032683e-04 2.570124519589981520e-04
1.342302000000000106e+00 8.738600285828245417e-04 2.531835934018793698e-04
1.349013500000000088e+00 8.653339468000610180e-04 2.494160902458063505e-04
1.355758599999999925e+00 8.568772920564821094e-04 2.456994490525727347e-04
1.362537399999999899e+00 8.484897476361322709e-04 2.420331716538263306e-04
1.369350000000000067e+00 8.401709926304828024e-04 2.384167633627806769e-04
1.376196799999999998e+00 8.319218147547534706e-04 2.348690388504598404e-04
1.383077799999999913e+00 8.237390549941949434e-04 2.313699804888256692e-04
1.389993199999999929e+00 8.156252101538244079e-04 2.279190910122236746e-04
1.396943100000000104e+00 8.075799162998604239e-04 2.245349635187040064e-04
1.403927799999999948e+00 7.996011610248557116e-04 2.211883466556014788e-04
1.410947500000000021e+00 7.916899182368549760e-04 2.178977804115734358e-04
1.418002200000000101e+00 7.838459403945256245e-04 2.146626760243905863e-04
1.425092199999999920e+00 7.760672677880652362e-04 2.114730572063212768e-04
1.432217700000000038e+00 7.683561994669086889e-04 2.083284551995733490e-04
1.439378800000000069e+00 7.607109886823349484e-04 2.052376735560380524e-04
1.446575699999999909e+00 7.531271654708905985e-04 2.020804136965002233e-04
1.453808599999999895e+00 7.455991003621148874e-04 1.989769727820559853e-04
1.461077600000000087e+00 7.381280205262260143e-04 1.959176512643325441e-04
1.468382999999999994e+00 7.307148939467266856e-04 1.929110510630599321e-04
1.475724899999999895e+00 7.233582718543246507e-04 1.899475730337849087e-04
1.483103499999999908e+00 7.160591940739971170e-04 1.870357512201357400e-04
1.490518999999999927e+00 7.088161333454536276e-04 1.841750088463765030e-04
1.497971600000000070e+00 7.016313476108958832e-04 1.813469910459378416e-04
1.505461500000000008e+00 6.945020632169738098e-04 1.785779396791185825e-04
1.512988800000000023e+00 6.874305781266378673e-04 1.758407617497227855e-04
1.520553700000000008e+00 6.804117460256697489e-04 1.730913646804932145e-04
1.528156499999999918e+00 6.734441143509646089e-04 1.703823960676423971e-04
1.535797300000000032e+00 6.665288238071377398e-04 1.677134451342671996e-04
1.543476300000000023e+00 6.596645282239810672e-04 1.650927228991213799e-04
1.551193700000000009e+00 6.528499255678740223e-04 1.625110991134191081e-04
1.558949600000000046e+00 6.460872888979373070e-04 1.599681736302161590e-04
1.566744399999999926e+00 6.393751313655726860e-04 1.574720204355559161e-04
1.574578100000000092e+00 6.327145946287185928e-04 1.550221299066850667e-04
1.582451000000000052e+00 6.261031777749585239e-04 1.526011326286547880e-04
1.590363299999999924e+00 6.195418634217230444e-04 1.502255099850866374e-04
1.598315099999999989e+00 6.130305697248680623e-04 1.478864210317339047e-04
1.606306599999999918e+00 6.065691317672653382e-04 1.455834776356425904e-04
1.614338199999999945e+00 6.001572332647289645e-04 1.433162773918048602e-04
1.622409900000000071e+00 5.937937958036634302e-04 1.410926673249963926e-04
1.630521899999999969e+00 5.874786781406893298e-04 1.388958092903700065e-04
1.638674500000000034e+00 5.812106243712957410e-04 1.367416995618439025e-04
1.646867899999999940e+00 5.749915818253508761e-04 1.346136706057208361e-04
1.655102199999999968e+00 5.688194009296521384e-04 1.325275796241509629e-04
1.663377700000000070e+00 5.626938908273692967e-04 1.304749265982550993e-04
1.671694599999999920e+00 5.566139281153192637e-04 1.284553513362644188e-04
1.680053100000000077e+00 5.505804054524617019e-04 1.264605687747576851e-04
1.688453399999999993e+00 5.445922118821641504e-04 1.245061206530459616e-04
1.696895599999999948e+00 5.386483354495559062e-04 1.225836957902956071e-04
1.705380099999999954e+00 5.327485681165205047e-04 1.206851216744783141e-04
1.713907000000000069e+00 5.269765981566992656e-04 1.188179492016611029e-04
1.722476600000000024e+00 5.211630871831704568e-04 1.169895623353029844e-04
1.731088900000000042e+00 5.153917070969746403e-04 1.151841316998956048e-04
1.739744399999999969e+00 5.096613140386804883e-04 1.134014167181405521e-04
1.748443100000000028e+00 5.039729233062775629e-04 1.116564480965193384e-04
1.757185299999999950e+00 4.983246157042452596e-04 1.099336150677339739e-04
1.765971200000000074e+00 4.927163903418722455e-04 1.082477886460922066e-04
1.774801099999999909e+00 4.871464112777804285e-04 1.065760112795124167e-04
1.783675099999999958e+00 4.816147752415144302e-04 1.049405946206729125e-04
1.792593499999999951e+00 4.761205927502676675e-04 1.033262414073701882e-04
1.801556500000000005e+00 4.706630578874399212e-04 1.017401402563126929e-04
1.810564199999999957e+00 4.652414431680410283e-04 1.001746266846865866e-04
1.819617100000000098e+00 4.598539979517376618e-04 9.864412318912400802e-05
1.828715099999999927e+00 4.545010101710916209e-04 9.712637792251782934e-05
1.837858699999999956e+00 4.491808012152393695e-04 9.564302912557169753e-05
1.847048000000000023e+00 4.438927707572069576e-04 9.417203690989928275e-05
1.856283300000000080e+00 4.386362437536184245e-04 9.270613602855159866e-05
1.865564699999999965e+00 4.334082551518334534e-04 9.125963381216369735e-05
1.874892500000000073e+00 4.282074525884999906e-04 8.983233449547994235e-05
1.884266999999999914e+00 4.230325381792204788e-04 8.842404425796960947e-05
1.893688299999999991e+00 4.178831345330964384e-04 8.704161405115677359e-05
1.903156700000000034e+00 4.127572492186216838e-04 8.568474830419661715e-05
1.912672499999999998e+00 4.076537350402507877e-04 8.434619051337694700e-05
1.922235899999999997e+00 4.025707794620186821e-04 8.302575916777218349e-05
1.931847099999999928e+00 3.975066447079644220e-04 8.170948474586698154e-05
1.941506299999999907e+00 3.924596658032560113e-04 8.041797574478308020e-05
1.951213800000000109e+00 3.874274750202800306e-04 7.914412121587448236e-05
1.960969900000000044e+00 3.824078056069060271e-04 7.789453352140955666e-05
1.970774699999999990e+00 3.773992851722032305e-04 7.666894082614209580e-05
1.980628599999999961e+00 3.723990655695542723e-04 7.546033702254324087e-05
1.990531800000000073e+00 3.674044972476740202e-04 7.426855178079316323e-05
2.000484399999999940e+00 3.624137811573674298e-04 7.310007795508798359e-05
2.010486799999999796e+00 3.574230202941882555e-04 7.195464116325165098e-05
2.020539299999999816e+00 3.524285232440924846e-04 7.082538137098748408e-05
2.030641999999999836e+00 3.474275082882712063e-04 6.971213848048022895e-05
2.040795199999999809e+00 3.424219500954937953e-04 6.862127334491246588e-05
2.050999200000000133e+00 3.373938384967670417e-04 6.754603014115678923e-05
2.061254200000000036e+00 3.323450023983359823e-04 6.648624991317861191e-05
2.071560400000000080e+00 3.272694138282627682e-04 6.544820470119250733e-05
2.081918200000000052e+00 3.221593164944573000e-04 6.442523818417878140e-05
2.092327800000000071e+00 3.170079955002856218e-04 6.342101559460471059e-05
2.102789500000000089e+00 3.118052179578071985e-04 6.243279017485580545e-05
2.113303399999999943e+00 3.065406317461354959e-04 6.146102480113904763e-05
2.123869899999999866e+00 3.012017784053003049e-04 6.050490814375670986e-05
2.134489299999999812e+00 2.957737114520524245e-04 5.956427011490045926e-05
2.145161700000000060e+00 2.902379438532297785e-04 5.863956860600129167e-05
2.155887499999999957e+00 2.845725035395363194e-04 5.773000660673840181e-05
2.166666999999999899e+00 2.787492582912734170e-04 5.683603341003928453e-05
2.177500300000000166e+00 2.727336782417550689e-04 5.595564600063282430e-05
2.188387800000000105e+00 2.664803887448798027e-04 5.509052341979354706e-05
2.199329699999999832e+00 2.599298254798674559e-04 5.423928675612675837e-05
2.210326400000000024e+00 2.530003101950512555e-04 5.340178297616993527e-05
2.221378000000000075e+00 2.455757349645075406e-04 5.257846735393460882e-05
2.232484900000000216e+00 2.374825502578535921e-04 5.176798739323854314e-05
2.243647300000000122e+00 2.284451085620594062e-04 5.097139516917794229e-05
2.254865600000000025e+00 2.179814597229793422e-04 5.018735294419325940e-05
2.266139900000000207e+00 2.051234124751055113e-04 4.941631794089064510e-05
2.277470600000000012e+00 1.873943214969669762e-04 4.865756047764281786e-05
2.288857900000000001e+00 1.536280812599040522e-04 4.790629467573687394e-05
2.294284900000000071e+00 8.607391075228143962e-05 4.755146446347614927e-05
2.295514999999999972e+00 8.438185204165492683e-05 1.386781342208016172e-04
2.300302199999999964e+00 1.464698108739382904e-04 1.376773147860283018e-04
2.311803700000000017e+00 1.761153502829873119e-04 1.353157428758221649e-04
2.323362799999999950e+00 1.869360674864220637e-04 1.329971876485000785e-04
2.334979600000000044e+00 1.917354479083734564e-04 1.307154718771447242e-04
2.346654500000000088e+00 1.929154200502469644e-04 1.284758708494403764e-04
2.358387800000000034e+00 1.908006882384902627e-04 1.262722608278424243e-04
2.370179700000000000e+00 1.837942263956244789e-04 1.241098793655746749e-04
2.382030600000000220e+00 1.576600051482817896e-04 1.219826615915255537e-04
2.384227600000000002e+00 1.324000035556599096e-04 1.215965177238909723e-04
2.385572600000000154e+00 1.318545190102984313e-04 1.772333943937050608e-04
2.393940699999999921e+00 1.798786166991050734e-04 1.750782414893389219e-04
2.405910399999999782e+00 1.966120671504888444e-04 1.720480926691217015e-04
2.417940000000000200e+00 2.058103355039920298e-04 1.690768093267136843e-04
2.430029699999999959e+00 2.120697084544759432e-04 1.661527608145916158e-04
2.442179799999999901e+00 2.166755382310043296e-04 1.632808954289361803e-04
2.454390699999999814e+00 2.201889332755611753e-04 1.604606240650493035e-04
2.466662700000000097e+00 2.229118060579193122e-04 1.576913698631890719e-04
2.478995999999999977e+00 2.250287857686080590e-04 1.549671944479947834e-04
2.491391000000000133e+00 2.266631172671392989e-04 1.522929512208868867e-04
2.503847899999999793e+00 2.279014430547827747e-04 1.496627647329940838e-04
2.516367199999999915e+00 2.288068883053341748e-04 1.470814387453597285e-04
2.528948999999999891e+00 2.294285729582846577e-04 1.445431661424382013e-04
2.541593799999999792e+00 2.298047018161005796e-04 1.420527074825489325e-04
2.554301699999999897e+00 2.299649157388905421e-04 1.395991023537896856e-04
2.567073199999999833e+00 2.299347806096049482e-04 1.371975235198754348e-04
2.579908599999999996e+00 2.297335489753908665e-04 1.348318718420942028e-04
2.592808199999999896e+00 2.293789877614562311e-04 1.325069104560764514e-04
2.605772200000000094e+00 2.288841602805244207e-04 1.302273084760945067e-04
2.618801100000000215e+00 2.282616485784652691e-04 1.279823637389926566e-04
2.631895099999999932e+00 2.275200386255331548e-04 1.257818397191070952e-04
2.645054500000000086e+00 2.266680333636434373e-04 1.236151538741165614e-04
2.658279799999999859e+00 2.257112591866596235e-04 1.214869513369265758e-04
2.671571199999999813e+00 2.246544527210402563e-04 1.193968091378341746e-04
2.684929100000000179e+00 2.235006421644301770e-04 1.173442989272690802e-04
2.698353700000000188e+00 2.222509105833831995e-04 1.153290050284000120e-04
2.711845499999999909e+00 2.209044088808199741e-04 1.133455909174294426e-04
2.725404699999999902e+00 2.194570437737286160e-04 1.113937216827409472e-04
2.739031699999999958e+00 2.179015606758523437e-04 1.094779198274286030e-04
2.752726899999999866e+00 2.162244185660151222e-04 1.075929369535091998e-04
2.766490500000000186e+00 2.144043157460144740e-04 1.057432617349892800e-04
2.780323000000000100e+00 2.124041986854889813e-04 1.039236969832591265e-04
2.794224600000000169e+00 2.101571263091087756e-04 1.021386896345768925e-04
2.808195700000000183e+00 2.075298029074318362e-04 1.003831008364572034e-04
2.822236699999999932e+00 2.041961688656345234e-04 9.865660940710724107e-05
2.836347899999999811e+00 1.989347435067212000e-04 9.696359663544458138e-05
2.844346900000000122e+00 1.915767725212052055e-04 9.601658487133784051e-05
2.849853200000000086e+00 1.909459016396798648e-04 1.109273588396443903e-04
2.850529600000000219e+00 1.919880394113484580e-04 1.108402923228524775e-04
2.864782299999999893e+00 1.990166856731857576e-04 1.089916584385111799e-04
2.879106199999999838e+00 2.007631477383693512e-04 1.071771829840908455e-04
2.893501699999999843e+00 2.013556533025788497e-04 1.053964780446328014e-04
2.907969200000000143e+00 2.014113871925731966e-04 1.036399986304805293e-04
2.922509100000000082e+00 2.011504249612938396e-04 1.019120584180878409e-04
2.937121600000000221e+00 2.006769092043253814e-04 1.002168894301469959e-04
2.951807200000000186e+00 2.000502651605376621e-04 9.854960101912870623e-05
2.966566199999999931e+00 1.993064375466632948e-04 9.690989257966954877e-05
2.981399099999999969e+00 1.984705774387548138e-04 9.529745964280909030e-05
2.996306099999999972e+00 1.975572986345403069e-04 9.370311952468196148e-05
3.011287600000000175e+00 1.966925209992213515e-04 9.207805362873233636e-05
3.026343999999999923e+00 1.957604651138432285e-04 9.046243720384811898e-05
3.041475800000000174e+00 1.947456612224526254e-04 8.887813122581395930e-05
3.056683099999999875e+00 1.936641491786877348e-04 8.732042755744768225e-05
3.071966600000000103e+00 1.925259779437240248e-04 8.578902642968301497e-05
3.087326399999999804e+00 1.913385685485838805e-04 8.428796215384666817e-05
3.102762999999999938e+00 1.901067123239724298e-04 8.281258877743218332e-05
3.118276799999999849e+00 1.888310313907004046e-04 8.135408043201595410e-05
3.133868200000000215e+00 1.875135750167865106e-04 7.992078464306148278e-05
3.149537599999999937e+00 1.861546501018977772e-04 7.851242294715900856e-05
3.165285299999999857e+00 1.847529177743057675e-04 7.712872184956388487e-05
3.181111700000000209e+00 1.833043475126456049e-04 7.577359484095951025e-05
3.197017199999999892e+00 1.818009971074376876e-04 7.443837582802283128e-05
3.213002299999999867e+00 1.802274106439176677e-04 7.312700191240521785e-05
3.229067300000000085e+00 1.785524577055881462e-04 7.183920927348385146e-05
3.245212700000000172e+00 1.767051427290371765e-04 7.057473194926685450e-05
3.261438699999999802e+00 1.744566201943978704e-04 6.933331294273338107e-05
3.273680699999999888e+00 1.716524989931277989e-04 6.841491279032688394e-05
3.277745900000000212e+00 1.686084812389990043e-04 6.811062528721983944e-05
3.283319500000000168e+00 1.708737190684211417e-04 7.231948795673419220e-05
3.294134699999999860e+00 1.717847066782777652e-04 7.146745101454668534e-05
3.310605300000000195e+00 1.715555377724335381e-04 7.019860319258764227e-05
3.327158400000000071e+00 1.708510527516440033e-04 6.895261853724148581e-05
3.343794100000000213e+00 1.699469904258549388e-04 6.772924770283307290e-05
3.360513099999999920e+00 1.689282346838874148e-04 6.652426764988938210e-05
3.377315700000000032e+00 1.678328534539897732e-04 6.534143244480790553e-05
3.394202299999999894e+00 1.666802429053441915e-04 6.418049304813408453e-05
3.411173300000000186e+00 1.654813926896182461e-04 6.304120265413493671e-05
3.428229099999999807e+00 1.642421378016909199e-04 6.192331667099778387e-05
3.445370299999999997e+00 1.629633852356971477e-04 6.083045510341065094e-05
3.462597099999999983e+00 1.616539944990468263e-04 5.977001711839449624e-05
3.479910100000000117e+00 1.603127719229123288e-04 5.873010663270403838e-05
3.497309700000000188e+00 1.589294733176567791e-04 5.771048908283310600e-05
3.514796200000000148e+00 1.574827573601428831e-04 5.670714404955926578e-05
3.532370199999999905e+00 1.559178695607830165e-04 5.572366517165800375e-05
3.550032100000000135e+00 1.540082420796557935e-04 5.475982396548856015e-05
3.554085000000000161e+00 1.534056802797154387e-04 5.453997608463117896e-05
3.567782199999999904e+00 1.523240031034007427e-04 5.618976883179976553e-05
3.569114900000000201e+00 1.523824596786081719e-04 5.611654112672237932e-05
3.585621100000000006e+00 1.521491622345843241e-04 5.523413927129625751e-05
3.603549199999999786e+00 1.513581335387178270e-04 5.429032381003266484e-05
3.621567000000000203e+00 1.504114401101549787e-04 5.336924290995006544e-05
3.639674799999999877e+00 1.493920686974276383e-04 5.246330361248998275e-05
3.657873200000000047e+00 1.483311222076532580e-04 5.157233945938667998e-05
3.676162600000000058e+00 1.472440568628854821e-04 5.069618841061380174e-05
3.694543400000000144e+00 1.461400106145833836e-04 4.983829502105801819e-05
3.713016099999999931e+00 1.450239181984827792e-04 4.899127037115484596e-05
3.731581199999999932e+00 1.438975214988118614e-04 4.815500917637712192e-05
3.750239099999999937e+00 1.427641004733675584e-04 4.733651166962495250e-05
3.768990300000000016e+00 1.416264130954088751e-04 4.653203433685298274e-05
3.787835199999999958e+00 1.404857593621858507e-04 4.574142357880103002e-05
3.806774400000000114e+00 1.393437643186889031e-04 4.496452475516116376e-05
3.825808299999999829e+00 1.382014353404103005e-04 4.420118705464928913e-05
3.844937299999999780e+00 1.370601218073954340e-04 4.345126096130107229e-05
3.864161999999999875e+00 1.359201731915316046e-04 4.271459603452070072e-05
3.883482799999999902e+00 1.347826828705457928e-04 4.199447526677412869e-05
3.902900199999999931e+00 1.336479626255067886e-04 4.128387538982863621e-05
3.922414700000000032e+00 1.325164953304939098e-04 4.058609809389260824e-05
3.942026799999999831e+00 1.313891059839194879e-04 3.990099945127467869e-05
3.961736900000000006e+00 1.302657046463361404e-04 3.922843784237373739e-05
3.981545600000000018e+00 1.291470740736241083e-04 3.856827092887282266e-05
4.001453299999999658e+00 1.280332817224846408e-04 3.792035964648872009e-05
4.021460600000000163e+00 1.269245528939735987e-04 3.728125215087126597e-05
4.041567900000000435e+00 1.258214590290894518e-04 3.665745260742766338e-05
4.061775700000000100e+00 1.247240348123523218e-04 3.604221681544482779e-05
4.082084599999999952e+00 1.236324750938403924e-04 3.543545782634117123e-05
4.102495000000000225e+00 1.225471449281551745e-04 3.484358461141336117e-05
4.123007499999999936e+00 1.214680540031479514e-04 3.425995373147904433e-05
4.143622599999999601e+00 1.203953797825849396e-04 3.368448185635419974e-05
4.164340700000000339e+00 1.193294590365760527e-04 3.312028565175080330e-05
4.185162400000000282e+00 1.182702840891650115e-04 3.256723464837095298e-05
4.206088199999999944e+00 1.172183262178087490e-04 3.202520038706305509e-05
4.227118599999999837e+00 1.161732552473869343e-04 3.148901400760847127e-05
4.248254199999999869e+00 1.151358313026945026e-04 3.096364038314323660e-05
4.269495499999999666e+00 1.141057157639010768e-04 3.044521055455178126e-05
4.290842999999999741e+00 1.130819749372259588e-04 2.993272496773790819e-05
4.312297199999999719e+00 1.120644622206987579e-04 2.942890966260668830e-05
4.333858700000000397e+00 1.110533284981334349e-04 2.893366908208528090e-05
4.355527999999999622e+00 1.100490177048299147e-04 2.844721502592037574e-05
4.377305599999999686e+00 1.090513720472586795e-04 2.796884117533260248e-05
4.399192099999999606e+00 1.080608115480696368e-04 2.749876188312106213e-05
4.421188100000000176e+00 1.070770238965315684e-04 2.703658376613677573e-05
4.443293999999999855e+00 1.061004252054558507e-04 2.658252102737815041e-05
4.465510499999999716e+00 1.051308392636289487e-04 2.613618429559750895e-05
4.487838100000000274e+00 1.041685211398610787e-04 2.569748896686020094e-05
4.510277199999999986e+00 1.032134443582769970e-04 2.526635173542337499e-05
4.532828600000000208e+00 1.022655639180321274e-04 2.484239394002959108e-05
4.555492799999999676e+00 1.013251180106328919e-04 2.442583001557629339e-05
4.578270200000000401e+00 1.003919383796593446e-04 2.401628791608834186e-05
4.601161600000000185e+00 9.971820004173463821e-05 2.360876827417110989e-05
4.624167400000000150e+00 9.879744415984273106e-05 2.320298114415645865e-05
4.647288200000000202e+00 9.788294420273259725e-05 2.280380018189719150e-05
4.670524699999999640e+00 9.697455521666617788e-05 2.241143858977367689e-05
4.693877299999999586e+00 9.607252989379271480e-05 2.202610599417034536e-05
4.717346700000000226e+00 9.517697222094708440e-05 2.164744089203912629e-05
4.740933400000000297e+00 9.428798905216812811e-05 2.127537000673714512e-05
4.764638099999999987e+00 9.340567397779545283e-05 2.090981981481607917e-05
4.788461299999999810e+00 9.268708163364397924e-05 2.054626779944489123e-05
4.812403599999999670e+00 9.181634271291558541e-05 2.018802993515054692e-05
4.836465600000000364e+00 9.095172741110369959e-05 1.983615290084793562e-05
4.860647900000000021e+00 9.009345658045582255e-05 1.949056582157968542e-05
4.884951199999999716e+00 8.924138636206549111e-05 1.915119807222877461e-05
4.909375899999999682e+00 8.839573612429557626e-05 1.881798084823510422e-05
4.933922800000000386e+00 8.755647154851955126e-05 1.849057444702202518e-05
4.958592399999999678e+00 8.672379635174613235e-05 1.816918356109458607e-05
4.983385400000000409e+00 8.589756042482577609e-05 1.785347280563425040e-05
5.008302300000000429e+00 8.507784789809476561e-05 1.754337940926569114e-05
5.033343799999999924e+00 8.426462120420866978e-05 1.723884045019105337e-05
5.058510499999999688e+00 8.345806464849906444e-05 1.693979393356517333e-05
5.083803099999999908e+00 8.265802625082881551e-05 1.664617809254849673e-05
5.109222100000000211e+00 8.186447207215429022e-05 1.635767168350772593e-05
5.134768199999999894e+00 8.107757366900719166e-05 1.607421794043028220e-05
5.160442100000000032e+00 8.029717963101785840e-05 1.579601873616932637e-05
5.186244300000000251e+00 7.952335696518037357e-05 1.552275827948182264e-05
5.212175499999999850e+00 7.875605957583228030e-05 1.525438135507162789e-05
5.238236399999999904e+00 7.799524170702025819e-05 1.499083326145402486e-05
5.264427600000000318e+00 7.724096169190945553e-05 1.473180707432177867e-05
5.290749700000000111e+00 7.649317419228886293e-05 1.447750488630897986e-05
5.317203400000000357e+00 7.575183123244180576e-05 1.422762294960886685e-05
5.343789499999999748e+00 7.501698025567403775e-05 1.398236124004625579e-05
5.370508400000000293e+00 7.428848266203205036e-05 1.374142024458830717e-05
5.397360899999999795e+00 7.356638455799361016e-05 1.350475157900865887e-05
5.424347700000000216e+00 7.285063648320593867e-05 1.327230756899215711e-05
5.451469499999999968e+00 7.214128340699281928e-05 1.304404097792226203e-05
5.478726799999999564e+00 7.143818600171383045e-05 1.281990547033102175e-05
5.506120499999999751e+00 7.074147499505703269e-05 1.259961227803183436e-05
5.533651100000000156e+00 7.005091961329462126e-05 1.238311950945990629e-05
5.561319300000000077e+00 6.936665290779995467e-05 1.217062468384495248e-05
5.589125899999999980e+00 6.868853032933527338e-05 1.196208240956425294e-05
5.617071600000000053e+00 6.801659104354369106e-05 1.175697368332544338e-05
5.645156899999999922e+00 6.735078820286739224e-05 1.155573354523008908e-05
5.673382700000000334e+00 6.669106573202858716e-05 1.135784804992929005e-05
5.701749600000000306e+00 6.612169176579084894e-05 1.116281362115178094e-05
5.730258400000000307e+00 6.547373938608800161e-05 1.096874125112344525e-05
5.758909599999999962e+00 6.483138047536669694e-05 1.077840549843223185e-05
5.787704200000000299e+00 6.419465232094578378e-05 1.059130281795842464e-05
5.816642700000000055e+00 6.356360044527497710e-05 1.040762712910031553e-05
5.845725899999999697e+00 6.293809710168045554e-05 1.022733970183492146e-05
5.874954599999999694e+00 6.231826110032664392e-05 1.005017545171228009e-05
5.904329299999999670e+00 6.170397101890131469e-05 9.876100257143812389e-06
5.933850999999999765e+00 6.109525713627896829e-05 9.705303923475188874e-06
5.963520199999999605e+00 6.049200025152344149e-05 9.537526235705673459e-06
5.993337799999999937e+00 5.989430975280698094e-05 9.372733343533953896e-06
6.023304500000000061e+00 5.930206226312360087e-05 9.210892029284297261e-06
6.053421000000000163e+00 5.871529034227414474e-05 9.051749336984898055e-06
6.083688200000000101e+00 5.813386902956804763e-05 8.895713507138074195e-06
6.114106600000000391e+00 5.755783397649963271e-05 8.742313522474560222e-06
6.144677100000000003e+00 5.698721053247302146e-05 8.591737069393528907e-06
6.175400500000000292e+00 5.642180369818912341e-05 8.443952247539928508e-06
6.206277499999999669e+00 5.586171676250304823e-05 8.298498355679964489e-06
6.237308900000000378e+00 5.530690212801785198e-05 8.155991116991297789e-06
6.268495399999999940e+00 5.475724331580068534e-05 8.015758952509818697e-06
6.299837899999999991e+00 5.421276440664456523e-05 7.878200161264561707e-06
6.331337099999999829e+00 5.367342089892551427e-05 7.742863601974887922e-06
6.362993799999999922e+00 5.313909796309567780e-05 7.610143971308598391e-06
6.394808799999999849e+00 5.260995727704162933e-05 7.479594701089954557e-06
6.426782799999999796e+00 5.208574849963557024e-05 7.351606907082801508e-06
6.458916699999999622e+00 5.156656147126256404e-05 7.225738553949323718e-06
6.491211299999999795e+00 5.105235014402639495e-05 7.102171785939510296e-06
6.523667399999999894e+00 5.054300327540486366e-05 6.980676524407876752e-06
6.556285700000000105e+00 5.003854421938879658e-05 6.861433408153126748e-06
6.589067100000000288e+00 4.956441303013908386e-05 6.743608289047126379e-06
6.622012500000000301e+00 4.906940205682731876e-05 6.627791336125907432e-06
6.655122500000000052e+00 4.857908418716275819e-05 6.513960700661165936e-06
6.688398099999999680e+00 4.809341494675982242e-05 6.402094330517342789e-06
6.721840099999999651e+00 4.761235325057994872e-05 6.292368726798250991e-06
6.755449300000000434e+00 4.713585838829345104e-05 6.184562304775575229e-06
6.789226600000000111e+00 4.666394926452246657e-05 6.078065160992878596e-06
6.823172699999999757e+00 4.619646547480588545e-05 5.973645952834830278e-06
6.857288600000000400e+00 4.573348538258003275e-05 5.870892196427170622e-06
6.891574999999999562e+00 4.527491055189017470e-05 5.770172713536208967e-06
6.926032900000000048e+00 4.482069955035831570e-05 5.671079289043877523e-06
6.960663099999999659e+00 4.437087166295000055e-05 5.573785813001549219e-06
6.995466399999999751e+00 4.392538711956193520e-05 5.478272116723900395e-06
7.030443700000000185e+00 4.348414874399448318e-05 5.384328678654147778e-06
7.065595899999999929e+00 4.304717397842112991e-05 5.292126958158830825e-06
7.100923899999999733e+00 4.261436760328167245e-05 5.201647242469149046e-06
7.136428500000000064e+00 4.219496530831443217e-05 5.112310145489374992e-06
7.172110700000000172e+00 4.177045495915382108e-05 5.024290310240185628e-06
7.207971200000000245e+00 4.135005463683951560e-05 4.937943779540773224e-06
7.244011099999999814e+00 4.093367054559633251e-05 4.853251341872847301e-06
7.280231099999999955e+00 4.052132142383606109e-05 4.769828323755235739e-06
7.316632300000000200e+00 4.011291535751167631e-05 4.688025418772150504e-06
7.353215500000000127e+00 3.970846961315477325e-05 4.607642973117525473e-06
7.389981500000000203e+00 3.930789735136724596e-05 4.528665340071194386e-06
7.426931399999999961e+00 3.891121223836104182e-05 4.451076829049440627e-06
7.464066100000000148e+00 3.851837829753030436e-05 4.374862017417159490e-06
7.501386400000000343e+00 3.812931126689953051e-05 4.300005678353172896e-06
7.538893400000000078e+00 3.774407363123359366e-05 4.226492549012621715e-06
7.576587800000000428e+00 3.736253364980075332e-05 4.154307731841835939e-06
7.614470800000000317e+00 3.698470341551936453e-05 4.083436186054523852e-06
7.652543099999999932e+00 3.661055065924669966e-05 4.013689226711020514e-06
7.690805799999999692e+00 3.624008679391557946e-05 3.945227926661064976e-06
7.729259899999999739e+00 3.587318240724092337e-05 3.877865423459396156e-06
7.767906199999999650e+00 3.550989926032984453e-05 3.811932924073443137e-06
7.806745699999999566e+00 3.515011047270340732e-05 3.746901732531992175e-06
7.845779399999999626e+00 3.479387476555201785e-05 3.683272100148239204e-06
7.885008299999999970e+00 3.444111275735246402e-05 3.620520686227860092e-06
7.924433399999999850e+00 3.409179172382524218e-05 3.558974800994337271e-06
7.964055499999999732e+00 3.374588097931856533e-05 3.498620738206345591e-06
8.003875799999999430e+00 3.340339035253916353e-05 3.439111910808785210e-06
8.043895199999999690e+00 3.306424447316495206e-05 3.380770958893275221e-06
8.084114700000000653e+00 3.272841193444627308e-05 3.323419675360003113e-06
8.124535200000000401e+00 3.239590478090334042e-05 3.267211180695231657e-06
8.165157900000000524e+00 3.206664746652065906e-05 3.211805928340512973e-06
8.205983700000000880e+00 3.174061035826941695e-05 3.157520369308034048e-06
8.247013600000000721e+00 3.141780440374661646e-05 3.104018493552926919e-06
8.288248700000000468e+00 3.109819779547091261e-05 3.051613618597644625e-06
8.329689899999999980e+00 3.078172029919530508e-05 2.999973191994268367e-06
8.371338400000000846e+00 3.046838111119039367e-05 2.949407470643585664e-06
8.413195099999999371e+00 3.015811141859194459e-05 2.899587286283792448e-06
8.455261000000000138e+00 2.985096078555630211e-05 2.850662439977176903e-06
8.497537299999999405e+00 2.954681977349915250e-05 2.802622852623646174e-06
8.540024999999999977e+00 2.924573704129116694e-05 2.755458605130428463e-06
9.030794000000000210e+00 2.610181752683862441e-05 2.272534881910184818e-06
9.653919000000000139e+00 2.271385947776768098e-05 1.788099060508186796e-06
1.032004000000000055e+01 1.971560151361563673e-05 1.407454984319207801e-06
1.103212000000000081e+01 1.703776641856923716e-05 1.106555480166321688e-06
1.179334000000000060e+01 1.453177368980565972e-05 8.716934967290705547e-07
1.203822000000000081e+01 1.368506794695412590e-05 8.103568056967370248e-07
1.222247999999999912e+01 1.276755104855948119e-05 7.679103272907803430e-07
1.227162000000000042e+01 1.207475639413376429e-05 7.570856075269748887e-07
1.234531999999999918e+01 1.251251407163302156e-05 1.882169996972015581e-06
1.252957999999999927e+01 1.264508357303687800e-05 1.781140352334533789e-06
1.260707999999999984e+01 1.258469480223225343e-05 1.740819957769628743e-06
1.347696999999999967e+01 1.131327806874080339e-05 1.358644687947731404e-06
1.392453000000000074e+01 1.054331895656965260e-05 1.204015037551876323e-06
1.413766000000000034e+01 1.005897733710489827e-05 1.138192122219519783e-06
1.419449000000000005e+01 9.760224168954554207e-06 1.121436474353985375e-06
1.427974000000000032e+01 9.867615089664655926e-06 1.527021432103580249e-06
1.440687999999999924e+01 9.838227655694676432e-06 1.478136103791352255e-06
1.449286999999999992e+01 9.768655158233134308e-06 1.446022242510815085e-06
1.454251000000000005e+01 9.720444738563706788e-06 1.427988876629693838e-06
1.476510000000000034e+01 9.433868125193751902e-06 1.350531262317388469e-06
1.482446000000000019e+01 9.273688465366150126e-06 1.330657848894710110e-06
1.491350000000000087e+01 9.291716988473536009e-06 1.503838332501522526e-06
1.513608999999999938e+01 9.163077317993355533e-06 1.427515786637550238e-06
1.540094999999999992e+01 8.940682942142900351e-06 1.343031513028269472e-06
1.646361999999999881e+01 7.998795429548147856e-06 1.060396266550289830e-06
1.759960999999999842e+01 7.085964707204514821e-06 8.364270244712328410e-07
1.881398000000000081e+01 6.250064676593066071e-06 6.596642226242152475e-07
2.011214999999999975e+01 5.498249112780166047e-06 5.198514398544922553e-07
2.149988000000000099e+01 4.828302140754582408e-06 4.098052060950509292e-07
2.298338000000000036e+01 4.234955635182398599e-06 3.232795205187853128e-07
2.456923000000000101e+01 3.714277202447029101e-06 2.552211626414276222e-07
2.626450000000000173e+01 3.253463621849012381e-06 2.013821502101455236e-07
2.807676000000000016e+01 2.848861434875583485e-06 1.579936499699492888e-07
3.001405000000000101e+01 2.494692236523926107e-06 1.236187580679206461e-07
3.208502000000000010e+01 2.181923709386271324e-06 9.660989674955747710e-08
3.429889000000000010e+01 1.907811463380244467e-06 7.559003853383152618e-08
3.666550999999999760e+01 1.667827555986639910e-06 5.922067901890713026e-08
3.919543000000000177e+01 1.457854974957537910e-06 4.645062204821293878e-08
4.189992000000000161e+01 1.274208530894401823e-06 3.648107017264083591e-08
4.479100999999999999e+01 1.113625366176917150e-06 2.869070134385648514e-08
4.788159000000000276e+01 9.732268887344851128e-07 2.259411525505392286e-08
5.118542000000000058e+01 8.504783939451076333e-07 1.781687753381848425e-08
5.471721000000000146e+01 7.431515061090023317e-07 1.405636882018366226e-08
5.849269999999999925e+01 6.492750246526775349e-07 1.109351287920485825e-08
6.252870000000000061e+01 5.671328322906299475e-07 8.766219172817673062e-09
6.684318000000000382e+01 4.951910645196675485e-07 6.918115685065144817e-09
7.145535999999999888e+01 4.320392935464269620e-07 5.462012333890235053e-09
7.638577999999999690e+01 3.762440120532970414e-07 4.320250197341869482e-09
8.144025999999999499e+01 3.267765195860850627e-07 3.448128811268811552e-09
8.165640000000000498e+01 3.246139025267024105e-07 3.415676031613034695e-09
8.268679000000000201e+01 3.126788798449292099e-07 3.265990781122246659e-09
8.301919999999999789e+01 3.050473614228086761e-07 3.219702704277404703e-09
8.351780999999999722e+01 3.067065178249105540e-07 1.313508045727708984e-08
8.476434999999999320e+01 3.022453331670412048e-07 1.247066439775954180e-08
8.729068999999999789e+01 2.879122724504967212e-07 1.124883701153203395e-08
9.331373999999999569e+01 2.543756075633960021e-07 8.894250337510702346e-09
9.975239000000000544e+01 2.236683852782373878e-07 7.025487880318510413e-09
1.066353000000000009e+02 1.963008371182553778e-07 5.547900626250481641e-09
1.139930999999999983e+02 1.721089399718146778e-07 4.382988204338137787e-09
1.218586999999999989e+02 1.508055693520328805e-07 3.461420166765423081e-09
1.302668999999999926e+02 1.320800224293610035e-07 2.733506365382596927e-09
1.392553000000000054e+02 1.156441781247788689e-07 2.160605594349238369e-09
1.488640000000000043e+02 1.012314770255447252e-07 1.709952128690044781e-09
1.591356000000000108e+02 8.860123211636051081e-08 1.355262349290467483e-09
1.701159000000000106e+02 7.753825207273061981e-08 1.075801262592903691e-09
1.818539000000000101e+02 6.785108497919997491e-08 8.550416964006398872e-10
1.944018000000000086e+02 5.937034366119377476e-08 6.807923040121825813e-10
2.078155999999999892e+02 5.194717219378896599e-08 5.433246200502337953e-10
2.221547999999999945e+02 4.545083698916418425e-08 4.347308385280092761e-10
2.374834999999999923e+02 3.976613348616099181e-08 3.488343454895580501e-10
2.538699000000000012e+02 3.479199720091638764e-08 2.807724824862618211e-10
2.713869000000000256e+02 3.043991110289819243e-08 2.267528319040519849e-10
2.901125999999999863e+02 2.663218247951444543e-08 1.837892358281492383e-10
3.101304000000000087e+02 2.330078691295602859e-08 1.495459484779819002e-10
3.315294000000000096e+02 2.038621731183149136e-08 1.221917031028870779e-10
3.544048999999999978e+02 1.783632926823069502e-08 1.002674692042366957e-10
3.788587999999999738e+02 1.560549566522059289e-08 8.265430412145895862e-11
4.050000999999999749e+02 1.365379114538453547e-08 6.845270961971238004e-11
4.329451000000000249e+02 1.194628390783392921e-08 5.696145991935566025e-11
