1.001660500000000065e+00 8.212114085638069945e-04 2.163791231492059441e-04
1.006668799999999919e+00 8.125642648728862057e-04 2.129911456792810240e-04
1.011702099999999938e+00 8.039083826447332697e-04 2.096572781061321466e-04
1.016760600000000014e+00 7.952477993802202320e-04 2.063769221675270499e-04
1.021844399999999986e+00 7.865865809402165397e-04 2.031495059702215743e-04
1.026953599999999911e+00 7.779265600630662011e-04 1.999744623592985052e-04
1.032088399999999906e+00 7.692839314313004153e-04 1.968512098166530955e-04
1.037248900000000029e+00 7.606332428625351295e-04 1.937791917521442355e-04
1.042435100000000059e+00 7.519909837528289962e-04 1.907578744788494167e-04
1.047647299999999948e+00 7.433564437586746929e-04 1.877783861057175107e-04
1.052885499999999919e+00 7.347313863335511652e-04 1.848485724289652477e-04
1.058149900000000088e+00 7.261172483633322608e-04 1.819678773022434938e-04
1.063440699999999906e+00 7.175134752038015741e-04 1.791357504892228489e-04
1.068757900000000038e+00 7.089198230925170159e-04 1.763435567526631530e-04
1.074101699999999937e+00 7.003377336400516901e-04 1.735989599979303121e-04
1.079472200000000104e+00 6.917649412609452571e-04 1.708933972399013785e-04
1.084869499999999931e+00 6.832011719241239513e-04 1.682424793609651266e-04
1.090293900000000038e+00 6.746477992110803523e-04 1.656216547014621710e-04
1.095745399999999981e+00 6.661010003327180089e-04 1.630544419732626632e-04
1.101224100000000039e+00 6.575606546421565229e-04 1.605165670106457713e-04
1.106730200000000108e+00 6.490265513594981267e-04 1.580312879218852187e-04
1.112263900000000083e+00 6.404949330794299346e-04 1.555745611463816788e-04
1.117825199999999963e+00 6.319642169967918961e-04 1.531616790488884007e-04
1.123414300000000088e+00 6.234326822318377991e-04 1.507921414825636093e-04
1.129031399999999907e+00 6.148969680131045456e-04 1.484577633506299176e-04
1.134676500000000088e+00 6.063540914802521137e-04 1.461581953073364578e-04
1.140349899999999916e+00 5.978008987195069113e-04 1.438930519239569141e-04
1.146051699999999895e+00 5.892346051368246591e-04 1.416695533081032755e-04
1.151781900000000025e+00 5.806493305207420996e-04 1.394797072391267163e-04
1.157540800000000036e+00 5.720424685999678932e-04 1.373231395361418773e-04
1.163328499999999988e+00 5.634068454672361715e-04 1.352069673693275117e-04
1.169145199999999996e+00 5.547387579948361014e-04 1.331158718935851102e-04
1.174990900000000060e+00 5.460316748610174282e-04 1.310644141647141522e-04
1.180865899999999913e+00 5.372759160666987699e-04 1.290447713157438661e-04
1.186770199999999997e+00 5.284672300573208708e-04 1.270566204445218613e-04
1.192703999999999986e+00 5.195951829480785359e-04 1.250996194076636314e-04
1.198667600000000055e+00 5.106481911270405660e-04 1.231734192608912172e-04
1.204660899999999923e+00 5.016185907738214718e-04 1.212777155845382911e-04
1.210684199999999988e+00 4.924896927929444659e-04 1.194121653989546112e-04
1.216737600000000086e+00 4.832502044057151828e-04 1.175764492197065589e-04
1.222821300000000111e+00 4.738804022889859060e-04 1.157702406046032148e-04
1.228935399999999900e+00 4.643644543164456712e-04 1.139790957236318350e-04
1.235080100000000014e+00 4.546741200136891628e-04 1.122029049549788806e-04
1.241255500000000067e+00 4.447867863481211326e-04 1.104555583624252643e-04
1.247461799999999954e+00 4.346694138494426661e-04 1.087367391508872901e-04
1.253699099999999955e+00 4.242848576150171753e-04 1.070461422084300815e-04
1.259967599999999965e+00 4.135919680684477695e-04 1.053834564607730327e-04
1.266267400000000043e+00 4.025349103917947387e-04 1.037483821043707781e-04
1.272598799999999919e+00 3.910464810599121569e-04 1.021337830848113301e-04
1.278961800000000038e+00 3.790463335084370291e-04 1.005462636166254322e-04
1.285356600000000071e+00 3.664266429441937530e-04 9.899227806810622352e-05
1.291783300000000079e+00 3.530484237265541273e-04 9.745127191949095149e-05
1.298242300000000071e+00 3.387258832102811763e-04 9.594319985962425172e-05
1.304733499999999990e+00 3.231993852734437703e-04 9.446103748727133263e-05
1.311257099999999953e+00 3.061040930319558592e-04 9.299787359812114733e-05
1.317813399999999913e+00 2.868480160053096827e-04 9.156010160467221016e-05
1.324402499999999927e+00 2.644924467774515840e-04 9.014088839783821925e-05
1.331024500000000055e+00 2.372882643378717909e-04 8.874657969568310555e-05
1.337679599999999969e+00 2.013849960647754009e-04 8.737689545352641716e-05
1.344368000000000007e+00 1.448574596185974936e-04 8.602510000210736112e-05
1.351089900000000066e+00 -9.636327267579090808e-05 8.469744129777785331e-05
1.351213500000000067e+00 -1.348723753874429105e-04 8.467684249731896628e-05
1.351586500000000024e+00 -1.389403117237758827e-04 3.220210958592852708e-04
1.357845299999999922e+00 1.230199281126768366e-04 3.168025488698399117e-04
1.364634499999999973e+00 1.674065733592053991e-04 3.112689935996627941e-04
1.371457699999999891e+00 1.850777647083805657e-04 3.058269603132081674e-04
1.378314999999999957e+00 1.874269345354360745e-04 3.004754707300046979e-04
1.385206600000000066e+00 1.698390328906510568e-04 2.952198007022108542e-04
1.391164599999999973e+00 4.541453076816296416e-05 2.907724931585548597e-04
1.391835300000000109e+00 4.446007510448464099e-05 4.370714180913771421e-04
1.392132600000000053e+00 7.477559524885026606e-05 4.367410817215023797e-04
1.399093300000000095e+00 2.029267769245153108e-04 4.290389290127014240e-04
1.406088699999999969e+00 2.426068894146632578e-04 4.214705591989195525e-04
1.413119199999999909e+00 2.683137461820845498e-04 4.140405699426024039e-04
1.420184799999999914e+00 2.874500477882844726e-04 4.067413434587835636e-04
1.427285700000000102e+00 3.025774362991507250e-04 3.995714202930851521e-04
1.434422099999999922e+00 3.149344298107890146e-04 3.925293547614986289e-04
1.441594199999999937e+00 3.252265971095623896e-04 3.856076920203028741e-04
1.448802200000000040e+00 3.339061670052619665e-04 3.788170889416046664e-04
1.456046200000000068e+00 3.412801088433429337e-04 3.721381868936356522e-04
1.463326499999999974e+00 3.475716078439066337e-04 3.655875449447953517e-04
1.470643099999999981e+00 3.529487471916922087e-04 3.591460319330975711e-04
1.477996300000000041e+00 3.575389278797833884e-04 3.528241790431250612e-04
1.485386300000000048e+00 3.614459740652093572e-04 3.466089394244451752e-04
1.492813200000000062e+00 3.647521847037344918e-04 3.405049827054867462e-04
1.500277300000000036e+00 3.675260523842558595e-04 3.345110397164852644e-04
1.507778700000000027e+00 3.698250129412170039e-04 3.286258984764525042e-04
1.515317599999999931e+00 3.716948259839687177e-04 3.228426053898611763e-04
1.522894200000000087e+00 3.731787456914755787e-04 3.171600334704163045e-04
1.530508600000000108e+00 3.743100880567536604e-04 3.115827593378382395e-04
1.538161200000000006e+00 3.751199826343297916e-04 3.060982614870004915e-04
1.545852000000000004e+00 3.756340791180418320e-04 3.007168018043268978e-04
1.553581199999999995e+00 3.758752612201658478e-04 2.954316203618606476e-04
1.561349099999999934e+00 3.758647155830083264e-04 2.902360606930912091e-04
1.569155899999999937e+00 3.756184923320071201e-04 2.851346730446097750e-04
1.577001700000000062e+00 3.751530874031193874e-04 2.801209129631344755e-04
1.584886699999999982e+00 3.744800218465418884e-04 2.751992927160961592e-04
1.592811100000000035e+00 3.736122328624302390e-04 2.703633223650675553e-04
1.600775199999999954e+00 3.725596253356903563e-04 2.656120372247435012e-04
1.608778999999999959e+00 3.713276840639100811e-04 2.609445313618664951e-04
1.616822900000000063e+00 3.699249926844872275e-04 2.563652110009177905e-04
1.624907000000000101e+00 3.683550025935604095e-04 2.518624033909248254e-04
1.633031600000000028e+00 3.666193797462332054e-04 2.474405760414783817e-04
1.641196700000000064e+00 3.647183136694900538e-04 2.430935633714440577e-04
1.649402699999999999e+00 3.626486541690087588e-04 2.388257805622911447e-04
1.657649699999999893e+00 3.604035773646169704e-04 2.346363527081287705e-04
1.665937999999999919e+00 3.579717590210179721e-04 2.305191722439343591e-04
1.674267699999999914e+00 3.553338255768535110e-04 2.264734573634940131e-04
1.682638999999999996e+00 3.524595101676554704e-04 2.224984189001045554e-04
1.691052199999999894e+00 3.493027921626402910e-04 2.185881275035975798e-04
1.699507499999999949e+00 3.457828523171436108e-04 2.147469943176734787e-04
1.708004999999999995e+00 3.417630662053991551e-04 2.109742639448748572e-04
1.716544999999999987e+00 3.369710374983153622e-04 2.072691625563597546e-04
1.725127800000000100e+00 3.307666188871565536e-04 2.036258913177363091e-04
1.733753399999999889e+00 3.208951890087430336e-04 2.000488096467598531e-04
1.739423900000000023e+00 3.043791032320364927e-04 1.977444565833269964e-04
1.742422200000000032e+00 2.994040647134168305e-04 2.308098202093591771e-04
1.742976000000000081e+00 3.034263162533573015e-04 2.305372301399484178e-04
1.751134299999999921e+00 3.209449164335129341e-04 2.265973773075437823e-04
1.759889899999999896e+00 3.261455108432673882e-04 2.224606117518174782e-04
1.768689399999999967e+00 3.284678951548643342e-04 2.183986554906057150e-04
1.777532799999999913e+00 3.294802411337770590e-04 2.144106984721773964e-04
1.786420499999999967e+00 3.297154125947039096e-04 2.104958886018169350e-04
1.795352599999999965e+00 3.294200203637380670e-04 2.066534178394132174e-04
1.804329400000000083e+00 3.287278386651640207e-04 2.028824617965154019e-04
1.813350999999999935e+00 3.277171863705689273e-04 1.991774382444988576e-04
1.822417799999999977e+00 3.264293818694502742e-04 1.955423625506998490e-04
1.831529900000000044e+00 3.248892088853995636e-04 1.920475622102982673e-04
1.840687500000000032e+00 3.231970940860571444e-04 1.886959084235251597e-04
1.849890899999999894e+00 3.213667352781587926e-04 1.854197841234748990e-04
1.859140400000000026e+00 3.193927932894279021e-04 1.822042700115344722e-04
1.868436100000000044e+00 3.172664873209058724e-04 1.790533412547539555e-04
1.877778299999999900e+00 3.149668421451915466e-04 1.759662431476222643e-04
1.887167199999999934e+00 3.124520732968426176e-04 1.729422376026532493e-04
1.896603000000000039e+00 3.096292011971916785e-04 1.699760152171313611e-04
1.906085999999999947e+00 3.062639243903515687e-04 1.670669105101754779e-04
1.915616500000000055e+00 3.014559239197574388e-04 1.642142645419151852e-04
1.920800199999999958e+00 2.958760725554343551e-04 1.626952905580921534e-04
1.924799699999999891e+00 2.950244543084543677e-04 1.729576098377468745e-04
1.925194499999999920e+00 2.956153030796652547e-04 1.728319438857827924e-04
1.934820500000000054e+00 2.997425006181500475e-04 1.698270857281415169e-04
1.944494600000000073e+00 3.000131560954668632e-04 1.668791071768631546e-04
1.954217099999999929e+00 2.994037530881307621e-04 1.639873560116304003e-04
1.963988199999999962e+00 2.983702888842357107e-04 1.611511945705775342e-04
1.973808100000000065e+00 2.970765385069529100e-04 1.583699907354918837e-04
1.983677200000000029e+00 2.956011514326108537e-04 1.556431022023530128e-04
1.993595500000000076e+00 2.939864856956015630e-04 1.529655690746063907e-04
2.003563499999999831e+00 2.922582818177129845e-04 1.503411515808656057e-04
2.013581299999999796e+00 2.904294396527369940e-04 1.477606240594822129e-04
2.023649199999999926e+00 2.885101968243568489e-04 1.452706987445121173e-04
2.033767500000000172e+00 2.865399046636651491e-04 1.428531165701876890e-04
2.043936299999999928e+00 2.845198785634803261e-04 1.404814878678479258e-04
2.054155999999999871e+00 2.824471341102086303e-04 1.381595049331047712e-04
2.064426800000000117e+00 2.803173353748902191e-04 1.358781776294651215e-04
2.074748899999999896e+00 2.781212088437147174e-04 1.336412426448560747e-04
2.085122699999999885e+00 2.758401547354634442e-04 1.314481805944688422e-04
2.095548299999999919e+00 2.734387797067051049e-04 1.292943528069495748e-04
2.106025999999999954e+00 2.708326555786757486e-04 1.271793174210475322e-04
2.116556200000000221e+00 2.677597747091516023e-04 1.251026308734694411e-04
2.124405199999999994e+00 2.643309748054294768e-04 1.235900644633622749e-04
2.127138899999999833e+00 2.616226758296154526e-04 1.230679591223149145e-04
2.132194699999999887e+00 2.629225775936328219e-04 1.278702686152962190e-04
2.137774600000000191e+00 2.635731370008601655e-04 1.267851472641504725e-04
2.148463500000000082e+00 2.630556958243075098e-04 1.247359099774766758e-04
2.159205800000000064e+00 2.619148546481398290e-04 1.227280541270252170e-04
2.170001800000000092e+00 2.605280042999231528e-04 1.207530944945382800e-04
2.180851899999999954e+00 2.590073157498178481e-04 1.188146478252136845e-04
2.191756100000000096e+00 2.574035667717811614e-04 1.169083540149458298e-04
2.202714900000000142e+00 2.557422002588550635e-04 1.150338499076865680e-04
2.213728500000000210e+00 2.540405384374408741e-04 1.131907918635332330e-04
2.224797099999999972e+00 2.523089881858345631e-04 1.113827416035004095e-04
2.235921100000000106e+00 2.505535384436893592e-04 1.096054099047597712e-04
2.247100699999999840e+00 2.487848327950489542e-04 1.078623262342824456e-04
2.258336200000000016e+00 2.470083111076216563e-04 1.061492520184578227e-04
2.269627900000000142e+00 2.452249094661957079e-04 1.044505524838359203e-04
2.280975999999999893e+00 2.434295967738275693e-04 1.027661306998627961e-04
2.292380899999999944e+00 2.416263607138679213e-04 1.011110313027870241e-04
2.303842799999999968e+00 2.398165802719546549e-04 9.948116394775338191e-05
2.315361999999999920e+00 2.380028082276240578e-04 9.788001150685301101e-05
2.326938800000000196e+00 2.361870957705102360e-04 9.630352215051308314e-05
2.338573499999999861e+00 2.343702048910071222e-04 9.475514662330926147e-05
2.350266400000000200e+00 2.325540766631470184e-04 9.323087572343366958e-05
2.362017699999999998e+00 2.307390122038748882e-04 9.173413221072690372e-05
2.373827799999999932e+00 2.289268390033946828e-04 9.025728743673477352e-05
2.385696999999999957e+00 2.271177788997917656e-04 8.880742261527150530e-05
2.397625399999999907e+00 2.253128566390492742e-04 8.738061938797372452e-05
2.409613600000000133e+00 2.235125848421286483e-04 8.597661902056426394e-05
2.421661600000000192e+00 2.217175690038639287e-04 8.459877217470897226e-05
2.433769900000000153e+00 2.199286759125268888e-04 8.323963997781041796e-05
2.445938799999999969e+00 2.181460355248882694e-04 8.190258468744244006e-05
2.458168500000000201e+00 2.163705249435408831e-04 8.058737076406687462e-05
2.470459299999999914e+00 2.146026072946195025e-04 7.929376131518465576e-05
2.482811599999999785e+00 2.128430704068935263e-04 7.801802142765309274e-05
2.495225700000000213e+00 2.110919769682002432e-04 7.676693001888047340e-05
2.507701799999999981e+00 2.093490517136077655e-04 7.552635834802946748e-05
2.520240300000000211e+00 2.076122533474094884e-04 7.430312007704358750e-05
2.532841499999999968e+00 2.058820554102267864e-04 7.310046745968486746e-05
2.545505700000000093e+00 2.041592558908309125e-04 7.191476430093790367e-05
2.558233299999999932e+00 2.024442678638877836e-04 7.074922931906862695e-05
2.571024400000000210e+00 2.007372005358284072e-04 6.960364650947714268e-05
2.583879599999999943e+00 1.990387452414504063e-04 6.847442790671168700e-05
2.596798999999999857e+00 1.973486572419959025e-04 6.736475500609965985e-05
2.609782899999999906e+00 1.956679718949745834e-04 6.627108494498361302e-05
2.622831899999999994e+00 1.939963509492893953e-04 6.519655614716517611e-05
2.635946000000000122e+00 1.923338759035234211e-04 6.414096395459746483e-05
2.649125699999999917e+00 1.906814988619286535e-04 6.310081559554695267e-05
2.662371400000000055e+00 1.890385855426205092e-04 6.207594927270577469e-05
2.675683199999999928e+00 1.874058055822436794e-04 6.106945651045692634e-05
2.689061699999999888e+00 1.857831190036036224e-04 6.008112525833713238e-05
2.702507000000000215e+00 1.841708582315424944e-04 5.910433135558705440e-05
2.716019499999999809e+00 1.831768037823842206e-04 5.813577023747067872e-05
2.729599599999999793e+00 1.815763191377105050e-04 5.718174445061685444e-05
2.743247600000000119e+00 1.799854388858463045e-04 5.624526750964845348e-05
2.756963799999999853e+00 1.784041760579174935e-04 5.532299270966697501e-05
2.770748600000000117e+00 1.768333950034901955e-04 5.441476938136858313e-05
2.784602399999999811e+00 1.756758879948364907e-04 5.351733028171049217e-05
2.798525399999999941e+00 1.741200330594112943e-04 5.263368035854059914e-05
2.812517999999999851e+00 1.725738378007308387e-04 5.176058563907146384e-05
2.826580600000000221e+00 1.710372963307289394e-04 5.090409004515286532e-05
2.840713500000000113e+00 1.695106884199838011e-04 5.006400509041605162e-05
2.854917100000000207e+00 1.679942697262876150e-04 4.923710101426921122e-05
2.869191700000000012e+00 1.664885652114302941e-04 4.842323812983108725e-05
2.883537599999999923e+00 1.649932781261263478e-04 4.762227792414590197e-05
2.897955300000000012e+00 1.635088903138112075e-04 4.683407981763346563e-05
2.912445099999999787e+00 1.620358853011886840e-04 4.606148896149919069e-05
2.927007300000000090e+00 1.605744667339395265e-04 4.530135971804044186e-05
2.941642400000000102e+00 1.591248060992225995e-04 4.455355557091429772e-05
2.956350599999999940e+00 1.576876047556760889e-04 4.382088269299464232e-05
2.971132299999999837e+00 1.562640141657607208e-04 4.309732014711383381e-05
2.985987999999999865e+00 1.548548782481170042e-04 4.238859438931978125e-05
3.000917900000000138e+00 1.534733338364314525e-04 4.168585499597363603e-05
3.015922499999999840e+00 1.521619173130712825e-04 4.095451194251525706e-05
3.031002099999999810e+00 1.507965533101922307e-04 4.023514349501725691e-05
3.046157099999999840e+00 1.494242039297242878e-04 3.952476948651353938e-05
3.061387900000000162e+00 1.480538388035296325e-04 3.882613985007713370e-05
3.076694900000000121e+00 1.466891652787174203e-04 3.814194883104612819e-05
3.092078299999999835e+00 1.453312166075836304e-04 3.746922221273201690e-05
3.107538700000000098e+00 1.439814071758419283e-04 3.681062622308513477e-05
3.123076399999999975e+00 1.426397603532147040e-04 3.616043609558731444e-05
3.138691800000000143e+00 1.413069632871167994e-04 3.552686923744496715e-05
3.154385299999999948e+00 1.399830071824640873e-04 3.490146372207746436e-05
3.170157199999999786e+00 1.386683319948014634e-04 3.428688010963228474e-05
3.186008000000000173e+00 1.373631233629569949e-04 3.368572292883441067e-05
3.201938000000000173e+00 1.360673591369916538e-04 3.309512251721664856e-05
3.217947699999999855e+00 1.347812134273614461e-04 3.251496065070692582e-05
3.234037400000000062e+00 1.335046566390174396e-04 3.194512223453370626e-05
3.250207599999999974e+00 1.322378518422126276e-04 3.138549120372918609e-05
3.266458699999999826e+00 1.309809620016141071e-04 3.083595356636634975e-05
3.282791000000000015e+00 1.297337384780705098e-04 3.029639728290118994e-05
3.299204899999999885e+00 1.284965430704251886e-04 2.976671034870584761e-05
3.315700899999999951e+00 1.272691091128270947e-04 2.924678089011258000e-05
3.332279400000000003e+00 1.260515850481733083e-04 2.873649897817289505e-05
3.348940799999999829e+00 1.248439138577967791e-04 2.823575567541937806e-05
3.365685599999999944e+00 1.236462268259501006e-04 2.774444220248022052e-05
3.382514000000000021e+00 1.224586697154314259e-04 2.725988640057545162e-05
3.399426500000000129e+00 1.212807834727336207e-04 2.678712786879534490e-05
3.416423700000000174e+00 1.201128771415726094e-04 2.632093896039490851e-05
3.433505799999999830e+00 1.189550854137795533e-04 2.586378382658943923e-05
3.450673300000000054e+00 1.178069563995736086e-04 2.541304222375828507e-05
3.467926700000000029e+00 1.166689747781278193e-04 2.497240404041670147e-05
3.485266300000000150e+00 1.157283610785119122e-04 2.453801294419375614e-05
3.502692699999999881e+00 1.146093064639518313e-04 2.410559018238847835e-05
3.520206099999999783e+00 1.134992860421036508e-04 2.368080998369411028e-05
3.537807200000000041e+00 1.123980544710643679e-04 2.326407641722406992e-05
3.555496199999999885e+00 1.113061067577521691e-04 2.285481114047758204e-05
3.573273700000000108e+00 1.102231974877889174e-04 2.245292967397976826e-05
3.591140000000000221e+00 1.091494508112303408e-04 2.205810845648369049e-05
3.609095700000000129e+00 1.080847957180095534e-04 2.167074931549853919e-05
3.627141200000000065e+00 1.070293422485902213e-04 2.129028897976462516e-05
3.645276899999999820e+00 1.059828604907657213e-04 2.091688899827947906e-05
3.663503299999999907e+00 1.049454517783565384e-04 2.055023229604132804e-05
3.681820800000000116e+00 1.039172170241436797e-04 2.019000781374239483e-05
3.700229900000000072e+00 1.028979217450518951e-04 1.983637859621213792e-05
3.718731099999999845e+00 1.018876589215493989e-04 1.948927020783747157e-05
3.737324699999999833e+00 1.008863679297979256e-04 1.914837761578938656e-05
3.756011399999999778e+00 9.989396687016296713e-05 1.881363016100231261e-05
3.774791399999999797e+00 9.891055677858500176e-05 1.848496036980053821e-05
3.793665400000000076e+00 9.793605246467582495e-05 1.816229888062423608e-05
3.812633700000000125e+00 9.697039040857389266e-05 1.784535119785819531e-05
3.831696899999999850e+00 9.601334125806224484e-05 1.753405312029869236e-05
3.850855399999999928e+00 9.514043019754864596e-05 1.722744010428484978e-05
3.870109600000000150e+00 9.420085074295175235e-05 1.692389305961564577e-05
3.889460199999999812e+00 9.326937239688980511e-05 1.662606461083867198e-05
3.908907500000000201e+00 9.234623721591910808e-05 1.633344637541072920e-05
3.928452000000000055e+00 9.143123562052356604e-05 1.604598054221046918e-05
3.948094300000000167e+00 9.052444392193603805e-05 1.576404925530487238e-05
3.967834700000000048e+00 8.962594706509209043e-05 1.548693353884039836e-05
3.987673899999999882e+00 8.873552797238904442e-05 1.521501511871587414e-05
4.055024000000000406e+00 8.634950892638924055e-05 1.433752259432221383e-05
4.334820999999999813e+00 7.542965686764306827e-05 1.132282061737777920e-05
4.633924000000000376e+00 6.580604835419311301e-05 8.947839068956926114e-06
4.953663999999999845e+00 5.736226632650700820e-05 7.082041079365491073e-06
5.295467000000000368e+00 4.996197653153968456e-05 5.613951000983121577e-06
5.660854999999999748e+00 4.347782503404537877e-05 4.456949998737970622e-06
6.051453000000000415e+00 3.779067013907193588e-05 3.534676386196220592e-06
6.469003999999999976e+00 3.277809720451177738e-05 2.795971079608877152e-06
6.915365000000000428e+00 2.833032219491572084e-05 2.215492555522876825e-06
7.392525000000000013e+00 2.430283103302519318e-05 1.759021531892139019e-06
7.902608999999999995e+00 2.018811963221524712e-05 1.395095557366935806e-06
7.909678000000000431e+00 2.011936934848583883e-05 1.390775202806069722e-06
8.030744999999999578e+00 1.849202471893658236e-05 1.319319261525701156e-06
8.063029000000000224e+00 1.715352568007721314e-05 1.301007311657747832e-06
8.111456000000000444e+00 1.812794253080861706e-05 3.570378644199360405e-06
8.232521999999999451e+00 1.859252009764436234e-05 3.357250885239730286e-06
8.447889999999999233e+00 1.813882626957060478e-05 3.016058706388239815e-06
8.739444000000000656e+00 1.700042091461909739e-05 2.661112214303186412e-06
8.873210999999999515e+00 1.617864370839252453e-05 2.520699274675892455e-06
8.908882000000000190e+00 1.558552362100190850e-05 2.484585249334462037e-06
8.962388999999999939e+00 1.591440474097332162e-05 3.372537503857035232e-06
9.030794000000000210e+00 1.598784209399739545e-05 3.273923824739673776e-06
9.096156000000000574e+00 1.591509652997922334e-05 3.183105409181084310e-06
9.206315999999999278e+00 1.568161435600791119e-05 3.037033497695021620e-06
9.347229000000000454e+00 1.520579899545381825e-05 2.861764204991550348e-06
9.384805999999999315e+00 1.490252754998553038e-05 2.818110284732608747e-06
9.441171000000000646e+00 1.499576038641986633e-05 3.183116298969810058e-06
9.582084000000000046e+00 1.486035614234766848e-05 3.016699732456577163e-06
9.653919000000000139e+00 1.473386661790273214e-05 2.936243435766731319e-06
1.032004000000000055e+01 1.332772087366311680e-05 2.308058867664209305e-06
1.103212000000000081e+01 1.187056428605878721e-05 1.816418661278334942e-06
1.179334000000000060e+01 1.050736917243936103e-05 1.430310751390847920e-06
1.260707999999999984e+01 9.265664831650957607e-06 1.124081997515278288e-06
1.347696999999999967e+01 8.149544044211146429e-06 8.831225245912781581e-07
1.440687999999999924e+01 7.155326960811599322e-06 6.940181769062847194e-07
1.540094999999999992e+01 6.274731776462541296e-06 5.456825351822579693e-07
1.646361999999999881e+01 5.503255478040812550e-06 4.289189618944922513e-07
1.759960999999999842e+01 4.818192295476621615e-06 3.366226072909159406e-07
1.881398000000000081e+01 4.220279656644760591e-06 2.642099155884021480e-07
2.011214999999999975e+01 3.691355693232698620e-06 2.070858127372529363e-07
2.149988000000000099e+01 3.227651379285521624e-06 1.625028805796237433e-07
2.298338000000000036e+01 2.821620791175356090e-06 1.276629365038520454e-07
2.456923000000000101e+01 2.466370579159834599e-06 1.004177591908865564e-07
2.626450000000000173e+01 2.155761772691537178e-06 7.907684276477917575e-08
2.807676000000000016e+01 1.884386345640419196e-06 6.188769865985987586e-08
3.001405000000000101e+01 1.646592191026172878e-06 4.837296912487386450e-08
3.208502000000000010e+01 1.438597602347219836e-06 3.786043242466838709e-08
3.429889000000000010e+01 1.256739411793672939e-06 2.967801651047612641e-08
3.666550999999999760e+01 1.097734339541227623e-06 2.325682230612856693e-08
3.919543000000000177e+01 9.586589554096775473e-07 1.823026474138544925e-08
4.189992000000000161e+01 8.369499801961663922e-07 1.427457562490985343e-08
4.479100999999999999e+01 7.302939604094688839e-07 1.116957375753057194e-08
4.788159000000000276e+01 6.365816169526981756e-07 8.750641326889040942e-09
5.118542000000000058e+01 5.535324720811994648e-07 6.867824375145065681e-09
5.450533999999999679e+01 4.801277505389803416e-07 5.476536001786127125e-09
5.471721000000000146e+01 4.751493110568342218e-07 5.401062673476315511e-09
5.533961000000000041e+01 4.574609002568603098e-07 5.186562418911653190e-09
5.556208000000000169e+01 4.439448298143459832e-07 5.112509244041237292e-09
5.589578999999999809e+01 4.485038346991663102e-07 2.418358868570795645e-08
5.673004999999999853e+01 4.440432583569773875e-07 2.296323217466265361e-08
5.849269999999999925e+01 4.234377792447421517e-07 2.063548797265252142e-08
6.252870000000000061e+01 3.751675603506117459e-07 1.626818457396724947e-08
6.684318000000000382e+01 3.303439051960962364e-07 1.280837915855699537e-08
7.145535999999999888e+01 2.901767995155070612e-07 1.008417901699320839e-08
7.638577999999999690e+01 2.545657851298068915e-07 7.938360926597826078e-09
8.165640000000000498e+01 2.231535006345764645e-07 6.243598181299633078e-09
8.729068999999999789e+01 1.955004783557621333e-07 4.899855145582285786e-09
9.331373999999999569e+01 1.712007252453436562e-07 3.848717733632401473e-09
9.975239000000000544e+01 1.498784606197720635e-07 3.026011287437323464e-09
1.066353000000000009e+02 1.311856736745822794e-07 2.381817839706423928e-09
1.139930999999999983e+02 1.148578828724575583e-07 1.874366569294545046e-09
1.218586999999999989e+02 1.005042036039431798e-07 1.473442258872465938e-09
1.302668999999999926e+02 8.793624325402745276e-08 1.160256279326661805e-09
1.392553000000000054e+02 7.693516830516073956e-08 9.153412474758847792e-10
1.488640000000000043e+02 6.730756567973211469e-08 7.235711128361308983e-10
1.591356000000000108e+02 5.888342867793871050e-08 5.733676340053752498e-10
1.701159000000000106e+02 5.151305469059214601e-08 4.555402700393663255e-10
1.818539000000000101e+02 4.506491957065780037e-08 3.629670691812941790e-10
1.944018000000000086e+02 3.942399276758133649e-08 2.901471364184914827e-10
2.078155999999999892e+02 3.448922754904919980e-08 2.327565634011312271e-10
2.221547999999999945e+02 3.017246462736805770e-08 1.874401403871340761e-10
2.374834999999999923e+02 2.639617128948355021e-08 1.515812414105641894e-10
2.538699000000000012e+02 2.309281166138817011e-08 1.234830345570275118e-10
2.713869000000000256e+02 2.020328170977316652e-08 1.011223757305956081e-10
2.901125999999999863e+02 1.767564718151949699e-08 8.320184449324684194e-11
3.101304000000000087e+02 1.546444922306198701e-08 6.878878209726623961e-11
3.315294000000000096e+02 1.353009259054817520e-08 5.715986980880587597e-11
3.544048999999999978e+02 1.183785363473908881e-08 4.773776784692927659e-11
3.788587999999999738e+02 1.035739038270759581e-08 4.007303377423922760e-11
4.050000999999999749e+02 9.062194119041768193e-09 3.380984883404638635e-11
4.329451000000000249e+02 7.929047220257687499e-09 2.866754208105645492e-11
