1.050658000000000092e+00 5.860590234892958973e-04 3.672140026555578327e-04
1.067676000000000069e+00 5.669068712091313630e-04 3.484269775880142160e-04
1.071028000000000091e+00 5.575231285150581686e-04 3.448023286264008955e-04
1.077461000000000002e+00 5.614861522698943227e-04 3.537859478253210658e-04
1.093542000000000014e+00 5.576426944640042183e-04 3.368939468538349768e-04
1.141345000000000054e+00 5.302575043518179205e-04 2.925084387449208997e-04
1.220097999999999905e+00 4.809217831586077197e-04 2.347621560245877128e-04
1.304284999999999917e+00 4.316275933332085397e-04 1.884579884159272864e-04
1.394281000000000104e+00 3.849529230209805400e-04 1.513535693783896912e-04
1.490485999999999978e+00 3.419031104452467619e-04 1.214782461886791210e-04
1.593328999999999995e+00 3.025482860644183869e-04 9.720715935520190555e-05
1.703268999999999922e+00 2.668200868983282379e-04 7.768210205216219129e-05
1.820794999999999941e+00 2.347072536239244213e-04 6.209985072083293387e-05
1.946430000000000105e+00 2.060523546268589910e-04 4.966993289320566641e-05
2.080732999999999944e+00 1.806415391921634053e-04 3.975944074357452054e-05
2.224304000000000059e+00 1.582447571786841029e-04 3.183982022747267770e-05
2.377781000000000144e+00 1.384418613129615708e-04 2.549699288320326135e-05
2.541847999999999885e+00 1.210187460583911172e-04 2.038379091796646667e-05
2.717235000000000067e+00 1.056434539842099303e-04 1.622721473744426267e-05
2.904723999999999862e+00 9.215410253614205155e-05 1.294093378948896132e-05
3.105150000000000077e+00 8.040274671500557719e-05 1.023450130871010001e-05
3.319405999999999857e+00 6.980028822454808568e-05 8.035716517886378136e-06
3.548445000000000071e+00 6.042429032970362700e-05 6.316381344963600221e-06
3.793287999999999993e+00 5.207703691023068000e-05 4.949013095241253758e-06
4.055024000000000406e+00 4.450434666454967269e-05 3.876510673906477013e-06
4.334820999999999813e+00 3.715165040197470660e-05 3.042242030139632602e-06
4.465957999999999650e+00 3.320570069483797199e-05 2.731812600730409438e-06
4.534314000000000178e+00 2.957715360110581141e-05 2.586360111101795743e-06
4.552543000000000006e+00 2.633094578589513778e-05 2.549293024674610911e-06
4.579884999999999984e+00 2.894165388044144034e-05 8.261441352871644634e-06
4.633924000000000376e+00 3.040045307998825481e-05 7.863003474825906716e-06
4.648241999999999763e+00 3.048406237964572125e-05 7.761555703590249274e-06
4.755058000000000007e+00 2.992981541476592567e-05 7.052719821176185445e-06
4.827838999999999992e+00 2.843017651330785662e-05 6.635580415403872344e-06
4.847247999999999557e+00 2.700466780584888962e-05 6.533147718472894107e-06
4.876360000000000028e+00 2.813052888099776332e-05 8.912952940281186151e-06
4.953663999999999845e+00 2.870319534083227460e-05 8.372845783448149321e-06
5.084337999999999802e+00 2.805323401783456401e-05 7.559055121559615519e-06
5.162158999999999942e+00 2.714618079987281889e-05 7.137922599024043254e-06
5.182911999999999964e+00 2.646593427428175341e-05 7.031728399176553162e-06
5.214039999999999786e+00 2.682703162461784395e-05 7.956872633828235739e-06
5.295467000000000368e+00 2.678644451615483255e-05 7.531127415679056797e-06
5.660854999999999748e+00 2.467841935610764627e-05 5.969921937894070027e-06
6.051453000000000415e+00 2.221157372333430416e-05 4.740122518988029515e-06
6.469003999999999976e+00 1.980286645049063093e-05 3.746016434438402559e-06
6.915365000000000428e+00 1.754997994027405515e-05 2.951651951303749747e-06
7.392525000000000013e+00 1.549095594382442347e-05 2.323118645610562122e-06
7.902608999999999995e+00 1.363625472973088079e-05 1.828670807287137649e-06
8.447889999999999233e+00 1.198144980667695784e-05 1.440539169738860180e-06
9.030794000000000210e+00 1.051779741092680062e-05 1.134051258400596905e-06
9.653919000000000139e+00 9.234322684169484895e-06 8.855132377284333883e-07
1.032004000000000055e+01 8.091478693028063103e-06 6.905406712383739578e-07
1.103212000000000081e+01 7.083638063327794063e-06 5.376828722292333439e-07
1.179334000000000060e+01 6.193343197271616738e-06 4.189208807593352432e-07
1.260707999999999984e+01 5.412781756942569340e-06 3.267039078090043098e-07
1.347696999999999967e+01 4.729335221529611954e-06 2.550766974358141887e-07
1.440687999999999924e+01 4.131468865921643198e-06 1.993906631530671488e-07
1.540094999999999992e+01 3.608765966085548282e-06 1.560461787903657320e-07
1.646361999999999881e+01 3.151947930456129637e-06 1.222732609632568155e-07
1.759960999999999842e+01 2.752781369344537216e-06 9.585272514387656622e-08
1.881398000000000081e+01 2.404006963958654247e-06 7.520841187608455228e-08
2.011214999999999975e+01 2.099259910634042711e-06 5.903783815977403511e-08
2.149988000000000099e+01 1.832877086860151743e-06 4.628848516212208267e-08
2.298338000000000036e+01 1.599925737021797335e-06 3.626170661515026274e-08
2.456923000000000101e+01 1.396042609175576100e-06 2.835407595016952955e-08
2.626450000000000173e+01 1.217434394990080951e-06 2.220328315924958039e-08
2.807676000000000016e+01 1.060521491536749934e-06 1.726265289899461556e-08
3.001405000000000101e+01 9.212651497085651583e-07 1.340618009062674390e-08
3.208502000000000010e+01 7.924640809415653914e-07 1.043042785247694072e-08
3.250601000000000340e+01 7.656318460486232186e-07 9.933369383557928110e-09
3.300354999999999706e+01 7.243822553836408156e-07 9.385248422582067881e-09
3.313622999999999763e+01 6.967602079085431134e-07 9.245649225266922889e-09
3.333525000000000205e+01 7.103110215577615181e-07 5.152838974521216701e-08
3.383279000000000281e+01 7.087505721778616201e-07 4.884123951934577821e-08
3.429889000000000010e+01 6.969740990897650774e-07 4.648707904320293533e-08
3.666550999999999760e+01 6.236169288489076911e-07 3.652044665488745593e-08
3.919543000000000177e+01 5.510986676578522017e-07 2.868918433393318595e-08
4.189992000000000161e+01 4.850896910146012619e-07 2.253863320934498337e-08
4.479100999999999999e+01 4.261397702105054642e-07 1.767611762105211057e-08
4.788159000000000276e+01 3.738604375776872541e-07 1.384213867720794515e-08
5.118542000000000058e+01 3.277156177011248598e-07 1.083998160372683963e-08
5.471721000000000146e+01 2.870985612898612303e-07 8.490046839517038653e-09
5.849269999999999925e+01 2.514114923446395597e-07 6.651523266755263785e-09
6.252870000000000061e+01 2.200955302237330096e-07 5.213488246091314575e-09
6.684318000000000382e+01 1.927557399970674053e-07 4.087215153965294973e-09
7.145535999999999888e+01 1.686783026029559371e-07 3.196593435241828858e-09
7.638577999999999690e+01 1.475885165426409938e-07 2.502426355905488568e-09
8.165640000000000498e+01 1.291280749372991246e-07 1.958358139698888715e-09
8.729068999999999789e+01 1.129669409340011311e-07 1.529488279960390300e-09
9.331373999999999569e+01 9.882124904617634381e-08 1.196405260316643276e-09
9.975239000000000544e+01 8.644393229055732264e-08 9.373975686773287088e-10
1.066353000000000009e+02 7.561559186926676034e-08 7.359890440889483859e-10
1.139930999999999983e+02 6.614368161220147417e-08 5.790774603417846049e-10
1.218586999999999989e+02 5.785825203191104838e-08 4.567585988746740790e-10
1.302668999999999926e+02 5.061144956645665496e-08 3.613088681128026815e-10
1.392553000000000054e+02 4.427278513927165502e-08 2.867043487910747526e-10
1.488640000000000043e+02 3.872865584636644626e-08 2.283351655128211712e-10
1.591356000000000108e+02 3.387947700303627398e-08 1.825818598029697581e-10
1.701159000000000106e+02 2.963808297921005980e-08 1.466187611818253708e-10
1.818539000000000101e+02 2.592813917940294831e-08 1.182874792539267006e-10
1.944018000000000086e+02 2.268301732263841392e-08 9.591265259794971123e-11
2.078155999999999892e+02 1.984444044541720549e-08 7.818504751425648787e-11
2.221547999999999945e+02 1.736140378918048959e-08 6.409801454213362509e-11
2.374834999999999923e+02 1.518930097009196929e-08 5.285965009871415470e-11
2.538699000000000012e+02 1.328919987410502980e-08 4.385881851084130442e-11
2.713869000000000256e+02 1.162694973226852183e-08 3.661700853692108430e-11
2.901125999999999863e+02 1.017278860912950303e-08 3.076277542672237835e-11
3.101304000000000087e+02 8.900612366562714603e-09 2.600420384415332184e-11
3.315294000000000096e+02 7.787634368339742370e-09 2.211616585340691974e-11
3.544048999999999978e+02 6.813906940083324501e-09 1.891816118897844774e-11
3.788587999999999738e+02 5.961997158420741452e-09 1.627452141117260414e-11
4.050000999999999749e+02 5.216644478272537506e-09 1.407348770601797153e-11
4.329451000000000249e+02 4.564517849577449682e-09 1.222922623988709202e-11
