1.067676000000000069e+00 9.583916103571048705e-04 4.398474286911159634e-04
1.141345000000000054e+00 8.565549620497389573e-04 3.532200858816265270e-04
1.220097999999999905e+00 7.613492719809005068e-04 2.828472646651016540e-04
1.304284999999999917e+00 6.737040276394117141e-04 2.262752002387802123e-04
1.394281000000000104e+00 5.943414276597991418e-04 1.810677889850771476e-04
1.490485999999999978e+00 5.230114411124592603e-04 1.447893271912811071e-04
1.593328999999999995e+00 4.593074541253514714e-04 1.157532164180713583e-04
1.703268999999999922e+00 4.027495252450906827e-04 9.259758401397636090e-05
1.820794999999999941e+00 3.527550298638855680e-04 7.390964990313637982e-05
1.946430000000000105e+00 3.083802855017175079e-04 5.867129626014705142e-05
2.080732999999999944e+00 2.691449630687778533e-04 4.664853416173751793e-05
2.224304000000000059e+00 2.345999637203831942e-04 3.715902475296984373e-05
2.377781000000000144e+00 2.042314338841797817e-04 2.964322394752073886e-05
2.541847999999999885e+00 1.775654602095749009e-04 2.368851899232975134e-05
2.717235000000000067e+00 1.541327560702837130e-04 1.893164764797273251e-05
2.904723999999999862e+00 1.334596212430302963e-04 1.508519695168365941e-05
3.105150000000000077e+00 1.149743540932919740e-04 1.187939794938080590e-05
3.319405999999999857e+00 9.795318179312237383e-05 9.266423129919466398e-06
3.548445000000000071e+00 8.113838394788107865e-05 7.232941104370687719e-06
3.655498000000000136e+00 7.185434408168784508e-05 6.480913334559613016e-06
3.711448999999999998e+00 6.298572257045749543e-05 6.128256609509424976e-06
3.726370000000000182e+00 5.487009916618350606e-05 6.038492508119743573e-06
3.748749999999999805e+00 6.151806761588269018e-05 2.044551405436292112e-05
3.793287999999999993e+00 6.534975522166400176e-05 1.949435959112863945e-05
3.804701999999999806e+00 6.558456766863970271e-05 1.925768799439703033e-05
3.859239999999999782e+00 6.521812430223358390e-05 1.818530509028956564e-05
3.918309999999999960e+00 6.207914739532494899e-05 1.710991276081262307e-05
3.934061999999999948e+00 5.858104992037051781e-05 1.684872517353968522e-05
3.957689999999999930e+00 6.165215403710326168e-05 2.293428889486757657e-05
4.016759999999999664e+00 6.358356078929445457e-05 2.165615077495016663e-05
4.055024000000000406e+00 6.359119029022576434e-05 2.087908710844500396e-05
4.152750000000000163e+00 6.223332862210011163e-05 1.906781065555082722e-05
4.216313000000000422e+00 6.020632932318152386e-05 1.801915010461934842e-05
4.233262999999999998e+00 5.857348084361675103e-05 1.775448084431045068e-05
4.258688000000000251e+00 5.956652491071244240e-05 2.005671197516400135e-05
4.322250000000000369e+00 5.972638976973928111e-05 1.903089614183459306e-05
4.334820999999999813e+00 5.962721313713881461e-05 1.883594676232007041e-05
4.633924000000000376e+00 5.521842610155184818e-05 1.491946635244513102e-05
4.953663999999999845e+00 4.985734378500646482e-05 1.183063541873189514e-05
5.295467000000000368e+00 4.454270834193746822e-05 9.341795789217919492e-06
5.660854999999999748e+00 3.953293717484314179e-05 7.359130513827782028e-06
6.051453000000000415e+00 3.493038908331901597e-05 5.789312291089208242e-06
6.469003999999999976e+00 3.076941055598509929e-05 4.554148735793280677e-06
6.915365000000000428e+00 2.704627290010900984e-05 3.583849776092136891e-06
7.392525000000000013e+00 2.373838835059687098e-05 2.822568405459154471e-06
7.902608999999999995e+00 2.086214527093682502e-05 2.220198950012872086e-06
8.447889999999999233e+00 1.827435353554285961e-05 1.745556613074300159e-06
9.030794000000000210e+00 1.601613558561558424e-05 1.368220088329445743e-06
9.653919000000000139e+00 1.400942613593900094e-05 1.064073570282123545e-06
1.032004000000000055e+01 1.224570191791145106e-05 8.285028567517567469e-07
1.103212000000000081e+01 1.069982450493784884e-05 6.458247019420335703e-07
1.179334000000000060e+01 9.346802861505318813e-06 5.040331313781169599e-07
1.260707999999999984e+01 8.163574715547607582e-06 3.937993089812063247e-07
1.347696999999999967e+01 7.129334162538960836e-06 3.078172102855244868e-07
1.440687999999999924e+01 6.225563119547855716e-06 2.408509023037124834e-07
1.540094999999999992e+01 5.435971966275839961e-06 1.887071082185998724e-07
1.646361999999999881e+01 4.746194667074774169e-06 1.478327995074469399e-07
1.759960999999999842e+01 4.143336409698759022e-06 1.156042697108870822e-07
1.881398000000000081e+01 3.616234233090982117e-06 9.031294548631841641e-08
2.011214999999999975e+01 3.154994151743091344e-06 7.044420278429572839e-08
2.149988000000000099e+01 2.751041593238996703e-06 5.502848511102633967e-08
2.298338000000000036e+01 2.396498549986982248e-06 4.304463936299411671e-08
2.456923000000000101e+01 2.083586941022015027e-06 3.372597518029750319e-08
2.626450000000000173e+01 1.801635488770278867e-06 2.646620164121836191e-08
2.738109999999999999e+01 1.624510353262650136e-06 2.265777869452050488e-08
2.780020000000000024e+01 1.532610137271149412e-06 2.138795015429866822e-08
2.791196000000000055e+01 1.468753157399242452e-06 2.106510613110006810e-08
2.807676000000000016e+01 1.502599523326689264e-06 1.210974076936977588e-07
2.807959999999999923e+01 1.502979487575413060e-06 1.210517690184881618e-07
2.849869999999999948e+01 1.504516533383314065e-06 1.146580373626805510e-07
3.001405000000000101e+01 1.396375111569175344e-06 9.489588098641811453e-08
3.208502000000000010e+01 1.239760837694535992e-06 7.447198915809447094e-08
3.429889000000000010e+01 1.093566018656504505e-06 5.848250785911413847e-08
3.666550999999999760e+01 9.618782421312766701e-07 4.591495542655389416e-08
3.919543000000000177e+01 8.445945113352822424e-07 3.593138233383551893e-08
4.189992000000000161e+01 7.407669778762725521e-07 2.811425637296785851e-08
4.479100999999999999e+01 6.492086462019790162e-07 2.199549177335819068e-08
4.788159000000000276e+01 5.686633716921463658e-07 1.721073781515169908e-08
5.118542000000000058e+01 4.979209430053144772e-07 1.346872211766029992e-08
5.471721000000000146e+01 4.358614504786686472e-07 1.054510071292390973e-08
5.849269999999999925e+01 3.817098083985073889e-07 8.235009408822771584e-09
6.252870000000000061e+01 3.339964242155619951e-07 6.426497791769116783e-09
6.684318000000000382e+01 2.922099346737990059e-07 5.019777201449666848e-09
7.145535999999999888e+01 2.556311696222249226e-07 3.924933408439931266e-09
7.638577999999999690e+01 2.236195304500939346e-07 3.072502250744866817e-09
8.165640000000000498e+01 1.956161528988929282e-07 2.404912863164008074e-09
8.729068999999999789e+01 1.711129759414118930e-07 1.879364161809538999e-09
9.331373999999999569e+01 1.496742441242332164e-07 1.471309138444351256e-09
9.975239000000000544e+01 1.309212546749631602e-07 1.154229690999916933e-09
1.066353000000000009e+02 1.145183251932380148e-07 9.076645069766273336e-10
1.139930999999999983e+02 1.001717512145524946e-07 7.157060109147789490e-10
1.218586999999999989e+02 8.762372626546216682e-08 5.660586094386347241e-10
1.302668999999999926e+02 7.664923215351021112e-08 4.490036777405723437e-10
1.392553000000000054e+02 6.705042765521875829e-08 3.575300546462117934e-10
1.488640000000000043e+02 5.865478980204845054e-08 2.859019532413550169e-10
1.591356000000000108e+02 5.131161263121364263e-08 2.296859993886992602e-10
1.701159000000000106e+02 4.488877213056246508e-08 1.854587884250448418e-10
1.818539000000000101e+02 3.927058826464030606e-08 1.505647051398453678e-10
1.944018000000000086e+02 3.435626928800664366e-08 1.229418784004480632e-10
2.078155999999999892e+02 3.005751030618120105e-08 1.009993371314971075e-10
2.221547999999999945e+02 2.629714286271546061e-08 8.349725722005097678e-11
2.374834999999999923e+02 2.300757352063356840e-08 6.947674505934567595e-11
2.538699000000000012e+02 2.012982834314375762e-08 5.818252608446820477e-11
2.713869000000000256e+02 1.761228530135809071e-08 4.904016628161358619e-11
2.901125999999999863e+02 1.540981595164424356e-08 4.159633787562396927e-11
3.101304000000000087e+02 1.348293434480969687e-08 3.550215790326591773e-11
3.315294000000000096e+02 1.179716508703314753e-08 3.047606703466629179e-11
3.544048999999999978e+02 1.032225315663419052e-08 2.630499758774697856e-11
3.788587999999999738e+02 9.031849253925663694e-09 2.282144752265181483e-11
4.050000999999999749e+02 7.902822247621544829e-09 1.989169883079227032e-11
4.329451000000000249e+02 6.914987382353629766e-09 1.741166909334229320e-11
