1.000121100000000096e+00 2.499365237894398978e-03 9.018650711950106742e-04
1.005121699999999896e+00 2.477930465256765989e-03 8.887706665799803302e-04
1.010147300000000081e+00 2.456569736547133641e-03 8.758504560615245488e-04
1.015198000000000045e+00 2.435280121475887245e-03 8.631027221577237344e-04
1.020273999999999903e+00 2.414077107508870446e-03 8.505475323835509811e-04
1.025375399999999937e+00 2.392957488161869244e-03 8.381611287188648046e-04
1.030502299999999982e+00 2.371931983928903063e-03 8.259634781846474571e-04
1.035654800000000098e+00 2.351006349515913276e-03 8.139310696860041971e-04
1.040833099999999956e+00 2.330185667865278948e-03 8.020836060890738787e-04
1.046037200000000000e+00 2.309466788524011313e-03 7.903979007856879856e-04
1.051267399999999963e+00 2.288863038379779311e-03 7.788934001509673858e-04
1.056523799999999902e+00 2.268370594395924429e-03 7.675259830205668782e-04
1.061806400000000039e+00 2.247994859311798488e-03 7.563574550355472558e-04
1.067115400000000047e+00 2.227740172548003852e-03 7.453228588069456739e-04
1.072451000000000043e+00 2.207606453291834168e-03 7.344624664032553887e-04
1.077813200000000027e+00 2.187598631249738478e-03 7.237538066446043503e-04
1.083202299999999951e+00 2.167720219430291795e-03 7.131952175419227534e-04
1.088618300000000039e+00 2.147963414285936849e-03 7.028057358766417713e-04
1.094061399999999962e+00 2.128340309151196229e-03 6.925427281739181739e-04
1.099531700000000001e+00 2.108846741369433449e-03 6.824455719307891350e-04
1.105029400000000050e+00 2.089486308163350081e-03 6.724922493670607579e-04
1.110554500000000111e+00 2.070263195543690319e-03 6.627014393027927342e-04
1.116107299999999913e+00 2.051172454078001306e-03 6.530313171693106610e-04
1.121687799999999902e+00 2.032214284393467178e-03 6.435205648662947623e-04
1.127296300000000029e+00 2.013395460684735006e-03 6.341277878705088057e-04
1.132932800000000073e+00 1.994715926808234962e-03 6.248912937456186810e-04
1.138597400000000093e+00 1.976179012979379940e-03 6.156331355622361116e-04
1.144290400000000041e+00 1.957772292246235009e-03 6.063346718667605084e-04
1.150011899999999976e+00 1.939495559757750199e-03 5.971910314100383702e-04
1.155761899999999898e+00 1.921341618585837956e-03 5.881812984394067714e-04
1.161540699999999982e+00 1.903320634992271016e-03 5.793231947481763218e-04
1.167348400000000064e+00 1.885428680101620177e-03 5.705959738521200605e-04
1.173185200000000039e+00 1.867661636010182298e-03 5.619792348105185709e-04
1.179051099999999908e+00 1.850026691276004161e-03 5.535097983815928137e-04
1.184946400000000066e+00 1.832512409936622091e-03 5.448660622763807455e-04
1.190871100000000071e+00 1.815101824284968794e-03 5.362946680883859223e-04
1.196825400000000039e+00 1.797801868545105325e-03 5.276832994667731390e-04
1.202809599999999923e+00 1.780598655251664983e-03 5.191999003401488169e-04
1.208823600000000109e+00 1.763496713811117883e-03 5.108801339399574471e-04
1.214867700000000106e+00 1.746502532733306507e-03 5.026853498128508891e-04
1.220942100000000030e+00 1.729612802513792128e-03 4.946324797999384444e-04
1.227046800000000104e+00 1.712831378316906393e-03 4.867200128558375445e-04
1.233182000000000000e+00 1.696158183843257802e-03 4.789463694065786820e-04
1.239347900000000058e+00 1.679596313572267975e-03 4.712919939653883333e-04
1.245544699999999949e+00 1.663148728501305648e-03 4.637735089630658182e-04
1.251772399999999896e+00 1.646803208957934792e-03 4.561756958280622858e-04
1.258031200000000016e+00 1.630559814409680928e-03 4.487306394519080858e-04
1.264321400000000040e+00 1.614418338535053348e-03 4.414012433135940019e-04
1.270642999999999967e+00 1.598376311147813771e-03 4.341863330872326341e-04
1.276996199999999915e+00 1.582436832804520440e-03 4.271195963598099516e-04
1.283381200000000000e+00 1.566605837266880821e-03 4.201645403598758743e-04
1.289798100000000058e+00 1.550877516309816934e-03 4.133199888846518359e-04
1.296247099999999985e+00 1.535254752761602186e-03 4.066019453371530999e-04
1.302728300000000061e+00 1.519740537996600071e-03 3.999918804890365389e-04
1.309242000000000017e+00 1.504331572251013964e-03 3.935056194807279935e-04
1.315788200000000074e+00 1.489030995178938733e-03 3.871248578460675938e-04
1.322367099999999907e+00 1.473838562148066045e-03 3.808484416651951223e-04
1.328978999999999910e+00 1.458753803676940668e-03 3.746752000231439220e-04
1.335623900000000086e+00 1.443776906901911988e-03 3.686207530054316133e-04
1.342302000000000106e+00 1.428910310533563089e-03 3.626671171554456661e-04
1.349013500000000088e+00 1.414150975955380616e-03 3.568131819862226280e-04
1.355758599999999925e+00 1.399498623400893512e-03 3.510578476922054350e-04
1.362537399999999899e+00 1.384953171403058379e-03 3.454000503607962554e-04
1.369350000000000067e+00 1.370517124337684162e-03 3.398387343587712969e-04
1.376196799999999998e+00 1.356187120027338780e-03 3.343727794261276329e-04
1.383077799999999913e+00 1.341963248122238521e-03 3.290011748116747283e-04
1.389993199999999929e+00 1.327845187273477348e-03 3.237068274536736073e-04
1.396943100000000104e+00 1.313835301303131276e-03 3.185208822346964098e-04
1.403927799999999948e+00 1.299928038396319652e-03 3.134102795234865201e-04
1.410947500000000021e+00 1.286125590747256176e-03 3.083900383659630420e-04
1.418002200000000101e+00 1.272427978622640626e-03 3.034591885184452216e-04
1.425092199999999920e+00 1.258834665594601261e-03 2.986010561962306755e-04
1.432217700000000038e+00 1.245340536860090833e-03 2.938304484772769867e-04
1.439378800000000069e+00 1.231950258338024469e-03 2.891463984064671588e-04
1.446575699999999909e+00 1.218661124560811108e-03 2.845325126868788915e-04
1.453808599999999895e+00 1.205470518984150296e-03 2.800033892400849564e-04
1.461077600000000087e+00 1.192378361621878506e-03 2.755428238689134517e-04
1.468382999999999994e+00 1.179386498525592918e-03 2.711652573805955926e-04
1.475724899999999895e+00 1.166490281637037321e-03 2.668546531650965161e-04
1.483103499999999908e+00 1.153798252942470938e-03 2.626253342591037404e-04
1.490518999999999927e+00 1.141093833103498439e-03 2.584614113578735228e-04
1.497971600000000070e+00 1.128482223516995807e-03 2.543621870125811497e-04
1.505461500000000008e+00 1.115963266117560044e-03 2.503269701798245409e-04
1.512988800000000023e+00 1.103534808048177831e-03 2.463698301133867468e-04
1.520553700000000008e+00 1.091198842700876999e-03 2.424752030245096645e-04
1.528156499999999918e+00 1.078950858397392625e-03 2.386569925647837953e-04
1.535797300000000032e+00 1.066790927978775172e-03 2.348852936173917373e-04
1.543476300000000023e+00 1.054716919383209784e-03 2.311885572066855056e-04
1.551193700000000009e+00 1.042726772084785975e-03 2.275371644172767907e-04
1.558949600000000046e+00 1.030822644633202969e-03 2.239593036770520123e-04
1.566744399999999926e+00 1.018998250496119850e-03 2.204398584114443112e-04
1.574578100000000092e+00 1.007255934150987336e-03 2.169782219236105598e-04
1.582451000000000052e+00 9.955917054537003277e-04 2.135737504847989225e-04
1.590363299999999924e+00 9.840037788671146882e-04 2.102258204365088515e-04
1.598315099999999989e+00 9.724924634996354135e-04 2.069338267131657716e-04
1.606306599999999918e+00 9.610541414971287156e-04 2.036971560932939688e-04
1.614338199999999945e+00 9.496869680413433075e-04 2.005013636418658430e-04
1.622409900000000071e+00 9.383896342607581488e-04 1.973735666725568425e-04
1.630521899999999969e+00 9.271606437682609284e-04 1.942992869658524116e-04
1.638674500000000034e+00 9.159966248416755554e-04 1.912643142273601866e-04
1.646867899999999940e+00 9.048944483083374473e-04 1.882818059129984407e-04
1.655102199999999968e+00 8.938547786212484468e-04 1.853511922318523924e-04
1.663377700000000070e+00 8.828727446089842121e-04 1.824718857626898881e-04
1.671694599999999920e+00 8.719455212097161753e-04 1.796299774022508205e-04
1.680053100000000077e+00 8.610721261726544083e-04 1.768383729561601940e-04
1.688453399999999993e+00 8.502481944047495226e-04 1.740965110686921351e-04
1.696895599999999948e+00 8.394713314813012292e-04 1.714038455258050906e-04
1.705380099999999954e+00 8.287389489634963040e-04 1.687467295398724148e-04
1.713907000000000069e+00 8.180455369193206277e-04 1.661248222025801054e-04
1.722476600000000024e+00 8.073872672072794285e-04 1.635636563304132551e-04
1.731088900000000042e+00 7.967607542776031400e-04 1.610367576039652203e-04
1.739744399999999969e+00 7.862332659249028719e-04 1.585437576167312353e-04
1.748443100000000028e+00 7.756574937296134174e-04 1.561098437807673491e-04
1.757185299999999950e+00 7.650987900190166485e-04 1.536962231202683687e-04
1.765971200000000074e+00 7.545527574461151831e-04 1.513280083842705171e-04
1.774801099999999909e+00 7.440120139939278201e-04 1.490046749932341565e-04
1.783675099999999958e+00 7.334696648818144751e-04 1.467132189904447046e-04
1.792593499999999951e+00 7.229204748014911438e-04 1.444657508357035682e-04
1.801556500000000005e+00 7.123535174074156198e-04 1.422370135420677768e-04
1.810564199999999957e+00 7.017613941312175361e-04 1.400638323111342697e-04
1.819617100000000098e+00 6.911323149605461515e-04 1.379087417387898364e-04
1.828715099999999927e+00 6.804569228313137172e-04 1.358082200780607132e-04
1.837858699999999956e+00 6.697200610177336767e-04 1.337251774656886673e-04
1.847048000000000023e+00 6.589075315755250515e-04 1.316836458843930401e-04
1.856283300000000080e+00 6.480042120678528462e-04 1.296711265249263451e-04
1.865564699999999965e+00 6.369887873265098763e-04 1.276873305466993047e-04
1.874892500000000073e+00 6.258379634595992837e-04 1.257438505117117503e-04
1.884266999999999914e+00 6.145267271703684121e-04 1.238283777902600749e-04
1.893688299999999991e+00 6.030231381440317529e-04 1.219406317131098698e-04
1.903156700000000034e+00 5.912884417091638549e-04 1.200920371409037709e-04
1.912672499999999998e+00 5.792762362586121629e-04 1.182704726401458297e-04
1.922235899999999997e+00 5.669303102656422745e-04 1.164756594172825497e-04
1.931847099999999928e+00 5.541798833743913442e-04 1.147038582912737764e-04
1.941506299999999907e+00 5.409313226795992155e-04 1.129651831189249308e-04
1.951213800000000109e+00 5.270680138541980649e-04 1.112546820602961569e-04
1.960969900000000044e+00 5.124275370868033950e-04 1.095709092413272179e-04
1.970774699999999990e+00 4.967853094039494230e-04 1.079147182387029931e-04
1.980628599999999961e+00 4.798140275658692487e-04 1.062756679224963045e-04
1.990531800000000073e+00 4.610104003952431441e-04 1.046480135061244059e-04
2.000484399999999940e+00 4.395297274198083342e-04 1.030461910888871342e-04
2.010486799999999796e+00 4.137937727649826738e-04 1.014710240087540418e-04
2.020539299999999816e+00 3.802416469348277777e-04 9.992001090958397853e-05
2.030641999999999836e+00 3.272692122015076542e-04 9.839509917739366950e-05
2.039914399999999794e+00 1.264218407262752064e-04 9.702200484680643510e-05
2.040795199999999809e+00 1.092653412931275398e-04 3.015824202169789438e-04
2.040885600000000188e+00 1.226754869601093484e-04 3.015362849048222626e-04
2.050999200000000133e+00 3.172364893842875800e-04 2.964943295952140881e-04
2.061254200000000036e+00 3.524662155270729237e-04 2.914926755839752849e-04
2.071560400000000080e+00 3.678119023975556659e-04 2.865765162436739776e-04
2.081918200000000052e+00 3.731664751837737021e-04 2.817448904645993599e-04
2.092327800000000071e+00 3.703657963857258611e-04 2.769862168124919582e-04
2.102789500000000089e+00 3.563343939184672156e-04 2.723209326616033788e-04
2.113303399999999943e+00 3.016365876511491878e-04 2.677374322114411042e-04
2.115325599999999806e+00 2.516823832079068471e-04 2.668595543299040148e-04
2.116874600000000051e+00 2.508316103934636089e-04 3.919594179718003920e-04
2.123869899999999866e+00 3.476207254539416926e-04 3.875398147911449315e-04
2.134489299999999812e+00 3.869290663231074825e-04 3.809421602691035434e-04
2.145161700000000060e+00 4.086835174537720139e-04 3.744525515625044356e-04
2.155887499999999957e+00 4.236611328031836331e-04 3.680801372204817895e-04
2.166666999999999899e+00 4.348343006696498130e-04 3.618133064858406671e-04
2.177500300000000166e+00 4.434954947693008553e-04 3.556611787849034488e-04
2.188387800000000105e+00 4.503415978518066792e-04 3.496122512747872318e-04
2.199329699999999832e+00 4.557970995277290218e-04 3.436654072725662005e-04
2.210326400000000024e+00 4.601426965889342940e-04 3.378295967604201533e-04
2.221378000000000075e+00 4.635796077921374618e-04 3.320835119263495084e-04
2.232484900000000216e+00 4.662535799278448101e-04 3.264361736242980339e-04
2.243647300000000122e+00 4.682760795035937587e-04 3.208964425874804845e-04
2.254865600000000025e+00 4.697352972940143723e-04 3.154432961961220949e-04
2.266139900000000207e+00 4.707002570475446565e-04 3.100856780442202000e-04
2.277470600000000012e+00 4.712299120954080824e-04 3.048225111072564559e-04
2.288857900000000001e+00 4.713700574456467993e-04 2.996430136124211309e-04
2.300302199999999964e+00 4.711593030306952291e-04 2.945559675799636350e-04
2.311803700000000017e+00 4.706313771678321232e-04 2.895603512301302249e-04
2.323362799999999950e+00 4.698124614364369194e-04 2.846359321455754505e-04
2.334979600000000044e+00 4.687262115116983853e-04 2.798011044604705334e-04
2.346654500000000088e+00 4.673909629633747121e-04 2.750453453826459519e-04
2.358387800000000034e+00 4.658245197294362365e-04 2.703772524853150210e-04
2.370179700000000000e+00 4.640389518550540912e-04 2.657864387509487189e-04
2.382030600000000220e+00 4.620450502989455763e-04 2.612720514413024455e-04
2.393940699999999921e+00 4.598482753475897867e-04 2.568332678601354790e-04
2.405910399999999782e+00 4.574530773030347137e-04 2.524785188882668172e-04
2.417940000000000200e+00 4.548597164705663097e-04 2.481884039880308430e-04
2.430029699999999959e+00 4.520644687114200051e-04 2.439806124373026727e-04
2.442179799999999901e+00 4.490548403188940048e-04 2.398359421359126708e-04
2.454390699999999814e+00 4.458140607978290084e-04 2.357718930766924492e-04
2.466662700000000097e+00 4.423093473202124632e-04 2.317785005508135013e-04
2.478995999999999977e+00 4.384895403553758101e-04 2.278459973698457948e-04
2.491391000000000133e+00 4.342686431312060293e-04 2.239826835740974843e-04
2.503847899999999793e+00 4.294895891613155665e-04 2.201877996343585631e-04
2.516367199999999915e+00 4.238390317467461473e-04 2.164605663351214021e-04
2.528948999999999891e+00 4.165417945304361082e-04 2.127914293888814553e-04
2.541593799999999792e+00 4.045966491881617918e-04 2.091885287473159406e-04
2.548317599999999850e+00 3.883466955656510004e-04 2.073065694901826152e-04
2.553082299999999805e+00 3.871688930891774446e-04 2.416188174958260818e-04
2.554301699999999897e+00 3.917059028740098813e-04 2.412153951969090793e-04
2.567073199999999833e+00 4.068910354316026840e-04 2.370446607696992944e-04
2.579908599999999996e+00 4.111670346398917466e-04 2.329526664050850606e-04
2.592808199999999896e+00 4.128623036096746245e-04 2.289213189318352998e-04
2.605772200000000094e+00 4.133295811415251333e-04 2.249671126471529609e-04
2.618801100000000215e+00 4.130593027680025267e-04 2.210806368648693171e-04
2.631895099999999932e+00 4.122871611991723423e-04 2.172696289110060059e-04
2.645054500000000086e+00 4.111450014208774891e-04 2.135163650701389886e-04
2.658279799999999859e+00 4.097078566235853110e-04 2.098034491113191758e-04
2.671571199999999813e+00 4.080070541737411210e-04 2.061305411516998196e-04
2.684929100000000179e+00 4.060795641875557770e-04 2.026052512481805068e-04
2.698353700000000188e+00 4.040227865379071538e-04 1.991925788212842781e-04
2.711845499999999909e+00 4.018533041973933791e-04 1.958499549476291391e-04
2.725404699999999902e+00 3.995799812298617441e-04 1.925683909315069504e-04
2.739031699999999958e+00 3.972139455297006442e-04 1.893553353805566247e-04
2.752726899999999866e+00 3.947614402261221409e-04 1.861937805999680170e-04
2.766490500000000186e+00 3.922202860944537192e-04 1.830670623003399365e-04
2.780323000000000100e+00 3.895908890064966076e-04 1.799989212600933109e-04
2.794224600000000169e+00 3.868744059369203046e-04 1.769807218202497064e-04
2.808195700000000183e+00 3.840663805463134469e-04 1.740198606202657012e-04
2.822236699999999932e+00 3.811576890393581461e-04 1.711077798061391903e-04
2.836347899999999811e+00 3.781293427908243693e-04 1.682518139370841671e-04
2.850529600000000219e+00 3.749469535819892211e-04 1.654513232313507007e-04
2.864782299999999893e+00 3.715400529859208914e-04 1.626900952383907170e-04
2.879106199999999838e+00 3.677457465559329556e-04 1.599832295208971776e-04
2.893501699999999843e+00 3.630467908946781517e-04 1.573223905963022325e-04
2.904569599999999863e+00 3.568002841977713810e-04 1.553103710238334305e-04
2.907969200000000143e+00 3.503815233083075269e-04 1.546994023055404206e-04
2.912830299999999983e+00 3.553409321104750098e-04 1.644311098594350917e-04
2.922509100000000082e+00 3.578377746350717005e-04 1.625360832231377626e-04
2.937121600000000221e+00 3.577751549817381727e-04 1.597308133319007609e-04
2.951807200000000186e+00 3.566011702806257100e-04 1.569720934317303572e-04
2.966566199999999931e+00 3.549570833597956118e-04 1.542669369556877489e-04
2.981399099999999969e+00 3.530369877459469232e-04 1.516072437779759148e-04
2.996306099999999972e+00 3.509063700547615777e-04 1.489925255632081058e-04
3.011287600000000175e+00 3.486449252156719847e-04 1.464074783802016993e-04
3.026343999999999923e+00 3.462968009245396953e-04 1.438665693758333004e-04
3.041475800000000174e+00 3.438664581326195319e-04 1.413839701133831237e-04
3.056683099999999875e+00 3.413645968709381790e-04 1.389516989758206691e-04
3.071966600000000103e+00 3.387983106073296424e-04 1.365764152782951381e-04
3.087326399999999804e+00 3.361663972079021422e-04 1.342357769768871985e-04
3.102762999999999938e+00 3.334580264936844347e-04 1.319509804090526707e-04
3.118276799999999849e+00 3.306493110972897188e-04 1.296998962581643027e-04
3.133868200000000215e+00 3.276880393631685651e-04 1.274892890980519741e-04
3.149537599999999937e+00 3.244326079558985552e-04 1.253187052820666305e-04
3.165285299999999857e+00 3.202297249629422167e-04 1.231806546755872297e-04
3.167162300000000208e+00 3.195140018258375673e-04 1.229316435073893625e-04
3.180237899999999840e+00 3.175257493591635677e-04 1.265629392078988303e-04
3.181111700000000209e+00 3.176094112068030386e-04 1.264440606189900769e-04
3.197017199999999892e+00 3.171711790422023316e-04 1.243154468641594502e-04
3.213002299999999867e+00 3.156431037619446744e-04 1.222257005274080303e-04
3.229067300000000085e+00 3.137962376589343368e-04 1.201743877621834787e-04
3.245212700000000172e+00 3.117940830848236924e-04 1.181542000691449744e-04
3.261438699999999802e+00 3.096998219432266198e-04 1.161648174839842950e-04
3.277745900000000212e+00 3.075459782574661871e-04 1.142127111995228409e-04
3.294134699999999860e+00 3.053503861990662389e-04 1.122906893574105483e-04
3.310605300000000195e+00 3.031253500163022464e-04 1.103984406210679615e-04
3.327158400000000071e+00 3.008782154659571167e-04 1.085356395596159774e-04
3.343794100000000213e+00 2.986118018238856668e-04 1.066953150722615014e-04
3.360513099999999920e+00 2.963326195125437577e-04 1.048838824964018338e-04
3.377315700000000032e+00 2.940435845448227735e-04 1.031076398997029961e-04
3.394202299999999894e+00 2.917479173209157036e-04 1.013596145503870634e-04
3.411173300000000186e+00 2.894483030318163665e-04 9.963950484148388327e-05
3.428229099999999807e+00 2.871464998723098909e-04 9.794701180926720333e-05
3.445370299999999997e+00 2.848437606981560062e-04 9.628183352027093358e-05
3.462597099999999983e+00 2.825421763504843927e-04 9.465012171974692215e-05
3.479910100000000117e+00 2.802424875565348496e-04 9.303866851917069812e-05
3.497309700000000188e+00 2.779458427538404369e-04 9.145365749422056068e-05
3.514796200000000148e+00 2.756533658641605261e-04 8.990114945585195598e-05
3.532370199999999905e+00 2.733657030491499530e-04 8.836813634621894752e-05
3.550032100000000135e+00 2.710842845032688663e-04 8.686071326803220785e-05
3.567782199999999904e+00 2.688089684208021463e-04 8.538485422270008357e-05
3.585621100000000006e+00 2.665407156986085110e-04 8.392774788950592500e-05
3.603549199999999786e+00 2.642797298993451965e-04 8.249540210703137639e-05
3.621567000000000203e+00 2.620273109141271978e-04 8.108754379540099354e-05
3.639674799999999877e+00 2.597836325002772268e-04 7.970390680785995443e-05
3.657873200000000047e+00 2.575488204750974439e-04 7.834422071147331581e-05
3.676162600000000058e+00 2.553233863512673930e-04 7.700822195848450213e-05
3.694543400000000144e+00 2.531078225285689925e-04 7.569564928992454612e-05
3.713016099999999931e+00 2.509025892147475809e-04 7.440023636771898267e-05
3.731581199999999932e+00 2.487074279810642463e-04 7.313376519983836763e-05
3.750239099999999937e+00 2.465231455222570162e-04 7.188400043094074271e-05
3.768990300000000016e+00 2.443498166528163765e-04 7.065669305430689212e-05
3.787835199999999958e+00 2.421878663210565218e-04 6.945747963544816200e-05
3.806774400000000114e+00 2.400386877520692516e-04 6.828016329959998789e-05
3.825808299999999829e+00 2.379033101546226901e-04 6.711867059174257992e-05
3.844937299999999780e+00 2.357813997719877689e-04 6.598444407309757287e-05
3.864161999999999875e+00 2.336729368713916450e-04 6.486561158300137438e-05
3.883482799999999902e+00 2.315785722902795893e-04 6.376776238864769722e-05
3.902900199999999931e+00 2.294982765153871296e-04 6.269065792956638925e-05
3.922414700000000032e+00 2.274317018635630620e-04 6.162837709635522710e-05
3.942026799999999831e+00 2.253794547688097935e-04 6.058642702377553080e-05
3.961736900000000006e+00 2.233415049133013293e-04 5.956457677027396429e-05
3.981545600000000018e+00 2.213181063729910338e-04 5.855699413594605602e-05
4.001453299999999658e+00 2.193095228958524281e-04 5.756910842227147004e-05
4.021460600000000163e+00 2.173153797342924475e-04 5.659514688402638832e-05
4.041567900000000435e+00 2.153359334694155455e-04 5.564600353732472544e-05
4.061775700000000100e+00 2.133717131344646620e-04 5.470545302856894888e-05
4.082084599999999952e+00 2.120067628401506830e-04 5.378216913716403301e-05
4.102495000000000225e+00 2.100683948920564141e-04 5.285204358586481795e-05
4.123007499999999936e+00 2.081421586304346076e-04 5.193903509112160320e-05
4.143622599999999601e+00 2.062286280923018064e-04 5.104026014181414946e-05
4.164340700000000339e+00 2.043275184601530889e-04 5.015717531595461221e-05
4.185162400000000282e+00 2.024390923090385640e-04 4.929013851733297030e-05
4.206088199999999944e+00 2.005638857614684960e-04 4.843843958943238638e-05
4.227118599999999837e+00 1.987021386170295125e-04 4.760190804091401996e-05
4.248254199999999869e+00 1.972235419572134873e-04 4.676935146636496929e-05
4.269495499999999666e+00 1.953848976895929601e-04 4.594860092353263554e-05
4.290842999999999741e+00 1.935580206626661369e-04 4.514265445556918778e-05
4.312297199999999719e+00 1.917439638112970995e-04 4.435134660746467658e-05
4.333858700000000397e+00 1.899426884158483526e-04 4.357502689868603942e-05
4.355527999999999622e+00 1.881541639381672691e-04 4.281198936059393926e-05
4.377305599999999686e+00 1.863788684152271901e-04 4.206361650427993895e-05
4.399192099999999606e+00 1.846164936194386410e-04 4.132821958315123067e-05
4.421188100000000176e+00 1.828674904004662708e-04 4.060666340701802430e-05
4.443293999999999855e+00 1.811320585459221249e-04 3.989778851152367449e-05
4.465510499999999716e+00 1.794098733907389118e-04 3.920195209577300273e-05
4.487838100000000274e+00 1.777013635697429947e-04 3.851851082461725837e-05
4.510277199999999986e+00 1.760062259361579748e-04 3.784782214510647516e-05
4.532828600000000208e+00 1.743246106632161542e-04 3.718924767630462882e-05
4.555492799999999676e+00 1.726566822914352183e-04 3.654216272845895976e-05
4.578270200000000401e+00 1.710023704466877162e-04 3.590692839936976996e-05
4.601161600000000185e+00 1.693615748632906846e-04 3.528340944490468537e-05
4.624167400000000150e+00 1.677342255810359238e-04 3.467099278952462654e-05
4.647288200000000202e+00 1.661206899465238109e-04 3.406955437975952140e-05
4.670524699999999640e+00 1.645206393861147224e-04 3.347897058569293256e-05
4.693877299999999586e+00 1.629339976763963650e-04 3.289912107228870104e-05
4.717346700000000226e+00 1.613608871354238374e-04 3.232988443878008847e-05
4.740933400000000297e+00 1.598014357760294891e-04 3.177067146497983881e-05
4.764638099999999987e+00 1.582553198884503591e-04 3.122137000319821028e-05
4.788461299999999810e+00 1.567224514299329669e-04 3.068187026106216768e-05
4.812403599999999670e+00 1.552029469128580563e-04 3.015252610969216006e-05
4.836465600000000364e+00 1.536969150871191579e-04 2.963230008083811147e-05
4.860647900000000021e+00 1.522040439052336645e-04 2.912155034371471704e-05
4.884951199999999716e+00 1.507242287478043920e-04 2.862016979792714663e-05
4.909375899999999682e+00 1.492577893630502093e-04 2.812759988944203577e-05
4.933922800000000386e+00 1.478042033160055751e-04 2.764374164779506335e-05
4.958592399999999678e+00 1.463637775638154941e-04 2.716849872808192211e-05
4.983385400000000409e+00 1.449363988442397492e-04 2.670177453652338573e-05
5.008302300000000429e+00 1.435217719713143437e-04 2.624347443926117890e-05
5.033343799999999924e+00 1.421199840799485371e-04 2.579350358636306852e-05
5.058510499999999688e+00 1.407311212938412953e-04 2.535132772231805180e-05
5.083803099999999908e+00 1.393550686435700726e-04 2.491729892837318979e-05
5.109222100000000211e+00 1.381809676482689754e-04 2.448827092160235191e-05
5.134768199999999894e+00 1.368292638878410906e-04 2.406202656657859570e-05
5.160442100000000032e+00 1.354893097191392005e-04 2.364330584250544243e-05
5.186244300000000251e+00 1.341608453951886437e-04 2.323202572950381110e-05
5.212175499999999850e+00 1.328441473693722568e-04 2.282810303190620043e-05
5.238236399999999904e+00 1.315389447519918075e-04 2.243145532811295780e-05
5.264427600000000318e+00 1.302455079054477317e-04 2.204200138074773990e-05
5.290749700000000111e+00 1.289633960689982959e-04 2.165966067236767495e-05
5.317203400000000357e+00 1.276930414345039250e-04 2.128393364434158649e-05
5.343789499999999748e+00 1.264339968693409407e-04 2.091516397244637138e-05
5.370508400000000293e+00 1.251865257147254183e-04 2.055285888253310719e-05
5.397360899999999795e+00 1.239503567283148605e-04 2.019694611802445842e-05
5.424347700000000216e+00 1.227253969822742711e-04 1.984776555419532170e-05
5.451469499999999968e+00 1.215117186442902716e-04 1.950442245980016262e-05
5.478726799999999564e+00 1.203093969671779364e-04 1.916766775602423003e-05
5.506120499999999751e+00 1.191180007853216439e-04 1.883661544741100158e-05
5.533651100000000156e+00 1.179377679373164585e-04 1.851160660653844737e-05
5.561319300000000077e+00 1.167685998112560062e-04 1.819137035170386970e-05
5.589125899999999980e+00 1.156102383555644383e-04 1.787625585038389481e-05
5.617071600000000053e+00 1.144625917057140647e-04 1.756700207714773898e-05
5.645156899999999922e+00 1.133257300394489267e-04 1.726354332493749437e-05
5.673382700000000334e+00 1.121993986556076310e-04 1.696502718606325677e-05
5.701749600000000306e+00 1.110838124015082280e-04 1.667218271456780599e-05
5.730258400000000307e+00 1.099785724313382887e-04 1.638455589871080264e-05
5.758909599999999962e+00 1.088838929888682561e-04 1.610208911375701215e-05
5.787704200000000299e+00 1.077995211395940461e-04 1.582472384285891868e-05
5.816642700000000055e+00 1.067255182465480035e-04 1.555202015240294942e-05
5.845725899999999697e+00 1.057257826994249887e-04 1.528163821883956453e-05
5.874954599999999694e+00 1.046717320525089720e-04 1.501507966546652104e-05
5.904329299999999670e+00 1.036273546206085288e-04 1.475343913036287857e-05
5.933850999999999765e+00 1.025926997601105161e-04 1.449628466994299987e-05
5.963520199999999605e+00 1.015678295890498926e-04 1.424394138890553148e-05
5.993337799999999937e+00 1.005523799270678832e-04 1.399635436520076703e-05
6.023304500000000061e+00 9.954640880069553696e-05 1.375272927540998348e-05
6.053421000000000163e+00 9.854996947004922324e-05 1.351376042539169262e-05
6.083688200000000101e+00 9.756284035517314237e-05 1.327902783263944677e-05
6.114106600000000391e+00 9.658508001683872011e-05 1.304848487372696365e-05
6.144677100000000003e+00 9.561660033942284134e-05 1.282244735097285150e-05
6.175400500000000292e+00 9.465731734422197117e-05 1.260014126928452044e-05
6.206277499999999669e+00 9.370715093728934880e-05 1.238152624648985152e-05
6.237308900000000378e+00 9.276601871885571541e-05 1.216727704275779453e-05
6.268495399999999940e+00 9.183384205762303791e-05 1.195663188805653485e-05
6.299837899999999991e+00 9.091066019491175515e-05 1.174990508258655544e-05
6.331337099999999829e+00 8.999627060909174520e-05 1.154670025475258474e-05
6.362993799999999922e+00 8.911145220201461105e-05 1.134697868544441407e-05
6.394808799999999849e+00 8.821456137251663411e-05 1.115035331815727312e-05
6.426782799999999796e+00 8.732610697323670295e-05 1.095748541379001496e-05
6.458916699999999622e+00 8.644624692890151237e-05 1.076764145824294290e-05
6.491211299999999795e+00 8.557478579568697378e-05 1.058147628757789870e-05
6.523667399999999894e+00 8.471164823343811472e-05 1.039860594929549521e-05
6.556285700000000105e+00 8.385676218139057005e-05 1.021899393417676321e-05
6.589067100000000288e+00 8.301016353134767667e-05 1.004260374508889074e-05
6.622012500000000301e+00 8.217177324491145639e-05 9.869062501814975620e-06
6.655122500000000052e+00 8.134141030564581579e-05 9.699009948229650005e-06
6.688398099999999680e+00 8.051910712891778988e-05 9.531738638165065884e-06
6.721840099999999651e+00 7.970468142407778958e-05 9.367550238828206805e-06
6.755449300000000434e+00 7.889816983798903904e-05 9.206410008131895258e-06
6.789226600000000111e+00 7.809949720891864869e-05 9.047954951879364386e-06
6.823172699999999757e+00 7.730859374223959086e-05 8.892155991300135419e-06
6.857288600000000400e+00 7.652527968230548965e-05 8.739309083034261144e-06
6.891574999999999562e+00 7.574959249839314471e-05 8.589380811187788303e-06
6.926032900000000048e+00 7.498145778905298230e-05 8.441693796328928246e-06
6.960663099999999659e+00 7.422080633383861101e-05 8.296865400689490731e-06
6.995466399999999751e+00 7.346756955221438483e-05 8.154544190865952295e-06
7.030443700000000185e+00 7.272167742604662450e-05 8.015019581580210060e-06
7.065595899999999929e+00 7.198306068464527523e-05 7.877628175030634643e-06
7.100923899999999733e+00 7.125155398134170204e-05 7.742661476328528521e-06
7.136428500000000064e+00 7.052728606030709906e-05 7.610405049588534597e-06
7.172110700000000172e+00 6.980999510158972026e-05 7.480205574954240289e-06
7.207971200000000245e+00 6.909971531648140546e-05 7.352350765685118495e-06
7.244011099999999814e+00 6.839647003094436947e-05 7.226814144377766162e-06
7.280231099999999955e+00 6.770001092418684026e-05 7.103569880740279753e-06
7.316632300000000200e+00 6.701036371486279025e-05 6.982287225013652241e-06
7.353215500000000127e+00 6.632746645729069789e-05 6.863248505250761431e-06
7.389981500000000203e+00 6.565125773956569132e-05 6.746126729039261206e-06
7.426931399999999961e+00 6.498167142776102578e-05 6.631501555710739185e-06
7.464066100000000148e+00 6.431855805455142518e-05 6.518447382428886940e-06
7.501386400000000343e+00 6.366203419146061792e-05 6.407543052243161092e-06
7.538893400000000078e+00 6.301186140038281009e-05 6.298763909611377365e-06
7.576587800000000428e+00 6.236807060857842882e-05 6.191791561827859447e-06
7.614470800000000317e+00 6.173051320854447540e-05 6.086606114898072861e-06
7.652543099999999932e+00 6.109930286395061274e-05 5.983188261016417439e-06
7.690805799999999692e+00 6.047421053266275242e-05 5.881808474713720326e-06
7.729259899999999739e+00 5.985517949578550597e-05 5.782154744872421530e-06
7.767906199999999650e+00 5.924223757763882918e-05 5.683921166300871852e-06
7.806745699999999566e+00 5.863532668798505096e-05 5.587950060267724468e-06
7.845779399999999626e+00 5.803431006013116202e-05 5.493361606772015110e-06
7.885008299999999970e+00 5.743921171808734019e-05 5.400424365039690454e-06
7.924433399999999850e+00 5.684989765569275583e-05 5.309120010637231436e-06
7.964055499999999732e+00 5.626631733597641828e-05 5.219430517063611335e-06
8.003875799999999430e+00 5.568849122122761377e-05 5.131337755143451969e-06
8.043895199999999690e+00 5.511621523232700922e-05 5.044546755570938355e-06
8.084114700000000653e+00 5.454958918996744710e-05 4.959595633363811300e-06
8.124535200000000401e+00 5.398848692288977049e-05 4.875913896922339882e-06
8.165157900000000524e+00 5.343278173809064849e-05 4.793761256477558674e-06
8.205983700000000880e+00 5.288257185069062001e-05 4.713120559173549814e-06
8.247013600000000721e+00 5.233773349817142561e-05 4.633974746898542391e-06
8.288248700000000468e+00 5.179814504231432818e-05 4.556037830320848764e-06
8.329689899999999980e+00 5.126383138806212084e-05 4.479297131871538785e-06
8.371338400000000846e+00 5.073467204577399660e-05 4.404006283742568079e-06
8.413195099999999371e+00 5.021069141075442364e-05 4.330148856261045005e-06
8.455261000000000138e+00 4.969184202018736237e-05 4.257444797051154724e-06
8.497537299999999405e+00 4.917800693872800990e-05 4.186144160720247922e-06
8.540024999999999977e+00 4.866914170694337100e-05 4.115969793437185964e-06
9.030794000000000210e+00 4.333410592822993491e-05 3.395261594947891426e-06
9.653919000000000139e+00 3.756237366224165521e-05 2.662656921076630484e-06
1.032004000000000055e+01 3.234049953468271448e-05 2.091569647320041365e-06
1.099089999999999989e+01 2.738852306954998712e-05 1.669084847163272186e-06
1.103212000000000081e+01 2.702252187937140987e-05 1.646901396869168716e-06
1.115911999999999971e+01 2.548957478467830809e-05 1.580042087104423286e-06
1.120398999999999923e+01 2.403345871092952960e-05 1.557215712229687516e-06
1.127128000000000085e+01 2.497616211619547747e-05 3.940769109366060634e-06
1.143950000000000067e+01 2.529647352218496685e-05 3.730781250707083505e-06
1.179334000000000060e+01 2.441510977911492906e-05 3.334102228593410120e-06
1.256761999999999979e+01 2.159458618286244636e-05 2.634565869285294153e-06
1.260707999999999984e+01 2.142279121895327991e-05 2.604034286105996050e-06
1.275998000000000054e+01 2.059243652901330713e-05 2.489999658405517565e-06
1.281128000000000000e+01 1.995685981641491508e-05 2.453051346167779199e-06
1.288822000000000045e+01 2.020757180306205424e-05 3.331832316772831095e-06
1.308057999999999943e+01 2.003747858259019183e-05 3.155156087142305702e-06
1.315013000000000076e+01 1.988765275924456681e-05 3.094212389716791786e-06
1.335140999999999956e+01 1.929596062772001358e-05 2.925983440810480178e-06
1.340507999999999988e+01 1.895700852405784466e-05 2.883163170032206524e-06
1.347696999999999967e+01 1.900842367222571510e-05 3.266688889674429898e-06
1.348559000000000019e+01 1.900944289178850753e-05 3.259475078750712067e-06
1.368687000000000076e+01 1.876417319696126087e-05 3.093753568218459166e-06
1.440687999999999924e+01 1.736216807977597229e-05 2.581921730769882702e-06
1.540094999999999992e+01 1.545476338630617593e-05 2.035648101419855955e-06
1.646361999999999881e+01 1.366610724081570577e-05 1.604530399520533404e-06
1.759960999999999842e+01 1.204202890950364729e-05 1.263675509282681429e-06
1.881398000000000081e+01 1.058614004820055344e-05 9.948517206456800705e-07
2.011214999999999975e+01 9.291765320704667148e-06 7.837262207301885011e-07
2.149988000000000099e+01 8.146983985003003494e-06 6.178536545864061608e-07
2.298338000000000036e+01 7.143603251290182189e-06 4.871453005063098830e-07
2.456923000000000101e+01 6.255045786133823692e-06 3.839868697727947021e-07
2.626450000000000173e+01 5.477492122785985248e-06 3.028724279128885687e-07
2.807676000000000016e+01 4.795100463235402879e-06 2.369668604557692403e-07
3.001405000000000101e+01 4.193705104230843647e-06 1.850606232967031750e-07
3.208502000000000010e+01 3.666604557652157861e-06 1.446985451314226755e-07
3.429889000000000010e+01 3.205145669270193759e-06 1.132941435037522497e-07
3.666550999999999760e+01 2.801420117189782393e-06 8.881350072230132703e-08
3.919543000000000177e+01 2.448341290080418988e-06 6.971196706405633249e-08
4.189992000000000161e+01 2.139619946971405290e-06 5.479771050843388796e-08
4.479100999999999999e+01 1.869719424530565151e-06 4.313278697030589165e-08
4.788159000000000276e+01 1.633751032068113691e-06 3.399485882841740844e-08
5.118542000000000058e+01 1.427418428922258600e-06 2.678650508645228999e-08
5.471721000000000146e+01 1.246924643994647926e-06 2.113196893413512858e-08
5.849269999999999925e+01 1.088957843493689066e-06 1.667065387454447754e-08
6.252870000000000061e+01 9.505097814262794477e-07 1.312443200281915328e-08
6.684318000000000382e+01 8.287921405987245828e-07 1.034950507969759080e-08
7.145535999999999888e+01 7.205971831714552239e-07 8.173012510419900351e-09
7.458877999999999986e+01 6.540831734136176894e-07 7.028796409068460522e-09
7.573045000000000471e+01 6.253198176539138441e-07 6.664906213221518759e-09
7.603489000000000431e+01 6.094090232566798402e-07 6.572236883314212242e-09
7.638577999999999690e+01 6.124745167508029649e-07 2.779384468270655752e-08
7.649156000000000688e+01 6.130493512415536550e-07 2.766183437805232743e-08
7.763321999999999434e+01 6.047004283266229711e-07 2.628768168831227179e-08
8.165640000000000498e+01 5.549553968499653381e-07 2.203924089455345114e-08
8.729068999999999789e+01 4.894732657976940590e-07 1.736819892043040751e-08
9.331373999999999569e+01 4.301662539985441723e-07 1.369508911720734676e-08
9.975239000000000544e+01 3.774578228799308933e-07 1.080781900908815740e-08
1.066353000000000009e+02 3.308992658810305327e-07 8.510354245856620251e-09
1.139930999999999983e+02 2.899051272993991328e-07 6.707393961286728036e-09
1.218586999999999989e+02 2.538859063977256746e-07 5.291839243345418379e-09
1.302668999999999926e+02 2.222794922129244285e-07 4.180001870287890592e-09
1.392553000000000054e+02 1.945688609544537402e-07 3.305895219669740836e-09
1.488640000000000043e+02 1.702883172578737092e-07 2.618433105048491914e-09
1.591356000000000108e+02 1.490724787475899954e-07 2.073903800321006478e-09
1.701159000000000106e+02 1.304422262384658443e-07 1.644205258817282302e-09
1.818539000000000101e+02 1.141331146611564344e-07 1.306458832977133468e-09
1.944018000000000086e+02 9.985888021973257142e-08 1.040354802627845800e-09
2.078155999999999892e+02 8.736730515378330367e-08 8.305952191697418747e-10
2.221547999999999945e+02 7.643714947873748563e-08 6.650095034936789059e-10
2.374834999999999923e+02 6.687366771248630666e-08 5.340799961258639086e-10
2.538699000000000012e+02 5.850648851121613215e-08 4.303952689228630401e-10
2.713869000000000256e+02 5.118622576195304197e-08 3.480997627623977109e-10
2.901125999999999863e+02 4.478197064315989958e-08 2.826512984572368668e-10
3.101304000000000087e+02 3.917913895116046170e-08 2.304782166308640213e-10
3.315294000000000096e+02 3.427739099580355266e-08 1.888465332917751992e-10
3.544048999999999978e+02 2.998937677767256131e-08 1.562093098444830899e-10
3.788587999999999738e+02 2.623832639146800380e-08 1.297588588339940988e-10
4.050000999999999749e+02 2.295677197285385646e-08 1.082633919916500539e-10
4.329451000000000249e+02 2.008592326403915902e-08 9.072243819299892735e-11
