1.067676000000000069e+00 1.507771286215730513e-04 2.625735472993631864e-05
1.141345000000000054e+00 1.318161598787111134e-04 2.065868487240485237e-05
1.220097999999999905e+00 1.151538860030032506e-04 1.617732542748464357e-05
1.304284999999999917e+00 1.004899055587452246e-04 1.262594424447241027e-05
1.394281000000000104e+00 8.763279181720676333e-05 9.862717034199225738e-06
1.490485999999999978e+00 7.639016809208670983e-05 7.711730968029516451e-06
1.593328999999999995e+00 6.656763155009583135e-05 6.016178460291442327e-06
1.703268999999999922e+00 5.798494633323899764e-05 4.694822770913854256e-06
1.820794999999999941e+00 5.049396283241722172e-05 3.667374866295933743e-06
1.946430000000000105e+00 4.395809204255860794e-05 2.867788952978813529e-06
2.080732999999999944e+00 3.825516671204526336e-05 2.244801246876773284e-06
2.224304000000000059e+00 3.327737141042183376e-05 1.759073773502054920e-06
2.377781000000000144e+00 2.892846055755138716e-05 1.379956349502726410e-06
2.541847999999999885e+00 2.512327094028605543e-05 1.083739974193704418e-06
2.717235000000000067e+00 2.178437635721284737e-05 8.520332655417300052e-07
2.904723999999999862e+00 1.883825882473081097e-05 6.706102441359686728e-07
3.105150000000000077e+00 1.621116726860724741e-05 5.231084864594309791e-07
3.319405999999999857e+00 1.376211335564332086e-05 4.046904696267206438e-07
3.535251999999999839e+00 1.110733653477353263e-05 3.179146286901585002e-07
3.548445000000000071e+00 1.086765465219754119e-05 3.134490632379961743e-07
3.589363000000000081e+00 9.692403926033296650e-06 3.000189238211709866e-07
3.603793000000000024e+00 8.321412991000241269e-06 2.954664763305455680e-07
3.625436999999999799e+00 9.520327685218595153e-06 2.808471796134729965e-06
3.679548000000000041e+00 1.038454962061104645e-05 2.660385501249508166e-06
3.793287999999999993e+00 1.053018321227083548e-05 2.380174587899353670e-06
4.055024000000000406e+00 9.829981837061868962e-06 1.871483715603350995e-06
4.334820999999999813e+00 8.880303110710025344e-06 1.473381256696998774e-06
4.633924000000000376e+00 7.927275639946211757e-06 1.160517605420216393e-06
4.953663999999999845e+00 7.031923424292469271e-06 9.105243404778032357e-07
5.295467000000000368e+00 6.210704682022880409e-06 7.133277541447719078e-07
5.660854999999999748e+00 5.469985009291033190e-06 5.584821569333105531e-07
6.051453000000000415e+00 4.808137612960811739e-06 4.369711009021641458e-07
6.469003999999999976e+00 4.220422364614912556e-06 3.418348626853833192e-07
6.915365000000000428e+00 3.700817695292424279e-06 2.673918125956807073e-07
7.392525000000000013e+00 3.249710268215760011e-06 2.087046583842775320e-07
7.902608999999999995e+00 2.845436096287378765e-06 1.623556213273851458e-07
8.447889999999999233e+00 2.490234821838617566e-06 1.263251961176713101e-07
9.030794000000000210e+00 2.178768604668926310e-06 9.815908996729536433e-08
9.653919000000000139e+00 1.905561392553395151e-06 7.587511997607622410e-08
1.032004000000000055e+01 1.666165550167480014e-06 5.866718270683817194e-08
1.103212000000000081e+01 1.456626873693216343e-06 4.537433204933354785e-08
1.179334000000000060e+01 1.273332090639047917e-06 3.510208085345686956e-08
1.260707999999999984e+01 1.113061492237732345e-06 2.716362347229413629e-08
1.347696999999999967e+01 9.729572355250708806e-07 2.102758931689105577e-08
1.440687999999999924e+01 8.505096555953578888e-07 1.628362254069131972e-08
1.540094999999999992e+01 7.435026195045762875e-07 1.261503215903270008e-08
1.646361999999999881e+01 6.499809111725086591e-07 9.727219317164628460e-09
1.759960999999999842e+01 5.682285154056866549e-07 7.493564747540785613e-09
1.881398000000000081e+01 4.967738805605355541e-07 5.776701323542909487e-09
2.011214999999999975e+01 4.343219962260335230e-07 4.456187091285503768e-09
2.149988000000000099e+01 3.797432171314183868e-07 3.440662671427133563e-09
2.298338000000000036e+01 3.320413705483286253e-07 2.659040482272019904e-09
2.456923000000000101e+01 2.903484270302431666e-07 2.057310431653849464e-09
2.626450000000000173e+01 2.539091868082311493e-07 1.593743937755209552e-09
2.807676000000000016e+01 2.220532233661399687e-07 1.229369068966067722e-09
3.001405000000000101e+01 1.941971643204677566e-07 9.483221694469290904e-10
3.208502000000000010e+01 1.698434462983507566e-07 7.331054983305210951e-10
3.429889000000000010e+01 1.485500128327728636e-07 5.682029937298170881e-10
3.666550999999999760e+01 1.299309414932253512e-07 4.416678063630216778e-10
3.919543000000000177e+01 1.136508781756492327e-07 3.444842561836127543e-10
4.189992000000000161e+01 9.941375540285619259e-08 2.697181344070022221e-10
4.479100999999999999e+01 8.696334652028390677e-08 2.120928553711599618e-10
4.788159000000000276e+01 7.607497447994507694e-08 1.676052787066273405e-10
5.118542000000000058e+01 6.655163704437566508e-08 1.331777930640876644e-10
5.471721000000000146e+01 5.822230354236403452e-08 1.064660955578666152e-10
5.849269999999999925e+01 5.093675810131567916e-08 8.567503165217378022e-11
6.252870000000000061e+01 4.456380908290019638e-08 6.944070091563762539e-11
6.684318000000000382e+01 3.898903377362096553e-08 5.670864268590542289e-11
7.145535999999999888e+01 3.411235813831994721e-08 4.668179770673033683e-11
7.638577999999999690e+01 2.984627497261395544e-08 3.874297861513894383e-11
8.165640000000000498e+01 2.611398043245921093e-08 3.238546121697020592e-11
8.729068999999999789e+01 2.284877298569454204e-08 2.729423454868193971e-11
9.331373999999999569e+01 1.999204894688681263e-08 2.319743891208293046e-11
9.975239000000000544e+01 1.749276606012907698e-08 1.987388099951408259e-11
1.066353000000000009e+02 1.530609098257808152e-08 1.715708549978287779e-11
1.139930999999999983e+02 1.339283769520594813e-08 1.491636916222392454e-11
1.218586999999999989e+02 1.171884128201826770e-08 1.305254602719091536e-11
1.302668999999999926e+02 1.025420943674049674e-08 1.148863090779990787e-11
1.392553000000000054e+02 8.972670974261427900e-09 1.016566485544977657e-11
1.488640000000000043e+02 7.851325682115721424e-09 9.035313652184371836e-12
1.591356000000000108e+02 6.870164024240206715e-09 8.063582819633617584e-12
1.701159000000000106e+02 6.011650219047662169e-09 7.220648855416713963e-12
1.818539000000000101e+02 5.260442575236661003e-09 6.484735966532197499e-12
1.944018000000000086e+02 4.603130083820075114e-09 5.837366018663764926e-12
2.078155999999999892e+02 4.027968772287681514e-09 5.265782015681150192e-12
2.221547999999999945e+02 3.524678885655386541e-09 4.757833771984187427e-12
2.374834999999999923e+02 3.084271857323359088e-09 4.304977417942847845e-12
2.538699000000000012e+02 2.698907296841949850e-09 3.898799146397789811e-12
2.713869000000000256e+02 2.361705683593910641e-09 3.534328652082054774e-12
2.901125999999999863e+02 2.066633648948865460e-09 3.205941783192736650e-12
3.101304000000000087e+02 1.808427671400294862e-09 2.909335668945706495e-12
3.315294000000000096e+02 1.582490661862382906e-09 2.640997710432865196e-12
3.544048999999999978e+02 1.384781473237732137e-09 2.397723185941796732e-12
3.788587999999999738e+02 1.211773219783847073e-09 2.177252629046738544e-12
4.050000999999999749e+02 1.060379387437953414e-09 1.977101271017685208e-12
4.329451000000000249e+02 9.279002872098818681e-10 1.795288802219715981e-12
