1.004374899999999959e+00 5.277235257968557133e-07 9.452324882148409603e-08
1.009396799999999983e+00 5.222570437329550658e-07 9.285348426184820493e-08
1.014443800000000007e+00 5.168363229438448029e-07 9.121250657243299753e-08
1.019516000000000089e+00 5.114629038420733551e-07 8.960000064644886995e-08
1.024613599999999902e+00 5.061346355324986691e-07 8.801923718696257979e-08
1.029736699999999949e+00 5.008512830106691578e-07 8.646627948659825421e-08
1.034885300000000008e+00 4.956144312767467423e-07 8.494082939271081953e-08
1.040059800000000090e+00 4.904235040139096826e-07 8.344255850378840915e-08
1.045260099999999914e+00 4.852767150903565615e-07 8.197118238957919702e-08
1.050486400000000042e+00 4.801737340744224159e-07 8.052639471244777880e-08
1.055738800000000088e+00 4.751159831282470570e-07 7.910789985493002098e-08
1.061017499999999947e+00 4.701030871973393890e-07 7.771539737315065272e-08
1.066322599999999898e+00 4.651331385131843188e-07 7.634859712573560707e-08
1.071654200000000001e+00 4.602075119445351086e-07 7.500721141825800277e-08
1.077012499999999928e+00 4.553242463813862993e-07 7.368753115115589863e-08
1.082397499999999901e+00 4.504831929462858125e-07 7.239273162890859154e-08
1.087809500000000096e+00 4.456870740490940722e-07 7.112251907596511412e-08
1.093248599999999904e+00 4.409309275269768822e-07 6.987324981738229063e-08
1.098714799999999991e+00 4.362177098723290291e-07 6.864805476174344388e-08
1.104208400000000090e+00 4.315454674896145745e-07 6.744331542817954383e-08
1.109729399999999977e+00 4.269140481735106452e-07 6.626213351962207001e-08
1.115278100000000050e+00 4.223245523348425872e-07 6.510092897128312366e-08
1.120854500000000087e+00 4.177738406067212509e-07 6.395949118576761799e-08
1.126458699999999924e+00 4.132646377430171113e-07 6.283760523071220680e-08
1.132090999999999958e+00 4.087950807783084537e-07 6.173829778473793435e-08
1.137751500000000027e+00 4.043649428744466751e-07 6.065807507141506205e-08
1.143440199999999907e+00 3.999726526640260651e-07 5.959995206912057079e-08
1.149157399999999996e+00 3.956206812353077912e-07 5.855725823481166357e-08
1.154903199999999908e+00 3.913046034399090872e-07 5.753302318207862632e-08
1.160677699999999923e+00 3.870283897681970214e-07 5.652070224239949947e-08
1.166481099999999937e+00 3.827876301120023005e-07 5.552649350906953963e-08
1.172313500000000008e+00 3.785835236403170055e-07 5.455333608817834675e-08
1.178175100000000031e+00 3.744158187485164086e-07 5.359473290588440443e-08
1.184066000000000063e+00 3.702830106950932535e-07 5.265364234729440852e-08
1.189986299999999941e+00 3.661862555418560748e-07 5.172986949714651516e-08
1.195936200000000005e+00 3.621240104485297839e-07 5.082321679807489346e-08
1.201915899999999926e+00 3.580973448121849638e-07 4.993348867438428417e-08
1.207925499999999985e+00 3.541035377088317334e-07 4.906049556469484262e-08
1.213965100000000019e+00 3.501449832743896604e-07 4.820101795867096798e-08
1.220034999999999981e+00 3.462176518321250498e-07 4.735792332305275273e-08
1.226135100000000033e+00 3.423252662877834162e-07 4.652803322621638651e-08
1.232265799999999967e+00 3.384638153693148318e-07 4.571418423516462317e-08
1.238427100000000003e+00 3.346344781952901337e-07 4.491619844819913307e-08
1.244619300000000095e+00 3.308370264820262023e-07 4.413093165324658014e-08
1.250842400000000021e+00 3.270702119362396524e-07 4.336119528892553855e-08
1.257096599999999897e+00 3.233338935424158228e-07 4.260388119542574817e-08
1.263382100000000063e+00 3.196279303719100046e-07 4.185885418918596443e-08
1.269698999999999911e+00 3.159510849978125758e-07 4.112888209312156410e-08
1.276047500000000001e+00 3.123043832201563847e-07 4.041378887890461234e-08
1.282427699999999948e+00 3.086843585864519049e-07 3.970766399710331213e-08
1.288839899999999927e+00 3.050942558733874947e-07 3.901612807298631232e-08
1.295284000000000102e+00 3.015307659076514390e-07 3.833901865524828584e-08
1.301760500000000098e+00 2.979936984288142985e-07 3.767050269518752831e-08
1.308269300000000079e+00 2.944831407294838148e-07 3.701613104557723233e-08
1.314810599999999940e+00 2.909979673354298470e-07 3.637293734604902465e-08
1.321384700000000079e+00 2.875391667995233835e-07 3.574079493714830215e-08
1.327991600000000050e+00 2.841036230251327610e-07 3.511958653345242973e-08
1.334631600000000029e+00 2.806923610128460444e-07 3.450918779688660979e-08
1.341304700000000016e+00 2.773044336164864759e-07 3.390948338007697908e-08
1.348011199999999965e+00 2.739388040484939390e-07 3.332308128044626537e-08
1.354751299999999992e+00 2.705945153183959887e-07 3.274438953102239839e-08
1.361525000000000096e+00 2.672717219303782163e-07 3.217603942727062184e-08
1.368332700000000068e+00 2.639684401292006946e-07 3.162059952352463821e-08
1.375174300000000072e+00 2.606849096194417543e-07 3.107256928092389793e-08
1.382050199999999895e+00 2.574202028948985439e-07 3.053453296746925148e-08
1.388960500000000042e+00 2.541725827025219810e-07 3.000637986116055274e-08
1.395905299999999905e+00 2.509422762615073869e-07 2.948536373042055381e-08
1.402884800000000043e+00 2.477266490849074588e-07 2.897665943516460850e-08
1.409899199999999908e+00 2.445259608959298722e-07 2.847750743107367542e-08
1.416948700000000061e+00 2.413386222746116218e-07 2.798520155442813209e-08
1.424033499999999952e+00 2.381631087903835504e-07 2.750225698661837785e-08
1.431153600000000026e+00 2.349980250039965486e-07 2.702599898106436302e-08
1.438309400000000071e+00 2.318427966905968357e-07 2.656147324088437524e-08
1.445500900000000088e+00 2.286952367253634207e-07 2.610344808024860229e-08
1.452728400000000031e+00 2.255531542294446397e-07 2.565185542873471318e-08
1.459992100000000015e+00 2.224153498794806012e-07 2.521167103507233758e-08
1.467292000000000041e+00 2.192798806927027273e-07 2.477673855838262780e-08
1.474628499999999898e+00 2.161439195249010801e-07 2.435024976653743722e-08
1.482001600000000030e+00 2.130057192491039275e-07 2.393136589038865447e-08
1.489411700000000005e+00 2.098618318762667269e-07 2.351999855276230369e-08
1.496858699999999986e+00 2.067099233382366287e-07 2.311557645649993378e-08
1.504342999999999986e+00 2.035459942985139649e-07 2.271850944713127455e-08
1.511864700000000061e+00 2.003654928411988680e-07 2.232847278732082502e-08
1.519424000000000108e+00 1.971656394467419524e-07 2.194514577506353776e-08
1.527021200000000078e+00 1.939397973978257589e-07 2.156869384540028879e-08
1.534656299999999973e+00 1.906824761613252790e-07 2.119880298251497697e-08
1.542329499999999909e+00 1.873868247359259473e-07 2.083540031371315356e-08
1.550041199999999897e+00 1.840447078936203422e-07 2.047841099575721044e-08
1.557791399999999937e+00 1.806453963588823485e-07 2.012753000959945983e-08
1.565580399999999983e+00 1.771785552260356140e-07 1.978292380108310837e-08
1.573408300000000093e+00 1.736283787556329764e-07 1.944452344021350462e-08
1.581275299999999939e+00 1.699775003273152902e-07 1.911202658734715539e-08
1.589181699999999919e+00 1.662034291813844729e-07 1.878513499009166913e-08
1.597127600000000092e+00 1.622752632321010202e-07 1.846424928620943094e-08
1.605113199999999907e+00 1.581562186986247018e-07 1.814884315692909815e-08
1.613138799999999984e+00 1.537904623259510740e-07 1.783885519409544777e-08
1.621204499999999937e+00 1.491041522346385341e-07 1.753445379584674180e-08
1.629310500000000106e+00 1.439826617072953154e-07 1.723535048364929888e-08
1.637457099999999999e+00 1.382458005758440946e-07 1.694148555534072576e-08
1.645644300000000060e+00 1.315796007482788012e-07 1.665257933498573655e-08
1.653872599999999915e+00 1.233518035985885804e-07 1.636901954305646526e-08
1.662141899999999950e+00 1.119525357253170696e-07 1.609030596133872506e-08
1.670452599999999954e+00 9.016692321098406320e-08 1.581550212009197149e-08
1.674700700000000042e+00 3.060688893002864481e-08 1.567385969211733789e-08
1.675099399999999905e+00 2.957944172515838719e-08 7.513867092241410447e-08
1.678804900000000044e+00 8.525575867148129410e-08 7.454097460529633894e-08
1.687198900000000057e+00 1.047418314040493618e-07 7.321038929521410349e-08
1.695634899999999945e+00 1.117508037670096876e-07 7.190421950203589201e-08
1.704113100000000047e+00 1.145858771503480917e-07 7.062003134797209291e-08
1.712633700000000037e+00 1.144301838351703055e-07 6.935973403315191163e-08
1.721196799999999971e+00 1.095721654151392248e-07 6.812092379793951677e-08
1.726984099999999911e+00 8.203311096331229957e-08 6.730023449741266252e-08
1.727415900000000004e+00 8.170721631392117788e-08 9.485763722665797803e-08
1.729802800000000085e+00 1.042539458692319874e-07 9.438847436592073140e-08
1.738451799999999992e+00 1.189080301275854342e-07 9.270589062519682604e-08
1.747144100000000089e+00 1.251907548633638287e-07 9.105456086550019361e-08
1.755879799999999991e+00 1.292553183584315378e-07 8.943413800005952025e-08
1.764659200000000094e+00 1.321746613730795446e-07 8.784218217962671543e-08
1.773482500000000073e+00 1.343617187815482264e-07 8.627837858798259265e-08
1.782349900000000043e+00 1.360252094517279044e-07 8.474241517512323004e-08
1.791261699999999957e+00 1.372876402759340017e-07 8.323397798785459540e-08
1.800218000000000096e+00 1.382299184536957890e-07 8.175072101911014427e-08
1.809219099999999969e+00 1.389062260457712376e-07 8.029643466568985622e-08
1.818265199999999915e+00 1.393559354399304069e-07 7.886876351300462131e-08
1.827356500000000050e+00 1.396070465790010397e-07 7.746539537004937437e-08
1.836493300000000106e+00 1.396794395393296413e-07 7.608606050154337834e-08
1.845675699999999919e+00 1.395863820978993792e-07 7.473249387776981291e-08
1.854904099999999945e+00 1.393347656957968733e-07 7.340241280121368936e-08
1.864178600000000019e+00 1.389239039374020976e-07 7.209753721842910049e-08
1.873499500000000095e+00 1.383431975778606302e-07 7.081561346767379938e-08
1.882867000000000068e+00 1.375658957255724911e-07 6.955638807234231351e-08
1.892281399999999891e+00 1.365297523751325944e-07 6.831960613547203335e-08
1.901742800000000067e+00 1.350852055752947432e-07 6.710502231873729840e-08
1.911251500000000103e+00 1.327386666475563319e-07 6.591238621377780042e-08
1.919474700000000089e+00 1.268071020949355632e-07 6.490144974061383952e-08
1.920807699999999896e+00 1.204005817981674935e-07 6.473953730034913219e-08
1.922525299999999993e+00 1.265884932251158505e-07 7.418583083487920777e-08
1.930411799999999900e+00 1.319407386092029893e-07 7.312400274796586054e-08
1.940063799999999894e+00 1.337156110026863612e-07 7.184968180749718719e-08
1.949764199999999947e+00 1.345166542054530840e-07 7.059755048981193263e-08
1.959513000000000060e+00 1.348958971763641075e-07 6.936925012764992741e-08
1.969310499999999964e+00 1.350280183255187542e-07 6.816076948665898789e-08
1.979157099999999891e+00 1.349918235229796237e-07 6.697374934969962099e-08
1.989052899999999902e+00 1.348314102646586238e-07 6.580795559944402392e-08
1.998998100000000111e+00 1.345730234273870709e-07 6.466131161271929738e-08
2.008993100000000087e+00 1.342350434164473296e-07 6.353726860619498526e-08
2.019038099999999947e+00 1.338284045513145899e-07 6.243556791930818579e-08
2.029133299999999807e+00 1.333685912331645924e-07 6.135958044647350170e-08
2.039279000000000064e+00 1.328638351264508767e-07 6.030358101067155368e-08
2.049475399999999947e+00 1.323190060409065600e-07 5.926734504346823337e-08
2.059722700000000017e+00 1.317392432978342748e-07 5.824886317952429246e-08
2.070021300000000064e+00 1.311281875242812581e-07 5.724971365191575559e-08
2.080371400000000204e+00 1.304898085261576936e-07 5.626790887280702341e-08
2.090773299999999946e+00 1.298266574400830236e-07 5.530325586965501436e-08
2.101227199999999851e+00 1.291412138372205039e-07 5.435731751523004473e-08
2.111733300000000035e+00 1.284358748617069913e-07 5.342639526536316847e-08
2.122291999999999845e+00 1.277133433547876118e-07 5.251379299727252061e-08
2.132903400000000005e+00 1.269746390445007796e-07 5.161585290116861912e-08
2.143568000000000140e+00 1.262223146008464519e-07 5.073412845590100884e-08
2.154285799999999806e+00 1.254572981776941240e-07 4.986844416151130553e-08
2.165057200000000126e+00 1.246812332263770739e-07 4.901861656340354177e-08
2.175882500000000164e+00 1.238957187732814139e-07 4.818277499641299395e-08
2.186761900000000036e+00 1.231007642383936933e-07 4.735572046305245187e-08
2.197695700000000141e+00 1.222963750462857274e-07 4.654240083705468332e-08
2.208684199999999986e+00 1.214840793337928144e-07 4.574433224044025056e-08
2.219727600000000134e+00 1.206646129548420014e-07 4.495968519869179648e-08
2.230826299999999929e+00 1.198390391214718579e-07 4.418831039367859117e-08
2.241980400000000095e+00 1.190080494995402565e-07 4.343006585910054293e-08
2.253190299999999979e+00 1.181726464708750602e-07 4.268317164285525565e-08
2.264456200000000141e+00 1.173327376588329547e-07 4.194913586896386836e-08
2.275778499999999926e+00 1.164885754689645941e-07 4.122781451684156180e-08
2.287157399999999896e+00 1.156411340968916416e-07 4.051745953286254637e-08
2.298593200000000003e+00 1.147913437908181487e-07 3.981955637572385649e-08
2.310086200000000201e+00 1.139390632187723336e-07 3.913555968813862122e-08
2.321636600000000161e+00 1.130851987210951358e-07 3.846213988076688658e-08
2.333244800000000119e+00 1.122302656787959662e-07 3.780076036182228469e-08
2.344911000000000190e+00 1.113747814139967789e-07 3.714971863883139640e-08
2.356635600000000164e+00 1.105188941068844120e-07 3.651046466752464589e-08
2.368418699999999877e+00 1.096631061079219713e-07 3.588286915867450238e-08
2.380260799999999843e+00 1.088075395007346830e-07 3.526525172626376626e-08
2.392162100000000180e+00 1.079526640982138799e-07 3.465904540472204732e-08
2.404122999999999788e+00 1.070992351591516845e-07 3.406258907577747001e-08
2.416143599999999836e+00 1.062467401879295935e-07 3.347730384319568608e-08
2.428224300000000113e+00 1.053962294703532760e-07 3.290154598132999751e-08
2.440365400000000129e+00 1.045474808787929742e-07 3.233521256158848816e-08
2.452567199999999836e+00 1.037008968203807808e-07 3.177970210420989604e-08
2.464830099999999913e+00 1.028568567576052464e-07 3.123190372115913656e-08
2.477154200000000195e+00 1.020154498769612069e-07 3.069471344576412062e-08
2.489539999999999864e+00 1.011770281872663211e-07 3.016652905026631013e-08
2.501987699999999926e+00 1.003416596335585091e-07 2.964725349277368776e-08
2.514497599999999888e+00 9.950852522663023484e-08 2.913386219641963848e-08
2.527070099999999986e+00 9.867827820308260230e-08 2.862921373238791419e-08
2.539705500000000171e+00 9.785098172317839120e-08 2.813466129821865964e-08
2.552404000000000117e+00 9.702670472647698208e-08 2.764720567977006436e-08
2.565166000000000057e+00 9.620577980228141770e-08 2.716820788053696024e-08
2.577991899999999781e+00 9.538824896738209482e-08 2.669757354566398288e-08
2.590881800000000013e+00 9.457445027330436697e-08 2.623521227743367199e-08
2.603836199999999934e+00 9.376440711901695586e-08 2.578103035481869760e-08
2.616855399999999943e+00 9.295788667261662217e-08 2.533493698493426964e-08
2.629939699999999991e+00 9.215573423107443545e-08 2.489684217788987303e-08
2.643089400000000033e+00 9.135743910047572952e-08 2.446526437391702257e-08
2.656304800000000021e+00 9.056355825670095886e-08 2.404152138926273983e-08
2.669586300000000190e+00 8.977384193823401634e-08 2.362552461419872720e-08
2.682934299999999883e+00 8.898830683727485053e-08 2.321581460686635813e-08
2.696348899999999826e+00 8.820749692641453542e-08 2.281369233265794873e-08
2.709830699999999926e+00 8.743114693056626191e-08 2.241906979099155929e-08
2.723379800000000017e+00 8.665928287340589959e-08 2.203051268871529012e-08
2.736996700000000171e+00 8.589215076455748213e-08 2.164930024913190183e-08
2.750681699999999896e+00 8.512975477015470466e-08 2.127401136028356092e-08
2.764435100000000034e+00 8.437209833043004836e-08 2.090591476484214526e-08
2.778257299999999930e+00 8.361917815313311423e-08 2.054360325402554587e-08
2.792148599999999981e+00 8.287147060915936018e-08 2.018701552636244533e-08
2.806109300000000140e+00 8.212849377856681846e-08 1.983871375342339987e-08
2.820139900000000033e+00 8.139046952527178253e-08 1.949468227975205774e-08
2.834240600000000221e+00 8.065762753650431959e-08 1.915747870892014647e-08
2.848411800000000049e+00 7.992994851707786523e-08 1.882573189101764063e-08
2.862653900000000196e+00 7.920718759218662668e-08 1.849938271252890800e-08
2.876967099999999888e+00 7.848978951158500276e-08 1.817965305244153020e-08
2.891351999999999922e+00 7.777771684320594537e-08 1.786519167123644001e-08
2.905808700000000133e+00 7.707095935469663409e-08 1.755594300229929099e-08
2.920337799999999984e+00 7.636969652008652522e-08 1.725184889659222205e-08
2.934939400000000198e+00 7.567391111114196037e-08 1.695410863900651476e-08
2.949614099999999794e+00 7.498419703070216988e-08 1.666139876278840747e-08
2.964362200000000058e+00 7.430071807993973447e-08 1.637242309472511903e-08
2.979184000000000054e+00 7.362425463508413425e-08 1.608961649110964375e-08
2.994079900000000016e+00 7.295699258116491584e-08 1.581167696444520227e-08
3.009050300000000178e+00 7.229878378639967999e-08 1.553365859539743045e-08
3.024095599999999884e+00 7.164119738683356714e-08 1.525679802602594165e-08
3.039216099999999976e+00 7.098574204775352221e-08 1.498472971390809211e-08
3.054412199999999800e+00 7.033346728534131096e-08 1.471740065626066026e-08
3.069684200000000196e+00 6.968479784064595796e-08 1.445475880839203710e-08
3.085032599999999903e+00 6.904013265265508921e-08 1.419675164442079324e-08
3.100457800000000042e+00 6.839947464727779079e-08 1.394332760839390598e-08
3.115960100000000121e+00 6.776302090687598623e-08 1.369561711965811043e-08
3.131539899999999932e+00 6.713114434702511069e-08 1.345120152742976623e-08
3.147197600000000151e+00 6.650382936270134722e-08 1.321121761737855664e-08
3.162933600000000123e+00 6.588106017830088411e-08 1.297561566481963444e-08
3.178748199999999802e+00 6.526300784940828478e-08 1.274434680024224435e-08
3.194641999999999982e+00 6.464964254815429958e-08 1.251736139197939034e-08
3.210615199999999891e+00 6.404113009772606160e-08 1.229461185775064075e-08
3.226668300000000045e+00 6.343726188555507398e-08 1.207604986271494086e-08
3.242801599999999951e+00 6.283837159766194019e-08 1.186049340851230238e-08
3.259015600000000124e+00 6.224407506580121730e-08 1.165017042773822284e-08
3.275310699999999908e+00 6.165469515346627368e-08 1.144277014068504532e-08
3.291687299999999983e+00 6.107019987260721202e-08 1.123826310604267243e-08
3.308145699999999856e+00 6.049056104112512166e-08 1.103873412536898094e-08
3.324686400000000042e+00 5.991574320367124213e-08 1.084246199207844574e-08
3.341309900000000166e+00 5.934571126153316647e-08 1.064963152975317815e-08
3.358016399999999901e+00 5.894547538267740737e-08 1.045834218708709684e-08
3.374806500000000042e+00 5.838312810329348600e-08 1.026858336487789503e-08
3.391680500000000098e+00 5.782533540838478678e-08 1.008229856608090620e-08
3.408638900000000138e+00 5.727206752014299763e-08 9.899448501150603797e-09
3.425682099999999952e+00 5.672314073209722955e-08 9.719994540364392513e-09
3.442810500000000218e+00 5.617868945475173979e-08 9.543791505608068499e-09
3.460024600000000117e+00 5.571694795029034802e-08 9.370270969876700174e-09
3.477324700000000046e+00 5.518074203424910893e-08 9.198664301544785315e-09
3.494711300000000076e+00 5.464878346592247884e-08 9.030218129302840610e-09
3.512184899999999832e+00 5.412134731707976283e-08 8.864896700042170129e-09
3.529745800000000155e+00 5.359810964998384744e-08 8.702769353418502889e-09
3.547394499999999784e+00 5.307919283096737594e-08 8.543591934667502655e-09
3.565131500000000120e+00 5.256485891744238456e-08 8.387434444370119032e-09
3.582957200000000064e+00 5.205464175701921252e-08 8.234159946529758968e-09
3.600871900000000014e+00 5.154895056700551372e-08 8.083736278696377021e-09
3.618876300000000157e+00 5.104760163423496768e-08 7.936130666196778909e-09
3.636970700000000001e+00 5.055056837809486297e-08 7.791210349170849178e-09
3.655155499999999780e+00 5.005795974771801736e-08 7.649146683411531379e-09
3.673431299999999844e+00 4.956960001039559372e-08 7.509605957600805520e-09
3.691798499999999983e+00 4.908573147478255767e-08 7.372659907546454780e-09
3.710257499999999986e+00 4.860604880015321465e-08 7.238279339721575872e-09
3.728808799999999923e+00 4.813065372858514491e-08 7.106435125914187001e-09
3.747452800000000028e+00 4.765951392756553600e-08 6.977000391682160779e-09
3.766190100000000207e+00 4.719259222921502348e-08 6.850045535385190715e-09
3.785020999999999969e+00 4.672998833966400864e-08 6.725348124634595824e-09
3.803946100000000108e+00 4.627166185295616278e-08 6.602979542906719186e-09
3.822965899999999806e+00 4.581744884640130862e-08 6.482913402292869126e-09
3.842080699999999904e+00 4.542065264428373479e-08 6.365123890044531472e-09
3.861291099999999865e+00 4.497454026887099136e-08 6.247774052483339170e-09
3.880597499999999922e+00 4.453244206434170787e-08 6.132667257738596436e-09
3.900000499999999981e+00 4.409420171034432775e-08 6.019683405524902563e-09
3.919500499999999832e+00 4.365991317675201674e-08 5.908798718534299845e-09
3.939097999999999988e+00 4.322954443565330850e-08 5.799989477192346451e-09
3.958793500000000076e+00 4.280306373554148756e-08 5.693232179246896707e-09
3.978587500000000166e+00 4.238043959641332583e-08 5.588503537596352455e-09
3.998480400000000046e+00 4.196175849402447993e-08 5.485688576691920877e-09
4.018472799999999623e+00 4.154686943149945078e-08 5.384765663525999129e-09
4.038565199999999855e+00 4.113574175091837707e-08 5.285349003580980103e-09
4.058758000000000088e+00 4.072845923649671073e-08 5.187876423233318169e-09
4.079051800000000227e+00 4.032498632502975680e-08 5.092235278485344049e-09
4.099447099999999899e+00 3.992517986562026735e-08 4.998404829879469689e-09
4.119944300000000226e+00 3.952912104800723174e-08 4.906275319849817890e-09
4.140544000000000224e+00 3.913666749195841466e-08 4.815827591746584959e-09
4.161246700000000409e+00 3.874800354399294252e-08 4.727131223597564870e-09
4.182052999999999798e+00 3.836298647468411235e-08 4.640166093569501756e-09
4.202963200000000121e+00 3.798148363206248312e-08 4.554562353335835323e-09
4.223978100000000069e+00 3.760366841491837169e-08 4.470566630604809112e-09
4.245097999999999594e+00 3.722940765525322931e-08 4.388247640968906277e-09
4.266323400000000099e+00 3.685856892379198678e-08 4.307327274935971892e-09
4.287655100000000274e+00 3.649132055960495105e-08 4.228047439655314940e-09
4.309093299999999793e+00 3.612763443876938645e-08 4.150218637425278237e-09
4.330638800000000010e+00 3.576727546569379457e-08 4.073824308245380213e-09
4.352292000000000272e+00 3.541041373442182943e-08 3.998848431240063613e-09
4.374053499999999595e+00 3.505701529573024664e-08 3.925274940635412554e-09
4.395923699999999990e+00 3.470695412660955455e-08 3.853088096551909810e-09
4.417903299999999867e+00 3.436019822428805925e-08 3.782188734079279731e-09
4.439992900000000020e+00 3.401681128971853595e-08 3.712728244503997067e-09
4.462192800000000403e+00 3.367676534165954604e-08 3.644525202802125349e-09
4.484503799999999707e+00 3.333993317577796590e-08 3.577565328836738141e-09
4.506926299999999941e+00 3.300637960763723265e-08 3.511834800336195297e-09
4.529460900000000123e+00 3.267598293288893649e-08 3.447401006836413066e-09
4.552108200000000160e+00 3.234889293480637180e-08 3.384087314730103971e-09
4.574868799999999958e+00 3.202489942144032454e-08 3.322042218114206256e-09
4.597743099999999750e+00 3.170406463690315553e-08 3.261091095016829376e-09
4.620731799999999723e+00 3.138627029399003562e-08 3.201301357429163971e-09
4.643835499999999783e+00 3.107166038603025569e-08 3.142580522144710541e-09
4.667054699999999556e+00 3.076011916558563743e-08 3.084995578785827647e-09
4.690389999999999837e+00 3.045153325253519732e-08 3.028533524712982773e-09
4.713841900000000251e+00 3.014604370859527985e-08 2.973025398098314048e-09
4.737411100000000097e+00 2.984353563111710854e-08 2.918616064812474997e-09
4.761098200000000169e+00 2.954389906449268224e-08 2.865215570739303913e-09
4.784903700000000093e+00 2.924727096782450138e-08 2.812812586897791552e-09
4.808828199999999775e+00 2.895354111801911720e-08 2.761319296302440125e-09
4.832872300000000010e+00 2.866268193167749978e-08 2.710877952742985317e-09
4.857036700000000096e+00 2.837466494842401831e-08 2.661324737475385306e-09
4.881321899999999658e+00 2.808946436628558075e-08 2.612649856874614550e-09
4.905728500000000381e+00 2.780713025088493580e-08 2.564918566094522478e-09
4.930257100000000392e+00 2.752748181360445125e-08 2.518120071255747114e-09
4.954908399999999880e+00 2.725064461326135247e-08 2.472095081326917000e-09
4.979682900000000245e+00 2.697659163612775131e-08 2.426983073919566438e-09
5.004581400000000180e+00 2.670514533688222814e-08 2.382699905395195405e-09
5.029604299999999917e+00 2.643643088146542952e-08 2.339309525497942994e-09
5.054752299999999643e+00 2.617034762561125253e-08 2.296655949420196600e-09
5.080026000000000153e+00 2.590694239573384558e-08 2.254731119647335841e-09
5.105426200000000136e+00 2.564611561238665639e-08 2.213671129476270322e-09
5.130953299999999828e+00 2.538784507161174108e-08 2.173322553611635664e-09
5.156608099999999695e+00 2.513217428780977707e-08 2.133748842197051886e-09
5.182391100000000250e+00 2.487900962959111625e-08 2.094941210916019829e-09
5.208303100000000185e+00 2.462839382709516491e-08 2.056820173142768171e-09
5.234344600000000014e+00 2.438023514003921542e-08 2.019378157750977580e-09
5.260516299999999923e+00 2.413457643935077972e-08 1.982677539779910632e-09
5.286818900000000099e+00 2.389132598272281422e-08 1.946640152539100639e-09
5.313252999999999560e+00 2.365046131435258269e-08 1.911258593980229740e-09
5.339819199999999988e+00 2.341202500182561689e-08 1.876525527409619882e-09
5.366518300000000075e+00 2.317599135134992064e-08 1.842433612287308837e-09
5.393350899999999726e+00 2.294227318610164084e-08 1.808975645773395912e-09
5.420317700000000016e+00 2.271091105491038196e-08 1.776144455805099981e-09
5.447419299999999964e+00 2.248188180533571311e-08 1.743865410748571283e-09
5.474656399999999756e+00 2.225510004394610934e-08 1.712132476091258151e-09
5.502029699999999579e+00 2.203054414928442920e-08 1.681006559208443521e-09
5.529539800000000227e+00 2.180831440668905237e-08 1.650480766130053071e-09
5.557187500000000391e+00 2.158820572643551004e-08 1.620548205410331338e-09
5.584973399999999977e+00 2.137037750743638846e-08 1.591136214590842907e-09
5.612898300000000340e+00 2.115468743026789134e-08 1.562239012506086054e-09
5.640962799999999611e+00 2.094111580850867349e-08 1.533916166708948725e-09
5.669167599999999752e+00 2.072975739675735912e-08 1.506096138552719067e-09
5.697513500000000342e+00 2.052047415743914880e-08 1.478773308184756605e-09
5.726001000000000118e+00 2.031324775261165077e-08 1.452006455550494137e-09
5.754630999999999830e+00 2.010816877935036378e-08 1.425661174550053430e-09
5.783404199999999662e+00 1.990510406218686468e-08 1.399860248164542510e-09
5.812321200000000410e+00 1.970408986451040095e-08 1.374534040882545273e-09
5.841382799999999875e+00 1.950505077636118113e-08 1.349614186840486154e-09
5.870589700000000022e+00 1.930802170628573080e-08 1.325221710411964966e-09
5.899942700000000428e+00 1.911298188458607461e-08 1.301225653171685632e-09
5.929442400000000113e+00 1.891991207455340323e-08 1.277683837997126098e-09
5.959089600000000431e+00 1.872873991586343814e-08 1.254591089108054457e-09
5.988884999999999792e+00 1.853955055770093975e-08 1.231942299628025664e-09
6.018829499999999832e+00 1.835221996001788940e-08 1.209671224490806018e-09
6.048923600000000178e+00 1.816673185887292609e-08 1.187834642618845767e-09
6.079168199999999800e+00 1.798316773294336636e-08 1.166367003698022857e-09
6.109564100000000053e+00 1.780140787390700551e-08 1.145324500874886309e-09
6.140111899999999956e+00 1.762148496627935551e-08 1.124702266027214507e-09
6.170812500000000256e+00 1.744337964729253414e-08 1.104376143561413550e-09
6.201666499999999971e+00 1.726707448145452195e-08 1.084461815932891519e-09
6.232674900000000129e+00 1.709254999043249990e-08 1.064954467081143061e-09
6.263838200000000356e+00 1.691974257786868938e-08 1.045731907386067177e-09
6.295157399999999903e+00 1.674872787026340051e-08 1.026908083263751795e-09
6.326633199999999846e+00 1.657939492655438454e-08 1.008420183885297212e-09
6.358266399999999763e+00 1.641177329290113319e-08 9.902644618299283102e-10
6.390057699999999841e+00 1.624584612458567816e-08 9.724372189977400215e-10
6.422007999999999939e+00 1.608159574287159308e-08 9.549920651747229043e-10
6.454118000000000244e+00 1.591896131671807891e-08 9.378104731830045586e-10
6.486388599999999727e+00 1.575801473959107197e-08 9.209464066085392665e-10
6.518820599999999743e+00 1.559865113472334726e-08 9.043962852607918432e-10
6.551414699999999591e+00 1.544089893153600439e-08 8.881565749781876669e-10
6.584171699999999738e+00 1.528478451418171383e-08 8.722237592791300999e-10
6.915365000000000428e+00 1.383388238785404771e-08 7.302965402029870662e-10
7.392525000000000013e+00 1.207414936633652916e-08 5.733394854371442622e-10
7.902608999999999995e+00 1.053688865846090166e-08 4.487413508236923500e-10
8.447889999999999233e+00 9.194034744234972794e-09 3.513088561419398618e-10
9.030794000000000210e+00 8.022208854672399376e-09 2.737047728602966179e-10
9.653919000000000139e+00 6.995097795927407366e-09 2.112729180786682646e-10
1.032004000000000055e+01 6.095248973853259357e-09 1.633201996937157733e-10
1.103212000000000081e+01 5.306508167970576914e-09 1.264419991016231211e-10
1.179334000000000060e+01 4.613061410036257049e-09 9.804395597459497058e-11
1.260707999999999984e+01 3.998316894053715125e-09 7.614504009949197509e-11
1.347696999999999967e+01 3.436479813381858336e-09 5.923421284088324738e-11
1.403908999999999985e+01 3.072613098239802625e-09 5.083075209227639336e-11
1.425397000000000070e+01 2.855950424121508110e-09 4.802740117170616456e-11
1.431127000000000038e+01 2.683803898398255505e-09 4.731566356238037707e-11
1.440687999999999924e+01 2.811122505897509576e-09 3.363172934589284274e-10
1.461210999999999949e+01 2.853194017848908822e-09 3.178171251009333106e-10
1.540094999999999992e+01 2.682992921656775183e-09 2.591715801396011033e-10
1.646361999999999881e+01 2.396986804541984043e-09 2.032599999254245539e-10
1.759960999999999842e+01 2.121870400612440346e-09 1.603492754072861002e-10
1.881398000000000081e+01 1.871281542315625546e-09 1.265851772162320176e-10
2.011214999999999975e+01 1.646257310315581057e-09 9.924907522954657065e-11
2.149988000000000099e+01 1.445810797450326646e-09 7.770804302487779000e-11
2.298338000000000036e+01 1.268300144048514799e-09 6.079197223837668139e-11
2.456923000000000101e+01 1.111687032439372293e-09 4.754834355136039723e-11
2.626450000000000173e+01 9.738988519907767826e-10 3.720151917799606789e-11
2.807676000000000016e+01 8.528468244544343999e-10 2.902383241584040786e-11
3.001405000000000101e+01 7.472559484433748314e-10 2.253893792493897008e-11
3.208502000000000010e+01 6.538680387019620159e-10 1.748255609200595808e-11
3.429889000000000010e+01 5.720317408547011545e-10 1.356870496836543894e-11
3.666550999999999760e+01 5.003679018147066222e-10 1.053592703634308111e-11
3.919543000000000177e+01 4.376434290002557369e-10 8.185903952327765755e-12
4.189992000000000161e+01 3.827616954693328003e-10 6.363418459037991331e-12
4.479100999999999999e+01 3.347512868766260962e-10 4.948984988179998840e-12
4.788159000000000276e+01 2.927603219067144454e-10 3.852728783941067117e-12
5.118542000000000058e+01 2.560365862747562175e-10 3.002619530925646160e-12
5.471721000000000146e+01 2.239231226159114914e-10 2.343187399694426586e-12
5.849269999999999925e+01 1.958417115922935574e-10 1.831243700412996876e-12
6.252870000000000061e+01 1.712875063242260608e-10 1.432715590687594871e-12
6.684318000000000382e+01 1.498139008429515347e-10 1.118141390421865176e-12
7.145535999999999888e+01 1.310344876487063376e-10 8.747228205782772052e-13
7.638577999999999690e+01 1.146119289138654124e-10 6.860610425915547603e-13
8.165640000000000498e+01 1.002509123561792665e-10 5.392920978480678440e-13
8.729068999999999789e+01 8.769152141248766372e-11 4.245480314642550438e-13
9.331373999999999569e+01 7.670726061601173632e-11 3.356013767398378407e-13
9.975239000000000544e+01 6.710053909971035496e-11 2.664621581525744690e-13
1.066353000000000009e+02 5.869841427969548887e-11 2.126186726916906280e-13
1.139930999999999983e+02 5.134982184142919520e-11 1.705819574235019949e-13
1.218586999999999989e+02 4.492224860645439738e-11 1.376642517436095610e-13
1.302668999999999926e+02 3.930017682382836697e-11 1.118026590496110411e-13
1.392553000000000054e+02 3.438245538392829172e-11 9.141219053090563162e-14
1.488640000000000043e+02 3.008072418256122231e-11 7.526474271797013216e-14
1.591356000000000108e+02 2.631774509036103216e-11 6.241901581026628109e-14
1.701159000000000106e+02 2.302589265622939951e-11 5.214678235582038384e-14
1.818539000000000101e+02 2.014610938824954329e-11 4.388560820244934835e-14
1.944018000000000086e+02 1.762678943882127556e-11 3.719868266518531756e-14
2.078155999999999892e+02 1.542267313562107131e-11 3.175350369445033896e-14
2.221547999999999945e+02 1.349437346998998066e-11 2.728700809354417572e-14
2.374834999999999923e+02 1.180732314619586585e-11 2.359642415828841026e-14
2.538699000000000012e+02 1.033127023195203339e-11 2.052516500617094480e-14
2.713869000000000256e+02 9.039820594694681746e-12 1.794870690131924472e-14
2.901125999999999863e+02 7.909893476840845944e-12 1.577282770003484949e-14
3.101304000000000087e+02 6.921257362965875176e-12 1.392172344956695432e-14
3.315294000000000096e+02 6.056222899168768581e-12 1.233378538915349351e-14
3.544048999999999978e+02 5.299347457628075608e-12 1.096448807241013687e-14
3.788587999999999738e+02 4.637075442712820387e-12 9.775940196324002071e-15
4.050000999999999749e+02 4.057601246941078736e-12 8.738304873415706117e-15
4.329451000000000249e+02 3.550552017732503027e-12 7.827213897863401521e-15
