1.067676000000000069e+00 5.730800800686042078e-04 4.353265859215880887e-04
1.100932000000000022e+00 5.404928385184311779e-04 3.921388551353380747e-04
1.117782999999999971e+00 5.058055707960982259e-04 3.723792946218173333e-04
1.122276999999999969e+00 4.727954374164112811e-04 3.673305519012675475e-04
1.129016999999999937e+00 5.005170313949602184e-04 4.196825880225172863e-04
1.141345000000000054e+00 5.164243536729935889e-04 4.040648571136689791e-04
1.145868000000000109e+00 5.180422538786942427e-04 3.985248650602863513e-04
1.180312000000000028e+00 5.104694520129761425e-04 3.594737844712197193e-04
1.198377999999999943e+00 4.950817873816034656e-04 3.416848234768855071e-04
1.203195999999999932e+00 4.818961987763017291e-04 3.371545966245757982e-04
1.210422000000000109e+00 4.909682225552672308e-04 3.529027834673017670e-04
1.220097999999999905e+00 4.942214900024772704e-04 3.435643122160036262e-04
1.228488000000000024e+00 4.937837415540561421e-04 3.357452437056866312e-04
1.304284999999999917e+00 4.653873154336384595e-04 2.760061631068297730e-04
1.334073999999999982e+00 4.501590240663805591e-04 2.569213298475630158e-04
1.354492999999999947e+00 4.365377267946035297e-04 2.449353909226869067e-04
1.359939000000000009e+00 4.284614503315635871e-04 2.418753161829034380e-04
1.368106000000000044e+00 4.308762469310810643e-04 2.486365191903420818e-04
1.388525999999999927e+00 4.273909756887600770e-04 2.375204869345351358e-04
1.394281000000000104e+00 4.256912413645203984e-04 2.345164587361256805e-04
1.490485999999999978e+00 3.912636591051272313e-04 1.893392585098211994e-04
1.593328999999999995e+00 3.535390650485466723e-04 1.520522287668789893e-04
1.703268999999999922e+00 3.165590738799338574e-04 1.218214144029261298e-04
1.820794999999999941e+00 2.817358089600056166e-04 9.752236109534950944e-05
1.946430000000000105e+00 2.496030492991507962e-04 7.791634055899736148e-05
2.080732999999999944e+00 2.203458067986373845e-04 6.224015717110554429e-05
2.224304000000000059e+00 1.940199141987529680e-04 4.977156493531655318e-05
2.377781000000000144e+00 1.708338056519113500e-04 3.976079382204715046e-05
2.541847999999999885e+00 1.500338450267519328e-04 3.175403639620397726e-05
2.717235000000000067e+00 1.314602538827418612e-04 2.538565866716240585e-05
2.904723999999999862e+00 1.151326227219155181e-04 2.031058897080363987e-05
3.105150000000000077e+00 1.008202472246633896e-04 1.613449928375396044e-05
3.319405999999999857e+00 8.806945209427972357e-05 1.273461554136965064e-05
3.548445000000000071e+00 7.677192114291898158e-05 1.000720169299269496e-05
3.793287999999999993e+00 6.678824073453434233e-05 7.867071716443316636e-06
4.055024000000000406e+00 5.798519244137862296e-05 6.194810034687962853e-06
4.334820999999999813e+00 5.021197220934240713e-05 4.887758766817449214e-06
4.633924000000000376e+00 4.330286961082605674e-05 3.864393178602972510e-06
4.953663999999999845e+00 3.703429248144205865e-05 3.057503803439291066e-06
5.295467000000000368e+00 3.078860206448231173e-05 2.411897089764484577e-06
5.373046000000000433e+00 2.911677855067396290e-05 2.289664631008647777e-06
5.455286000000000080e+00 2.630410433728034612e-05 2.168834368508721253e-06
5.477216999999999558e+00 2.387896538351611230e-05 2.137993743753447633e-06
5.510112999999999595e+00 2.573287115024912625e-05 6.338908543461899517e-06
5.592354000000000269e+00 2.674846170115212170e-05 5.994290078122370157e-06
5.660854999999999748e+00 2.661050076917294226e-05 5.725384298403985442e-06
5.772788000000000252e+00 2.582332212382993945e-05 5.319115145280692972e-06
5.861146999999999885e+00 2.455745857621160621e-05 5.027941723351080346e-06
5.884710000000000107e+00 2.347940229267049634e-05 4.953882073840767229e-06
5.920053000000000232e+00 2.423131269943712998e-05 6.684672148532317755e-06
6.008411999999999864e+00 2.450796406303186326e-05 6.325817849385816216e-06
6.051453000000000415e+00 2.439630049676796983e-05 6.159999829443555167e-06
6.140973999999999933e+00 2.398076421822995549e-05 5.832962265509363804e-06
6.234969000000000428e+00 2.322988370889230168e-05 5.514576501908371570e-06
6.260034000000000098e+00 2.269322607346205211e-05 5.433854092859913450e-06
6.297632000000000119e+00 2.294389070226478269e-05 6.142059841179180015e-06
6.391625999999999586e+00 2.286086842619002377e-05 5.830730355829778070e-06
6.469003999999999976e+00 2.259757897401702158e-05 5.589899190325307523e-06
6.915365000000000428e+00 2.059946793526762866e-05 4.423516187153548902e-06
7.392525000000000013e+00 1.844983447244339427e-05 3.495388242305660246e-06
7.902608999999999995e+00 1.639279996241908952e-05 2.757328917650907574e-06
8.447889999999999233e+00 1.449632914462194947e-05 2.173893924549151828e-06
9.030794000000000210e+00 1.278473218345099097e-05 1.711333218769721324e-06
9.653919000000000139e+00 1.124184084960589700e-05 1.339214758206588782e-06
1.032004000000000055e+01 9.867348030050740991e-06 1.049044052207606674e-06
1.103212000000000081e+01 8.661665119922704124e-06 8.223787552885074352e-07
1.179334000000000060e+01 7.591590486511351973e-06 6.429845266661066150e-07
1.260707999999999984e+01 6.648232004190417862e-06 5.019010279005005595e-07
1.347696999999999967e+01 5.814806755309121969e-06 3.910201440487434205e-07
1.440687999999999924e+01 5.083345387174407997e-06 3.049595137711643445e-07
1.540094999999999992e+01 4.442538206663841875e-06 2.381032923914659894e-07
1.646361999999999881e+01 3.881713560310725241e-06 1.860887891686391463e-07
1.759960999999999842e+01 3.391224376209713652e-06 1.456029506973331757e-07
1.881398000000000081e+01 2.962441112611839698e-06 1.140641361484441107e-07
2.011214999999999975e+01 2.587703755919393258e-06 8.946867390331055441e-08
2.149988000000000099e+01 2.260249573057396348e-06 7.026556693761857077e-08
2.298338000000000036e+01 1.974121584763345060e-06 5.525430895562446225e-08
2.456923000000000101e+01 1.724091590061227485e-06 4.344654460462961967e-08
2.626450000000000173e+01 1.505523489033463944e-06 3.413190502683126779e-08
2.807676000000000016e+01 1.314281016227854424e-06 2.658644712651899607e-08
3.001405000000000101e+01 1.146679323280189844e-06 2.064513731451186443e-08
3.208502000000000010e+01 9.995968546382087801e-07 1.605276978044670858e-08
3.429889000000000010e+01 8.699236351106385975e-07 1.250361974388560603e-08
3.666550999999999760e+01 7.535328165093178367e-07 9.757171757064953193e-09
3.814611000000000018e+01 6.850549685947156283e-07 8.429779426757980117e-09
3.872997999999999763e+01 6.497227666063158174e-07 7.971184576236530359e-09
3.888566999999999751e+01 6.268863291130490885e-07 7.854382697520102550e-09
3.911921999999999855e+01 6.370628878405619915e-07 4.201324809746961653e-08
3.919543000000000177e+01 6.383258828368028704e-07 4.172411521868693045e-08
3.970309000000000310e+01 6.339460911186027083e-07 3.984877033201420540e-08
4.189992000000000161e+01 5.831132699783500911e-07 3.286033702682227368e-08
4.479100999999999999e+01 5.162254726282898618e-07 2.584075880627798863e-08
4.788159000000000276e+01 4.546537667562483406e-07 2.031151610760655416e-08
5.118542000000000058e+01 3.995029080586598484e-07 1.595741810901435738e-08
5.471721000000000146e+01 3.505516791935839024e-07 1.250772209298688747e-08
5.849269999999999925e+01 3.073177929876176121e-07 9.804720915338242499e-09
6.252870000000000061e+01 2.692514724839173856e-07 7.688115538387039686e-09
6.684318000000000382e+01 2.357999977101522339e-07 6.030569589755952586e-09
7.145535999999999888e+01 2.064424379474982681e-07 4.732956983258613451e-09
7.638577999999999690e+01 1.807027364569619356e-07 3.716824873568807860e-09
8.165640000000000498e+01 1.582343308793784011e-07 2.911871972814562357e-09
8.729068999999999789e+01 1.384560783607866405e-07 2.274730909293475449e-09
9.331373999999999569e+01 1.211360591385799197e-07 1.779237050553528628e-09
9.975239000000000544e+01 1.059748856013002461e-07 1.393706296444437340e-09
1.066353000000000009e+02 9.270706014623170533e-08 1.093493400706671113e-09
1.139930999999999983e+02 8.109810976061983810e-08 8.596044232909812374e-10
1.218586999999999989e+02 7.094184603578342115e-08 6.771455120351293554e-10
1.302668999999999926e+02 6.205739588052846937e-08 5.347359484211868423e-10
1.392553000000000054e+02 5.428574925681386141e-08 4.234011573833643209e-10
1.488640000000000043e+02 4.748771498715744521e-08 3.362678189535709535e-10
1.591356000000000108e+02 4.154146330056124370e-08 2.679722351557130643e-10
1.701159000000000106e+02 3.634036567081541257e-08 2.143757162266461915e-10
1.818539000000000101e+02 3.179098935069629318e-08 1.723573171758827500e-10
1.944018000000000086e+02 2.781163044525084507e-08 1.391836562504219980e-10
2.078155999999999892e+02 2.433086430619220066e-08 1.129321080487982342e-10
2.221547999999999945e+02 2.128609758230276941e-08 9.209261307389904105e-11
2.374834999999999923e+02 1.862269491184280546e-08 7.550406126261051828e-11
2.538699000000000012e+02 1.629280146155007124e-08 6.225076905967013675e-11
2.713869000000000256e+02 1.425463273867793607e-08 5.161907217903480299e-11
2.901125999999999863e+02 1.247162495835857688e-08 4.305423246995260592e-11
3.101304000000000087e+02 1.091179127126956558e-08 3.612151679520727385e-11
3.315294000000000096e+02 9.547182209732667872e-09 3.048458139970232095e-11
3.544048999999999978e+02 8.353332436620024060e-09 2.587341761901429942e-11
3.788587999999999738e+02 7.308860203598086348e-09 2.208286750521940360e-11
4.050000999999999749e+02 6.395049721987068313e-09 1.894502900760801583e-11
4.329451000000000249e+02 5.595541245860868740e-09 1.633469464984168942e-11
