2.080732999999999944e+00 2.224772744675196056e-05 5.317416174734676988e-08
2.224304000000000059e+00 1.945767485863779392e-05 4.043784207380007863e-08
2.377781000000000144e+00 1.701847977110175172e-05 3.077269752212440284e-08
2.541847999999999885e+00 1.488584615085371833e-05 2.343664966451931106e-08
2.717235000000000067e+00 1.302106801744466950e-05 1.786719701538676414e-08
2.904723999999999862e+00 1.139041978159616964e-05 1.363752614331971891e-08
3.105150000000000077e+00 9.964308419758289076e-06 1.037827581903695027e-08
3.319405999999999857e+00 8.716977933406994282e-06 7.879916234921977117e-09
3.548445000000000071e+00 7.626018788162984692e-06 5.995804432973273830e-09
3.793287999999999993e+00 6.671795100836110272e-06 4.573762676425325830e-09
4.055024000000000406e+00 5.837110003248937430e-06 3.499233225976412594e-09
4.334820999999999813e+00 5.106965222989875553e-06 2.686565391690980198e-09
4.633924000000000376e+00 4.468226095380168879e-06 2.070876205661403834e-09
4.953663999999999845e+00 3.909455222155078175e-06 1.603669634481470907e-09
5.295467000000000368e+00 3.420616645441543075e-06 1.248341316435621810e-09
5.660854999999999748e+00 2.992951655251163524e-06 9.776207139753723693e-10
6.051453000000000415e+00 2.618783493431078751e-06 7.707678772646266071e-10
6.469003999999999976e+00 2.291421729877474185e-06 6.122080919236244062e-10
6.915365000000000428e+00 2.005002557193290091e-06 4.902500630462722034e-10
7.392525000000000013e+00 1.754396339322808327e-06 3.960599586073304962e-10
7.902608999999999995e+00 1.535128857352690006e-06 3.229804074704533783e-10
8.447889999999999233e+00 1.343274361795727713e-06 2.659857161441918620e-10
9.030794000000000210e+00 1.175405311071812617e-06 2.211871677924776333e-10
9.653919000000000139e+00 1.028521575299755640e-06 1.856315407588191692e-10
2.011214999999999975e+01 2.369164179547615680e-07 4.773743591598093340e-11
2.149988000000000099e+01 2.073173944601442456e-07 4.363920434188267488e-11
2.298338000000000036e+01 1.814160371794951654e-07 3.999948112143870409e-11
2.456923000000000101e+01 1.587513709057790319e-07 3.675075835337497027e-11
2.626450000000000173e+01 1.389182827134120349e-07 3.382699467925100285e-11
2.807676000000000016e+01 1.215628312746173298e-07 3.118195516828244463e-11
3.001405000000000101e+01 1.063761173588475595e-07 2.877782992838226714e-11
3.208502000000000010e+01 9.308630988118479930e-08 2.658041546980114578e-11
3.429889000000000010e+01 8.145708503765838675e-08 2.456827920006828192e-11
3.666550999999999760e+01 7.128072158013184176e-08 2.271809191529710970e-11
3.919543000000000177e+01 6.237567144409662123e-08 2.101380061247899245e-11
4.189992000000000161e+01 5.458310850715345427e-08 1.944115662003361487e-11
4.479100999999999999e+01 4.776408845408106693e-08 1.798398525135691596e-11
4.788159000000000276e+01 4.179709303660394667e-08 1.663612657772703127e-11
5.118542000000000058e+01 3.657541099290798861e-08 1.538631185268781673e-11
5.471721000000000146e+01 3.200618179455316513e-08 1.422660446824375127e-11
5.849269999999999925e+01 2.800766946181753873e-08 1.314980014970137856e-11
6.252870000000000061e+01 2.450876967907692864e-08 1.215020410231817004e-11
6.684318000000000382e+01 2.144690639949267691e-08 1.122171138600693803e-11
7.145535999999999888e+01 1.876762162107868441e-08 1.035951026917092558e-11
7.638577999999999690e+01 1.642305043876735175e-08 9.558412126240382245e-12
8.165640000000000498e+01 1.437137771075057334e-08 8.815634010768697613e-12
8.729068999999999789e+01 1.257597199529726208e-08 8.125902965621731197e-12
9.331373999999999569e+01 1.100490307816741856e-08 7.485660578388910262e-12
9.975239000000000544e+01 9.630099951011000465e-09 6.891572839813944372e-12
2.078155999999999892e+02 2.218807759288980425e-09 2.673920637548289440e-12
2.221547999999999945e+02 1.941621463634549774e-09 2.445122807138008064e-12
2.374834999999999923e+02 1.699061445239966594e-09 2.234719947894843481e-12
2.538699000000000012e+02 1.486803391003228924e-09 2.041291469751189766e-12
2.713869000000000256e+02 1.301062640492356953e-09 1.863678596455720494e-12
2.901125999999999863e+02 1.138525558285451736e-09 1.700671183470915460e-12
3.101304000000000087e+02 9.962934801003784423e-10 1.551129059282162545e-12
3.315294000000000096e+02 8.718301251755085104e-10 1.414060745484821059e-12
3.544048999999999978e+02 7.629156629308812253e-10 1.288507154935696949e-12
3.788587999999999738e+02 6.676075018104200793e-10 1.173576272050821220e-12
4.050000999999999749e+02 5.842055869129760080e-10 1.068399876306863680e-12
4.329451000000000249e+02 5.112229114699929606e-10 9.722281179177661467e-13
