1.000000000000000000e+00 2.620485415297895662e-04 3.144853319844356917e-05
1.298597194388777520e+00 1.560998136891788451e-04 1.439272651508692677e-05
1.597194388777555041e+00 1.029182431977420211e-04 6.580612186958624553e-06
1.895791583166332783e+00 7.275855620864912234e-05 3.461578467085001400e-06
2.194388777555110082e+00 5.409937063108683424e-05 1.982090101571952253e-06
2.492985971943888046e+00 4.173903216574476662e-05 1.262474165212588298e-06
2.791583166332665567e+00 3.322469079983706412e-05 8.168760787251995467e-07
3.090180360721443087e+00 2.707345583475440285e-05 5.606620741440769676e-07
3.388777555110220607e+00 2.247494857541579183e-05 3.897784913772672230e-07
3.687374749498998128e+00 1.895255544428227476e-05 2.787608227149136548e-07
3.985971943887775648e+00 1.619668385050205246e-05 2.042363588073132743e-07
4.284569138276553169e+00 1.400061426911345946e-05 1.530737199730195404e-07
4.583166332665331133e+00 1.222267058613538690e-05 1.171316133720982438e-07
4.881763527054108209e+00 1.076326302392630861e-05 9.127251598413599009e-08
5.180360721442886174e+00 9.550459757195617073e-06 7.221282226430192955e-08
5.478957915831663250e+00 8.531708851349942356e-06 5.785317289708849546e-08
5.777555110220441215e+00 7.667700860093820361e-06 4.681914438379372219e-08
6.076152304609219179e+00 6.928579357039303610e-06 3.819176244063038956e-08
6.374749498997996255e+00 6.291531843765995848e-06 3.169585614534126026e-08
6.673346693386774220e+00 5.738493683777064898e-06 2.650264297910776477e-08
6.971943887775551296e+00 5.255272236198031200e-06 2.221913115107429578e-08
7.270541082164329261e+00 4.830691841948901915e-06 1.888788257091654382e-08
7.569138276553106337e+00 4.455578538577513868e-06 1.614022704514337912e-08
7.867735470941884302e+00 4.122508721571470789e-06 1.381426732696578488e-08
8.166332665330662266e+00 3.825509505804993973e-06 1.199997063366003101e-08
8.464929859719440230e+00 3.559446475896286105e-06 1.037317548528941602e-08
8.763527054108216419e+00 3.320277890226811546e-06 9.111492631601359490e-09
9.062124248496994383e+00 3.104394414497827671e-06 7.953009402268287890e-09
9.360721442885772348e+00 2.908948413232437248e-06 7.034056806457223551e-09
9.659318637274550312e+00 2.731364230581722177e-06 6.174644264831893289e-09
9.957915831663326500e+00 2.569597317973394847e-06 5.510308990916973982e-09
1.025651302605210446e+01 2.421764222000665203e-06 4.884655215952157935e-09
1.055511022044088243e+01 2.286352204223570624e-06 4.377593128968963271e-09
1.085370741482966039e+01 2.161981428142530849e-06 3.920294814751502493e-09
1.115230460921843836e+01 2.047491049375881795e-06 3.519123754950018046e-09
1.145090180360721455e+01 1.941870541055228415e-06 3.184618358495583712e-09
1.174949899799599251e+01 1.844205645545367139e-06 2.867114941939393727e-09
1.204809619238477048e+01 1.753744083199767818e-06 2.612665310002776669e-09
1.234669338677354844e+01 1.669774832206099270e-06 2.378468769370555319e-09
1.264529058116232463e+01 1.591690424103025395e-06 2.160466177698557744e-09
1.294388777555110259e+01 1.518970759818095869e-06 1.986697845481846345e-09
1.324248496993988056e+01 1.451117474343892871e-06 1.820765918077572009e-09
1.354108216432865852e+01 1.387710159162470420e-06 1.668260432074502015e-09
1.383967935871743649e+01 1.328379647719979518e-06 1.544194806895015798e-09
1.413827655310621267e+01 1.272770434069756360e-06 1.425369657449546310e-09
1.443687374749499064e+01 1.220579159351125764e-06 1.313492527521580025e-09
1.473547094188376860e+01 1.171542060305684902e-06 1.223984195569349573e-09
1.503406813627254657e+01 1.125399075906182090e-06 1.138031379869020700e-09
1.533266533066132453e+01 1.081926915662420720e-06 1.055426353879670653e-09
1.563126252505010072e+01 1.040931108834580967e-06 9.869292287362221955e-10
1.592985971943887868e+01 1.002222190236880533e-06 9.241862415555520103e-10
1.622845691382765665e+01 9.656311724074560024e-07 8.637521467161814797e-10
1.652705410821643284e+01 9.310079781707664949e-07 8.076638478075061575e-10
1.682565130260520903e+01 8.982183171075326211e-07 7.614392085698087590e-10
1.712424849699398877e+01 8.671295922147155585e-07 7.168266164348412542e-10
1.742284569138276495e+01 8.376261816500753743e-07 6.737431883735137641e-10
1.772144288577154470e+01 8.096044191441661583e-07 6.350541675531874021e-10
1.802004008016032088e+01 7.829678238122655470e-07 6.018458383776521354e-10
1.831863727454910062e+01 7.576235824207526589e-07 5.697201130850950476e-10
1.861723446893787681e+01 7.334894380835751114e-07 5.386249008320630025e-10
1.891583166332665300e+01 7.104909882212030135e-07 5.102585646617618889e-10
1.921442885771543274e+01 6.885594078629939985e-07 4.860963962915982466e-10
1.951302605210420893e+01 6.676272399211827343e-07 4.626737088882943302e-10
1.981162324649298867e+01 6.476346795277334642e-07 4.399570664825811999e-10
2.011022044088176486e+01 6.285263289379010518e-07 4.179150189385425904e-10
2.040881763527054105e+01 6.102538521044221147e-07 4.001066311061643428e-10
2.070741482965932079e+01 5.927663584608387608e-07 3.828348353281205678e-10
2.100601202404809698e+01 5.760195077307140459e-07 3.660540713323566429e-10
2.130460921843687672e+01 5.599720641823450446e-07 3.497436927820573520e-10
2.160320641282565290e+01 5.445863818799208900e-07 3.347808457887194504e-10
2.190180360721442909e+01 5.298272514468258219e-07 3.218974172889812303e-10
2.220040080160320883e+01 5.156597905793913204e-07 3.093605551092395354e-10
2.249899799599198502e+01 5.020527951636620120e-07 2.971564608042251968e-10
2.279759519038076476e+01 4.889770912842761264e-07 2.852720588429953492e-10
2.309619238476954095e+01 4.764060184674707837e-07 2.743906303245697852e-10
2.339478957915831714e+01 4.643143623129703632e-07 2.649180269093625953e-10
2.369338677354709688e+01 4.526770784969436316e-07 2.556841814927795045e-10
2.399198396793587307e+01 4.414716859182590144e-07 2.466801795387875572e-10
2.429058116232464926e+01 4.306770767903501610e-07 2.378975448467615848e-10
2.458917835671342900e+01 4.202735017345451570e-07 2.294162904046301680e-10
2.488777555110220518e+01 4.102433737691393799e-07 2.223540979309209195e-10
2.518637274549098493e+01 4.005679338222527990e-07 2.154593571883672061e-10
2.548496993987976111e+01 3.912306550800298801e-07 2.087261822821965360e-10
2.578356713426853730e+01 3.822159621885126424e-07 2.021489599737282156e-10
2.608216432865731704e+01 3.735091662723804440e-07 1.957223340730910364e-10
2.638076152304609323e+01 3.650967189286527902e-07 1.897860121375162918e-10
2.667935871743487297e+01 3.569656827597620372e-07 1.845173083069620950e-10
2.697795591182364916e+01 3.491031856296054482e-07 1.793652345270322839e-10
2.727655310621242535e+01 3.414975322694090212e-07 1.743259605403887720e-10
2.757515030060120509e+01 3.341376572074058876e-07 1.693958219932814676e-10
2.787374749498998128e+01 3.270130845056490019e-07 1.645713115493476481e-10
2.817234468937876102e+01 3.201141045147113597e-07 1.600653095195536898e-10
2.847094188376753721e+01 3.134315333612079066e-07 1.561082770681804638e-10
2.876953907815631339e+01 3.069559875289568737e-07 1.522333841870572691e-10
2.906813627254509314e+01 3.006790036640269258e-07 1.484380995843604525e-10
2.936673346693386932e+01 2.945925465056327879e-07 1.447199949196739860e-10
2.966533066132264906e+01 2.886889831624317923e-07 1.410767396226883855e-10
2.996392785571142525e+01 2.829610591742385061e-07 1.375060960216968122e-10
3.026252505010020144e+01 2.774022403407541633e-07 1.344136974146535558e-10
3.056112224448898118e+01 2.720056574411593035e-07 1.314631811401850112e-10
3.085971943887775737e+01 2.667649893197395123e-07 1.285697629792168550e-10
3.115831663326653356e+01 2.616742876093473760e-07 1.257318013793477310e-10
3.145691382765531330e+01 2.567278849258787416e-07 1.229477171163430240e-10
3.175551102204408949e+01 2.519203790903168934e-07 1.202159903637747738e-10
3.205410821643286567e+01 2.472466183748156337e-07 1.175351579264466074e-10
3.235270541082164186e+01 2.427020250425858087e-07 1.152162262003018853e-10
3.265130260521041805e+01 2.382815963503580323e-07 1.129754550900426814e-10
3.294989979959920134e+01 2.339808134200756860e-07 1.107752964229690510e-10
3.324849699398797753e+01 2.297953972921245225e-07 1.086146560057168775e-10
3.354709418837675372e+01 2.257212585943797178e-07 1.064924786018662501e-10
3.384569138276552991e+01 2.217544875508877376e-07 1.044077462134900127e-10
3.414428857715431320e+01 2.178913445994971034e-07 1.023594764528714758e-10
3.444288577154308939e+01 2.141283681472041171e-07 1.004665956769644021e-10
3.474148296593186558e+01 2.104621355943020151e-07 9.873385044693527892e-11
3.504008016032064177e+01 2.068892401664195188e-07 9.703063670552773374e-11
3.533867735470941795e+01 2.034065404098316391e-07 9.535620586618097079e-11
3.563727454909820125e+01 2.000110259294712376e-07 9.370983443132869030e-11
3.593587174348697744e+01 1.966998108821501723e-07 9.209082295005577054e-11
3.623446893787575362e+01 1.934701278435709999e-07 9.049849502729286439e-11
3.653306613226452981e+01 1.903193220247908562e-07 8.893219638159985659e-11
3.683166332665330600e+01 1.872449477553073521e-07 8.748997087362164240e-11
3.713026052104208929e+01 1.842445342034978889e-07 8.614896641886499664e-11
3.742885771543086548e+01 1.813156505699369527e-07 8.482935829796918170e-11
3.772745490981964167e+01 1.784560412060225365e-07 8.353063848154734369e-11
3.802605210420841786e+01 1.756635386784477635e-07 8.225231489728850410e-11
3.832464929859719405e+01 1.729360596614186833e-07 8.099391080832927439e-11
3.862324649298597734e+01 1.702716010503124198e-07 7.975496422046010452e-11
3.892184368737475353e+01 1.676682362832366725e-07 7.853502731661863012e-11
3.922044088176352972e+01 1.651241237103503769e-07 7.734426734891710189e-11
3.951903807615230590e+01 1.626375950786786573e-07 7.628659119987699471e-11
3.981763527054108209e+01 1.602068017758670581e-07 7.524477832993571708e-11
4.011623246492986539e+01 1.578300904994493378e-07 7.421847451360823086e-11
4.041482965931864157e+01 1.555058687976686750e-07 7.320733599391719677e-11
4.071342685370741776e+01 1.532326024015788681e-07 7.221102909850593552e-11
4.101202404809619395e+01 1.510088126926195875e-07 7.122922987252207520e-11
4.131062124248497014e+01 1.488330742978592919e-07 7.026162372742224109e-11
4.160921843687375343e+01 1.467040128056030357e-07 6.930790510489813715e-11
4.190781563126252962e+01 1.446203053177291543e-07 6.837018790161486406e-11
4.220641282565130581e+01 1.425807689887674238e-07 6.753386979668771314e-11
4.250501002004008200e+01 1.405840680733704094e-07 6.670930194141963048e-11
4.280360721442885819e+01 1.386290114267127561e-07 6.589623842721947647e-11
4.310220440881764148e+01 1.367144490207345493e-07 6.509444015977544997e-11
4.340080160320641767e+01 1.348392702526825880e-07 6.430367462464425198e-11
4.369939879759519386e+01 1.330024023342777852e-07 6.352371566245027847e-11
4.399799599198397004e+01 1.312028087571470867e-07 6.275434325323892385e-11
4.429659318637274623e+01 1.294394878304211405e-07 6.199534330955171560e-11
4.459519038076152952e+01 1.277114712866448821e-07 6.124650747781425208e-11
4.489378757515030571e+01 1.260178450624581490e-07 6.052998149405340079e-11
4.519238476953908190e+01 1.243577226887887217e-07 5.986522284241314716e-11
4.549098196392785809e+01 1.227301857922442859e-07 5.920919097835826667e-11
4.578957915831663428e+01 1.211343871503770204e-07 5.856171517782866188e-11
4.608817635270541047e+01 1.195695068971637843e-07 5.792262914112885574e-11
4.638677354709419376e+01 1.180347514698268961e-07 5.729177085052730465e-11
4.668537074148296995e+01 1.165293526026564548e-07 5.666898243332027991e-11
4.698396793587174614e+01 1.150525663654520262e-07 5.605411003011746247e-11
4.728256513026052232e+01 1.136036722443364250e-07 5.544700366811807341e-11
4.758116232464929851e+01 1.121819722628215346e-07 5.484751713915899644e-11
4.787975951903808181e+01 1.107867901411235544e-07 5.425550788232571921e-11
4.817835671342685799e+01 1.094175357899159686e-07 5.371714633058155252e-11
4.847695390781563418e+01 1.080735074402831637e-07 5.318570081128963152e-11
4.877555110220441037e+01 1.067540888497273516e-07 5.266076216429110685e-11
4.907414829659318656e+01 1.054586828623013541e-07 5.214221161418924694e-11
4.937274549098196985e+01 1.041867103250624580e-07 5.162993325891347752e-11
4.967134268537074604e+01 1.029376094406777212e-07 5.112381398335495304e-11
4.996993987975952223e+01 1.017108351470286278e-07 5.062374337609870473e-11
5.026853707414829842e+01 1.005058585225351293e-07 5.012961364912320852e-11
5.056713426853707460e+01 9.932216621598751292e-08 4.964131956034523460e-11
5.086573146292585790e+01 9.815925989973890954e-08 4.915875833889275798e-11
5.116432865731463409e+01 9.701665574517100867e-08 4.868182961299445464e-11
5.146292585170341027e+01 9.589391313867513595e-08 4.824196322152331909e-11
5.176152304609218646e+01 9.479054806373042122e-08 4.780955415087594262e-11
5.206012024048096265e+01 9.370611502105357207e-08 4.738210535057474601e-11
5.235871743486974594e+01 9.264018336133848801e-08 4.695953195665349981e-11
5.265731462925852213e+01 9.159233461091151282e-08 4.654175103005563769e-11
5.295591182364729832e+01 9.056216206097093297e-08 4.612868150236509492e-11
5.325450901803607451e+01 8.954927037290395554e-08 4.572024412336321902e-11
5.355310621242485070e+01 8.855327519896439034e-08 4.531636141033977521e-11
5.385170340681363399e+01 8.757380281763310562e-08 4.491695759909070224e-11
5.415030060120241018e+01 8.661048978301407106e-08 4.452195859653680627e-11
5.444889779559118637e+01 8.566298258765231294e-08 4.413129193490161907e-11
5.474749498997996255e+01 8.473094013368281631e-08 4.374739321804580948e-11
5.504609218436873874e+01 8.381404947271475881e-08 4.338974540227536055e-11
5.534468937875752204e+01 8.291195999042015866e-08 4.303595676922207605e-11
5.564328657314629822e+01 8.202435482399678196e-08 4.268596519057524685e-11
5.594188376753507441e+01 8.115092554462584243e-08 4.233970986449648064e-11
5.624048096192385060e+01 8.029137188951361817e-08 4.199713128040641000e-11
5.653907815631262679e+01 7.944540150381421082e-08 4.165817118488753853e-11
5.683767535070141008e+01 7.861272969201662722e-08 4.132277254866152997e-11
5.713627254509018627e+01 7.779307917840391491e-08 4.099087953460224379e-11
5.743486973947896246e+01 7.698617987620669370e-08 4.066243746674636995e-11
5.773346693386773865e+01 7.619176866509228562e-08 4.033739280026580331e-11
5.803206412825651483e+01 7.540958917664815498e-08 4.001569309236702256e-11
5.833066132264529813e+01 7.463939158753180401e-08 3.969728697408425719e-11
5.862925851703407432e+01 7.388094356578283372e-08 3.939040723429571111e-11
5.892785571142285050e+01 7.313400950741660030e-08 3.909641635130899418e-11
5.922645290581162669e+01 7.239834470524836822e-08 3.880538984820760869e-11
5.952505010020040288e+01 7.167372360134184082e-08 3.851728311408319443e-11
5.982364729458917907e+01 7.095992625287580122e-08 3.823205242869151788e-11
6.012224448897796236e+01 7.025673816523452297e-08 3.794965494033480651e-11
6.042084168336673855e+01 6.956395013085830930e-08 3.767004864440034738e-11
6.071943887775551474e+01 6.888135807362727500e-08 3.739319236253197598e-11
6.101803607214429093e+01 6.820876289856311883e-08 3.711904572241336846e-11
6.131663326653306711e+01 6.754597034664161473e-08 3.684756913814191496e-11
6.161523046092185041e+01 6.689279085451819866e-08 3.657872379117327649e-11
6.191382765531062660e+01 6.624903941897834476e-08 3.631247161181742573e-11
6.221242484969940278e+01 6.561453546593022199e-08 3.604877526126741152e-11
6.251102204408817897e+01 6.498910272376808045e-08 3.578759811414327589e-11
6.280961923847695516e+01 6.437258182081615809e-08 3.554144519721942736e-11
6.310821643286573845e+01 6.376479256003600513e-08 3.529840708582061694e-11
6.340681362725451464e+01 6.316557005599875091e-08 3.505765801858101458e-11
6.370541082164329083e+01 6.257475406768089428e-08 3.481916580817985231e-11
6.400400801603205991e+01 6.199218808321659031e-08 3.458289886794902739e-11
6.430260521042083610e+01 6.141771921623746703e-08 3.434882619792694058e-11
6.460120240480962650e+01 6.085119810555979724e-08 3.411691737129940325e-11
6.489979959919840269e+01 6.029247881809379696e-08 3.388714252121457876e-11
6.519839679358717888e+01 5.974141875485895392e-08 3.365947232796029351e-11
6.549699398797595506e+01 5.919787855999171836e-08 3.343387800649224716e-11
6.579559118236473125e+01 5.866172203263735424e-08 3.321033129430166409e-11
6.609418837675350744e+01 5.813281604162153414e-08 3.298880443961184611e-11
6.639278557114228363e+01 5.761103044280246272e-08 3.276927018989327371e-11
6.669138276553105982e+01 5.709623799900752253e-08 3.255170178068723278e-11
6.698997995991985022e+01 5.658831833958375952e-08 3.234096392994256713e-11
6.728857715430862640e+01 5.608714983994892195e-08 3.213713146236350191e-11
6.758717434869740259e+01 5.559260931882163765e-08 3.193510004072342988e-11
6.788577154308617878e+01 5.510458041764365131e-08 3.173484589919108106e-11
6.818436873747495497e+01 5.462294932011613009e-08 3.153634568824231478e-11
6.848296593186373116e+01 5.414760468583655125e-08 3.133957646558440384e-11
6.878156312625250735e+01 5.367843758594779603e-08 3.114451568731643355e-11
6.908016032064128353e+01 5.321534144073040979e-08 3.095114119931926268e-11
6.937875751503005972e+01 5.275821195907051078e-08 3.075943122886750500e-11
6.967735470941883591e+01 5.230694707974010462e-08 3.056936437645754052e-11
6.997595190380762631e+01 5.186144691442732243e-08 3.038091960784440288e-11
7.027454909819640250e+01 5.142161369245762135e-08 3.019407624628197862e-11
7.057314629258517868e+01 5.098735170714864028e-08 3.000881396495993327e-11
7.087174348697395487e+01 5.055856726374403749e-08 2.982511277963207160e-11
7.117034068136273106e+01 5.013516862887286112e-08 2.964295304143006389e-11
7.146893787575150725e+01 4.971706649955132809e-08 2.946265624071415551e-11
7.176753507014028344e+01 4.930418317740969232e-08 2.929098408070504852e-11
7.206613226452905963e+01 4.889642156161772633e-08 2.912073452584269857e-11
7.236472945891783581e+01 4.849369729118084693e-08 2.895188996592215536e-11
7.266332665330661200e+01 4.809592773488446410e-08 2.878443308020268870e-11
7.296192384769540240e+01 4.770303194890614280e-08 2.861834683148454843e-11
7.326052104208417859e+01 4.731493063563466108e-08 2.845361446033070725e-11
7.355911823647295478e+01 4.693154610365663681e-08 2.829021947942923380e-11
7.385771543086173097e+01 4.655280222887348027e-08 2.812814566809252549e-11
7.415631262525050715e+01 4.617862441671185301e-08 2.796737706688926494e-11
7.445490981963928334e+01 4.580893956539313624e-08 2.780789797240573978e-11
7.475350701402805953e+01 4.544367603022768340e-08 2.764969293213260633e-11
7.505210420841683572e+01 4.508276358890151077e-08 2.749274673947373664e-11
7.535070140280561191e+01 4.472613340772401978e-08 2.733704442887369826e-11
7.564929859719438809e+01 4.437371800880656874e-08 2.718257127106071923e-11
7.594789579158317849e+01 4.402545123814219509e-08 2.702931276840178145e-11
7.624649298597195468e+01 4.368126823455926385e-08 2.687725465036694696e-11
7.654509018036073087e+01 4.334110769623167652e-08 2.672943283699403401e-11
7.684368737474950706e+01 4.300490691800616556e-08 2.658541609357729373e-11
7.714228456913828325e+01 4.267260271662700374e-08 2.644251425091230934e-11
7.744088176352705943e+01 4.234413510946996756e-08 2.630071441246837876e-11
7.773947895791583562e+01 4.201944526366930628e-08 2.616000387985699435e-11
7.803807615230461181e+01 4.169847546977251582e-08 2.602037014904110361e-11
7.833667334669338800e+01 4.138116911609627735e-08 2.588180090663102992e-11
7.863527054108216419e+01 4.106747066376312573e-08 2.574428402626479161e-11
7.893386773547094037e+01 4.075732562239757954e-08 2.560780756507060908e-11
7.923246492985973077e+01 4.045068052646241615e-08 2.547235976020937067e-11
7.953106212424850696e+01 4.014748291221576244e-08 2.533792902549501822e-11
7.982965931863728315e+01 3.984768129526995612e-08 2.520450394809068433e-11
8.012825651302605934e+01 3.955122514873527002e-08 2.507207328527884284e-11
8.042685370741483553e+01 3.925806488193022204e-08 2.494062596130333685e-11
8.072545090180361171e+01 3.896815181964213224e-08 2.481015106428140359e-11
8.102404809619238790e+01 3.868143818192197248e-08 2.468063784318421321e-11
8.132264529058116409e+01 3.839787706439719649e-08 2.455207570488364008e-11
8.162124248496994028e+01 3.811742241908811124e-08 2.442445421126408736e-11
8.191983967935871647e+01 3.784003331392279211e-08 2.430165660075249780e-11
8.221843687374750687e+01 3.756566158466105225e-08 2.418026865757637902e-11
8.251703406813628305e+01 3.729426306822184420e-08 2.405975922632629487e-11
8.281563126252505924e+01 3.702579496104293741e-08 2.394011880440502201e-11
8.311422845691383543e+01 3.676021522706670164e-08 2.382133802577188636e-11
8.341282565130261162e+01 3.649748258128504277e-08 2.370340765849863186e-11
8.371142284569138781e+01 3.623755647369405763e-08 2.358631860237752429e-11
8.401002004008016399e+01 3.598039707364729733e-08 2.347006188658046893e-11
8.430861723446894018e+01 3.572596525459629005e-08 2.335462866736785597e-11
8.460721442885771637e+01 3.547422257920737141e-08 2.324001022584597047e-11
8.490581162324649256e+01 3.522513128484420154e-08 2.312619796577172286e-11
8.520440881763528296e+01 3.497865426940589032e-08 2.301318341140349156e-11
8.550300601202405915e+01 3.473475507751063273e-08 2.290095820539699197e-11
8.580160320641283533e+01 3.449339788701528536e-08 2.278951410674514115e-11
8.610020040080161152e+01 3.425454749586184472e-08 2.267884298876080342e-11
8.639879759519038771e+01 3.401816930924131142e-08 2.256893683710121165e-11
8.669739478957916390e+01 3.378422932706668167e-08 2.245978774783344381e-11
8.699599198396794009e+01 3.355269413174631131e-08 2.235138792553952023e-11
8.729458917835671627e+01 3.332353089936655717e-08 2.224377323769857797e-11
8.759318637274549246e+01 3.309670905365424165e-08 2.214017298462923643e-11
8.789178356713426865e+01 3.287219509521260200e-08 2.203727665958703831e-11
8.819038076152305905e+01 3.264995782025526528e-08 2.193507711244068233e-11
8.848897795591183524e+01 3.242996655057994789e-08 2.183356728956849465e-11
8.878757515030061143e+01 3.221219112298077534e-08 2.173274023223552964e-11
8.908617234468938761e+01 3.199660187890882244e-08 2.163258907500347340e-11
8.938476953907816380e+01 3.178316965437379964e-08 2.153310704417223554e-11
8.968336673346693999e+01 3.157186577008091031e-08 2.143428745625274760e-11
8.998196392785571618e+01 3.136266202179624797e-08 2.133612371647027982e-11
9.028056112224449237e+01 3.115553067093504262e-08 2.123860931729724903e-11
9.057915831663326856e+01 3.095044443536670787e-08 2.114173783701520381e-11
9.087775551102204474e+01 3.074737648043081903e-08 2.104550293830510202e-11
9.117635270541082093e+01 3.054630041015904599e-08 2.094989836686525352e-11
9.147494989979961133e+01 3.034719025869705203e-08 2.085491795005646940e-11
9.177354709418838752e+01 3.015002048192164038e-08 2.076055559557346455e-11
9.207214428857716371e+01 2.995476594924767582e-08 2.066680529014225173e-11
9.237074148296593989e+01 2.976140193562040393e-08 2.057366109824278730e-11
9.266933867735471608e+01 2.956990411368778802e-08 2.048111716085623849e-11
9.296793587174349227e+01 2.938024854614870136e-08 2.038916769423644897e-11
9.326653306613226846e+01 2.919241167827243510e-08 2.029780698870503070e-11
9.356513026052104465e+01 2.900637323485382254e-08 2.020935758788793807e-11
9.386372745490982084e+01 2.882210800526718467e-08 2.012190673658160977e-11
9.416232464929859702e+01 2.863959299100983350e-08 2.003501051429372113e-11
9.446092184368738742e+01 2.845880609671452099e-08 1.994866366136771256e-11
9.475951903807616361e+01 2.827972557459063053e-08 1.986286098444195751e-11
9.505811623246493980e+01 2.810233001788356056e-08 1.977759735540851977e-11
9.535671342685371599e+01 2.792659835447735598e-08 1.969286771039147236e-11
9.565531062124249218e+01 2.775250984063680898e-08 1.960866704874437720e-11
9.595390781563126836e+01 2.758004405488570700e-08 1.952499043206650889e-11
9.625250501002004455e+01 2.740918089201786646e-08 1.944183298323726676e-11
9.655110220440882074e+01 2.723990055723745478e-08 1.935918988546868470e-11
9.684969939879759693e+01 2.707218356042578173e-08 1.927705638137530533e-11
9.714829659318637312e+01 2.690601071053112552e-08 1.919542777206128927e-11
9.744689378757516351e+01 2.674136311007869215e-08 1.911429941622433942e-11
9.774549098196393970e+01 2.657822214979794493e-08 1.903366672927594594e-11
9.804408817635271589e+01 2.641656950336409490e-08 1.895352518247779994e-11
9.834268537074149208e+01 2.625638712225133348e-08 1.887387030209388817e-11
9.864128256513026827e+01 2.609765723069492858e-08 1.879469766855802296e-11
9.893987975951904446e+01 2.594036232075950106e-08 1.871600291565641003e-11
9.923847695390782064e+01 2.578448514751115856e-08 1.863778172972499900e-11
9.953707414829659683e+01 2.563000872429079033e-08 1.856002984886129980e-11
9.983567134268537302e+01 2.547691664256351510e-08 1.848333387603439580e-11
1.001342685370741492e+02 2.532519292399968635e-08 1.840861825028290523e-11
1.004328657314629396e+02 2.517482048562063911e-08 1.833434689894424446e-11
1.007314629258517158e+02 2.502578332872318897e-08 1.826051587114481315e-11
1.010300601202404920e+02 2.487806569067853370e-08 1.818712126271865283e-11
1.013286573146292682e+02 2.473165204076437474e-08 1.811415921551930373e-11
1.016272545090180444e+02 2.458652707608267167e-08 1.804162591674370089e-11
1.019258517034068205e+02 2.444267571756094523e-08 1.796951759826804190e-11
1.022244488977955967e+02 2.430008310603523637e-08 1.789783053599519629e-11
1.025230460921843729e+02 2.415873459841284843e-08 1.782656104921361147e-11
1.028216432865731491e+02 2.401861576391292046e-08 1.775570549996732748e-11
1.031202404809619253e+02 2.387971238038311107e-08 1.768526029243693891e-11
1.034188376753507015e+02 2.374201043069062596e-08 1.761522187233135541e-11
1.037174348697394919e+02 2.360549609918592814e-08 1.754558672628994080e-11
1.040160320641282681e+02 2.347015576823723833e-08 1.747635138129508229e-11
1.043146292585170443e+02 2.333597601483458459e-08 1.740751240409475707e-11
1.046132264529058205e+02 2.320294360726145590e-08 1.733906640063499914e-11
1.049118236472945966e+02 2.307104550183270289e-08 1.727101001550213727e-11
1.052104208416833728e+02 2.294026883969724986e-08 1.720333993137441621e-11
1.055090180360721490e+02 2.281060094370391734e-08 1.713605286848299486e-11
1.058076152304609252e+02 2.268202931532912115e-08 1.706914558408207244e-11
1.061062124248497014e+02 2.255454163166509780e-08 1.700261487192795538e-11
1.064048096192384776e+02 2.242812574246706496e-08 1.693645756176687091e-11
1.067034068136272680e+02 2.230276997776790711e-08 1.687107473667719706e-11
1.070020040080160442e+02 2.217846325503469906e-08 1.680742097923374912e-11
1.073006012024048204e+02 2.205519286830845244e-08 1.674412149442571669e-11
1.075991983967935965e+02 2.193294732979228950e-08 1.668117333284038822e-11
1.078977955911823727e+02 2.181171531042677104e-08 1.661857357771392909e-11
1.081963927855711489e+02 2.169148563726518284e-08 1.655631934448092686e-11
1.084949899799599251e+02 2.157224729089906835e-08 1.649440778033127449e-11
1.087935871743487013e+02 2.145398940293336576e-08 1.643283606377438829e-11
1.090921843687374775e+02 2.133670125350969357e-08 1.637160140421062501e-11
1.093907815631262537e+02 2.122037226887697078e-08 1.631070104150961035e-11
1.096893787575150441e+02 2.110499201900830623e-08 1.625013224559555650e-11
1.099879759519038203e+02 2.099055021526301892e-08 1.618989231603932643e-11
1.102865731462925964e+02 2.087703670809297205e-08 1.612997858165704444e-11
1.105851703406813726e+02 2.076444148479215536e-08 1.607038840011528227e-11
1.108837675350701488e+02 2.065275466728875483e-08 1.601111915754262022e-11
1.111823647294589250e+02 2.054196650997845557e-08 1.595216826814745091e-11
1.114809619238477012e+02 2.043206739759850499e-08 1.589353317384188034e-11
1.117795591182364774e+02 2.032304784314143420e-08 1.583521134387177458e-11
1.120781563126252536e+02 2.021489848580756437e-08 1.577720027445257730e-11
1.123767535070140298e+02 2.010761008899559635e-08 1.571949748841106632e-11
1.126753507014028202e+02 2.000117353833043681e-08 1.566210053483269996e-11
1.129739478957915964e+02 1.989557983972748636e-08 1.560500698871461481e-11
1.132725450901803725e+02 1.979082011749246673e-08 1.554821445062412291e-11
1.135711422845691487e+02 1.968688561245637996e-08 1.549172054636252744e-11
1.138697394789579249e+02 1.958376768014444816e-08 1.543552292663428283e-11
1.141683366733467011e+02 1.948145808404975384e-08 1.538043589470574590e-11
1.144669338677354773e+02 1.937994831221793466e-08 1.532620963970622012e-11
1.147655310621242535e+02 1.927922984485334321e-08 1.527226555666990641e-11
1.150641282565130297e+02 1.917929447866835745e-08 1.521860144884555538e-11
1.153627254509018059e+02 1.908013411640241006e-08 1.516521514222558459e-11
1.156613226452905963e+02 1.898174076518181827e-08 1.511210448525254903e-11
1.159599198396793724e+02 1.888410653490898203e-08 1.505926734853007056e-11
1.162585170340681486e+02 1.878722363668068557e-08 1.500670162453823288e-11
1.165571142284569248e+02 1.869108438123461588e-08 1.495440522735342251e-11
1.168557114228457010e+02 1.859568117742366112e-08 1.490237609237232516e-11
1.171543086172344772e+02 1.850100653071739353e-08 1.485061217604030030e-11
1.174529058116232534e+02 1.840705304173017433e-08 1.479911145558376233e-11
1.177515030060120296e+02 1.831381340477540416e-08 1.474787192874675593e-11
1.180501002004008058e+02 1.822128040644524729e-08 1.469689161353140225e-11
1.183486973947895819e+02 1.812944692421552211e-08 1.464616854794242292e-11
1.186472945891783581e+02 1.803830592507500985e-08 1.459570078973533459e-11
1.189458917835671485e+02 1.794785046417893692e-08 1.454548641616863730e-11
1.192444889779559247e+02 1.785807368352597564e-08 1.449552352375957808e-11
1.195430861723447009e+02 1.776896881065831994e-08 1.444581022804363847e-11
1.198416833667334771e+02 1.768052915738446228e-08 1.439634466333760548e-11
1.201402805611222533e+02 1.759274811852414556e-08 1.434712498250616929e-11
1.204388777555110295e+02 1.750561917067503026e-08 1.429814935673202845e-11
1.207374749498998057e+02 1.741913587100078545e-08 1.424941597528931670e-11
1.210360721442885819e+02 1.733329185603991897e-08 1.420092304532052596e-11
1.213346693386773580e+02 1.724808084053529699e-08 1.415266879161657158e-11
1.216332665330661342e+02 1.716349661628356226e-08 1.410465145640019863e-11
1.219318637274549246e+02 1.707953325605013699e-08 1.405716735009183083e-11
1.222304609218437008e+02 1.699618512402710192e-08 1.401083135881602186e-11
1.225290581162324770e+02 1.691344560165787880e-08 1.396472120453277303e-11
1.228276553106212532e+02 1.683130877792633079e-08 1.391883524019546715e-11
1.231262525050100294e+02 1.674976881340442231e-08 1.387317183473467442e-11
1.234248496993988056e+02 1.666881993921436544e-08 1.382772937286489591e-11
1.237234468937875818e+02 1.658845645600830261e-08 1.378250625489412462e-11
1.240220440881763579e+02 1.650867273296500925e-08 1.373750089653612554e-11
1.243206412825651341e+02 1.642946320680361000e-08 1.369271172872540086e-11
1.246192384769539103e+02 1.635082238081371272e-08 1.364813719743485480e-11
1.249178356713427007e+02 1.627274482390184462e-08 1.360377576349606763e-11
1.252164328657314769e+02 1.619522516965367097e-08 1.355962590242212227e-11
1.255150300601202531e+02 1.611825811541190049e-08 1.351568610423297068e-11
1.258136272545090293e+02 1.604183842136946377e-08 1.347195487328327201e-11
1.261122244488978055e+02 1.596596090967770341e-08 1.342843072809271560e-11
1.264108216432865817e+02 1.589062046356926807e-08 1.338511220117871396e-11
1.267094188376753578e+02 1.581581202649553844e-08 1.334199783889147396e-11
1.270080160320641340e+02 1.574153060127811534e-08 1.329908620125136539e-11
1.273066132264529102e+02 1.566777124927430364e-08 1.325637586178864339e-11
1.276052104208416864e+02 1.559452908955626454e-08 1.321386540738536324e-11
1.279038076152304768e+02 1.552179929810347223e-08 1.317155343811952467e-11
1.282024048096192530e+02 1.544957710700844182e-08 1.312943856711140855e-11
1.285010020040080292e+02 1.537785780369522239e-08 1.308751942037203638e-11
1.287995991983968054e+02 1.530663673015071117e-08 1.304579463665375278e-11
1.290981963927855816e+02 1.523590928216830288e-08 1.300426286730287257e-11
1.293967935871743578e+02 1.516567090860373477e-08 1.296292277611436682e-11
1.296953907815631339e+02 1.509591711064294254e-08 1.292177303918857645e-11
1.299939879759519101e+02 1.502664344108172492e-08 1.288081234478986444e-11
1.302925851703406863e+02 1.495784553552467039e-08 1.284012236722124499e-11
1.305911823647294625e+02 1.488951935315374798e-08 1.280049807117274469e-11
1.308897795591182387e+02 1.482166025683210029e-08 1.276105456393249814e-11
1.311883767535070149e+02 1.475426399885303707e-08 1.272179061102306256e-11
1.314869739478957911e+02 1.468732637968637074e-08 1.268270498918061262e-11
1.317855711422845673e+02 1.462084324732410003e-08 1.264379648622790840e-11
1.320841683366733434e+02 1.455481049663668473e-08 1.260506390094900178e-11
1.323827655310621196e+02 1.448922406873924840e-08 1.256650604296559718e-11
1.326813627254509242e+02 1.442407995036782289e-08 1.252812173261508280e-11
1.329799599198397004e+02 1.435937417326551093e-08 1.248990980083027439e-11
1.332785571142284766e+02 1.429510281357808006e-08 1.245186908902068897e-11
1.335771543086172528e+02 1.423126199125908915e-08 1.241399844895544711e-11
1.338757515030060290e+02 1.416784786948432057e-08 1.237629674264775843e-11
1.341743486973948052e+02 1.410485665407525190e-08 1.233876284224091929e-11
1.344729458917835814e+02 1.404228459293155373e-08 1.230139562989585664e-11
1.347715430861723576e+02 1.398012797547232754e-08 1.226419399768013719e-11
1.350701402805611337e+02 1.391838313208598588e-08 1.222715684745848714e-11
1.353687374749499099e+02 1.385704643358866090e-08 1.219028309078472714e-11
1.356673346693386861e+02 1.379611429069086303e-08 1.215357164879513230e-11
1.359659318637274623e+02 1.373558315347243805e-08 1.211702145210323962e-11
1.362645290581162385e+02 1.367544951086546507e-08 1.208063144069598195e-11
1.365631262525050147e+02 1.361570989014514005e-08 1.204440056383123065e-11
1.368617234468937909e+02 1.355636085642839026e-08 1.200832777993666470e-11
1.371603206412825671e+02 1.349739901218010200e-08 1.197241205650993712e-11
1.374589178356713433e+02 1.343882099672688895e-08 1.193665237002019681e-11
1.377575150300601194e+02 1.338062348577822245e-08 1.190104770581080925e-11
1.380561122244488956e+02 1.332280319095475325e-08 1.186559705800342132e-11
1.383547094188376718e+02 1.326535685932386118e-08 1.183029942940325714e-11
1.386533066132264764e+02 1.320828127294204723e-08 1.179515383140554012e-11
1.389519038076152526e+02 1.315157324840435672e-08 1.176015928390328646e-11
1.392505010020040288e+02 1.309522963640042484e-08 1.172531481519611665e-11
1.395490981963928050e+02 1.303924763242505121e-08 1.169143997430927561e-11
1.398476953907815812e+02 1.298362384531026547e-08 1.165772316373525080e-11
1.401462925851703574e+02 1.292835522035370452e-08 1.162415002795782976e-11
1.404448897795591336e+02 1.287343874034127562e-08 1.159071965058430527e-11
1.407434869739479097e+02 1.281887142003110419e-08 1.155743112299872476e-11
1.410420841683366859e+02 1.276465030574789760e-08 1.152428354427959398e-11
1.413406813627254621e+02 1.271077247498322509e-08 1.149127602111857575e-11
1.416392785571142383e+02 1.265723503600168546e-08 1.145840766774026320e-11
1.419378757515030145e+02 1.260403512745291139e-08 1.142567760582293516e-11
1.422364729458917907e+02 1.255116991798922510e-08 1.139308496442029555e-11
1.425350701402805669e+02 1.249863660588894354e-08 1.136062887988427734e-11
1.428336673346693431e+02 1.244643241868513813e-08 1.132830849578869482e-11
1.431322645290581193e+02 1.239455461279986372e-08 1.129612296285395558e-11
1.434308617234468954e+02 1.234300047318364850e-08 1.126407143887263363e-11
1.437294589178356716e+02 1.229176731296029273e-08 1.123215308863605555e-11
1.440280561122244478e+02 1.224085247307674793e-08 1.120036708386170727e-11
1.443266533066132240e+02 1.219025332195812972e-08 1.116871260312160864e-11
1.446252505010020002e+02 1.213996725516763733e-08 1.113718883177155076e-11
1.449238476953908048e+02 1.208999169507144787e-08 1.110579496188121368e-11
1.452224448897795810e+02 1.204032409050836852e-08 1.107453019216512596e-11
1.455210420841683572e+02 1.199096191646425989e-08 1.104339372791451110e-11
1.458196392785571334e+02 1.194190267375111807e-08 1.101238478092994018e-11
1.461182364729459096e+02 1.189314388869073263e-08 1.098150256945483914e-11
1.464168336673346857e+02 1.184468311280286602e-08 1.095074631810975540e-11
1.467154308617234619e+02 1.179651792249786827e-08 1.092011525782750008e-11
1.470140280561122381e+02 1.174864591877366750e-08 1.088960862578903670e-11
1.473126252505010143e+02 1.170106472691699229e-08 1.085922566536013397e-11
1.476112224448897905e+02 1.165377199620894997e-08 1.082896562602883936e-11
1.479098196392785667e+02 1.160676539963463164e-08 1.079882776334367481e-11
1.482084168336673429e+02 1.156004263359687625e-08 1.076881133885257076e-11
1.485070140280561191e+02 1.151360141763403985e-08 1.073891562004257406e-11
1.488056112224448952e+02 1.146743949414172378e-08 1.070913988028024410e-11
1.491042084168336714e+02 1.142155470369250444e-08 1.068005873962437199e-11
1.494028056112224476e+02 1.137594477568109285e-08 1.065123341414904836e-11
1.497014028056112238e+02 1.133060750100177161e-08 1.062252307973130146e-11
1.500000000000000000e+02 1.128554071078016031e-08 1.059392704965097925e-11
