1.001660500000000065e+00 1.024425629046890563e-03 2.930979581183549209e-04
1.006668799999999919e+00 1.014776123079900658e-03 2.883221648920530097e-04
1.011702099999999938e+00 1.005082737459459625e-03 2.836250336544842788e-04
1.016760600000000014e+00 9.953665500548592154e-04 2.790056877935595493e-04
1.021844399999999986e+00 9.856480525168370092e-04 2.744727879538587335e-04
1.026953599999999911e+00 9.759425367866913104e-04 2.700159053629456064e-04
1.032088399999999906e+00 9.662579542522837335e-04 2.656341886649313862e-04
1.037248900000000029e+00 9.566021496323122647e-04 2.613268207922810234e-04
1.042435100000000059e+00 9.469807053489763191e-04 2.570930161485800993e-04
1.047647299999999948e+00 9.373984531112534730e-04 2.529226544563637109e-04
1.052885499999999919e+00 9.278584708053147024e-04 2.488335441384687745e-04
1.058149900000000088e+00 9.183654538626515431e-04 2.448155587143350576e-04
1.063440699999999906e+00 9.089197889392548572e-04 2.408587642621458011e-04
1.068757900000000038e+00 8.995262764084967786e-04 2.369716291333867901e-04
1.074101699999999937e+00 8.901831193983489668e-04 2.331533620180807913e-04
1.079472200000000104e+00 8.809328396084263645e-04 2.293942074261237554e-04
1.084869499999999931e+00 8.716972346954968143e-04 2.256935442205461871e-04
1.090293900000000038e+00 8.625167516616590426e-04 2.220685244786522290e-04
1.095745399999999981e+00 8.533898857911996916e-04 2.184917132614975729e-04
1.101224100000000039e+00 8.443208063076825887e-04 2.149890874189917074e-04
1.106730200000000108e+00 8.353057362995489456e-04 2.115334485633646162e-04
1.112263900000000083e+00 8.263467073136339250e-04 2.081417740121716421e-04
1.117825199999999963e+00 8.174440925368147608e-04 2.048046798884213592e-04
1.123414300000000088e+00 8.085979526874769591e-04 2.015302076418086714e-04
1.129031399999999907e+00 7.998065109818092936e-04 1.983004361175162548e-04
1.134676500000000088e+00 7.910719635869492344e-04 1.951320528996726401e-04
1.140349899999999916e+00 7.823924073627231161e-04 1.920158155796745393e-04
1.146051699999999895e+00 7.737662839080352694e-04 1.889511640953237285e-04
1.151781900000000025e+00 7.651957432314381805e-04 1.859375590319560945e-04
1.157540800000000036e+00 7.566807061495952041e-04 1.829744166935556914e-04
1.163328499999999988e+00 7.482179025314585541e-04 1.800611914827450748e-04
1.169145199999999996e+00 7.398091828373767670e-04 1.771973270503243811e-04
1.174990900000000060e+00 7.314514970291314351e-04 1.743823023758214557e-04
1.180865899999999913e+00 7.231465622002187024e-04 1.716155559345051258e-04
1.186770199999999997e+00 7.148914163775790592e-04 1.688883950629929936e-04
1.192703999999999986e+00 7.066878929684056046e-04 1.662085448875950781e-04
1.198667600000000055e+00 6.985343843058142805e-04 1.635754597168393896e-04
1.204660899999999923e+00 6.904281963812713627e-04 1.609886537985805253e-04
1.210684199999999988e+00 6.823710590650786502e-04 1.584395719428060689e-04
1.216737600000000086e+00 6.743585489815910996e-04 1.559358087545664674e-04
1.222821300000000111e+00 6.663941122467545919e-04 1.534768509931102546e-04
1.228935399999999900e+00 6.584734359177939634e-04 1.510543029182321857e-04
1.235080100000000014e+00 6.506106366566692580e-04 1.486677786159800992e-04
1.241255500000000067e+00 6.427754260663068537e-04 1.463247293100459795e-04
1.247461799999999954e+00 6.349821188773455485e-04 1.440246592444341096e-04
1.253699099999999955e+00 6.272267451132026257e-04 1.417593450157357711e-04
1.259967599999999965e+00 6.195112760434076399e-04 1.395284155197424843e-04
1.266267400000000043e+00 6.118318803416457905e-04 1.373391811766199518e-04
1.272598799999999919e+00 6.041875721052810712e-04 1.351835235685500429e-04
1.278961800000000038e+00 5.965762646159777048e-04 1.330611038215495482e-04
1.285356600000000071e+00 5.889985967731398847e-04 1.309791176200618098e-04
1.291783300000000079e+00 5.814496814812247999e-04 1.289295926883989680e-04
1.298242300000000071e+00 5.739287195419194533e-04 1.269121589246131822e-04
1.304733499999999990e+00 5.664340203681329528e-04 1.249264991386065619e-04
1.311257099999999953e+00 5.589637053502519420e-04 1.229796729325670400e-04
1.317813399999999913e+00 5.515132077108817008e-04 1.210564853872063813e-04
1.324402499999999927e+00 5.440823137019870073e-04 1.191713798281584559e-04
1.331024500000000055e+00 5.366668750911609805e-04 1.173166272443420643e-04
1.337679599999999969e+00 5.292641450626470005e-04 1.154918964454098429e-04
1.344368000000000007e+00 5.218715020494240926e-04 1.136896378432846209e-04
1.351089900000000066e+00 5.144851672751467146e-04 1.119240057355946107e-04
1.357845299999999922e+00 5.071004143359639964e-04 1.101874369338932621e-04
1.364634499999999973e+00 4.997150083660449127e-04 1.084796038621250607e-04
1.371457699999999891e+00 4.923219366550050675e-04 1.067931115049760210e-04
1.378314999999999957e+00 4.849194773430966872e-04 1.051418475786495063e-04
1.385206600000000066e+00 4.774986338490762815e-04 1.035113785173185009e-04
1.392132600000000053e+00 4.700568893178250565e-04 1.019154563367374432e-04
1.399093300000000095e+00 4.625845710663307672e-04 1.003397859243717818e-04
1.406088699999999969e+00 4.550761685832674136e-04 9.879108777719592229e-05
1.413119199999999909e+00 4.475238362014719072e-04 9.726217763175029683e-05
1.420184799999999914e+00 4.399157101515194907e-04 9.576654711928330019e-05
1.427285700000000102e+00 4.322437612082470041e-04 9.429019500185290177e-05
1.434422099999999922e+00 4.244957990312673061e-04 9.283969924853264870e-05
1.441594199999999937e+00 4.166568109982288085e-04 9.140130124173719050e-05
1.448802200000000040e+00 4.087091152431240643e-04 8.997491522696032926e-05
1.456046200000000068e+00 4.006369694296954857e-04 8.857379764649808067e-05
1.463326499999999974e+00 3.924176046950482596e-04 8.719765876849603758e-05
1.470643099999999981e+00 3.840250996470242714e-04 8.583962800495637652e-05
1.477996300000000041e+00 3.754291739418403554e-04 8.451265670371002701e-05
1.485386300000000048e+00 3.665945844135570786e-04 8.319676247885913860e-05
1.492813200000000062e+00 3.574761600122209932e-04 8.191138310586252669e-05
1.500277300000000036e+00 3.480160752469583867e-04 8.064320186537445305e-05
1.507778700000000027e+00 3.381457421200178724e-04 7.939205194515779854e-05
1.515317599999999931e+00 3.277730445493974901e-04 7.816416938633348368e-05
1.522894200000000087e+00 3.167926853473887428e-04 7.695928924202905658e-05
1.530508600000000108e+00 3.050062356248491946e-04 7.577081067831815031e-05
1.538161200000000006e+00 2.921938153901586580e-04 7.459855833607052626e-05
1.545852000000000004e+00 2.780022912430371324e-04 7.344865848661383365e-05
1.553581199999999995e+00 2.618686826100538297e-04 7.232085468287338290e-05
1.561349099999999934e+00 2.428011103336519998e-04 7.120867029330743092e-05
1.569155899999999937e+00 2.187947611330997362e-04 7.011194670527873892e-05
1.577001700000000062e+00 1.846138698687754560e-04 6.903053108852590764e-05
1.584886699999999982e+00 1.148017437650614896e-04 6.797039302428941156e-05
1.588239500000000026e+00 -3.477410153700006992e-05 6.752738238428429010e-05
1.588760500000000020e+00 -3.785487921347626181e-05 2.442031171512116573e-04
1.592811100000000035e+00 1.179722126724097136e-04 2.420339177730342246e-04
1.600775199999999954e+00 1.704135535076859299e-04 2.378458481833700938e-04
1.608778999999999959e+00 1.900319587678379733e-04 2.337296859957212853e-04
1.616822900000000063e+00 1.974082977888445725e-04 2.296906143692108648e-04
1.624907000000000101e+00 1.952269574289325804e-04 2.257158239720634613e-04
1.633031600000000028e+00 1.772542351758016647e-04 2.218165030902220205e-04
1.638883599999999996e+00 9.708794418884864811e-05 2.190577422700811883e-04
1.639916399999999941e+00 9.655502377307431552e-05 3.271394101918476106e-04
1.641196700000000064e+00 1.411097084331687838e-04 3.262453350427267076e-04
1.649402699999999999e+00 2.077900793137245209e-04 3.205490655795665135e-04
1.657649699999999893e+00 2.341304101639510174e-04 3.149599738149997936e-04
1.665937999999999919e+00 2.514233935212885481e-04 3.094651696879330087e-04
1.674267699999999914e+00 2.642785262409370634e-04 3.040636413811330786e-04
1.682638999999999996e+00 2.743788132392872533e-04 2.987659064292368886e-04
1.691052199999999894e+00 2.825582964144408718e-04 2.935535390076350745e-04
1.699507499999999949e+00 2.892977659206056305e-04 2.884370479496134129e-04
1.708004999999999995e+00 2.949071799083841029e-04 2.834096870184300843e-04
1.716544999999999987e+00 2.996017352658459634e-04 2.784704546514684461e-04
1.725127800000000100e+00 3.035345863857334247e-04 2.736183595091339375e-04
1.733753399999999889e+00 3.068223565092262177e-04 2.688524668361735393e-04
1.742422200000000032e+00 3.095557964587509884e-04 2.641717869915282085e-04
1.751134299999999921e+00 3.118065304816442646e-04 2.595698419412543123e-04
1.759889899999999896e+00 3.136330634264839650e-04 2.550512896097723156e-04
1.768689399999999967e+00 3.150813286912011973e-04 2.506096791627798878e-04
1.777532799999999913e+00 3.161935983583771012e-04 2.462496587827303868e-04
1.786420499999999967e+00 3.170017607755309203e-04 2.419648494219053749e-04
1.795352599999999965e+00 3.175352840085049477e-04 2.377544380459808504e-04
1.804329400000000083e+00 3.178175491679445411e-04 2.336175917419338645e-04
1.813350999999999935e+00 3.178705249979199652e-04 2.295535112485329451e-04
1.822417799999999977e+00 3.177125358538708750e-04 2.255613661280088693e-04
1.831529900000000044e+00 3.173579329323573885e-04 2.216403715173061487e-04
1.840687500000000032e+00 3.168219640102104247e-04 2.177897365778823173e-04
1.849890899999999894e+00 3.161145753445326390e-04 2.140034176801593028e-04
1.859140400000000026e+00 3.152467749953336246e-04 2.102859275893004514e-04
1.868436100000000044e+00 3.142266264900313169e-04 2.066313121717885623e-04
1.877778299999999900e+00 3.130592529439937387e-04 2.030440451786174282e-04
1.887167199999999934e+00 3.117510090015633063e-04 1.995182259585661581e-04
1.896603000000000039e+00 3.103048398087479500e-04 1.960531817169120948e-04
1.906085999999999947e+00 3.087210556483658262e-04 1.926482353359532150e-04
1.915616500000000055e+00 3.069994021825535563e-04 1.893027163398151543e-04
1.925194499999999920e+00 3.051341449252308697e-04 1.860210326495664271e-04
1.934820500000000054e+00 3.031184575907269274e-04 1.827923951613224542e-04
1.944494600000000073e+00 3.009385878639999896e-04 1.796212387451568164e-04
1.954217099999999929e+00 2.985715790649949813e-04 1.765069168059105881e-04
1.963988199999999962e+00 2.959822012411576623e-04 1.734438546171373791e-04
1.973808100000000065e+00 2.931133657213023740e-04 1.704364185620869737e-04
1.983677200000000029e+00 2.898628593686428676e-04 1.674839707172018604e-04
1.993595500000000076e+00 2.860347051614496919e-04 1.645810431938625647e-04
2.003563499999999831e+00 2.811796331619925617e-04 1.617270740613236616e-04
2.013581299999999796e+00 2.738352640898291030e-04 1.589263611693347985e-04
2.021313399999999927e+00 2.600093398522520909e-04 1.568054590240557046e-04
2.023649199999999926e+00 2.256194980005301731e-04 1.837448173348625049e-04
2.025886799999999877e+00 2.591507715808733956e-04 1.830003500547780547e-04
2.033767500000000172e+00 2.713200060874848703e-04 1.804151940549665264e-04
2.043936299999999928e+00 2.759744247044212191e-04 1.771426607906550826e-04
2.054155999999999871e+00 2.779648027198183607e-04 1.739313034507219329e-04
2.064426800000000117e+00 2.788119219659033186e-04 1.707804344928711944e-04
2.074748899999999896e+00 2.789975707939059140e-04 1.676706548225541165e-04
2.085122699999999885e+00 2.787379809854175568e-04 1.646201764707237551e-04
2.095548299999999919e+00 2.781508723138917589e-04 1.616237038969367307e-04
2.106025999999999954e+00 2.773047515180906237e-04 1.586806335566726925e-04
2.116556200000000221e+00 2.762389896381309317e-04 1.557949471891240968e-04
2.127138899999999833e+00 2.749730735481534325e-04 1.530116472958230507e-04
2.137774600000000191e+00 2.735900949033478091e-04 1.503566316259624788e-04
2.148463500000000082e+00 2.721108585731654662e-04 1.477513580608339687e-04
2.159205800000000064e+00 2.705378863364881468e-04 1.451997633184469601e-04
2.170001800000000092e+00 2.688726432643648127e-04 1.426967448988209202e-04
2.180851899999999954e+00 2.671155887894136613e-04 1.402461922620415317e-04
2.191756100000000096e+00 2.652629450059908818e-04 1.378430781428525824e-04
2.202714900000000142e+00 2.633042850906780192e-04 1.354868443412209468e-04
2.213728500000000210e+00 2.612197229607381307e-04 1.331813425248373078e-04
2.224797099999999972e+00 2.589666429997785984e-04 1.309128865704891785e-04
2.235921100000000106e+00 2.564537139659548988e-04 1.286940968457716346e-04
2.247100699999999840e+00 2.534315375809984678e-04 1.265157476948946093e-04
2.258336200000000016e+00 2.486572075405245894e-04 1.243773829001207137e-04
2.260806399999999883e+00 2.465125087282334223e-04 1.239151221668532889e-04
2.266193499999999972e+00 2.456738003832569764e-04 1.316231623611035758e-04
2.269627900000000142e+00 2.475000385282031417e-04 1.309277923921588888e-04
2.280975999999999893e+00 2.488051560126688759e-04 1.286632800698761156e-04
2.292380899999999944e+00 2.485168290411279607e-04 1.264434668186072163e-04
2.303842799999999968e+00 2.477104161881657973e-04 1.242636281624414144e-04
2.315361999999999920e+00 2.466320237891614971e-04 1.221275086768961826e-04
2.326938800000000196e+00 2.453798690767629168e-04 1.200262569838305023e-04
2.338573499999999861e+00 2.440031754537364342e-04 1.179677983034595825e-04
2.350266400000000200e+00 2.425290269155179186e-04 1.159475036413960369e-04
2.362017699999999998e+00 2.409730662008216105e-04 1.139649459077938598e-04
2.373827799999999932e+00 2.393420482847160419e-04 1.120156023125625546e-04
2.385696999999999957e+00 2.376499165036574863e-04 1.101560822514743561e-04
2.397625399999999907e+00 2.359223335963874478e-04 1.083325450047166688e-04
2.409613600000000133e+00 2.341549321047842343e-04 1.065445640644930322e-04
2.421661600000000192e+00 2.323420666405749137e-04 1.047917438327722388e-04
2.433769900000000153e+00 2.304743068823054454e-04 1.030736701661544844e-04
2.445938799999999969e+00 2.285336899419699588e-04 1.013859724442087276e-04
2.458168500000000201e+00 2.264809965764966865e-04 9.972831625219328818e-05
2.470459299999999914e+00 2.242173821997936218e-04 9.810429574630279463e-05
2.482811599999999785e+00 2.213441990206020009e-04 9.650569519035116599e-05
2.486142800000000097e+00 2.202070750430648485e-04 9.607960350132272701e-05
2.495225700000000213e+00 2.187032164421737776e-04 9.931720384965467003e-05
2.496257099999999785e+00 2.188908671936758772e-04 9.918282688489162653e-05
2.507701799999999981e+00 2.190725332328418123e-04 9.771197824439167400e-05
2.520240300000000211e+00 2.182388146806188574e-04 9.613952700752860894e-05
2.532841499999999968e+00 2.171081638307305935e-04 9.459180233371958018e-05
2.545505700000000093e+00 2.158390026186565714e-04 9.307235437815914781e-05
2.558233299999999932e+00 2.144887213531792669e-04 9.157706613952915032e-05
2.571024400000000210e+00 2.130867800309921354e-04 9.010568593122149589e-05
2.583879599999999943e+00 2.116481482966930852e-04 8.866170391585626487e-05
2.596798999999999857e+00 2.101838541585110550e-04 8.724107813195185006e-05
2.609782899999999906e+00 2.087003670380911950e-04 8.584355668648426126e-05
2.622831899999999994e+00 2.072025133827873984e-04 8.447258176447094806e-05
2.635946000000000122e+00 2.056973896607191567e-04 8.312049446873512597e-05
2.649125699999999917e+00 2.041827623176508896e-04 8.177976896247552677e-05
2.662371400000000055e+00 2.026607926651932906e-04 8.046126319763931604e-05
2.675683199999999928e+00 2.011342634448802795e-04 7.916837020916053964e-05
2.689061699999999888e+00 1.996044892322496099e-04 7.789356685598602731e-05
2.702507000000000215e+00 1.980731327329802321e-04 7.664026843913857793e-05
2.716019499999999809e+00 1.965411199657141213e-04 7.540823695467581791e-05
2.729599599999999793e+00 1.950102856433767002e-04 7.419367994280755556e-05
2.743247600000000119e+00 1.934805488836457532e-04 7.299995874245926669e-05
2.756963799999999853e+00 1.919536787254355788e-04 7.182684430144668146e-05
2.770748600000000117e+00 1.904295389592947985e-04 7.067410701040813823e-05
2.784602399999999811e+00 1.889095071361529131e-04 6.953803296204107999e-05
2.798525399999999941e+00 1.873937431562958870e-04 6.841845383052270340e-05
2.812517999999999851e+00 1.858829661526804628e-04 6.731864959817179784e-05
2.826580600000000221e+00 1.843775763460846814e-04 6.623839845525587606e-05
2.840713500000000113e+00 1.828779723995327931e-04 6.517064774531283278e-05
2.854917100000000207e+00 1.813848119644543959e-04 6.412208295647279360e-05
2.869191700000000012e+00 1.798981728211185857e-04 6.309249007213081053e-05
2.883537599999999923e+00 1.784186916953366532e-04 6.207492319903882465e-05
2.897955300000000012e+00 1.769469559482555955e-04 6.107596854127832773e-05
2.912445099999999787e+00 1.754832787196273884e-04 6.009541737736456938e-05
2.927007300000000090e+00 1.740285053755662734e-04 5.912642906510787486e-05
2.941642400000000102e+00 1.725831537967132366e-04 5.817219390564669818e-05
2.956350599999999940e+00 1.711477552068868470e-04 5.723255951620461856e-05
2.971132299999999837e+00 1.697238532736309658e-04 5.630737083323043043e-05
2.985987999999999865e+00 1.683157980974885049e-04 5.539647236698095532e-05
3.000917900000000138e+00 1.669420582991826491e-04 5.449971564487350839e-05
3.015922499999999840e+00 1.655543576696852045e-04 5.357188086660959284e-05
3.031002099999999810e+00 1.641673399572837072e-04 5.266153889609088767e-05
3.046157099999999840e+00 1.627827388393047743e-04 5.176530326281112034e-05
3.061387900000000162e+00 1.614012262538833402e-04 5.088619531457834699e-05
3.076694900000000121e+00 1.600236967461056035e-04 5.002086366527106723e-05
3.092078299999999835e+00 1.586510320924182913e-04 4.917230430840712309e-05
3.107538700000000098e+00 1.572833145887770983e-04 4.833407306577474575e-05
3.123076399999999975e+00 1.559216122436150995e-04 4.751539987817007463e-05
3.138691800000000143e+00 1.545659937085367970e-04 4.670676932938816196e-05
3.154385299999999948e+00 1.532172293609111030e-04 4.591424175805280066e-05
3.170157199999999786e+00 1.518756043125602711e-04 4.513456985662414020e-05
3.186008000000000173e+00 1.510246621021862109e-04 4.435847162044128609e-05
3.201938000000000173e+00 1.496935189976022508e-04 4.358897933099198987e-05
3.217947699999999855e+00 1.483682804073236218e-04 4.283207900667965640e-05
3.234037400000000062e+00 1.470496949833473006e-04 4.209063766901637060e-05
3.250207599999999974e+00 1.457375798861598195e-04 4.136148708505843675e-05
3.266458699999999826e+00 1.444324250048974342e-04 4.064449365451830399e-05
3.282791000000000015e+00 1.434547231973915113e-04 3.993656879942908465e-05
3.299204899999999885e+00 1.421606495633716586e-04 3.923468267957442147e-05
3.315700899999999951e+00 1.408732446042255102e-04 3.854464769158577126e-05
3.332279400000000003e+00 1.395927631121853278e-04 3.786924775785311233e-05
3.348940799999999829e+00 1.383194496465426845e-04 3.720251305720886670e-05
3.365685599999999944e+00 1.370535306272311368e-04 3.655012783834841479e-05
3.382514000000000021e+00 1.357952472597708416e-04 3.591192512687211772e-05
3.399426500000000129e+00 1.345448065531538052e-04 3.528202435337790126e-05
3.416423700000000174e+00 1.333023988616394552e-04 3.466602607676535011e-05
3.433505799999999830e+00 1.320682371095077516e-04 3.405811228670511254e-05
3.450673300000000054e+00 1.308423056131021995e-04 3.346382995297377948e-05
3.467926700000000029e+00 1.296249765452001774e-04 3.288021628874299580e-05
3.485266300000000150e+00 1.284160442958284104e-04 3.230436764374642055e-05
3.502692699999999881e+00 1.272156686728128608e-04 3.174174921900865120e-05
3.520206099999999783e+00 1.260240306761251582e-04 3.118944644513033099e-05
3.537807200000000041e+00 1.248410805493724220e-04 3.064459659528735264e-05
3.555496199999999885e+00 1.236669887609547359e-04 3.011258872420522896e-05
3.573273700000000108e+00 1.225017068633033892e-04 2.958783246110118463e-05
3.591140000000000221e+00 1.213453881724454650e-04 2.907295993458067568e-05
3.609095700000000129e+00 1.201979788262127384e-04 2.856785761588622832e-05
3.627141200000000065e+00 1.190594386215970506e-04 2.807241465922825406e-05
3.645276899999999820e+00 1.179299028254454006e-04 2.758652120014822557e-05
3.663503299999999907e+00 1.168093191382682880e-04 2.710741755236404629e-05
3.681820800000000116e+00 1.156976417840563598e-04 2.663503539332488955e-05
3.700229900000000072e+00 1.145949891970275068e-04 2.617193000797658853e-05
3.718731099999999845e+00 1.135011355848734843e-04 2.571695011015604642e-05
3.737324699999999833e+00 1.124162085516127357e-04 2.527026640614651258e-05
3.756011399999999778e+00 1.113403048693560257e-04 2.483152554807967118e-05
3.774791399999999797e+00 1.102732172328902517e-04 2.440089793799142840e-05
3.793665400000000076e+00 1.092148776751221292e-04 2.397777860687365763e-05
3.812633700000000125e+00 1.081655631680649083e-04 2.356259476981178655e-05
3.831696899999999850e+00 1.071250436837085349e-04 2.315474885772391764e-05
3.850855399999999928e+00 1.060934222570279837e-04 2.275390757072540081e-05
3.870109600000000150e+00 1.050704839434712565e-04 2.235924160828747144e-05
3.889460199999999812e+00 1.040564671291376389e-04 2.197168287892404856e-05
3.908907500000000201e+00 1.030510087794602044e-04 2.159140121669835054e-05
3.928452000000000055e+00 1.020543527151549981e-04 2.121757253275416747e-05
3.948094300000000167e+00 1.010664263929062645e-04 2.085086314444062469e-05
3.967834700000000048e+00 1.000870249272214663e-04 2.049045884975151798e-05
3.987673899999999882e+00 9.911636987328686942e-05 2.013677600011522806e-05
4.055024000000000406e+00 9.665994311182038055e-05 1.899260911352357688e-05
4.334820999999999813e+00 8.465264707472475040e-05 1.500006384822033943e-05
4.633924000000000376e+00 7.409555450721961559e-05 1.185757987147695506e-05
4.953663999999999845e+00 6.473536806936121333e-05 9.371265693858619854e-06
5.295467000000000368e+00 5.652222771371719117e-05 7.410433207717647914e-06
5.660854999999999748e+00 4.929467621471452600e-05 5.868459952006216592e-06
6.051453000000000415e+00 4.295808144927718426e-05 4.654623174180964220e-06
6.469003999999999976e+00 3.740472728909210608e-05 3.697897234321417786e-06
6.915365000000000428e+00 3.253502926095754792e-05 2.940751174588182209e-06
7.392525000000000013e+00 2.824991176990673708e-05 2.330816974030887630e-06
7.902608999999999995e+00 2.445290544967932368e-05 1.849286166239830841e-06
8.447889999999999233e+00 2.102923216229629272e-05 1.469852814113984205e-06
9.030794000000000210e+00 1.761379860381071804e-05 1.164270986055819907e-06
9.059217999999999549e+00 1.741857422624882426e-05 1.150651469699111010e-06
9.197879000000000360e+00 1.609327172789030719e-05 1.087812387590405815e-06
9.234856000000000620e+00 1.502476624032761546e-05 1.071787422555547479e-06
9.290319999999999467e+00 1.578136416440626520e-05 2.864270773703902600e-06
9.428981999999999530e+00 1.611452282156612900e-05 2.689427986855965878e-06
9.653919000000000139e+00 1.575544924560146431e-05 2.433477728001730244e-06
1.014162999999999926e+01 1.435328145217515575e-05 2.004853692320736022e-06
1.029686000000000057e+01 1.366146968155876393e-05 1.892129419842522020e-06
1.032004000000000055e+01 1.346880197407391831e-05 1.876120213713825872e-06
1.033825000000000038e+01 1.318916782354174420e-05 1.863612553150321607e-06
1.040033999999999992e+01 1.342149086407380458e-05 2.548021136915541409e-06
1.055556999999999945e+01 1.337183376255618968e-05 2.403950947820298282e-06
1.065299000000000085e+01 1.321021037380026953e-05 2.319175907522406426e-06
1.081605000000000061e+01 1.280919701564994784e-05 2.185925400043142700e-06
1.085952999999999946e+01 1.256571954211711139e-05 2.152141095127348652e-06
1.092474999999999952e+01 1.262349030435659146e-05 2.435130882944472433e-06
1.103212000000000081e+01 1.255213172138718452e-05 2.351413626678321912e-06
1.108780999999999928e+01 1.248458997875251226e-05 2.309570257300515729e-06
1.179334000000000060e+01 1.138773511776015834e-05 1.858661072970134700e-06
1.260707999999999984e+01 1.014545152595090112e-05 1.469085678443858791e-06
1.347696999999999967e+01 8.980640681003797794e-06 1.160381812884516935e-06
1.440687999999999924e+01 7.920268931944864679e-06 9.133749498594028956e-07
1.540094999999999992e+01 6.966773554588850888e-06 7.180054936860172427e-07
1.646361999999999881e+01 6.117076470677934505e-06 5.643542140914230000e-07
1.759960999999999842e+01 5.364274790644231094e-06 4.437428512973999851e-07
1.881398000000000081e+01 4.704170143508747899e-06 3.490239365135776970e-07
2.011214999999999975e+01 4.118715352701947055e-06 2.743959426395432458e-07
2.149988000000000099e+01 3.606156989470294321e-06 2.158411910865553438e-07
2.298338000000000036e+01 3.156013021722102419e-06 1.696327613581130373e-07
2.456923000000000101e+01 2.760127607371762689e-06 1.334257412569280223e-07
2.626450000000000173e+01 2.413610156725687068e-06 1.050710058630219448e-07
2.807676000000000016e+01 2.110355347380603735e-06 8.219971010783409864e-08
3.001405000000000101e+01 1.844555396972430533e-06 6.422715965796280993e-08
3.208502000000000010e+01 1.611969240313574135e-06 5.025353025009180168e-08
3.429889000000000010e+01 1.408561014508792555e-06 3.937017957898182917e-08
3.666550999999999760e+01 1.230719025327652681e-06 3.088455404587068385e-08
3.919543000000000177e+01 1.075243196720663346e-06 2.426067194544084365e-08
4.189992000000000161e+01 9.393074256361116729e-07 1.905717078626804880e-08
4.479100999999999999e+01 8.204107488699801675e-07 1.497921392049706411e-08
4.788159000000000276e+01 7.163646263665144808e-07 1.176618197878121692e-08
5.118542000000000058e+01 6.251918385148953397e-07 9.228155569516387637e-09
5.471721000000000146e+01 5.450885755611007086e-07 7.248911940547625310e-09
5.849269999999999925e+01 4.741030945412608731e-07 5.702995651970409682e-09
6.204751999999999867e+01 4.151545818621069073e-07 4.621299351425103936e-09
6.252870000000000061e+01 4.065149369994094797e-07 4.496304503595290551e-09
6.299723000000000184e+01 3.961339771836803798e-07 4.378720167613339588e-09
6.325048999999999921e+01 3.851314608452826700e-07 4.317135025072543233e-09
6.363036999999999921e+01 3.883694934338674710e-07 1.946873706499886591e-08
6.458007999999999527e+01 3.838907470650009791e-07 1.849240489463948858e-08
6.684318000000000382e+01 3.632411477055091940e-07 1.640371573084550504e-08
7.145535999999999888e+01 3.213341325840345505e-07 1.293733784831018049e-08
7.638577999999999690e+01 2.827553021701150035e-07 1.019428388832508979e-08
8.165640000000000498e+01 2.482903440504355567e-07 8.035119957811615612e-09
8.729068999999999789e+01 2.177672298333291757e-07 6.312857910353142481e-09
9.331373999999999569e+01 1.908450218967069391e-07 4.961731741299481598e-09
9.975239000000000544e+01 1.671662866560790387e-07 3.903156236913946085e-09
1.066353000000000009e+02 1.463744017453269316e-07 3.073457894244121203e-09
1.139930999999999983e+02 1.281371524421885473e-07 2.422754798871365008e-09
1.218586999999999989e+02 1.121527298981562244e-07 1.912160533492773265e-09
1.302668999999999926e+02 9.818889092755733014e-08 1.508886970276703385e-09
1.392553000000000054e+02 8.591867464309405399e-08 1.189932852397943577e-09
1.488640000000000043e+02 7.517549192517217753e-08 9.402357673356698872e-10
1.591356000000000108e+02 6.577211650537668789e-08 7.442931786507374386e-10
1.701159000000000106e+02 5.754289533427374813e-08 5.906157631305609877e-10
1.818539000000000101e+02 5.034219458299037494e-08 4.698625429544305630e-10
1.944018000000000086e+02 4.404207560412729627e-08 3.748420118709785584e-10
2.078155999999999892e+02 3.853013628180426026e-08 2.999687949868487151e-10
2.221547999999999945e+02 3.370807092370508152e-08 2.408780254480643411e-10
2.374834999999999923e+02 2.948958670280123421e-08 1.941423502073769590e-10
2.538699000000000012e+02 2.579921141870827062e-08 1.571095163158181969e-10
2.713869000000000256e+02 2.257076018833056315e-08 1.276867184674519193e-10
2.901125999999999863e+02 1.974655421061905841e-08 1.046369485252739667e-10
3.101304000000000087e+02 1.727609225866371680e-08 8.618763734422243722e-11
3.315294000000000096e+02 1.511498439598829150e-08 7.131810714777618319e-11
3.544048999999999978e+02 1.322440245280558644e-08 5.928834065943106720e-11
3.788587999999999738e+02 1.157044097052111302e-08 4.952404959743197797e-11
4.050000999999999749e+02 1.012347654044378878e-08 4.156909425334037237e-11
4.329451000000000249e+02 8.857554270993832359e-09 3.505813692398111638e-11
