1.067676000000000069e+00 2.572353101424894621e-04 1.121770001757990389e-05
1.141345000000000054e+00 2.171265187125294936e-04 8.715298072572894131e-06
1.220097999999999905e+00 1.768321912084922399e-04 6.780596715438970567e-06
1.278899999999999926e+00 1.375933044146368175e-04 5.685164564752298241e-06
1.298475000000000046e+00 1.055125776361986003e-04 5.371788854087401498e-06
1.304284999999999917e+00 5.975165112509527900e-05 5.282969612340259441e-06
1.311525000000000052e+00 1.024158653854093836e-04 6.843940776912385950e-05
1.331099999999999950e+00 1.270607471391125339e-04 6.698154432066138076e-05
1.394281000000000104e+00 1.422242688259179190e-04 6.117102018416052341e-05
1.490485999999999978e+00 1.404143923733754910e-04 4.914162943869224446e-05
1.593328999999999995e+00 1.307652931609036464e-04 3.812584193777164880e-05
1.703268999999999922e+00 1.183275360239481220e-04 2.923044553317562255e-05
1.820794999999999941e+00 1.056422490908940455e-04 2.278784902255383071e-05
1.946430000000000105e+00 9.374705685540777407e-05 1.785072931869809902e-05
2.080732999999999944e+00 8.286907027894079773e-05 1.403604406085073968e-05
2.224304000000000059e+00 7.306680530864512147e-05 1.105466415121423188e-05
2.377781000000000144e+00 6.430630280426239472e-05 8.707252912050649944e-06
2.541847999999999885e+00 5.651610199161135635e-05 6.850504449236835743e-06
2.717235000000000067e+00 4.979996039688439725e-05 5.361125102543718930e-06
2.904723999999999862e+00 4.365296745692905708e-05 4.183935809396705829e-06
3.105150000000000077e+00 3.823994167060626909e-05 3.252369058044678629e-06
3.319405999999999857e+00 3.346382992876239978e-05 2.518946112959386910e-06
3.548445000000000071e+00 2.926443048792223579e-05 1.951124934500240581e-06
3.793287999999999993e+00 2.558167351508668701e-05 1.511462383958045587e-06
4.055024000000000406e+00 2.235675480748775719e-05 1.171020372525694997e-06
4.334820999999999813e+00 1.953517289220964499e-05 9.073974111037343426e-07
4.633924000000000376e+00 1.706827402258819632e-05 7.031951817099047579e-07
4.953663999999999845e+00 1.491250244809294020e-05 5.450358196577890475e-07
5.295467000000000368e+00 1.302918571196225406e-05 4.225510201500649919e-07
5.660854999999999748e+00 1.138442708111009405e-05 3.275575688852528426e-07
6.051453000000000415e+00 9.947442979056190460e-06 2.521221448109995360e-07
6.469003999999999976e+00 8.691674202267931295e-06 1.940989741999372649e-07
6.915365000000000428e+00 7.594667918776371959e-06 1.494668208751166487e-07
7.392525000000000013e+00 6.636539102096484331e-06 1.151335524654305689e-07
7.902608999999999995e+00 5.799750441941342491e-06 8.871118983868873645e-08
8.447889999999999233e+00 5.068960234314319147e-06 6.838008175792454870e-08
9.030794000000000210e+00 4.430611470444064519e-06 5.262509838876397693e-08
9.653919000000000139e+00 3.872837498082307752e-06 4.023909673162545401e-08
1.032004000000000055e+01 3.385445320463636494e-06 3.078650211214313524e-08
1.103212000000000081e+01 2.959609208512027555e-06 2.357074731396048630e-08
1.179334000000000060e+01 2.587502167028913603e-06 1.805928955411908344e-08
1.260707999999999984e+01 2.262347560579802174e-06 1.385016188016351269e-08
1.347696999999999967e+01 1.978181955110587610e-06 1.063245246104609709e-08
1.440687999999999924e+01 1.729823521540320863e-06 8.172211135822220879e-09
1.540094999999999992e+01 1.512746414285234274e-06 6.289920468181361898e-09
1.646361999999999881e+01 1.322974224368927917e-06 4.848789418522980988e-09
1.759960999999999842e+01 1.157076079226682375e-06 3.744829802540627473e-09
1.881398000000000081e+01 1.012031653608266381e-06 2.898321379596878411e-09
2.011214999999999975e+01 8.852122777264549201e-07 2.248686549430830827e-09
2.149988000000000099e+01 7.743178657856780617e-07 1.749652038765600895e-09
2.298338000000000036e+01 6.773426938823902503e-07 1.365724243680760354e-09
2.456923000000000101e+01 5.925328447892332909e-07 1.069976995551753678e-09
2.626450000000000173e+01 5.183593239914693463e-07 8.418189727092248077e-10
2.807676000000000016e+01 4.534816059046693640e-07 6.632975462586580770e-10
3.001405000000000101e+01 3.967375745123224571e-07 5.239111129550202121e-10
3.208502000000000010e+01 3.470995033397222321e-07 4.165076230617589807e-10
3.429889000000000010e+01 3.036794424382751403e-07 3.334796821949292785e-10
3.666550999999999760e+01 2.656954877099203799e-07 2.690567098110168114e-10
3.919543000000000177e+01 2.324663536331279537e-07 2.188666648091848357e-10
4.189992000000000161e+01 2.033963394342333355e-07 1.795701948461855029e-10
4.479100999999999999e+01 1.779645829519882553e-07 1.486393686064468589e-10
4.788159000000000276e+01 1.557139588881594611e-07 1.241550957376529742e-10
5.118542000000000058e+01 1.362475617029102508e-07 1.046472803648578414e-10
5.471721000000000146e+01 1.192157434925879021e-07 8.898850771650507962e-11
5.849269999999999925e+01 1.043147241500507842e-07 7.632102467917384244e-11
6.252870000000000061e+01 9.127621017727912242e-08 6.598333931134476901e-11
6.684318000000000382e+01 7.986808209426300508e-08 5.747636277776002670e-11
7.145535999999999888e+01 6.988637532662848258e-08 5.041012507149093725e-11
7.638577999999999690e+01 6.115266644359346840e-08 4.448185278348076487e-11
8.165640000000000498e+01 5.351085454095470819e-08 3.946626432129378654e-11
8.729068999999999789e+01 4.682398827374082473e-08 3.518423542504935267e-11
9.331373999999999569e+01 4.097307800339149749e-08 3.149661399230250734e-11
9.975239000000000544e+01 3.585326329473925345e-08 2.829333926168627870e-11
1.066353000000000009e+02 3.137346346379298070e-08 2.549149752807250257e-11
1.139930999999999983e+02 2.745342109811764261e-08 2.302233691109033041e-11
1.218586999999999989e+02 2.402313397639493792e-08 2.083473457317616473e-11
1.302668999999999926e+02 2.102167663173996306e-08 1.888371808811833037e-11
1.392553000000000054e+02 1.839521228303221958e-08 1.713720587000386654e-11
1.488640000000000043e+02 1.609687844036092085e-08 1.556860815195792074e-11
1.591356000000000108e+02 1.408572171010252573e-08 1.415269312829126980e-11
1.701159000000000106e+02 1.232594889103840391e-08 1.287185858084431782e-11
1.818539000000000101e+02 1.078602244134615503e-08 1.171156306629523671e-11
1.944018000000000086e+02 9.438408213708349089e-09 1.065714128866441656e-11
2.078155999999999892e+02 8.259227152796471155e-09 9.697474829747654658e-12
2.221547999999999945e+02 7.227436737485425913e-09 8.824255524870132690e-12
2.374834999999999923e+02 6.324485494405048107e-09 8.027694299253592842e-12
2.538699000000000012e+02 5.534342591987859249e-09 7.301932518252451879e-12
2.713869000000000256e+02 4.842958006211193110e-09 6.639580575339443133e-12
2.901125999999999863e+02 4.237909343862884508e-09 6.034678255717209144e-12
3.101304000000000087e+02 3.708481920164740330e-09 5.483135748332333577e-12
3.315294000000000096e+02 3.245167592774493735e-09 4.979775043022071144e-12
3.544048999999999978e+02 2.839760996862735167e-09 4.520633833259939720e-12
3.788587999999999738e+02 2.484979714863155279e-09 4.101784784973949397e-12
4.050000999999999749e+02 2.174539724091833995e-09 3.719993998953137576e-12
4.329451000000000249e+02 1.902882399210910940e-09 3.372066468502250895e-12
