1.067676000000000069e+00 1.149851490209198449e-03 4.599763504090946054e-04
1.141345000000000054e+00 1.029651442809793090e-03 3.639072809268699394e-04
1.220097999999999905e+00 9.155166212798312997e-04 2.871854974077517287e-04
1.304284999999999917e+00 8.103423676085880212e-04 2.266185104542899119e-04
1.394281000000000104e+00 7.147111618990230862e-04 1.784018642769125314e-04
1.490485999999999978e+00 6.286040525357093449e-04 1.404397656393997957e-04
1.593328999999999995e+00 5.517495405639681865e-04 1.105510275532758290e-04
1.703268999999999922e+00 4.835461334258089839e-04 8.700835481748079388e-05
1.820794999999999941e+00 4.232807191753540886e-04 6.849544915295529418e-05
1.946430000000000105e+00 3.701998989380415016e-04 5.394461561862901500e-05
2.080732999999999944e+00 3.235744561599331525e-04 4.250029518176325852e-05
2.224304000000000059e+00 2.826922389642508087e-04 3.349994361389563123e-05
2.377781000000000144e+00 2.469210471812315674e-04 2.642599225415177388e-05
2.541847999999999885e+00 2.156311251418204997e-04 2.085947827862613704e-05
2.717235000000000067e+00 1.882827202535212237e-04 1.639070600150876070e-05
2.904723999999999862e+00 1.643914209391137576e-04 1.287715273927732866e-05
3.105150000000000077e+00 1.435216199214583478e-04 1.004745740339842365e-05
3.319405999999999857e+00 1.251505350737339975e-04 7.762708006328355550e-06
3.548445000000000071e+00 1.090778772838522112e-04 6.004316010947727906e-06
3.793287999999999993e+00 9.503226881425284737e-05 4.649960582245005024e-06
4.055024000000000406e+00 8.276259168896234349e-05 3.605272366000318851e-06
4.334820999999999813e+00 7.204034492534777288e-05 2.798842929664311818e-06
4.633924000000000376e+00 6.266171151389520778e-05 2.175433962769199637e-06
4.953663999999999845e+00 5.444158526825217288e-05 1.693156355643221271e-06
5.295467000000000368e+00 4.720649687799612667e-05 1.319521442435037699e-06
5.660854999999999748e+00 4.077417914709700463e-05 1.029715114010363497e-06
6.051453000000000415e+00 3.487081351593112293e-05 8.046479570318538347e-07
6.408220000000000027e+00 2.934893565294304378e-05 6.518191890810255759e-07
6.469003999999999976e+00 2.793164019225638888e-05 6.296381626028301938e-07
6.506305000000000227e+00 2.653697218984709394e-05 6.165174923982156778e-07
6.532460999999999629e+00 2.400895261072426553e-05 6.075202240482233808e-07
6.571695000000000064e+00 2.605967124977586854e-05 5.107692008985859156e-06
6.669780000000000264e+00 2.735205095094900426e-05 4.819178264223696624e-06
6.915365000000000428e+00 2.692607779586903000e-05 4.189260772594729216e-06
7.392525000000000013e+00 2.453816099008855741e-05 3.291401157374320602e-06
7.902608999999999995e+00 2.193068884107376599e-05 2.599280620646989856e-06
8.447889999999999233e+00 1.945630788927540312e-05 2.052134730332059996e-06
9.030794000000000210e+00 1.719081926552347030e-05 1.610067496443042370e-06
9.653919000000000139e+00 1.513927594849099497e-05 1.257502126396730023e-06
1.032004000000000055e+01 1.330488982276302762e-05 9.823655765512824674e-07
1.103212000000000081e+01 1.167671896442203599e-05 7.675835544017405500e-07
1.179334000000000060e+01 1.023799316035498370e-05 5.998759753856722654e-07
1.260707999999999984e+01 8.970566239434261258e-06 4.688393360071336402e-07
1.347696999999999967e+01 7.868601800893169245e-06 3.650245820250703955e-07
1.440687999999999924e+01 6.887150799076741006e-06 2.828894374310277333e-07
1.540094999999999992e+01 6.025724623348713964e-06 2.191594956552559062e-07
1.646361999999999881e+01 5.270667981917084261e-06 1.698302427140600875e-07
1.759960999999999842e+01 4.609426931781225092e-06 1.316450768287209913e-07
1.881398000000000081e+01 4.030714116804837334e-06 1.020828657871913417e-07
2.011214999999999975e+01 3.524431364573842309e-06 7.919369316502378855e-08
2.149988000000000099e+01 3.081645746647382190e-06 6.145963646714805283e-08
2.298338000000000036e+01 2.694472263626844261e-06 4.771942030868228490e-08
2.456923000000000101e+01 2.355980705351787362e-06 3.707145484994637731e-08
2.626450000000000173e+01 2.060068237267730446e-06 2.881781443255653265e-08
2.807676000000000016e+01 1.801419158782917910e-06 2.231678965496741202e-08
3.001405000000000101e+01 1.575239106672601919e-06 1.719602485505907243e-08
3.208502000000000010e+01 1.377450634921394406e-06 1.325533097545179392e-08
3.429889000000000010e+01 1.204514936233292398e-06 1.023003742096015615e-08
3.666550999999999760e+01 1.053328437212741501e-06 7.906836942963155736e-09
3.919543000000000177e+01 9.211543549305422213e-07 6.120908279718623658e-09
4.189992000000000161e+01 8.055972695928385785e-07 4.747198685180203923e-09
4.479100999999999999e+01 7.045646989537223049e-07 3.690028968320800286e-09
4.788159000000000276e+01 6.162296057191511450e-07 2.875418427396525349e-09
5.118542000000000058e+01 5.389908811478681336e-07 2.247253763212142774e-09
5.471721000000000146e+01 4.714520694563226328e-07 1.762254328832212720e-09
5.849269999999999925e+01 4.123908957533000890e-07 1.386974890196261925e-09
6.252870000000000061e+01 3.607414860714244421e-07 1.096294195419733900e-09
6.684318000000000382e+01 3.155709114921795935e-07 8.706895233239033353e-10
7.145535999999999888e+01 2.760651840494242763e-07 6.951901202605583487e-10
7.638577999999999690e+01 2.415108672193967453e-07 5.582941857286959436e-10
8.165640000000000498e+01 2.112883435628519700e-07 4.507103236851503919e-10
8.729068999999999789e+01 1.848508009912510081e-07 3.655368147039371067e-10
9.331373999999999569e+01 1.617245076953681368e-07 2.987240171773651679e-10
9.975239000000000544e+01 1.414942866924226087e-07 2.460630340229905624e-10
1.066353000000000009e+02 1.237971610040289470e-07 2.043456745436123657e-10
1.139930999999999983e+02 1.083152548500699267e-07 1.710969946838560027e-10
1.218586999999999989e+02 9.477045102056993284e-08 1.444334195890458625e-10
1.302668999999999926e+02 8.292091388020382344e-08 1.228997440595049348e-10
1.392553000000000054e+02 7.255380229926700934e-08 1.053732686617206632e-10
1.488640000000000043e+02 6.348350317181524505e-08 9.098779756033464341e-11
1.591356000000000108e+02 5.554764325690614262e-08 7.909982452070936073e-11
1.701159000000000106e+02 4.860442349395703931e-08 6.917866680880768333e-11
1.818539000000000101e+02 4.252938695100573909e-08 6.083838225765347731e-11
1.944018000000000086e+02 3.721397129234903332e-08 5.376610790678193530e-11
2.078155999999999892e+02 3.256298779501207235e-08 4.771714458115615094e-11
2.221547999999999945e+02 2.849355002003139522e-08 4.250925368971956928e-11
2.374834999999999923e+02 2.493285325547210352e-08 3.798812279119535213e-11
2.538699000000000012e+02 2.181711579266185573e-08 3.403545328116749683e-11
2.713869000000000256e+02 1.909089857905932668e-08 3.056732157458003777e-11
2.901125999999999863e+02 1.670540676293351100e-08 2.750124712490076794e-11
3.101304000000000087e+02 1.461804860203177020e-08 2.477936949293293253e-11
3.315294000000000096e+02 1.279151036971408131e-08 2.235407405673070099e-11
3.544048999999999978e+02 1.119324644590876438e-08 2.018482025177853905e-11
3.788587999999999738e+02 9.794720745125181971e-09 1.823967010334802325e-11
4.050000999999999749e+02 8.570928490455032043e-09 1.649052618508816250e-11
4.329451000000000249e+02 7.500073636162997633e-09 1.491459299966966926e-11
