1.067676000000000069e+00 1.400442901060214729e-03 3.805374568744583153e-04
1.141345000000000054e+00 1.228347890329365864e-03 3.021099805887699093e-04
1.220097999999999905e+00 1.074861876138033957e-03 2.400983625466093828e-04
1.304284999999999917e+00 9.389459961135434869e-04 1.910446006244355995e-04
1.394281000000000104e+00 8.188792220289713847e-04 1.521950474180759107e-04
1.490485999999999978e+00 7.131592142207394481e-04 1.214066755996486767e-04
1.593328999999999995e+00 6.202359308929606026e-04 9.688314180681614101e-05
1.703268999999999922e+00 5.382811770579568836e-04 7.698116322361855436e-05
1.820794999999999941e+00 4.657840862756102026e-04 6.116816964527452066e-05
1.946430000000000105e+00 4.014635636991521501e-04 4.867499003162776639e-05
2.080732999999999944e+00 3.438591319111125285e-04 3.876293969240171712e-05
2.224304000000000059e+00 2.909322323113286879e-04 3.088637506132033481e-05
2.377781000000000144e+00 2.380815670070221307e-04 2.464261620166703588e-05
2.469796000000000102e+00 1.991226274274928093e-04 2.168391878234382484e-05
2.507598999999999911e+00 1.663958508035888310e-04 2.060453713093860192e-05
2.517679999999999918e+00 1.350869062801500205e-04 2.032896999433596788e-05
2.532801000000000080e+00 1.616673220503094032e-04 7.686820537046414796e-05
2.541847999999999885e+00 1.698652728509458852e-04 7.582653029268788310e-05
2.572598000000000162e+00 1.785928389504112443e-04 7.242440885151356779e-05
2.611974000000000018e+00 1.721678881442101198e-04 6.835045236946288749e-05
2.622475000000000112e+00 1.593512243503213469e-04 6.731310423945107975e-05
2.638224999999999820e+00 1.732978525621860688e-04 9.176694292756033442e-05
2.677601999999999816e+00 1.845278129846735632e-04 8.684686940806244434e-05
2.717235000000000067e+00 1.870780703422713145e-04 8.227648790740993195e-05
2.808190000000000186e+00 1.837229193417379508e-04 7.307855667487066307e-05
2.851172000000000040e+00 1.776173332462776904e-04 6.925551254367732720e-05
2.862633999999999901e+00 1.719277770231421136e-04 6.828213821565141570e-05
2.879827000000000137e+00 1.762489604358252683e-04 7.689389573589699208e-05
2.904723999999999862e+00 1.781932495864171190e-04 7.465150470178802617e-05
2.922810000000000130e+00 1.783654174475521293e-04 7.308087553152557345e-05
3.105150000000000077e+00 1.700989159856582914e-04 5.921887183436588511e-05
3.319405999999999857e+00 1.554435841355209414e-04 4.678021125710216685e-05
3.548445000000000071e+00 1.398529265023430691e-04 3.678963585335879937e-05
3.793287999999999993e+00 1.246490202203340118e-04 2.890732497192259108e-05
4.055024000000000406e+00 1.104571524464202095e-04 2.273310050735547042e-05
4.334820999999999813e+00 9.750971508507792068e-05 1.789063415054438285e-05
4.633924000000000376e+00 8.585305626289848051e-05 1.408720512101047423e-05
4.953663999999999845e+00 7.545310237230390936e-05 1.110268950743620986e-05
5.295467000000000368e+00 6.643524634776939661e-05 8.719562640175292114e-06
5.660854999999999748e+00 5.822041001261828012e-05 6.828932544273253102e-06
6.051453000000000415e+00 5.101440649042396569e-05 5.341115068366935111e-06
6.469003999999999976e+00 4.462215791803562990e-05 4.179479679714093715e-06
6.915365000000000428e+00 3.900937930774247436e-05 3.274196466546847457e-06
7.392525000000000013e+00 3.409053548648569986e-05 2.567606937856075296e-06
7.902608999999999995e+00 2.978494960499148764e-05 2.013598774694985958e-06
8.447889999999999233e+00 2.601968031734175043e-05 1.580570383399253411e-06
9.030794000000000210e+00 2.273109706489914101e-05 1.239294528583401555e-06
9.653919000000000139e+00 1.985013883917027128e-05 9.648554323178173217e-07
1.032004000000000055e+01 1.733017884869085027e-05 7.518667691340985515e-07
1.103212000000000081e+01 1.512795085919173732e-05 5.863541529651892056e-07
1.179334000000000060e+01 1.320322262498729141e-05 4.561590192978044143e-07
1.260707999999999984e+01 1.152072306104876219e-05 3.547928021771740031e-07
1.347696999999999967e+01 1.004928443181672572e-05 2.753646405977640636e-07
1.440687999999999924e+01 8.761801594599269219e-06 2.140303932790814091e-07
1.540094999999999992e+01 7.634089012770238239e-06 1.666023668276182401e-07
1.646361999999999881e+01 6.643687731955316881e-06 1.298698894891336331e-07
1.759960999999999842e+01 5.767810182291811269e-06 1.013937780852963004e-07
1.881398000000000081e+01 4.973252287293357710e-06 7.928348982306932274e-08
1.959950999999999866e+01 4.471158078644631287e-06 6.823958773689767851e-08
1.989949999999999974e+01 4.190392688620221546e-06 6.456085943356059984e-08
1.997950000000000159e+01 3.981352934511287148e-06 6.361731892856437684e-08
2.011214999999999975e+01 4.118854495290152261e-06 4.032445493018158259e-07
2.039949000000000012e+01 4.145574301785970780e-06 3.820197683995412402e-07
2.149988000000000099e+01 3.867709329233360651e-06 3.138339634608958005e-07
2.298338000000000036e+01 3.443727549769810690e-06 2.467339678788014246e-07
2.456923000000000101e+01 3.042934393484408241e-06 1.943984578239957768e-07
2.626450000000000173e+01 2.679899786063045748e-06 1.530060319284322514e-07
2.807676000000000016e+01 2.355431161301002256e-06 1.196238840308144655e-07
3.001405000000000101e+01 2.067050296431203918e-06 9.341425138191422791e-08
3.208502000000000010e+01 1.812224893062540862e-06 7.298159795016988109e-08
3.429889000000000010e+01 1.587776795057453254e-06 5.703912078011392713e-08
3.666550999999999760e+01 1.390488713700415034e-06 4.459629786634618832e-08
3.919543000000000177e+01 1.217334408946668438e-06 3.488805290364732365e-08
4.189992000000000161e+01 1.066350425171840455e-06 2.716236855234389517e-08
4.479100999999999999e+01 9.330649182388670147e-07 2.111279618944045359e-08
4.788159000000000276e+01 8.162983664287305164e-07 1.642186825287794492e-08
5.118542000000000058e+01 7.140651214848342185e-07 1.278332887992754096e-08
5.471721000000000146e+01 6.245943184743933519e-07 9.959537326198402412e-09
5.849269999999999925e+01 5.463105696253324220e-07 7.766858187674450158e-09
6.252870000000000061e+01 4.778293922677091066e-07 6.062311665036322121e-09
6.684318000000000382e+01 4.179294654356818279e-07 4.735905420588687386e-09
7.145535999999999888e+01 3.655392633582179654e-07 3.705464559232338536e-09
7.638577999999999690e+01 3.197209816283494405e-07 2.904121688910622963e-09
8.165640000000000498e+01 2.796529723584356770e-07 2.277922066367745547e-09
8.729068999999999789e+01 2.446097992784357474e-07 1.785599439192342612e-09
9.331373999999999569e+01 2.139593750258320704e-07 1.401481324546710413e-09
9.975239000000000544e+01 1.871521396734919720e-07 1.103598089000957690e-09
1.066353000000000009e+02 1.637071019370339240e-07 8.719845747750229334e-10
1.139930999999999983e+02 1.432025355832349609e-07 6.917076945805710934e-10
1.218586999999999989e+02 1.252692145012615948e-07 5.511048432579727913e-10
1.302668999999999926e+02 1.095845006453036973e-07 4.411837420085249464e-10
1.392553000000000054e+02 9.586608065795618016e-08 3.550372969864819879e-10
1.488640000000000043e+02 8.386668215778764368e-08 2.873336753206985050e-10
1.591356000000000108e+02 7.337088915968233031e-08 2.339486662670389202e-10
1.701159000000000106e+02 6.419017981178137677e-08 1.916948050855660836e-10
1.818539000000000101e+02 5.615912094876522266e-08 1.581211081230248008e-10
1.944018000000000086e+02 4.913391600649902056e-08 1.313131845056303695e-10
2.078155999999999892e+02 4.298820043701731698e-08 1.098010831247704080e-10
2.221547999999999945e+02 3.761178530596692917e-08 9.244428983854560273e-11
2.374834999999999923e+02 3.290830255833681153e-08 7.836228137963812850e-11
2.538699000000000012e+02 2.879334404735222444e-08 6.685863587440776210e-11
2.713869000000000256e+02 2.519330399765309368e-08 5.739612720993107602e-11
2.901125999999999863e+02 2.204358306470785263e-08 4.956691302321057630e-11
3.101304000000000087e+02 1.928787290150474865e-08 4.303495088155583429e-11
3.315294000000000096e+02 1.687678267670222452e-08 3.755558151350125757e-11
3.544048999999999978e+02 1.476727014851906057e-08 3.291946324531598620e-11
3.788587999999999738e+02 1.292149794952929728e-08 2.897240590934694442e-11
4.050000999999999749e+02 1.130653310073056756e-08 2.559154790760087292e-11
4.329451000000000249e+02 9.893460516007742348e-09 2.267496473428626565e-11
