1.000000000000000000e+00 2.475478020408022417e-04 3.097821313998078331e-05
1.298597194388777520e+00 1.474173945737370750e-04 1.400021279614183361e-05
1.597194388777555041e+00 9.722043643825682582e-05 6.422098772548716506e-06
1.895791583166332783e+00 6.873968988823572497e-05 3.381981342070261228e-06
2.194388777555110082e+00 5.111074989513479547e-05 1.958998576724175187e-06
2.492985971943888046e+00 3.946555814328021953e-05 1.221830898258520548e-06
2.791583166332665567e+00 3.140443006617203237e-05 7.899693447369673967e-07
3.090180360721443087e+00 2.557705680639262740e-05 5.332707752109224425e-07
3.388777555110220607e+00 2.122543433152743325e-05 3.703441530555333295e-07
3.687374749498998128e+00 1.789489622158261226e-05 2.761429351950708298e-07
3.985971943887775648e+00 1.529715544859937577e-05 2.024544761810908006e-07
4.284569138276553169e+00 1.322428236077468376e-05 1.518209081372985124e-07
4.583166332665331133e+00 1.154534288127970662e-05 1.162253939864040723e-07
4.881763527054108209e+00 1.016690708663529725e-05 9.059673570505924574e-08
5.180360721442886174e+00 9.021338073189342217e-06 7.170798679170475327e-08
5.478957915831663250e+00 8.059017636867735562e-06 5.747763465448870263e-08
5.777555110220441215e+00 7.242851564748542276e-06 4.654178451560824957e-08
6.076152304609219179e+00 6.544664862587739231e-06 3.798952579987085635e-08
6.374749498997996255e+00 5.942895068391105387e-06 3.154472591682253015e-08
6.673346693386774220e+00 5.420482102914824916e-06 2.638950886212410850e-08
6.971943887775551296e+00 4.964024263236877696e-06 2.213511592330505762e-08
7.270541082164329261e+00 4.562977033937348038e-06 1.882299132823686378e-08
7.569138276553106337e+00 4.208642637414364503e-06 1.608949913864248806e-08
7.867735470941884302e+00 3.894015251224567766e-06 1.377433408357173354e-08
8.166332665330662266e+00 3.613462262282633624e-06 1.196775537416146324e-08
8.464929859719440230e+00 3.362132964326854876e-06 1.034772698149242282e-08
8.763527054108216419e+00 3.136209309184450243e-06 9.090515250832286273e-09
9.062124248496994383e+00 2.932281881291716126e-06 7.936048446752457930e-09
9.360721442885772348e+00 2.747662051793979095e-06 7.019534256235456787e-09
9.659318637274550312e+00 2.579914937042370216e-06 6.162390453621800794e-09
9.957915831663326500e+00 2.427109542690971904e-06 5.499191839053620426e-09
1.025651302605210446e+01 2.287466297118296352e-06 4.874608540456778329e-09
1.055511022044088243e+01 2.159556449130747509e-06 4.368273676233627165e-09
1.085370741482966039e+01 2.042076378111686346e-06 3.911588277753372827e-09
1.115230460921843836e+01 1.933929688179857639e-06 3.510975179959513482e-09
1.145090180360721455e+01 1.834161883046986250e-06 3.176966647335553441e-09
1.174949899799599251e+01 1.741908984973775525e-06 2.859934840401842397e-09
1.204809619238477048e+01 1.656460769277827053e-06 2.605852516277976456e-09
1.234669338677354844e+01 1.577145234189492156e-06 2.371991927598106050e-09
1.264529058116232463e+01 1.503388553843936575e-06 2.154302265333721420e-09
1.294388777555110259e+01 1.434699774156652844e-06 1.980784780655192033e-09
1.324248496993988056e+01 1.370607702631553103e-06 1.815092388354719441e-09
1.354108216432865852e+01 1.310715328853033666e-06 1.662797640970821063e-09
1.383967935871743649e+01 1.254674193188857974e-06 1.538868416027069793e-09
1.413827655310621267e+01 1.202148092543761339e-06 1.420173905333246865e-09
1.443687374749499064e+01 1.152850512798133584e-06 1.308417521378793275e-09
1.473547094188376860e+01 1.106532552143850165e-06 1.218985657917203108e-09
1.503406813627254657e+01 1.062948262520853444e-06 1.133106273169496537e-09
1.533266533066132453e+01 1.021886730770766362e-06 1.050571818059068321e-09
1.563126252505010072e+01 9.831644535125026619e-07 9.820699195009852593e-10
1.592985971943887868e+01 9.466023201751799836e-07 9.193012023738158211e-10
1.622845691382765665e+01 9.120406544506580525e-07 8.588423244296421350e-10
1.652705410821643284e+01 8.793377259685463258e-07 8.027306571345566313e-10
1.682565130260520903e+01 8.483667554200382391e-07 7.564853695370404457e-10
1.712424849699398877e+01 8.190023971853851527e-07 7.118528491371899849e-10
1.742284569138276495e+01 7.911354404737513023e-07 6.687501758824006523e-10
1.772144288577154470e+01 7.646680130189486260e-07 6.300514388552859620e-10
1.802004008016032088e+01 7.395089991794290053e-07 5.968463863900595319e-10
1.831863727454910062e+01 7.155706638953598471e-07 5.647238309858369464e-10
1.861723446893787681e+01 6.927753118970141093e-07 5.336316869390375074e-10
1.891583166332665300e+01 6.710527103101019389e-07 5.052736984014489550e-10
1.921442885771543274e+01 6.503378863048991906e-07 4.811298421403921659e-10
1.951302605210420893e+01 6.305670372624896998e-07 4.577249064057603426e-10
1.981162324649298867e+01 6.116836754066851602e-07 4.350254805688540952e-10
2.011022044088176486e+01 5.936354756550883570e-07 4.130001383292973296e-10
2.040881763527054105e+01 5.763768553552283633e-07 3.952205319660335632e-10
2.070741482965932079e+01 5.598596705424387935e-07 3.779767681555243452e-10
2.100601202404809698e+01 5.440420401054006854e-07 3.612232391871761187e-10
2.130460921843687672e+01 5.288850157551219206e-07 3.449393322329909313e-10
2.160320641282565290e+01 5.143530607694343326e-07 3.300055896260085163e-10
2.190180360721442909e+01 5.004129353269453190e-07 3.171567437407447949e-10
2.220040080160320883e+01 4.870316517380407655e-07 3.046535338975291894e-10
2.249899799599198502e+01 4.741797370640773283e-07 2.924821986898598905e-10
2.279759519038076476e+01 4.618296359364771380e-07 2.806296976850636590e-10
2.309619238476954095e+01 4.499561921359631256e-07 2.697827179179310201e-10
2.339478957915831714e+01 4.385356040870603191e-07 2.603491672410584493e-10
2.369338677354709688e+01 4.275441746058255745e-07 2.511533902342953530e-10
2.399198396793587307e+01 4.169606700207521397e-07 2.421865091136011988e-10
2.429058116232464926e+01 4.067651537754133227e-07 2.334400826232153018e-10
2.458917835671342900e+01 3.969389743451472284e-07 2.249944655053522973e-10
2.488777555110220518e+01 3.874655457530223493e-07 2.179713128989046220e-10
2.518637274549098493e+01 3.783271213365907885e-07 2.111146863488476672e-10
2.548496993987976111e+01 3.695080914038999731e-07 2.044187324976913053e-10
2.578356713426853730e+01 3.609937449254198454e-07 1.978778691367918114e-10
2.608216432865731704e+01 3.527702081585741119e-07 1.914867696853464783e-10
2.638076152304609323e+01 3.448246909707656734e-07 1.855858398284378861e-10
2.667935871743487297e+01 3.371449770460717780e-07 1.803527746536503870e-10
2.697795591182364916e+01 3.297188982979646344e-07 1.752355506185217283e-10
2.727655310621242535e+01 3.225354085057652723e-07 1.702303633744053642e-10
2.757515030060120509e+01 3.155840562953785669e-07 1.653335733540350345e-10
2.787374749498998128e+01 3.088549471104515229e-07 1.605416969454320448e-10
2.817234468937876102e+01 3.023389153106791129e-07 1.560686241271625702e-10
2.847094188376753721e+01 2.960272920489060494e-07 1.521459043767684131e-10
2.876953907815631339e+01 2.899112034186420137e-07 1.483046119379942513e-10
2.906813627254509314e+01 2.839826557889219096e-07 1.445422374686619927e-10
2.936673346693386932e+01 2.782340598631783258e-07 1.408563736852762651e-10
2.966533066132264906e+01 2.726582063831468948e-07 1.372447102266523224e-10
2.996392785571142525e+01 2.672482435191062527e-07 1.337050288246542950e-10
3.026252505010020144e+01 2.619980152154413373e-07 1.306452029379169794e-10
3.056112224448898118e+01 2.569010204743199995e-07 1.277270666258072994e-10
3.085971943887775737e+01 2.519512858173373805e-07 1.248654018132111916e-10
3.115831663326653356e+01 2.471431930503264264e-07 1.220585849626778632e-10
3.145691382765531330e+01 2.424713893662265361e-07 1.193050541809130861e-10
3.175551102204408949e+01 2.379307724428646732e-07 1.166033063205774124e-10
3.205410821643286567e+01 2.335164765079387297e-07 1.139518942440729256e-10
3.235270541082164186e+01 2.292241896113489007e-07 1.116635837970352422e-10
3.265130260521041805e+01 2.250491759051188589e-07 1.094530734509556095e-10
3.294989979959920134e+01 2.209871659843366523e-07 1.072826270924159150e-10
3.324849699398797753e+01 2.170341184201525494e-07 1.051511653047185135e-10
3.354709418837675372e+01 2.131861708472179133e-07 1.030576471020112440e-10
3.384569138276552991e+01 2.094396305269751516e-07 1.010010682340429441e-10
3.414428857715431320e+01 2.057909654860949220e-07 9.898045957987053138e-11
3.444288577154308939e+01 2.022369108617215085e-07 9.711539232350994881e-11
3.474148296593186558e+01 1.987742341445527954e-07 9.541065524603499231e-11
3.504008016032064177e+01 1.953997126940702090e-07 9.373497230919987703e-11
3.533867735470941795e+01 1.921103794561823152e-07 9.208760702662227519e-11
3.563727454909820125e+01 1.889033911598206346e-07 9.046784759537503640e-11
3.593587174348697744e+01 1.857760221713752619e-07 8.887500587049137555e-11
3.623446893787575362e+01 1.827256587021701645e-07 8.730841639017462956e-11
3.653306613226452981e+01 1.797497933459921488e-07 8.576743544881211302e-11
3.683166332665330600e+01 1.768461190576473177e-07 8.435068947744045707e-11
3.713026052104208929e+01 1.740123014696060410e-07 8.303520730428222438e-11
3.742885771543086548e+01 1.712460424259477134e-07 8.174071424541436009e-11
3.772745490981964167e+01 1.685452115083451053e-07 8.046671194037334116e-11
3.802605210420841786e+01 1.659077616162859910e-07 7.921271768207280422e-11
3.832464929859719405e+01 1.633317250873407747e-07 7.797826380700663131e-11
3.862324649298597734e+01 1.608152100265774009e-07 7.676289711373721819e-11
3.892184368737475353e+01 1.583563968323355219e-07 7.556617830815161740e-11
3.922044088176352972e+01 1.559535464006931599e-07 7.439833471587635658e-11
3.951903807615230590e+01 1.536050860193908595e-07 7.336379109277456461e-11
3.981763527054108209e+01 1.513092663825394621e-07 7.234476380163139018e-11
4.011623246492986539e+01 1.490645259807192731e-07 7.134090636425774781e-11
4.041482965931864157e+01 1.468693607767929506e-07 7.035188254201469319e-11
4.071342685370741776e+01 1.447223216861262443e-07 6.937736596032235793e-11
4.101202404809619395e+01 1.426220121847619555e-07 6.841703974957281949e-11
4.131062124248497014e+01 1.405670860381725836e-07 6.747059620161571873e-11
4.160921843687375343e+01 1.385562451436962299e-07 6.653773644103474585e-11
4.190781563126252962e+01 1.365882401989515245e-07 6.562059377351824139e-11
4.220641282565130581e+01 1.346619592075455997e-07 6.480503128664117985e-11
4.250501002004008200e+01 1.327761351106717737e-07 6.400092743347887929e-11
4.280360721442885819e+01 1.309296429023260340e-07 6.320804240836295261e-11
4.310220440881764148e+01 1.291213964102813613e-07 6.242614305078856742e-11
4.340080160320641767e+01 1.273503466985453683e-07 6.165500261682122263e-11
4.369939879759519386e+01 1.256154805459669158e-07 6.089440055987495145e-11
4.399799599198397004e+01 1.239158189968739070e-07 6.014412232041770307e-11
4.429659318637274623e+01 1.222504159798691765e-07 5.940395912418148535e-11
4.459519038076152952e+01 1.206183569911463879e-07 5.867370778847992422e-11
4.489378757515030571e+01 1.190187793268532400e-07 5.797559316011658727e-11
4.519238476953908190e+01 1.174508462567571479e-07 5.732914277262397317e-11
4.549098196392785809e+01 1.159136892329419336e-07 5.669117882634163334e-11
4.578957915831663428e+01 1.144065080769440911e-07 5.606153529915823625e-11
4.608817635270541047e+01 1.129285284477196593e-07 5.544005047147481039e-11
4.638677354709419376e+01 1.114790008469437592e-07 5.482656678772579816e-11
4.668537074148296995e+01 1.100571996687018976e-07 5.422093072321429930e-11
4.698396793587174614e+01 1.086624222913230519e-07 5.362299265602524034e-11
4.728256513026052232e+01 1.072939882092318458e-07 5.303260674379178724e-11
4.758116232464929851e+01 1.059512382028183963e-07 5.244963080510191168e-11
4.787975951903808181e+01 1.046335335444331755e-07 5.187392620534262619e-11
4.817835671342685799e+01 1.033403195437736488e-07 5.135188482842485151e-11
4.847695390781563418e+01 1.020709307180024981e-07 5.083655976748035742e-11
4.877555110220441037e+01 1.008247850284327707e-07 5.032754420438547880e-11
4.907414829659318656e+01 9.960131847950002615e-08 4.982472296658470941e-11
4.937274549098196985e+01 9.839998407894095857e-08 4.932798366769145146e-11
4.967134268537074604e+01 9.722025122634850205e-08 4.883721662374333923e-11
4.996993987975952223e+01 9.606160512722637361e-08 4.835231477246001502e-11
5.026853707414829842e+01 9.492354623133515781e-08 4.787317359537866645e-11
5.056713426853707460e+01 9.380558969418524746e-08 4.739969104274824989e-11
5.086573146292585790e+01 9.270726486059313976e-08 4.693176746106904399e-11
5.116432865731463409e+01 9.162811476927440445e-08 4.646930552316957317e-11
5.146292585170341027e+01 9.056772401237017384e-08 4.604388689481565343e-11
5.176152304609218646e+01 8.952563475145773274e-08 4.562577014542917226e-11
5.206012024048096265e+01 8.850142616987475017e-08 4.521244971567149923e-11
5.235871743486974594e+01 8.749469153306087009e-08 4.480384354656631541e-11
5.265731462925852213e+01 8.650503560596170654e-08 4.439987144042327601e-11
5.295591182364729832e+01 8.553207426507814520e-08 4.400045500836276453e-11
5.325450901803607451e+01 8.457543412570017973e-08 4.360551761960603117e-11
5.355310621242485070e+01 8.363475218364874155e-08 4.321498435246171070e-11
5.385170340681363399e+01 8.270967547088478257e-08 4.282878194694321736e-11
5.415030060120241018e+01 8.179986072437467490e-08 4.244683875895347261e-11
5.444889779559118637e+01 8.090497406763200130e-08 4.206908471597740207e-11
5.474749498997996255e+01 8.002469352154590113e-08 4.169796670028789238e-11
5.504609218436873874e+01 7.915872488601520905e-08 4.135303966251124233e-11
5.534468937875752204e+01 7.830673543339631150e-08 4.101183454446727640e-11
5.564328657314629822e+01 7.746842589782547222e-08 4.067429142761819301e-11
5.594188376753507441e+01 7.664350497904679939e-08 4.034035167271863912e-11
5.624048096192385060e+01 7.583168908933484158e-08 4.000995788585500886e-11
5.653907815631262679e+01 7.503270210974927671e-08 3.968305388556088472e-11
5.683767535070141008e+01 7.424627515532857784e-08 3.935958467096902010e-11
5.713627254509018627e+01 7.347214634885165549e-08 3.903949639096198082e-11
5.743486973947896246e+01 7.271006060281125939e-08 3.872273631428512093e-11
5.773346693386773865e+01 7.195976940926016761e-08 3.840925280058680845e-11
5.803206412825651483e+01 7.122103063720736427e-08 3.809899527235304670e-11
5.833066132264529813e+01 7.049360833725522383e-08 3.779191418770375933e-11
5.862925851703407432e+01 6.977728336986686022e-08 3.749626194817338682e-11
5.892785571142285050e+01 6.907183326008482918e-08 3.721340582338824895e-11
5.922645290581162669e+01 6.837702654337158847e-08 3.693340180407738120e-11
5.952505010020040288e+01 6.769265018845330019e-08 3.665620696894838343e-11
5.982364729458917907e+01 6.701849646733109009e-08 3.638177925363945825e-11
6.012224448897796236e+01 6.635436279764101618e-08 3.611007742943954992e-11
6.042084168336673855e+01 6.570005159045419933e-08 3.584106108263970622e-11
6.071943887775551474e+01 6.505537010330252494e-08 3.557469059449348420e-11
6.101803607214429093e+01 6.442013029822762060e-08 3.531092712176593386e-11
6.131663326653306711e+01 6.379414870465626728e-08 3.504973257785077075e-11
6.161523046092185041e+01 6.317724628691621422e-08 3.479106961443671909e-11
6.191382765531062660e+01 6.256924831621426934e-08 3.453490160370423909e-11
6.221242484969940278e+01 6.196998424690478360e-08 3.428119262103509347e-11
6.251102204408817897e+01 6.137928759688555475e-08 3.402990742821738853e-11
6.280961923847695516e+01 6.079700827835108134e-08 3.379353381887509014e-11
6.310821643286573845e+01 6.022297568766107572e-08 3.356018130870205922e-11
6.340681362725451464e+01 5.965703406922803622e-08 3.332902661926328180e-11
6.370541082164329083e+01 5.909903208143780631e-08 3.310003884597324816e-11
6.400400801603205991e+01 5.854882190472705746e-08 3.287318766096179935e-11
6.430260521042083610e+01 5.800625914368017052e-08 3.264844329968372101e-11
6.460120240480962650e+01 5.747120273228724392e-08 3.242577654790001261e-11
6.489979959919840269e+01 5.694351484224569652e-08 3.220515872901832764e-11
6.519839679358717888e+01 5.642306079419513887e-08 3.198656169178128201e-11
6.549699398797595506e+01 5.590970897177846916e-08 3.176995779829164465e-11
6.579559118236473125e+01 5.540333073842702714e-08 3.155531991236354068e-11
6.609418837675350744e+01 5.490380035677100755e-08 3.134262138818936617e-11
6.639278557114228363e+01 5.441099491058162858e-08 3.113183605931261107e-11
6.669138276553105982e+01 5.392479422915423748e-08 3.092293822789689686e-11
6.698997995991985022e+01 5.344508477548461032e-08 3.072078903617793461e-11
6.728857715430862640e+01 5.297175168081604847e-08 3.052546424273283128e-11
6.758717434869740259e+01 5.250467845022565509e-08 3.033186532215871559e-11
6.788577154308617878e+01 5.204375518755860214e-08 3.013996950057592185e-11
6.818436873747495497e+01 5.158887439772685400e-08 2.994975440303589927e-11
6.848296593186373116e+01 5.113993092403182636e-08 2.976119804482422199e-11
6.878156312625250735e+01 5.069682188738721131e-08 2.957427882298998827e-11
6.908016032064128353e+01 5.025944662737738237e-08 2.938897550809512034e-11
6.937875751503005972e+01 4.982770664508705127e-08 2.920526723617652115e-11
6.967735470941883591e+01 4.940150554764279165e-08 2.902313350091505860e-11
6.997595190380762631e+01 4.898074899440728933e-08 2.884255414600491484e-11
7.027454909819640250e+01 4.856534464477054758e-08 2.866350935771762676e-11
7.057314629258517868e+01 4.815520210748408863e-08 2.848597965765470754e-11
7.087174348697395487e+01 4.775023289148651541e-08 2.830994589568366959e-11
7.117034068136273106e+01 4.735035035816974411e-08 2.813538924305167811e-11
7.146893787575150725e+01 4.695547018648194998e-08 2.796263062429989372e-11
7.176753507014028344e+01 4.656551943189136340e-08 2.779840523405780195e-11
7.206613226452905963e+01 4.618040591773919523e-08 2.763554073940515126e-11
7.236472945891783581e+01 4.580004996849213714e-08 2.747402029402988600e-11
7.266332665330661200e+01 4.542437354232447142e-08 2.731382732852780800e-11
7.296192384769540240e+01 4.505330019108451458e-08 2.715494554473632158e-11
7.326052104208417859e+01 4.468675502140080329e-08 2.699735891020682488e-11
7.355911823647295478e+01 4.432466465689104448e-08 2.684105165281156344e-11
7.385771543086173097e+01 4.396695720143871738e-08 2.668600825548154326e-11
7.415631262525050715e+01 4.361356220350225497e-08 2.653221345107131609e-11
7.445490981963928334e+01 4.326441062142462441e-08 2.637965221734753794e-11
7.475350701402805953e+01 4.291943478971057629e-08 2.622830977209757552e-11
7.505210420841683572e+01 4.257856838624145362e-08 2.607817156835477411e-11
7.535070140280561191e+01 4.224174640039735165e-08 2.592922328973737243e-11
7.564929859719438809e+01 4.190890510205874943e-08 2.578145084589779430e-11
7.594789579158317849e+01 4.157998201145893963e-08 2.563484036807921535e-11
7.624649298597195468e+01 4.125491586986213015e-08 2.548937820477663881e-11
7.654509018036073087e+01 4.093364887733014591e-08 2.534807544603784421e-11
7.684368737474950706e+01 4.061612179702472429e-08 2.521050493856989722e-11
7.714228456913828325e+01 4.030227486938655750e-08 2.507399942853598513e-11
7.744088176352705943e+01 3.999205144331931455e-08 2.493854659665827217e-11
7.773947895791583562e+01 3.968539595362613216e-08 2.480413431293221572e-11
7.803807615230461181e+01 3.938225389612776381e-08 2.467075063300552185e-11
7.833667334669338800e+01 3.908257180344265205e-08 2.453838379463978973e-11
7.863527054108216419e+01 3.878629722141016342e-08 2.440702221425293224e-11
7.893386773547094037e+01 3.849337868613655808e-08 2.427665448353996867e-11
7.923246492985973077e+01 3.820376570164561521e-08 2.414726936617024763e-11
7.953106212424850696e+01 3.791740871811545153e-08 2.401885579455915177e-11
7.982965931863728315e+01 3.763425911068391731e-08 2.389140286671208385e-11
8.012825651302605934e+01 3.735426915880611892e-08 2.376489984313917998e-11
8.042685370741483553e+01 3.707739202614724629e-08 2.363933614383870474e-11
8.072545090180361171e+01 3.680358174099500222e-08 2.351470134534729599e-11
8.102404809619238790e+01 3.653279317717668455e-08 2.339098517785563459e-11
8.132264529058116409e+01 3.626498203546544324e-08 2.326817752238744828e-11
8.162124248496994028e+01 3.600010482546211984e-08 2.314626840804054772e-11
8.191983967935871647e+01 3.573812316748142415e-08 2.302911925330875546e-11
8.221843687374750687e+01 3.547899132636600000e-08 2.291333577566294545e-11
8.251703406813628305e+01 3.522266755449982900e-08 2.279839024916193790e-11
8.281563126252505924e+01 3.496911142577521864e-08 2.268427360994218538e-11
8.311422845691383543e+01 3.471828323895954300e-08 2.257097692439188680e-11
8.341282565130261162e+01 3.447014400215398149e-08 2.245849138681972751e-11
8.371142284569138781e+01 3.422465541763955021e-08 2.234680831717336327e-11
8.401002004008016399e+01 3.398177986709930188e-08 2.223591915880666921e-11
8.430861723446894018e+01 3.374148039720645734e-08 2.212581547629434797e-11
8.460721442885771637e+01 3.350372070556790035e-08 2.201648895329286004e-11
8.490581162324649256e+01 3.326846512701305020e-08 2.190793139044655176e-11
8.520440881763528296e+01 3.303567862021852981e-08 2.180013470333767237e-11
8.550300601202405915e+01 3.280532675465922619e-08 2.169309092047945284e-11
8.580160320641283533e+01 3.257737569787665728e-08 2.158679218135103821e-11
8.610020040080161152e+01 3.235179220305593015e-08 2.148123073447335882e-11
8.639879759519038771e+01 3.212854359690264814e-08 2.137639893552482585e-11
8.669739478957916390e+01 3.190759776781172006e-08 2.127228924549604963e-11
8.699599198396794009e+01 3.168892315431968065e-08 2.116889422888251145e-11
8.729458917835671627e+01 3.147248875449757121e-08 2.106624964147566107e-11
8.759318637274549246e+01 3.125826560383275097e-08 2.096755045264022088e-11
8.789178356713426865e+01 3.104622215252695343e-08 2.086952189078898199e-11
8.819038076152305905e+01 3.083632892994190622e-08 2.077215714404514231e-11
8.848897795591183524e+01 3.062855696183113723e-08 2.067544949247591025e-11
8.878757515030061143e+01 3.042287776034036688e-08 2.057939230654638788e-11
8.908617234468938761e+01 3.021926331424229689e-08 2.048397904560466069e-11
8.938476953907816380e+01 3.001768607939923763e-08 2.038920325639713764e-11
8.968336673346693999e+01 2.981811896944772436e-08 2.029505857161363096e-11
8.998196392785571618e+01 2.962053534669909040e-08 2.020153870846138399e-11
9.028056112224449237e+01 2.942490901325044201e-08 2.010863746726740091e-11
9.057915831663326856e+01 2.923121420230041339e-08 2.001634873010836424e-11
9.087775551102204474e+01 2.903942556966415971e-08 1.992466645946766830e-11
9.117635270541082093e+01 2.884951818548281369e-08 1.983358469691872867e-11
9.147494989979961133e+01 2.866146752612186362e-08 1.974309756183417652e-11
9.177354709418838752e+01 2.847524946625387684e-08 1.965319925012020440e-11
9.207214428857716371e+01 2.829084027112050966e-08 1.956388403297549163e-11
9.237074148296593989e+01 2.810821658896957518e-08 1.947514625567435371e-11
9.266933867735471608e+01 2.792735544366213306e-08 1.938698033637320153e-11
9.296793587174349227e+01 2.774823422744573023e-08 1.929938076494021001e-11
9.326653306613226846e+01 2.757083069388936186e-08 1.921234210180733360e-11
9.356513026052104465e+01 2.739512578557948761e-08 1.912816056898157430e-11
9.386372745490982084e+01 2.722109561645332390e-08 1.904494545501740915e-11
9.416232464929859702e+01 2.704871844811335318e-08 1.896225810626406726e-11
9.446092184368738742e+01 2.687797341245449683e-08 1.888009351781980591e-11
9.475951903807616361e+01 2.670883996964264003e-08 1.879844674786673258e-11
9.505811623246493980e+01 2.654129790193735946e-08 1.871731291668008170e-11
9.535671342685371599e+01 2.637532730764980572e-08 1.863668720565596076e-11
9.565531062124249218e+01 2.621090859523243823e-08 1.855656485635740425e-11
9.595390781563126836e+01 2.604802247749729088e-08 1.847694116957824437e-11
9.625250501002004455e+01 2.588664996595965140e-08 1.839781150442432656e-11
9.655110220440882074e+01 2.572677236530384594e-08 1.831917127741184068e-11
9.684969939879759693e+01 2.556837126796846504e-08 1.824101596158230233e-11
9.714829659318637312e+01 2.541142854884781201e-08 1.816334108563389049e-11
9.744689378757516351e+01 2.525592636010677081e-08 1.808614223306869208e-11
9.774549098196393970e+01 2.510184712610661549e-08 1.800941504135566310e-11
9.804408817635271589e+01 2.494917353843850535e-08 1.793315520110880204e-11
9.834268537074149208e+01 2.479788855106261092e-08 1.785735845528032245e-11
9.864128256513026827e+01 2.464797537555004873e-08 1.778202059836853057e-11
9.893987975951904446e+01 2.449941747642510004e-08 1.770713747563995564e-11
9.923847695390782064e+01 2.435219856660540418e-08 1.763270498236560051e-11
9.953707414829659683e+01 2.420630260293791956e-08 1.755871906307091819e-11
9.983567134268537302e+01 2.406171414519118025e-08 1.748575769827375109e-11
1.001342685370741492e+02 2.391841819120428130e-08 1.741473165580824961e-11
1.004328657314629396e+02 2.377639845887156442e-08 1.734412794873771750e-11
1.007314629258517158e+02 2.363563983815324420e-08 1.727394282128932858e-11
1.010300601202404920e+02 2.349612744197099705e-08 1.720417256209141524e-11
1.013286573146292682e+02 2.335784660227157413e-08 1.713481350351928815e-11
1.016272545090180444e+02 2.322078286617124966e-08 1.706586202105250399e-11
1.019258517034068205e+02 2.308492199217935095e-08 1.699731453264354244e-11
1.022244488977955967e+02 2.295024994649868986e-08 1.692916749809746926e-11
1.025230460921843729e+02 2.281675289940149917e-08 1.686141741846245920e-11
1.028216432865731491e+02 2.268441722167882276e-08 1.679406083543092373e-11
1.031202404809619253e+02 2.255322948116176777e-08 1.672709433075108513e-11
1.034188376753507015e+02 2.242317643931301758e-08 1.666051452564870938e-11
1.037174348697394919e+02 2.229424504788696432e-08 1.659431808025883630e-11
1.040160320641282681e+02 2.216642244565668761e-08 1.652850169306728728e-11
1.043146292585170443e+02 2.203969595520666092e-08 1.646306210036181471e-11
1.046132264529058205e+02 2.191405307978925351e-08 1.639799607569254764e-11
1.049118236472945966e+02 2.178948150024382676e-08 1.633330042934177221e-11
1.052104208416833728e+02 2.166596907197710475e-08 1.626897200780266894e-11
1.055090180360721490e+02 2.154350382200294957e-08 1.620500769326689695e-11
1.058076152304609252e+02 2.142207394604090623e-08 1.614140440312090881e-11
1.061062124248497014e+02 2.130166780567152524e-08 1.607815908945070524e-11
1.064048096192384776e+02 2.118227392554766874e-08 1.601526873855498441e-11
1.067034068136272680e+02 2.106388129229317421e-08 1.595312767715838944e-11
1.070020040080160442e+02 2.094647945867253797e-08 1.589267426684101640e-11
1.073006012024048204e+02 2.083005639600926385e-08 1.583255731724258774e-11
1.075991983967935965e+02 2.071460125461293810e-08 1.577277402723927359e-11
1.078977955911823727e+02 2.060010333471331667e-08 1.571332162671461340e-11
1.081963927855711489e+02 2.048655208398137074e-08 1.565419737613174078e-11
1.084949899799599251e+02 2.037393709509786875e-08 1.559539856611247782e-11
1.087935871743487013e+02 2.026224810336872057e-08 1.553692251702354445e-11
1.090921843687374775e+02 2.015147498438585632e-08 1.547876657856945310e-11
1.093907815631262537e+02 2.004160775173278284e-08 1.542092812939207897e-11
1.096893787575150441e+02 1.993263655473382858e-08 1.536340457667684128e-11
1.099879759519038203e+02 1.982455167624608418e-08 1.530619335576521112e-11
1.102865731462925964e+02 1.971734353049306942e-08 1.524929192977356545e-11
1.105851703406813726e+02 1.961100266093936209e-08 1.519269778921821570e-11
1.108837675350701488e+02 1.950551973820532201e-08 1.513640845164646266e-11
1.111823647294589250e+02 1.940088555802069252e-08 1.508042146127363862e-11
1.114809619238477012e+02 1.929709103921680480e-08 1.502473438862593342e-11
1.117795591182364774e+02 1.919412722175615097e-08 1.496934483018902360e-11
1.120781563126252536e+02 1.909198526479863431e-08 1.491425040806219139e-11
1.123767535070140298e+02 1.899065644480377874e-08 1.485944876961810460e-11
1.126753507014028202e+02 1.889013215366810001e-08 1.480493758716790227e-11
1.129739478957915964e+02 1.879040389689688111e-08 1.475071455763164715e-11
1.132725450901803725e+02 1.869146329180962041e-08 1.469677740221391581e-11
1.135711422845691487e+02 1.859330206577850092e-08 1.464312386608462648e-11
1.138697394789579249e+02 1.849591205449911302e-08 1.458975171806478152e-11
1.141683366733467011e+02 1.839928543456889010e-08 1.453745590693017308e-11
1.144669338677354773e+02 1.830341418061378640e-08 1.448599263901675083e-11
1.147655310621242535e+02 1.820829027749745295e-08 1.443479716557559992e-11
1.150641282565130297e+02 1.811390597758717975e-08 1.438386740178638326e-11
1.153627254509018059e+02 1.802025363338803370e-08 1.433320128441361696e-11
1.156613226452905963e+02 1.792732569599374120e-08 1.428279677152802514e-11
1.159599198396793724e+02 1.783511471356543686e-08 1.423265184223222940e-11
1.162585170340681486e+02 1.774361332983776863e-08 1.418276449639065820e-11
1.165571142284569248e+02 1.765281428265168132e-08 1.413313275436362285e-11
1.168557114228457010e+02 1.756271040251355059e-08 1.408375465674542434e-11
1.171543086172344772e+02 1.747329461117980420e-08 1.403462826410653475e-11
1.174529058116232534e+02 1.738455992026683507e-08 1.398575165673964630e-11
1.177515030060120296e+02 1.729649942988554439e-08 1.393712293440960918e-11
1.180501002004008058e+02 1.720910632729995254e-08 1.388874021610716923e-11
1.183486973947895819e+02 1.712237388560958964e-08 1.384060163980646505e-11
1.186472945891783581e+02 1.703629546245493478e-08 1.379270536222610371e-11
1.189458917835671485e+02 1.695086449874566881e-08 1.374504955859388758e-11
1.192444889779559247e+02 1.686607451741121143e-08 1.369763242241513112e-11
1.195430861723447009e+02 1.678191912217294691e-08 1.365045216524430406e-11
1.198416833667334771e+02 1.669839199633798632e-08 1.360350701646024023e-11
1.201402805611222533e+02 1.661548690161380779e-08 1.355679522304461149e-11
1.204388777555110295e+02 1.653319767694343068e-08 1.351031504936372009e-11
1.207374749498998057e+02 1.645151823736082596e-08 1.346406477695351567e-11
1.210360721442885819e+02 1.637044257286592073e-08 1.341804270430785161e-11
1.213346693386773580e+02 1.628996474731910446e-08 1.337224714666975436e-11
1.216332665330661342e+02 1.621007889735460153e-08 1.332667643582589335e-11
1.219318637274549246e+02 1.613077943861028279e-08 1.328162092278054137e-11
1.222304609218437008e+02 1.605206107637437674e-08 1.323768306912651071e-11
1.225290581162324770e+02 1.597391751748835158e-08 1.319395936418185780e-11
1.228276553106212532e+02 1.589634317927218635e-08 1.315044824614349958e-11
1.231262525050100294e+02 1.581933254665751885e-08 1.310714816835865380e-11
1.234248496993988056e+02 1.574288017120743002e-08 1.306405759914155556e-11
1.237234468937875818e+02 1.566698067015277850e-08 1.302117502159291537e-11
1.240220440881763579e+02 1.559162872544468182e-08 1.297849893342184274e-11
1.243206412825651341e+02 1.551681908282298196e-08 1.293602784677044832e-11
1.246192384769539103e+02 1.544254655090025202e-08 1.289376028804093406e-11
1.249178356713427007e+02 1.536880600026120499e-08 1.285169479772514718e-11
1.252164328657314769e+02 1.529559236257701821e-08 1.280982993023660107e-11
1.255150300601202531e+02 1.522290062973443464e-08 1.276816425374485183e-11
1.258136272545090293e+02 1.515072585297932649e-08 1.272669635001229159e-11
1.261122244488978055e+02 1.507906314207441033e-08 1.268542481423320534e-11
1.264108216432865817e+02 1.500790766447086535e-08 1.264434825487515104e-11
1.267094188376753578e+02 1.493725464449368957e-08 1.260346529352255130e-11
1.270080160320641340e+02 1.486709936254027758e-08 1.256277456472250183e-11
1.273066132264529102e+02 1.479743715429231429e-08 1.252227471583276078e-11
1.276052104208416864e+02 1.472826340994046849e-08 1.248196440687186107e-11
1.279038076152304768e+02 1.465957357342174557e-08 1.244184231037133102e-11
1.282024048096192530e+02 1.459136314166930578e-08 1.240190711122995380e-11
1.285010020040080292e+02 1.452362766387439419e-08 1.236215750657009979e-11
1.287995991983968054e+02 1.445636274076033254e-08 1.232259220559602019e-11
1.290981963927855816e+02 1.438956402386817428e-08 1.228320992945414554e-11
1.293967935871743578e+02 1.432322721485390716e-08 1.224400941109526164e-11
1.296953907815631339e+02 1.425734806479697984e-08 1.220498939513866452e-11
1.299939879759519101e+02 1.419192237351993759e-08 1.216614863773811355e-11
1.302925851703406863e+02 1.412694602766686615e-08 1.212756676278651624e-11
1.305911823647294625e+02 1.406241529327379953e-08 1.209001847953103099e-11
1.308897795591182387e+02 1.399832569885952666e-08 1.205264151312048148e-11
1.311883767535070149e+02 1.393467323267205470e-08 1.201543469375467703e-11
1.314869739478957911e+02 1.387145392845975086e-08 1.197839686225955877e-11
1.317855711422845673e+02 1.380866386485337387e-08 1.194152686996678179e-11
1.320841683366733434e+02 1.374629916475809463e-08 1.190482357859500671e-11
1.323827655310621196e+02 1.368435599475493671e-08 1.186828586013273888e-11
1.326813627254509242e+02 1.362283056451164345e-08 1.183191259672275091e-11
1.329799599198397004e+02 1.356171912620295006e-08 1.179570268054811427e-11
1.332785571142284766e+02 1.350101797393973142e-08 1.175965501371970765e-11
1.335771543086172528e+02 1.344072344320719917e-08 1.172376850816524379e-11
1.338757515030060290e+02 1.338083191031185374e-08 1.168804208551981356e-11
1.341743486973948052e+02 1.332133979183698278e-08 1.165247467701786288e-11
1.344729458917835814e+02 1.326224354410666300e-08 1.161706522338661892e-11
1.347715430861723576e+02 1.320353966265805869e-08 1.158181267474089762e-11
1.350701402805611337e+02 1.314522468172185791e-08 1.154671599047939592e-11
1.353687374749499099e+02 1.308729517371076063e-08 1.151177413918226837e-11
1.356673346693386861e+02 1.302974774871577037e-08 1.147698609851006568e-11
1.359659318637274623e+02 1.297257905401028452e-08 1.144235085510407404e-11
1.362645290581162385e+02 1.291578577356178977e-08 1.140786740448787574e-11
1.365631262525050147e+02 1.285936462755093109e-08 1.137353475097026854e-11
1.368617234468937909e+02 1.280331237189806158e-08 1.133935190754942585e-11
1.371603206412825671e+02 1.274762579779684172e-08 1.130531789581829922e-11
1.374589178356713433e+02 1.269230173125504987e-08 1.127143174587128909e-11
1.377575150300601194e+02 1.263733703264230307e-08 1.123769249621208368e-11
1.380561122244488956e+02 1.258272859624457231e-08 1.120409919366274176e-11
1.383547094188376718e+02 1.252847334982553364e-08 1.117065089327391613e-11
1.386533066132264764e+02 1.247456825419439934e-08 1.113734665823624188e-11
1.389519038076152526e+02 1.242101030278034842e-08 1.110418555979290405e-11
1.392505010020040288e+02 1.236779652121323701e-08 1.107116667715326995e-11
1.395490981963928050e+02 1.231492419725698679e-08 1.103908550280443166e-11
1.398476953907815812e+02 1.226239019114515680e-08 1.100715430630736815e-11
1.401462925851703574e+02 1.221019161889695401e-08 1.097535917570989477e-11
1.404448897795591336e+02 1.215832563089551680e-08 1.094369924315069520e-11
1.407434869739479097e+02 1.210678940772025320e-08 1.091217364813335590e-11
1.410420841683366859e+02 1.205558015976371724e-08 1.088078153744842853e-11
1.413406813627254621e+02 1.200469512685411192e-08 1.084952206509644237e-11
1.416392785571142383e+02 1.195413157788331260e-08 1.081839439221191523e-11
1.419378757515030145e+02 1.190388681044045919e-08 1.078739768698830290e-11
1.422364729458917907e+02 1.185395815045080238e-08 1.075653112460390999e-11
1.425350701402805669e+02 1.180434295181996641e-08 1.072579388714873612e-11
1.428336673346693431e+02 1.175503859608332869e-08 1.069518516355221557e-11
1.431322645290581193e+02 1.170604249206054120e-08 1.066470414951188585e-11
1.434308617234468954e+02 1.165735207551506956e-08 1.063435004742293359e-11
1.437294589178356716e+02 1.160896480881871673e-08 1.060412206630862250e-11
1.440280561122244478e+02 1.156087818062095089e-08 1.057401942175160346e-11
1.443266533066132240e+02 1.151308970552306913e-08 1.054404133582601943e-11
1.446252505010020002e+02 1.146559692375702138e-08 1.051418703703055558e-11
1.449238476953908048e+02 1.141839740086891289e-08 1.048445576022218563e-11
1.452224448897795810e+02 1.137148872740701327e-08 1.045484674655085533e-11
1.455210420841683572e+02 1.132486851861424378e-08 1.042535924339490575e-11
1.458196392785571334e+02 1.127853441412512317e-08 1.039599250429728673e-11
1.461182364729459096e+02 1.123248407766695368e-08 1.036674578890258774e-11
1.464168336673346857e+02 1.118671519676534799e-08 1.033761836289482162e-11
1.467154308617234619e+02 1.114122548245391372e-08 1.030860949793593693e-11
1.470140280561122381e+02 1.109601266898807369e-08 1.027971847160516239e-11
1.473126252505010143e+02 1.105107451356288983e-08 1.025094456733898775e-11
1.476112224448897905e+02 1.100640879603497164e-08 1.022228707437193806e-11
1.479098196392785667e+02 1.096201331864824768e-08 1.019374528767806352e-11
1.482084168336673429e+02 1.091788590576360318e-08 1.016531850791310306e-11
1.485070140280561191e+02 1.087402440359233767e-08 1.013700604135737662e-11
1.488056112224448952e+02 1.083042667993334816e-08 1.010880719985933650e-11
1.491042084168336714e+02 1.078709069894737466e-08 1.008127926503415223e-11
1.494028056112224476e+02 1.074401431336808710e-08 1.005399672151173200e-11
1.497014028056112238e+02 1.070119543591148257e-08 1.002682301452389205e-11
1.500000000000000000e+02 1.065863201817812760e-08 9.999757494104955157e-12
