1.067676000000000069e+00 2.393314743121627295e-07 3.062222307340110527e-08
1.141345000000000054e+00 2.093919378081437949e-07 2.383826935078045858e-08
1.220097999999999905e+00 1.830700283606958845e-07 1.853430705538913314e-08
1.304284999999999917e+00 1.599707866675955702e-07 1.439631266287255813e-08
1.394281000000000104e+00 1.397339970363961204e-07 1.117347537875432210e-08
1.490485999999999978e+00 1.220277610383664028e-07 8.665820140997963183e-09
1.593328999999999995e+00 1.065517307840061919e-07 6.717778687185750501e-09
1.703268999999999922e+00 9.302678459866359108e-08 5.181114766668722051e-09
1.820794999999999941e+00 8.120598113192124225e-08 3.993584621704105055e-09
1.946430000000000105e+00 7.088487404406030670e-08 3.078307552656351506e-09
2.080732999999999944e+00 6.187762007792951061e-08 2.372957425489375404e-09
2.224304000000000059e+00 5.401879458540709756e-08 1.829394191387588321e-09
2.377781000000000144e+00 4.716294764638903656e-08 1.410430655852641212e-09
2.541847999999999885e+00 4.118221894780230081e-08 1.087517513388957994e-09
2.717235000000000067e+00 3.596507451712859144e-08 8.386306434141905482e-10
2.904723999999999862e+00 3.141509370101458548e-08 6.468082442138793941e-10
3.105150000000000077e+00 2.744594365914459000e-08 4.963121426831126578e-10
3.319405999999999857e+00 2.397568321125305507e-08 3.790455593611854944e-10
3.548445000000000071e+00 2.094635434935306607e-08 2.895408770734480274e-10
3.793287999999999993e+00 1.830178972576340855e-08 2.212249495525126989e-10
4.055024000000000406e+00 1.599288747954050667e-08 1.690712305746279378e-10
4.334820999999999813e+00 1.397679157225757632e-08 1.292465374504489612e-10
4.633924000000000376e+00 1.221612236888759573e-08 9.883543657079274414e-11
4.953663999999999845e+00 1.067832303047843925e-08 7.561095350246489063e-11
5.295467000000000368e+00 9.334989920950993312e-09 5.787002113773621750e-11
5.660854999999999748e+00 8.161378277562048499e-09 4.431343196674825428e-11
6.051453000000000415e+00 7.135900419236339773e-09 3.395328516958566048e-11
6.469003999999999976e+00 6.239761984189035871e-09 2.603469876377008152e-11
6.915365000000000428e+00 5.456548137440598679e-09 1.997954975271467619e-11
7.392525000000000013e+00 4.771959466482893018e-09 1.534734194750942322e-11
7.902608999999999995e+00 4.173514136726190187e-09 1.175955148165706592e-11
8.447889999999999233e+00 3.650303804389203210e-09 9.009525409903890476e-12
9.030794000000000210e+00 3.192840144858383405e-09 6.906792746709716517e-12
9.653919000000000139e+00 2.792809196081588931e-09 5.285807236481677347e-12
1.032004000000000055e+01 2.442991462517286326e-09 4.055153937448306456e-12
1.103212000000000081e+01 2.137073906540704404e-09 3.120091482459622130e-12
1.179334000000000060e+01 1.869523060213374915e-09 2.408581249446821488e-12
1.260707999999999984e+01 1.635518178778918785e-09 1.866510039485147351e-12
1.347696999999999967e+01 1.430845583317241618e-09 1.453014688405691044e-12
1.440687999999999924e+01 1.251818690366602602e-09 1.136827589346475068e-12
1.540094999999999992e+01 1.095215486607318757e-09 8.948033980973401251e-13
1.646361999999999881e+01 9.582241569338932923e-10 7.088455498658316577e-13
1.759960999999999842e+01 8.383838812744737417e-10 5.656528216976179549e-13
1.881398000000000081e+01 7.335442278992187622e-10 4.549766029224720205e-13
2.011214999999999975e+01 6.418242505112125830e-10 3.690900287068401369e-13
2.149988000000000099e+01 5.615805815961260942e-10 3.021356669291553347e-13
2.298338000000000036e+01 4.913748971168979993e-10 2.496649757754672967e-13
2.456923000000000101e+01 4.299506519807202171e-10 2.082860698211518055e-13
2.626450000000000173e+01 3.762096645052432612e-10 1.754442224251207187e-13
2.807676000000000016e+01 3.291883681037248986e-10 1.489742817771536296e-13
3.001405000000000101e+01 2.880460822107819601e-10 1.276395497566791401e-13
3.208502000000000010e+01 2.520474814191849016e-10 1.103448232970135107e-13
3.429889000000000010e+01 2.205490310877341038e-10 9.618562903882532573e-14
3.666550999999999760e+01 1.929881302301178889e-10 8.448103244767010762e-14
3.919543000000000177e+01 1.688720696625118871e-10 7.469847745673335160e-14
4.189992000000000161e+01 1.477703899040909699e-10 6.644197850966118504e-14
4.479100999999999999e+01 1.293059322856004123e-10 5.940271398593926287e-14
4.788159000000000276e+01 1.131491376595400967e-10 5.334306967234825048e-14
5.118542000000000058e+01 9.901141974472460036e-11 4.808082705131619519e-14
5.471721000000000146e+01 8.664043738169212585e-11 4.347175807826151044e-14
5.849269999999999925e+01 7.581534648900739172e-11 3.940495754380735995e-14
6.252870000000000061e+01 6.634286435285609430e-11 3.579446202749610291e-14
6.684318000000000382e+01 5.805406144616673472e-11 3.256891453274583401e-14
7.145535999999999888e+01 5.080085096744032462e-11 2.967276789482228143e-14
7.638577999999999690e+01 4.445397614187449677e-11 2.706323989159327417e-14
8.165640000000000498e+01 3.890011153288862925e-11 2.470169686628072634e-14
8.729068999999999789e+01 3.404017073967030702e-11 2.255910509273477798e-14
9.331373999999999569e+01 2.978740483658865017e-11 2.061134114205496842e-14
9.975239000000000544e+01 2.606598485882935892e-11 1.883586708772891310e-14
1.066353000000000009e+02 2.280952738008753815e-11 1.721644534217829817e-14
1.139930999999999983e+02 1.995991404383042032e-11 1.573842769294016511e-14
1.218586999999999989e+02 1.746629748056992866e-11 1.438655438793527278e-14
1.302668999999999926e+02 1.528424238853227584e-11 1.315026897887149817e-14
1.392553000000000054e+02 1.337478302186988294e-11 1.201895158775801776e-14
1.488640000000000043e+02 1.170387304196772288e-11 1.098385519788516907e-14
1.591356000000000108e+02 1.024172329701947882e-11 1.003541538629173145e-14
1.701159000000000106e+02 8.962242171912065335e-12 9.168002834889926451e-15
1.818539000000000101e+02 7.842610207302986945e-12 8.374823054755663072e-15
1.944018000000000086e+02 6.862843010305583932e-12 7.648379452269171754e-15
2.078155999999999892e+02 6.005479885992933378e-12 6.983786961508011341e-15
2.221547999999999945e+02 5.255233104264380395e-12 6.375903962186275346e-15
2.374834999999999923e+02 4.598708535582989811e-12 5.820511477823639376e-15
2.538699000000000012e+02 4.024201535803243585e-12 5.312681228990415768e-15
2.713869000000000256e+02 3.521468156560181708e-12 4.848431939472873109e-15
2.901125999999999863e+02 3.081543789017645778e-12 4.424530170829129199e-15
3.101304000000000087e+02 2.696573280628217629e-12 4.037139332834662884e-15
3.315294000000000096e+02 2.359700096158581101e-12 3.684151763837293374e-15
3.544048999999999978e+02 2.064908678215691264e-12 3.361757292278461545e-15
3.788587999999999738e+02 1.806947466295665501e-12 3.067650882677902235e-15
4.050000999999999749e+02 1.581209459406663362e-12 2.799393011216871359e-15
4.329451000000000249e+02 1.383674722717399544e-12 2.554808160714201265e-15
