1.050658000000000092e+00 1.036370291999110410e-04 4.763951811714755456e-06
1.067676000000000069e+00 7.555763507074366879e-05 4.485587592388022167e-06
1.071028000000000091e+00 5.382375170867521500e-05 4.433264916986066391e-06
1.077461000000000002e+00 7.387143899945341867e-05 5.056941152946944733e-05
1.093542000000000014e+00 8.981483562162009392e-05 5.287099603464264283e-05
1.141345000000000054e+00 1.037516105000240319e-04 5.684954537685720449e-05
1.220097999999999905e+00 1.098656135875675477e-04 4.819015497949370681e-05
1.304284999999999917e+00 1.058158844003410768e-04 3.638514587796815725e-05
1.394281000000000104e+00 9.630754555222184468e-05 2.632312997777300589e-05
1.490485999999999978e+00 8.564257054968458258e-05 2.010162728356518859e-05
1.593328999999999995e+00 7.575865895649465116e-05 1.559997490611965353e-05
1.703268999999999922e+00 6.681419403261593028e-05 1.227739951714528586e-05
1.820794999999999941e+00 5.884972253683811160e-05 9.748620750431014647e-06
1.946430000000000105e+00 5.179914570321010017e-05 7.764862924419834158e-06
2.080732999999999944e+00 4.556746535124794574e-05 6.175686691663674151e-06
2.224304000000000059e+00 4.023142560612742323e-05 4.851910025960533164e-06
2.377781000000000144e+00 3.528795830477727755e-05 3.781475117805411415e-06
2.541847999999999885e+00 3.091131285719261564e-05 2.947470876012118040e-06
2.717235000000000067e+00 2.705538446805756030e-05 2.297609477223824010e-06
2.904723999999999862e+00 2.366755911230400023e-05 1.791193970114020841e-06
3.105150000000000077e+00 2.070576369997861841e-05 1.390932033230081192e-06
3.319405999999999857e+00 1.809821231645071808e-05 1.076149860067861719e-06
3.548445000000000071e+00 1.581428961305724826e-05 8.327108456864984370e-07
3.793287999999999993e+00 1.381636387841726708e-05 6.444503768072839321e-07
4.055024000000000406e+00 1.206997204192375482e-05 4.987829893311299681e-07
4.334820999999999813e+00 1.054428833190126012e-05 3.860978842988152741e-07
4.633924000000000376e+00 9.211756395068094620e-06 2.989269262458330059e-07
4.953663999999999845e+00 8.047747345305018417e-06 2.298520205697380033e-07
5.295467000000000368e+00 7.030552195699729247e-06 1.767327696256119778e-07
5.660854999999999748e+00 6.142125709716870249e-06 1.359154064769225099e-07
6.051453000000000415e+00 5.366338334337000648e-06 1.045513540270805645e-07
6.469003999999999976e+00 4.688858471335613862e-06 8.044629034984758064e-08
6.915365000000000428e+00 4.097266473465033335e-06 6.191698528930056579e-08
7.392525000000000013e+00 3.580628991882523093e-06 4.767222806491990540e-08
7.902608999999999995e+00 3.129439295634622899e-06 3.671893919077412368e-08
8.447889999999999233e+00 2.735344062305797792e-06 2.829423688197376198e-08
9.030794000000000210e+00 2.391305499816295413e-06 2.177055160475103381e-08
9.653919000000000139e+00 2.090592662617645628e-06 1.664496099747862640e-08
1.032004000000000055e+01 1.827726410255314758e-06 1.273459399739776837e-08
1.103212000000000081e+01 1.598012809137802069e-06 9.752062244336488963e-09
1.179334000000000060e+01 1.397268470853690546e-06 7.475007897140024656e-09
1.260707999999999984e+01 1.221819203088403120e-06 5.736167653289341328e-09
1.347696999999999967e+01 1.068476731938456174e-06 4.407538627191674009e-09
1.440687999999999924e+01 9.344298730390048608e-07 3.391774831901344506e-09
1.540094999999999992e+01 8.172444556691623729e-07 2.614680104993087525e-09
1.646361999999999881e+01 7.147863867191240665e-07 2.019842367453552957e-09
1.759960999999999842e+01 6.252132925989111644e-07 1.563897434959305191e-09
1.881398000000000081e+01 5.468849069905021103e-07 1.214205887115990107e-09
2.011214999999999975e+01 4.783865578753242599e-07 9.456780932459621445e-10
2.149988000000000099e+01 4.184834193414701497e-07 7.391964230648079471e-10
2.298338000000000036e+01 3.660973072211840735e-07 5.799393440424903024e-10
2.456923000000000101e+01 3.202750309549742506e-07 4.557475498398039091e-10
2.626450000000000173e+01 2.801957416251320633e-07 3.601306490817377306e-10
2.807676000000000016e+01 2.451383480722117024e-07 2.857235868403120648e-10
3.001405000000000101e+01 2.144733149735644147e-07 2.280909311545367888e-10
3.208502000000000010e+01 1.876458651748485097e-07 1.834737998334837707e-10
3.429889000000000010e+01 1.641770805629884694e-07 1.488083257140921339e-10
3.666550999999999760e+01 1.436474926772534520e-07 1.217545590905122429e-10
3.919543000000000177e+01 1.256861521446124529e-07 1.005283148312641545e-10
4.189992000000000161e+01 1.099716228781788440e-07 8.377339259283665369e-11
4.479100999999999999e+01 9.622367039176608807e-08 7.046300481230191822e-11
4.788159000000000276e+01 8.419514552106590023e-08 5.981238940671785790e-11
5.118542000000000058e+01 7.367092583636715236e-08 5.122200880340296437e-11
5.471721000000000146e+01 6.446280729164776483e-08 4.423551045905349691e-11
5.849269999999999925e+01 5.640610935188383760e-08 3.849929250344131516e-11
6.252870000000000061e+01 4.935635274886545015e-08 3.374827953459760316e-11
6.684318000000000382e+01 4.318848011108111515e-08 2.977410460995546315e-11
7.145535999999999888e+01 3.779138164690063112e-08 2.642039780248684210e-11
7.638577999999999690e+01 3.306873817651617940e-08 2.356120433790576914e-11
8.165640000000000498e+01 2.893652749158266591e-08 2.110417284778813213e-11
8.729068999999999789e+01 2.532090226170705908e-08 1.897152610281986741e-11
9.331373999999999569e+01 2.215705295418518382e-08 1.710839805149132644e-11
9.975239000000000544e+01 1.938852300781487082e-08 1.546821038560304121e-11
1.066353000000000009e+02 1.696607807052342675e-08 1.401609805904109713e-11
1.139930999999999983e+02 1.484617174167655337e-08 1.272145927921260850e-11
1.218586999999999989e+02 1.299135886996310881e-08 1.156305964806512318e-11
1.302668999999999926e+02 1.136819748676975701e-08 1.052106800975639073e-11
1.392553000000000054e+02 9.947831125944145929e-09 9.580547823246376660e-12
1.488640000000000043e+02 8.704995562130087786e-09 8.729830253871910384e-12
1.591356000000000108e+02 7.617444228006099472e-09 7.958055106503364373e-12
1.701159000000000106e+02 6.665768288459416498e-09 7.255736366756595358e-12
1.818539000000000101e+02 5.832984746922912231e-09 6.616719217314237665e-12
1.944018000000000086e+02 5.104245655334421065e-09 6.034401367461045404e-12
2.078155999999999892e+02 4.466546838889114670e-09 5.502914104398028813e-12
2.221547999999999945e+02 3.908559979750213280e-09 5.017919579791624892e-12
2.374834999999999923e+02 3.420246079606928285e-09 4.574219488742186151e-12
2.538699000000000012e+02 2.992966195231902941e-09 4.169533304099544873e-12
2.713869000000000256e+02 2.619042386768229109e-09 3.799091845245960354e-12
2.901125999999999863e+02 2.291854829095814983e-09 3.460751189913211438e-12
3.101304000000000087e+02 2.005523064191026690e-09 3.151495311650546268e-12
3.315294000000000096e+02 1.754980293477249046e-09 2.869275634195097983e-12
3.544048999999999978e+02 1.535737198527400185e-09 2.611359000917160456e-12
3.788587999999999738e+02 1.343883373173186875e-09 2.375870829400495164e-12
4.050000999999999749e+02 1.175985943023843203e-09 2.160919631456657459e-12
4.329451000000000249e+02 1.029074303820357616e-09 1.964770387596132018e-12
