1.067676000000000069e+00 1.179326671816487929e-03 2.985572538094409881e-04
1.141345000000000054e+00 1.032877861731353345e-03 2.371480611181625466e-04
1.220097999999999905e+00 9.025987064485670782e-04 1.885416294026272352e-04
1.304284999999999917e+00 7.874018999321852688e-04 1.500386674816319669e-04
1.394281000000000104e+00 6.858448244065358914e-04 1.195472774928220546e-04
1.490485999999999978e+00 5.964723898304187229e-04 9.516382840867863336e-05
1.593328999999999995e+00 5.175345123801280674e-04 7.545192539134386864e-05
1.703268999999999922e+00 4.476913338648868613e-04 5.987387312928882778e-05
1.820794999999999941e+00 3.857303242882619151e-04 4.758996025666578303e-05
1.946430000000000105e+00 3.302509794187691002e-04 3.784698685481555411e-05
2.080732999999999944e+00 2.793370840838011186e-04 3.012293929270248662e-05
2.224304000000000059e+00 2.288683082096365420e-04 2.400847789204444343e-05
2.323090000000000099e+00 1.864234587440041693e-04 2.072581350873838925e-05
2.358648000000000078e+00 1.540417528896616641e-04 1.969029023081178504e-05
2.368129999999999846e+00 1.227968983449673928e-04 1.942578309203128482e-05
2.377781000000000144e+00 1.413741580457057191e-04 7.657910761426878720e-05
2.382353000000000165e+00 1.495677176112976143e-04 7.599914071156608532e-05
2.415405999999999942e+00 1.662253064765219104e-04 7.196960568857862584e-05
2.417910000000000004e+00 1.664786273373968883e-04 7.167476182780647867e-05
2.452376000000000111e+00 1.609628641308146824e-04 6.777812507916864846e-05
2.462235000000000174e+00 1.483215489810804893e-04 6.671346798242857592e-05
2.477022999999999975e+00 1.625686662035328027e-04 9.116929697515801427e-05
2.513993999999999840e+00 1.743038396319401210e-04 8.613222392164654614e-05
2.541847999999999885e+00 1.768643101650779130e-04 8.263694593714812316e-05
2.643746000000000151e+00 1.741666040842899271e-04 7.154889776196338917e-05
2.684212000000000042e+00 1.682404744035658579e-04 6.776749636237243163e-05
2.695002000000000120e+00 1.626702507521944391e-04 6.680593394088901618e-05
2.711189000000000071e+00 1.669410342751410611e-04 7.525490392150400770e-05
2.717235000000000067e+00 1.678147120945957897e-04 7.467981324795870213e-05
2.751653999999999822e+00 1.690781588574619305e-04 7.150249123220028325e-05
2.904723999999999862e+00 1.623737226148012469e-04 5.941216919309608369e-05
3.105150000000000077e+00 1.492079417777894578e-04 4.711138795224313532e-05
3.319405999999999857e+00 1.346314119473198897e-04 3.706803708848573667e-05
3.548445000000000071e+00 1.202106674927998730e-04 2.914718864120988544e-05
3.793287999999999993e+00 1.066519837733225358e-04 2.292363729625937501e-05
4.055024000000000406e+00 9.422647311331187588e-05 1.803702788581695363e-05
4.334820999999999813e+00 8.300945666406793358e-05 1.420302980166393005e-05
4.633924000000000376e+00 7.298483961329959896e-05 1.119445456012654381e-05
4.953663999999999845e+00 6.429553916305862094e-05 8.794685293117358702e-06
5.295467000000000368e+00 5.635960979310870839e-05 6.883527224209182310e-06
5.660854999999999748e+00 4.939348845596892943e-05 5.381700300389311058e-06
6.051453000000000415e+00 4.320757931982919733e-05 4.207852233997290481e-06
6.469003999999999976e+00 3.777328902799057263e-05 3.293562653240791192e-06
6.915365000000000428e+00 3.300932430241088923e-05 2.580277223856666418e-06
7.392525000000000013e+00 2.883807675141229765e-05 2.021754733033887113e-06
7.902608999999999995e+00 2.518908046501016579e-05 1.585570951794472738e-06
8.447889999999999233e+00 2.199990072810757927e-05 1.244914655740552905e-06
9.030794000000000210e+00 1.921734812288624007e-05 9.762717337853163594e-07
9.653919000000000139e+00 1.677961007854464871e-05 7.600869596327811039e-07
1.032004000000000055e+01 1.464746916085706932e-05 5.923715524913877098e-07
1.103212000000000081e+01 1.278376177622065520e-05 4.604389764474635808e-07
1.179334000000000060e+01 1.115450860412511097e-05 3.579181603420111656e-07
1.260707999999999984e+01 9.729788571992929866e-06 2.775254143301656722e-07
1.347696999999999967e+01 8.483304500175826643e-06 2.154933268461439869e-07
1.440687999999999924e+01 7.391872503689118268e-06 1.675729339800278233e-07
1.540094999999999992e+01 6.433996146107142823e-06 1.305025351298881297e-07
1.646361999999999881e+01 5.588549801283016224e-06 1.017821845911743869e-07
1.759960999999999842e+01 4.828262188835876312e-06 7.950711397685077661e-08
1.860588999999999871e+01 4.192411337688125990e-06 6.480013303437387146e-08
1.881398000000000081e+01 4.018853843745146036e-06 6.220931859862548758e-08
1.889067000000000007e+01 3.924580990983729188e-06 6.129432116646940267e-08
1.896660999999999930e+01 3.723101769753358665e-06 6.039802691921497506e-08
1.908052999999999955e+01 3.849949007812726186e-06 3.904116349929825057e-07
1.936531000000000091e+01 3.887843819892218020e-06 3.688905864461458832e-07
2.011214999999999975e+01 3.716006036573796167e-06 3.195999063342873822e-07
2.149988000000000099e+01 3.321658336781989239e-06 2.508611556712937991e-07
2.298338000000000036e+01 2.939195731827628303e-06 1.975851376423131831e-07
2.456923000000000101e+01 2.590431057092326285e-06 1.556583130067029692e-07
2.626450000000000173e+01 2.277917117122585973e-06 1.222032912529107462e-07
2.807676000000000016e+01 2.000043325727563025e-06 9.549930818024043792e-08
3.001405000000000101e+01 1.754012079520839651e-06 7.455352179403067115e-08
3.208502000000000010e+01 1.537077125424860288e-06 5.822233995063191487e-08
3.429889000000000010e+01 1.346263129470857470e-06 4.549086488654956525e-08
3.666550999999999760e+01 1.178711989861467037e-06 3.555787146645026597e-08
3.919543000000000177e+01 1.032621455615164536e-06 2.770996344035387008e-08
4.189992000000000161e+01 9.035955647828639747e-07 2.152211479521002467e-08
4.479100999999999999e+01 7.905371741582898670e-07 1.672667248447383445e-08
4.788159000000000276e+01 6.915376683932417375e-07 1.300963999597355585e-08
5.118542000000000058e+01 6.048876270560019341e-07 1.012664650236679048e-08
5.471721000000000146e+01 5.290692854198779501e-07 7.889229682377759914e-09
5.849269999999999925e+01 4.627439448828118701e-07 6.151717861252141665e-09
6.252870000000000061e+01 4.047273105523137439e-07 4.800226862621170907e-09
6.684318000000000382e+01 3.539861920115278661e-07 3.751141595113602200e-09
7.145535999999999888e+01 3.096094570502542199e-07 2.935937016809396520e-09
7.638577999999999690e+01 2.708011049588569109e-07 2.302217408988955934e-09
8.165640000000000498e+01 2.368640622605484555e-07 1.806934789563192100e-09
8.729068999999999789e+01 2.071825253798045514e-07 1.415690020854428133e-09
9.331373999999999569e+01 1.812221418517749967e-07 1.112186963561081778e-09
9.975239000000000544e+01 1.585176639137235955e-07 8.765496198592893404e-10
1.066353000000000009e+02 1.386610870532017139e-07 6.934592196060589985e-10
1.139930999999999983e+02 1.212945261945058992e-07 5.508843591391672486e-10
1.218586999999999989e+02 1.061059161493643841e-07 4.396386902392003671e-10
1.302668999999999926e+02 9.282144590328061420e-08 3.526362193307991994e-10
1.392553000000000054e+02 8.120211552508957603e-08 2.843962637262223296e-10
1.488640000000000043e+02 7.103891100098656819e-08 2.307212054936478413e-10
1.591356000000000108e+02 6.214916619898389751e-08 1.883535977169251430e-10
1.701159000000000106e+02 5.437295658688699953e-08 1.547786229920295922e-10
1.818539000000000101e+02 4.757072637687492363e-08 1.280543580860824456e-10
1.944018000000000086e+02 4.162009268568250239e-08 1.066752623493862842e-10
2.078155999999999892e+02 3.641449963080131896e-08 8.949177011906319482e-11
2.221547999999999945e+02 3.186050097465848778e-08 7.558558036032672686e-11
2.374834999999999923e+02 2.787640874753273335e-08 6.427308731649193606e-11
2.538699000000000012e+02 2.439081242853755867e-08 5.500864404063709425e-11
2.713869000000000256e+02 2.134131610005491702e-08 4.736719777663571965e-11
2.901125999999999863e+02 1.867326551249426350e-08 4.101929888084668147e-11
3.101304000000000087e+02 1.633896564244390171e-08 3.570793748046508332e-11
3.315294000000000096e+02 1.429661283511313663e-08 3.123269678295442257e-11
3.544048999999999978e+02 1.250961498790237821e-08 2.743453690227287682e-11
3.788587999999999738e+02 1.094608912356347836e-08 2.419073781159245678e-11
4.050000999999999749e+02 9.578048044211559878e-09 2.140170534964367482e-11
4.329451000000000249e+02 8.381027467593855735e-09 1.898755302400101698e-11
