1.001660500000000065e+00 6.359471237603835482e-05 7.649187143786800825e-04
1.006668799999999919e+00 1.896988889155634705e-04 7.517005759073360372e-04
1.011702099999999938e+00 2.548991803367431515e-04 7.387317845037862183e-04
1.016760600000000014e+00 3.008526259732006818e-04 7.259414279370475813e-04
1.021844399999999986e+00 3.364851043935319875e-04 7.133954173025471414e-04
1.026953599999999911e+00 3.654343958412428523e-04 7.010909827723987506e-04
1.032088399999999906e+00 3.896028842248299806e-04 6.889582988420902198e-04
1.037248900000000029e+00 4.101405260848668861e-04 6.770623272378470392e-04
1.042435100000000059e+00 4.278034862846043641e-04 6.653340846857126083e-04
1.047647299999999948e+00 4.431193391832094161e-04 6.538641807174133506e-04
1.052885499999999919e+00 4.564764389320601708e-04 6.425708014900054091e-04
1.058149900000000088e+00 4.681713858688417895e-04 6.314781834737139650e-04
1.063440699999999906e+00 4.784329981983845618e-04 6.205710408889255920e-04
1.068757900000000038e+00 4.874450172330214667e-04 6.098538988164044867e-04
1.074101699999999937e+00 4.953600286743239023e-04 5.993246141817378404e-04
1.079472200000000104e+00 5.022976375590807981e-04 5.889811209019507002e-04
1.084869499999999931e+00 5.083630254639254133e-04 5.788149948704511896e-04
1.090293900000000038e+00 5.136456725153594471e-04 5.688241951659008021e-04
1.095745399999999981e+00 5.182171406887720088e-04 5.590068592494587150e-04
1.101224100000000039e+00 5.221431701453184936e-04 5.493610858728578163e-04
1.106730200000000108e+00 5.254822509106262278e-04 5.398786914592061193e-04
1.112263900000000083e+00 5.282794905477205963e-04 5.305640732639785133e-04
1.117825199999999963e+00 5.305819502070209439e-04 5.214092422654972902e-04
1.123414300000000088e+00 5.324253480303027097e-04 5.124124089757299766e-04
1.129031399999999907e+00 5.338442590804733361e-04 5.035779282217989639e-04
1.134676500000000088e+00 5.348676290157267262e-04 4.948918520849555610e-04
1.140349899999999916e+00 5.355247668068333121e-04 4.863524884945724918e-04
1.146051699999999895e+00 5.358365438525043017e-04 4.779703192987430778e-04
1.151781900000000025e+00 5.358278678270932864e-04 4.697256153775115819e-04
1.157540800000000036e+00 5.355150500026228900e-04 4.616287724538072502e-04
1.163328499999999988e+00 5.349156100220027032e-04 4.536662643390913905e-04
1.169145199999999996e+00 5.340449804064631651e-04 4.458484395726944782e-04
1.174990900000000060e+00 5.329168664436549196e-04 4.381619557458655959e-04
1.180865899999999913e+00 5.315414247702373880e-04 4.306111761933577699e-04
1.186770199999999997e+00 5.299288264849009566e-04 4.231888169568491357e-04
1.192703999999999986e+00 5.280888087842781735e-04 4.158934481343576090e-04
1.198667600000000055e+00 5.260237536023153453e-04 4.087293901278239629e-04
1.204660899999999923e+00 5.237406030720050641e-04 4.016837752166973227e-04
1.210684199999999988e+00 5.212403091576082222e-04 3.947666905591485005e-04
1.216737600000000086e+00 5.185213630281494028e-04 3.879653384823286894e-04
1.222821300000000111e+00 5.155796654267699513e-04 3.812840961505042968e-04
1.228935399999999900e+00 5.124061539931373333e-04 3.747160156047365056e-04
1.235080100000000014e+00 5.089895359359717644e-04 3.682598416303214917e-04
1.241255500000000067e+00 5.053074062302387705e-04 3.619199326358613230e-04
1.247461799999999954e+00 5.013266508792542115e-04 3.556894286980516831e-04
1.253699099999999955e+00 4.969990277238252189e-04 3.495671378315691924e-04
1.259967599999999965e+00 4.922503558323416311e-04 3.435463610386832911e-04
1.266267400000000043e+00 4.869543246546438804e-04 3.376314710683483034e-04
1.272598799999999919e+00 4.808975519423502637e-04 3.318158188129675772e-04
1.278961800000000038e+00 4.736635254229744785e-04 3.261037692920363282e-04
1.285356600000000071e+00 4.642639298435060355e-04 3.204887744552080918e-04
1.291783300000000079e+00 4.492680767660868772e-04 3.149697832264566856e-04
1.296516500000000072e+00 4.166429647559415301e-04 3.109819496041626606e-04
1.298242300000000071e+00 4.146045978321088532e-04 3.626283119272617826e-04
1.298283499999999924e+00 4.154066624184185662e-04 3.625848405678680736e-04
1.304733499999999990e+00 4.493225265943565452e-04 3.561116609711756798e-04
1.311257099999999953e+00 4.576305907345177204e-04 3.497194607622037990e-04
1.317813399999999913e+00 4.614282035847042714e-04 3.434397597334108015e-04
1.324402499999999927e+00 4.631716311932123492e-04 3.372713268211961811e-04
1.331024500000000055e+00 4.636904181984031537e-04 3.312233331586724805e-04
1.337679599999999969e+00 4.633628321105548171e-04 3.252788765673200028e-04
1.344368000000000007e+00 4.623898385293202058e-04 3.194419556238845556e-04
1.351089900000000066e+00 4.608798077704813934e-04 3.137164775087601968e-04
1.357845299999999922e+00 4.588815092186603072e-04 3.080910237394319444e-04
1.364634499999999973e+00 4.564072206978021925e-04 3.026962311600076157e-04
1.371457699999999891e+00 4.535720729756523360e-04 2.975239866513835910e-04
1.378314999999999957e+00 4.503127925867968879e-04 2.924609518355813023e-04
1.385206600000000066e+00 4.464467917917293240e-04 2.875008442459959157e-04
1.392132600000000053e+00 4.414825533257152020e-04 2.826325453369972398e-04
1.399093300000000095e+00 4.331454713702299723e-04 2.778648780166714208e-04
1.401861500000000094e+00 4.241303983223744262e-04 2.760038353162181388e-04
1.403738399999999942e+00 4.233256664161373921e-04 2.935791689680936696e-04
1.406088699999999969e+00 4.302036658381172681e-04 2.918882522790135106e-04
1.413119199999999909e+00 4.348971289626331685e-04 2.869170173627122651e-04
1.420184799999999914e+00 4.356695722348139692e-04 2.820367335260271315e-04
1.427285700000000102e+00 4.352339226802487589e-04 2.772560628001741081e-04
1.434422099999999922e+00 4.341687578444639625e-04 2.725641974243751754e-04
1.441594199999999937e+00 4.327002848830130140e-04 2.679649256701819833e-04
1.448802200000000040e+00 4.309422834128804800e-04 2.634524022316255681e-04
1.456046200000000068e+00 4.289595825068576065e-04 2.590256547841565497e-04
1.463326499999999974e+00 4.267918792848916288e-04 2.546789575305031736e-04
1.470643099999999981e+00 4.244617443330355832e-04 2.504161464097965002e-04
1.477996300000000041e+00 4.219944886877359199e-04 2.463064325023036206e-04
1.485386300000000048e+00 4.194456689399101443e-04 2.422919384659453102e-04
1.492813200000000062e+00 4.168162639642082135e-04 2.383529988106816754e-04
1.500277300000000036e+00 4.141098466599984736e-04 2.344933452463766595e-04
1.507778700000000027e+00 4.113264614636076132e-04 2.307074835700304255e-04
1.515317599999999931e+00 4.084670277793632054e-04 2.269900032334330460e-04
1.522894200000000087e+00 4.055255210411807458e-04 2.233446755415590746e-04
1.530508600000000108e+00 4.024919539847539242e-04 2.197661650025766887e-04
1.538161200000000006e+00 3.993472547238147239e-04 2.162536869027115410e-04
1.545852000000000004e+00 3.960522683689244499e-04 2.128065209727914454e-04
1.553581199999999995e+00 3.925292394399147494e-04 2.094239245749500791e-04
1.561349099999999934e+00 3.885851893189755835e-04 2.061007190598330746e-04
1.569155899999999937e+00 3.835064414839186339e-04 2.028406500972160795e-04
1.573267799999999994e+00 3.788028678508645461e-04 2.011543192040620733e-04
1.577001700000000062e+00 3.769892865625360618e-04 2.091512804672838414e-04
1.577332100000000015e+00 3.774217697261011257e-04 2.090153889193538926e-04
1.584886699999999982e+00 3.796608482592917270e-04 2.058764036247716183e-04
1.592811100000000035e+00 3.788661836230725315e-04 2.026593343152337527e-04
1.600775199999999954e+00 3.773577210752636661e-04 1.994994141935933860e-04
1.608778999999999959e+00 3.755261990335681055e-04 1.963917293534546903e-04
1.616822900000000063e+00 3.735108915616659319e-04 1.933399628567511171e-04
1.624907000000000101e+00 3.713778607371114602e-04 1.903392420418768382e-04
1.633031600000000028e+00 3.691633299013250512e-04 1.873889960043071898e-04
1.641196700000000064e+00 3.668925545438612534e-04 1.844886935418813001e-04
1.649402699999999999e+00 3.645800218666312635e-04 1.816377625375285723e-04
1.657649699999999893e+00 3.622324711761882188e-04 1.787981187722496629e-04
1.665937999999999919e+00 3.598563179716112045e-04 1.759863789923583758e-04
1.674267699999999914e+00 3.574614343337455626e-04 1.732229812534346832e-04
1.682638999999999996e+00 3.550551429133278814e-04 1.705073913281832088e-04
1.691052199999999894e+00 3.526381009407812401e-04 1.677940804618476879e-04
1.699507499999999949e+00 3.501928310374055413e-04 1.650669176768257862e-04
1.708004999999999995e+00 3.477247357849062490e-04 1.623870411020363004e-04
1.716544999999999987e+00 3.452396303379076355e-04 1.597498890114323867e-04
1.725127800000000100e+00 3.427404074011903266e-04 1.571590036349463249e-04
1.733753399999999889e+00 3.402306508854260284e-04 1.546059113079246723e-04
1.742422200000000032e+00 3.377129970786009938e-04 1.520981427185963874e-04
1.751134299999999921e+00 3.351901062082700104e-04 1.496312521917357607e-04
1.759889899999999896e+00 3.326638547404486899e-04 1.472047979989865607e-04
1.768689399999999967e+00 3.301366249513783789e-04 1.448183259009890381e-04
1.777532799999999913e+00 3.276089458879141215e-04 1.424675279719963259e-04
1.786420499999999967e+00 3.250837157844536180e-04 1.401597595446476337e-04
1.795352599999999965e+00 3.225613297114840981e-04 1.378868400488937151e-04
1.804329400000000083e+00 3.200433407870711955e-04 1.356483971778932622e-04
1.813350999999999935e+00 3.175319298462671693e-04 1.334517052994738605e-04
1.822417799999999977e+00 3.150284838954094395e-04 1.312848921653139689e-04
1.831529900000000044e+00 3.125302306958483746e-04 1.291363386695413499e-04
1.840687500000000032e+00 3.100332852142431510e-04 1.270171908471805818e-04
1.849890899999999894e+00 3.075403730956749329e-04 1.249346256349810982e-04
1.859140400000000026e+00 3.050523670868462642e-04 1.228845136591323974e-04
1.868436100000000044e+00 3.025707530438631588e-04 1.208665182290577750e-04
1.877778299999999900e+00 3.000951808830649883e-04 1.188802923350229155e-04
1.887167199999999934e+00 2.976270492369970902e-04 1.169291635102895008e-04
1.896603000000000039e+00 2.951677046131187618e-04 1.150054491566416767e-04
1.906085999999999947e+00 2.927167458253247790e-04 1.131161234201515461e-04
1.915616500000000055e+00 2.902748894856258129e-04 1.112571873365362937e-04
1.925194499999999920e+00 2.878423714609312008e-04 1.094283271778228488e-04
1.934820500000000054e+00 2.854208884290311229e-04 1.076256285167105604e-04
1.944494600000000073e+00 2.830095205400312455e-04 1.058559446160957612e-04
1.954217099999999929e+00 2.806089120128719690e-04 1.041153606882912343e-04
1.963988199999999962e+00 2.782197111002320433e-04 1.024000412561754597e-04
1.973808100000000065e+00 2.758420228827211012e-04 1.007132316586425281e-04
1.983677200000000029e+00 2.734764059523177499e-04 9.905461301103650809e-05
1.993595500000000076e+00 2.711229986115994963e-04 9.742388944300678713e-05
2.003563499999999831e+00 2.687823009822519417e-04 9.582074290571940527e-05
2.013581299999999796e+00 2.664539045727982764e-04 9.424144304606766860e-05
2.023649199999999926e+00 2.641388418142943495e-04 9.268573856944001981e-05
2.033767500000000172e+00 2.618371282791671895e-04 9.116018205824708714e-05
2.043936299999999928e+00 2.595493118195133842e-04 8.965766660728209517e-05
2.054155999999999871e+00 2.572748853347813338e-04 8.817457669253038575e-05
2.064426800000000117e+00 2.550129369253365127e-04 8.671742558775597160e-05
2.074748899999999896e+00 2.527639957096471449e-04 8.528259395216597515e-05
2.085122699999999885e+00 2.505285208388464144e-04 8.386984013148139801e-05
2.095548299999999919e+00 2.483061048692614993e-04 8.248223734909414196e-05
2.106025999999999954e+00 2.460972177101902335e-04 8.111621886042464345e-05
2.116556200000000221e+00 2.439027369899576380e-04 7.977481763434706753e-05
2.127138899999999833e+00 2.417213658027256740e-04 7.845451593454227251e-05
2.137774600000000191e+00 2.395543927819648617e-04 7.715507963903619928e-05
2.148463500000000082e+00 2.374018099059484990e-04 7.587628797634630453e-05
2.159205800000000064e+00 2.352631743988868661e-04 7.462112513474957018e-05
2.170001800000000092e+00 2.331388942361875701e-04 7.338613547941356800e-05
2.180851899999999954e+00 2.310293382560045321e-04 7.217109740847214123e-05
2.191756100000000096e+00 2.289336824430032973e-04 7.097580458994403121e-05
2.202714900000000142e+00 2.268531084767435701e-04 6.980003601354410527e-05
2.213728500000000210e+00 2.247871639470507877e-04 6.863733395630247213e-05
2.224797099999999972e+00 2.227354114744764817e-04 6.749069295322390142e-05
2.235921100000000106e+00 2.206981960507653506e-04 6.636304049666483370e-05
2.247100699999999840e+00 2.186750868809307971e-04 6.525417218064941312e-05
2.258336200000000016e+00 2.166660439769782975e-04 6.416388241686704966e-05
2.269627900000000142e+00 2.146718101385403099e-04 6.309196751376598569e-05
2.280975999999999893e+00 2.126919516729488472e-04 6.203822837539959645e-05
2.292380899999999944e+00 2.107263962822224787e-04 6.100246220406047612e-05
2.303842799999999968e+00 2.087754887626972183e-04 5.998447348204523144e-05
2.315361999999999920e+00 2.068391631767208362e-04 5.898107859503849394e-05
2.326938800000000196e+00 2.049173534666068309e-04 5.799807201374537925e-05
2.338573499999999861e+00 2.030099934529881755e-04 5.702930128589718317e-05
2.350266400000000200e+00 2.011173821149449161e-04 5.608050498824299957e-05
2.362017699999999998e+00 1.992394590195745011e-04 5.514266753269748858e-05
2.373827799999999932e+00 1.973757715365706750e-04 5.422442695609247775e-05
2.385696999999999957e+00 1.955269622372994272e-04 5.332265433897207321e-05
2.397625399999999907e+00 1.936926247488050996e-04 5.243428495974710314e-05
2.409613600000000133e+00 1.918729804645073755e-04 5.155917240542495035e-05
2.421661600000000192e+00 1.900679899586790592e-04 5.070289666270205172e-05
2.433769900000000153e+00 1.882771933582385866e-04 4.985954724049089661e-05
2.445938799999999969e+00 1.865011886960684772e-04 4.902898852864182911e-05
2.458168500000000201e+00 1.847398944890342009e-04 4.821390167658201229e-05
2.470459299999999914e+00 1.829928834365382375e-04 4.741411133187595266e-05
2.482811599999999785e+00 1.812600545578542833e-04 4.662665618260748100e-05
2.495225700000000213e+00 1.795419705204356854e-04 4.585140574996274092e-05
2.507701799999999981e+00 1.778382201242353954e-04 4.509099052708984476e-05
2.520240300000000211e+00 1.761490121032145727e-04 4.434249497138088858e-05
2.532841499999999968e+00 1.744739285734873567e-04 4.360852287099799062e-05
2.545505700000000093e+00 1.728131875421781173e-04 4.288347358391938384e-05
2.558233299999999932e+00 1.711666733824111048e-04 4.217537221777923787e-05
2.571024400000000210e+00 1.695346166463158985e-04 4.147594754897352770e-05
2.583879599999999943e+00 1.679165653930926648e-04 4.079046624569143600e-05
2.596798999999999857e+00 1.666191425866646010e-04 4.011344365208557562e-05
2.609782899999999906e+00 1.650278847959602035e-04 3.944479957632326657e-05
2.622831899999999994e+00 1.634500181045700506e-04 3.878708700884080589e-05
2.635946000000000122e+00 1.618854913190180891e-04 3.814019233407468952e-05
2.649125699999999917e+00 1.603344784225741945e-04 3.750399550701971076e-05
2.662371400000000055e+00 1.587965863694499322e-04 3.688097694014896215e-05
2.675683199999999928e+00 1.572720335481246135e-04 3.626581591537285495e-05
2.689061699999999888e+00 1.557609681847399940e-04 3.566100516374297812e-05
2.702507000000000215e+00 1.542630345090186320e-04 3.506899367538260820e-05
2.716019499999999809e+00 1.527784003171879068e-04 3.448453699334374351e-05
2.729599599999999793e+00 1.513069528788208557e-04 3.391262875521918477e-05
2.743247600000000119e+00 1.498488597867531113e-04 3.334807880934939324e-05
2.756963799999999853e+00 1.484037476791041715e-04 3.279583335936744193e-05
2.770748600000000117e+00 1.469720323647064162e-04 3.225075341632232232e-05
2.784602399999999811e+00 1.455533293498828496e-04 3.171525206347455497e-05
2.798525399999999941e+00 1.441478018444052598e-04 3.118922442819925983e-05
2.812517999999999851e+00 1.428749586373019738e-04 3.067010516378492326e-05
2.826580600000000221e+00 1.414949869960579467e-04 3.016027263548896908e-05
2.840713500000000113e+00 1.401278349768446732e-04 2.965718877306421466e-05
2.854917100000000207e+00 1.387736318268196719e-04 2.916563162141766024e-05
2.869191700000000012e+00 1.374322628316516470e-04 2.868064224751592177e-05
2.883537599999999923e+00 1.361040995561994490e-04 2.820215600329264619e-05
2.897955300000000012e+00 1.347887558526866987e-04 2.773488007802058051e-05
2.912445099999999787e+00 1.334868272386200143e-04 2.727393024772562264e-05
2.927007300000000090e+00 1.321986464199170351e-04 2.682160680611229826e-05
2.941642400000000102e+00 1.309608863471304089e-04 2.637545938319101003e-05
2.956350599999999940e+00 1.297035138881637403e-04 2.593776698326941265e-05
2.971132299999999837e+00 1.284620890643901447e-04 2.550843291190665058e-05
2.985987999999999865e+00 1.272384059501605622e-04 2.508504428705377536e-05
3.000917900000000138e+00 1.260669191168427565e-04 2.466754248912819336e-05
3.015922499999999840e+00 1.248378244923060369e-04 2.423293423335694613e-05
3.031002099999999810e+00 1.236174165213577343e-04 2.380432190942051104e-05
3.046157099999999840e+00 1.224063268500970704e-04 2.338391556311449225e-05
3.061387900000000162e+00 1.212045148114919798e-04 2.297162138811545957e-05
3.076694900000000121e+00 1.200125790503234262e-04 2.256509848080681725e-05
3.092078299999999835e+00 1.188302638946220417e-04 2.216742124923004064e-05
3.107538700000000098e+00 1.176579179119849078e-04 2.177670292765439684e-05
3.123076399999999975e+00 1.164956896061274257e-04 2.139264555488254801e-05
3.138691800000000143e+00 1.153430973706264645e-04 2.101583697532821807e-05
3.154385299999999948e+00 1.142414497016916355e-04 2.064531772250117759e-05
3.170157199999999786e+00 1.131091546035843605e-04 2.028036534976029786e-05
3.186008000000000173e+00 1.119864890567389483e-04 1.992222350172204989e-05
3.201938000000000173e+00 1.108735926432519853e-04 1.957038366824055345e-05
3.217947699999999855e+00 1.097705833917458424e-04 1.922499017810091413e-05
3.234037400000000062e+00 1.086773929617114459e-04 1.888554335978700384e-05
3.250207599999999974e+00 1.075937489036969620e-04 1.855240270196354993e-05
3.266458699999999826e+00 1.065199611245287340e-04 1.822528521209685563e-05
3.282791000000000015e+00 1.054557696556104293e-04 1.790391330316019880e-05
3.299204899999999885e+00 1.044012866153067027e-04 1.758843287887244485e-05
3.315700899999999951e+00 1.033562439752560452e-04 1.727856853816531039e-05
3.332279400000000003e+00 1.023209332501424717e-04 1.697425774159949706e-05
3.348940799999999829e+00 1.012949123868421266e-04 1.667543851090036360e-05
3.365685599999999944e+00 1.002782827156185527e-04 1.638204893706508345e-05
3.382514000000000021e+00 9.927115693222630694e-05 1.609382466070373113e-05
3.399426500000000129e+00 9.827327403983811640e-05 1.581091136557382092e-05
3.416423700000000174e+00 9.728454816880601397e-05 1.553304589991594324e-05
3.433505799999999830e+00 9.630508827898859141e-05 1.525997153651900047e-05
3.450673300000000054e+00 9.533481036180393813e-05 1.499203597332496899e-05
3.467926700000000029e+00 9.437346360785268192e-05 1.472878169124666286e-05
3.485266300000000150e+00 9.342114775739073992e-05 1.447035583156717745e-05
3.502692699999999881e+00 9.247777584352155091e-05 1.421650587401745575e-05
3.520206099999999783e+00 9.154328294732522501e-05 1.396718184555188344e-05
3.537807200000000041e+00 9.061757849749784680e-05 1.372233220992040903e-05
3.555496199999999885e+00 8.970059867003399583e-05 1.348190787716496996e-05
3.573273700000000108e+00 8.879225972037578009e-05 1.324585864536665548e-05
3.591140000000000221e+00 8.789265021813134947e-05 1.301394330997975233e-05
3.609095700000000129e+00 8.700152850585407343e-05 1.278611547108415714e-05
3.627141200000000065e+00 8.611882316749978525e-05 1.256252056771882367e-05
3.645276899999999820e+00 8.524446332056725463e-05 1.234292117261258794e-05
3.663503299999999907e+00 8.437852434185067049e-05 1.212708372377686626e-05
3.681820800000000116e+00 8.352093213084271360e-05 1.191534270930690195e-05
3.700229900000000072e+00 8.267146134973620019e-05 1.170727751846938129e-05
3.718731099999999845e+00 8.183003928011852639e-05 1.150284738979484308e-05
3.737324699999999833e+00 8.099674708948257154e-05 1.130219760512856400e-05
3.756011399999999778e+00 8.017150033141779157e-05 1.110510062116258566e-05
3.774791399999999797e+00 7.935409532180018950e-05 1.091151767986482733e-05
3.793665400000000076e+00 7.854473392823902312e-05 1.072140889835241255e-05
3.812633700000000125e+00 7.774306919137378546e-05 1.053473591373953288e-05
3.831696899999999850e+00 7.694902835030881997e-05 1.035127935955514167e-05
3.850855399999999928e+00 7.616281962187874271e-05 1.017118357939932348e-05
3.870109600000000150e+00 7.538423670949485520e-05 9.994410933365565161e-06
3.889460199999999812e+00 7.461306774770330643e-05 9.820567706617607299e-06
3.908907500000000201e+00 7.384938659345035780e-05 9.649976389410058544e-06
3.928452000000000055e+00 7.309312385487232134e-05 9.479783167584620329e-06
3.948094300000000167e+00 7.234394829966998559e-05 9.312445818082405250e-06
3.967834700000000048e+00 7.160180704815681334e-05 9.148107919395341781e-06
3.987673899999999882e+00 7.086675998665923899e-05 8.986908919702611440e-06
4.055024000000000406e+00 6.856930807530574486e-05 8.462238997869317496e-06
4.334820999999999813e+00 5.963444324904482749e-05 6.661950351710731705e-06
4.633924000000000376e+00 5.177032429096596855e-05 5.252989543874287304e-06
4.953663999999999845e+00 4.483425322083890783e-05 4.149369590846143185e-06
5.295467000000000368e+00 3.867174251227841072e-05 3.284402615927261908e-06
5.660854999999999748e+00 3.307137148013770950e-05 2.603854125132005950e-06
6.051453000000000415e+00 2.734202778054994513e-05 2.058165485200782483e-06
6.083741999999999983e+00 2.676668706961233567e-05 2.020071180247715210e-06
6.176860999999999713e+00 2.431944440736770577e-05 1.913813127858025394e-06
6.201692000000000426e+00 2.223091074497200763e-05 1.886856925737590373e-06
6.238940000000000374e+00 2.381917003889739466e-05 5.487760931356555180e-06
6.332057999999999964e+00 2.466648251436590294e-05 5.166869055285154181e-06
6.469003999999999976e+00 2.426350102568499521e-05 4.736851771756954362e-06
6.587069999999999759e+00 2.347237278087187375e-05 4.413497803376835580e-06
6.687891999999999726e+00 2.230824387573885175e-05 4.167330433237801605e-06
6.714777999999999913e+00 2.137349346513670679e-05 4.105014836941804614e-06
6.755106999999999751e+00 2.198558596013276811e-05 5.572277021551953316e-06
6.855929999999999858e+00 2.215201519472697418e-05 5.260827766162514092e-06
6.915365000000000428e+00 2.198970019993439604e-05 5.087995457170168248e-06
6.983480000000000132e+00 2.171247534279303182e-05 4.899219887335629466e-06
7.090370000000000061e+00 2.103266107419470520e-05 4.624321796069817328e-06
7.118873999999999924e+00 2.056787233089218091e-05 4.555965706322129158e-06
7.161629999999999718e+00 2.075938185399900162e-05 5.151381892393021053e-06
7.268519999999999648e+00 2.064181223339449977e-05 4.889409283344134285e-06
7.392525000000000013e+00 2.026344255148177425e-05 4.608581399757800764e-06
7.902608999999999995e+00 1.837314072193608588e-05 3.652881749429060273e-06
8.447889999999999233e+00 1.641779633095395962e-05 2.889774924247434354e-06
9.030794000000000210e+00 1.457155949605141743e-05 2.277433426509440679e-06
9.653919000000000139e+00 1.287136489098179889e-05 1.782752341803937308e-06
1.032004000000000055e+01 1.133151743872675913e-05 1.396258251733508025e-06
1.103212000000000081e+01 9.954776774669502244e-06 1.094673509997404395e-06
1.179334000000000060e+01 8.732845499785321132e-06 8.591624323856043968e-07
1.260707999999999984e+01 7.662639571192377054e-06 6.743455817673523570e-07
1.347696999999999967e+01 6.714170616061637052e-06 5.280260868337732160e-07
1.440687999999999924e+01 5.878825914689047037e-06 4.126633402987722208e-07
1.540094999999999992e+01 5.141541806571340724e-06 3.219703144316359111e-07
1.646361999999999881e+01 4.494795917603109534e-06 2.514992161157080990e-07
1.759960999999999842e+01 3.928352542494405036e-06 1.966751448967974023e-07
1.881398000000000081e+01 3.432696503138474952e-06 1.539794215914530081e-07
2.011214999999999975e+01 2.999216508990230402e-06 1.206768859737987556e-07
2.149988000000000099e+01 2.620272614362004203e-06 9.469929340859892368e-08
2.298338000000000036e+01 2.289068019541867685e-06 7.440711070832792839e-08
2.456923000000000101e+01 1.999630637518630598e-06 5.854135041612707761e-08
2.626450000000000173e+01 1.746715669097217914e-06 4.612014684471907056e-08
2.807676000000000016e+01 1.525829006038468047e-06 3.606602044190508237e-08
3.001405000000000101e+01 1.332382149073783436e-06 2.813390169265006261e-08
3.208502000000000010e+01 1.163047297348071107e-06 2.191403064116334290e-08
3.429889000000000010e+01 1.014673097720167030e-06 1.706589276090173769e-08
3.666550999999999760e+01 8.843927540721681910e-07 1.330576610868743962e-08
3.919543000000000177e+01 7.692738488565661854e-07 1.039261503397650704e-08
4.189992000000000161e+01 6.644478500903319150e-07 8.132540083983538116e-09
4.269751999999999725e+01 6.339310894888886691e-07 7.590727046309384596e-09
4.335105999999999682e+01 6.021721682781992641e-07 7.181299880901923711e-09
4.352532999999999674e+01 5.821559207795297048e-07 7.077067872731016273e-09
4.378674999999999784e+01 5.904103042594441752e-07 3.650010559025697360e-08
4.444028000000000134e+01 5.864976171148640756e-07 3.464514286786505668e-08
4.479100999999999999e+01 5.806282715025791179e-07 3.370061841672124029e-08
4.788159000000000276e+01 5.189360024447381060e-07 2.657519895231814832e-08
5.118542000000000058e+01 4.581381074276432317e-07 2.090212505631366297e-08
5.471721000000000146e+01 4.029897635303536107e-07 1.642960269455576815e-08
5.849269999999999925e+01 3.538387172831872037e-07 1.290023302900571472e-08
6.252870000000000061e+01 3.103274459776337244e-07 1.012260064722390077e-08
6.684318000000000382e+01 2.719666998367084190e-07 7.945825163167542572e-09
7.145535999999999888e+01 2.382287763039005620e-07 6.240183088281125890e-09
7.638577999999999690e+01 2.086043104372053393e-07 4.903345509393289578e-09
8.165640000000000498e+01 1.826212880846906856e-07 3.850638794728622679e-09
8.729068999999999789e+01 1.599198835668559858e-07 3.018146543575672926e-09
9.331373999999999569e+01 1.399426204344169629e-07 2.360167654384127768e-09
9.975239000000000544e+01 1.224444763703076248e-07 1.848049318809503168e-09
1.066353000000000009e+02 1.071252277587611599e-07 1.449155414937434266e-09
1.139930999999999983e+02 9.371720908277910898e-08 1.138287306001361579e-09
1.218586999999999989e+02 8.198448891573895093e-08 8.957926388814772138e-10
1.302668999999999926e+02 7.171945131468253705e-08 7.064605488958258909e-10
1.392553000000000054e+02 6.273900426103467444e-08 5.584987431059851932e-10
1.488640000000000043e+02 5.488297501266400065e-08 4.427369702059568668e-10
1.591356000000000108e+02 4.801087720268169255e-08 3.520227240678278653e-10
1.701159000000000106e+02 4.199976279089700578e-08 2.808426319214358366e-10
1.818539000000000101e+02 3.674159585292433833e-08 2.248922153039384986e-10
1.944018000000000086e+02 3.214210399415956650e-08 1.809715543706713182e-10
2.078155999999999892e+02 2.811897778873832447e-08 1.464164182411916853e-10
2.221547999999999945e+02 2.459989639150462547e-08 1.190052898195237885e-10
2.374834999999999923e+02 2.152160086491973601e-08 9.720202651661176536e-11
2.538699000000000012e+02 1.882881555862520348e-08 7.980172644496759295e-11
2.713869000000000256e+02 1.647323282900095833e-08 6.587377291878740871e-11
2.901125999999999863e+02 1.441255806309051733e-08 5.467486136156376556e-11
3.101304000000000087e+02 1.260984406927504453e-08 4.563960564930608630e-11
3.315294000000000096e+02 1.103276098717127425e-08 3.831066671252210738e-11
3.544048999999999978e+02 9.653049880468576475e-09 3.233876817417964898e-11
3.788587999999999738e+02 8.445978246970262913e-09 2.744735671782727580e-11
4.050000999999999749e+02 7.389928560883090303e-09 2.341981651477601358e-11
4.329451000000000249e+02 6.465988956316489709e-09 2.008220847421010657e-11
