1.067676000000000069e+00 1.473760398305439072e-07 5.289440931635497219e-08
1.141345000000000054e+00 1.346654994663687758e-07 4.176794145430940177e-08
1.220097999999999905e+00 1.213525765117416109e-07 3.288359668914844982e-08
1.304284999999999917e+00 1.083947859207626652e-07 2.583745238393741011e-08
1.394281000000000104e+00 9.624818452299168720e-08 2.027847793422575239e-08
1.490485999999999978e+00 8.512529482650201740e-08 1.588890906860491573e-08
1.593328999999999995e+00 7.503068080182623892e-08 1.240172429347959391e-08
1.703268999999999922e+00 6.596689699767234812e-08 9.678037098801687554e-09
1.820794999999999941e+00 5.789509323428649068e-08 7.550313351682585858e-09
1.946430000000000105e+00 5.074505833499050670e-08 5.889608374009698329e-09
2.080732999999999944e+00 4.443477285474102049e-08 4.592779524277254030e-09
2.224304000000000059e+00 3.888143701485654717e-08 3.580662372244996648e-09
2.377781000000000144e+00 3.400446889707190326e-08 2.790944185889969216e-09
2.541847999999999885e+00 2.972803875247503509e-08 2.174926342953966489e-09
2.717235000000000067e+00 2.598112847057227128e-08 1.694581276736204282e-09
2.904723999999999862e+00 2.270402121078925702e-08 1.320161356110738599e-09
3.105150000000000077e+00 1.984714108670935752e-08 1.024477865586444444e-09
3.319405999999999857e+00 1.734031071018793018e-08 7.922015036604534778e-10
3.548445000000000071e+00 1.514831382992378656e-08 6.112170482928992644e-10
3.793287999999999993e+00 1.323156637811404645e-08 4.694443953962617194e-10
4.055024000000000406e+00 1.155675362046748549e-08 3.606390626659747913e-10
4.334820999999999813e+00 1.009389172389148359e-08 2.770953809778992793e-10
4.633924000000000376e+00 8.816771953829136253e-09 2.129326656736716998e-10
4.953663999999999845e+00 7.701744474202292763e-09 1.636638300695118459e-10
5.295467000000000368e+00 6.728301602407174281e-09 1.258242567766277402e-10
5.660854999999999748e+00 5.878512468973372743e-09 9.675700615946663228e-11
6.051453000000000415e+00 5.136548320210094334e-09 7.442788366552467417e-11
6.469003999999999976e+00 4.488706570400382842e-09 5.726718624382183558e-11
6.915365000000000428e+00 3.922992940795523771e-09 4.408163161364815332e-11
7.392525000000000013e+00 3.428875809896159469e-09 3.394519599912643478e-11
7.902608999999999995e+00 2.997287138942721497e-09 2.615279803185172146e-11
8.447889999999999233e+00 2.620277691205236709e-09 2.015935691128651925e-11
9.030794000000000210e+00 2.290915413149577253e-09 1.551994227071233666e-11
9.653919000000000139e+00 2.003030782575875190e-09 1.187559000525781755e-11
1.032004000000000055e+01 1.751443098379286061e-09 9.095648258742684870e-12
1.103212000000000081e+01 1.531547014827130201e-09 6.974024904276389477e-12
1.179334000000000060e+01 1.339336865460737784e-09 5.354102940612109591e-12
1.260707999999999984e+01 1.171319435785145269e-09 4.116464631987545878e-12
1.347696999999999967e+01 1.024429802780226920e-09 3.170335658688247047e-12
1.440687999999999924e+01 8.960144746983120003e-10 2.446548849299221363e-12
1.540094999999999992e+01 7.837278096584131877e-10 1.892300180633558823e-12
1.646361999999999881e+01 6.855459034990524817e-10 1.466610476846238874e-12
1.759960999999999842e+01 5.996819340386491181e-10 1.136678998329859323e-12
1.881398000000000081e+01 5.245933833033193137e-10 8.841965232595710180e-13
2.011214999999999975e+01 4.589202543994645508e-10 6.907864203665059794e-13
2.149988000000000099e+01 4.014811627258663724e-10 5.422024767938874365e-13
2.298338000000000036e+01 3.512411915641248115e-10 4.278867145600567406e-13
2.456923000000000101e+01 3.072944966837272706e-10 3.397310745046405091e-13
2.626450000000000173e+01 2.688544466976877126e-10 2.715388025900788353e-13
2.807676000000000016e+01 2.352273423766334812e-10 2.181125804743684989e-13
3.001405000000000101e+01 2.058084420520555651e-10 1.765022852664674612e-13
3.208502000000000010e+01 1.800723499042775264e-10 1.440735076483460392e-13
3.429889000000000010e+01 1.575560674098880343e-10 1.186658106425790553e-13
3.666550999999999760e+01 1.378580324603520194e-10 9.864542991854273139e-14
3.919543000000000177e+01 1.206238753243885323e-10 8.276087858381578505e-14
4.189992000000000161e+01 1.055452515160499556e-10 7.006722098570066554e-14
4.479100999999999999e+01 9.235249977750885415e-11 5.984304410648397426e-14
4.788159000000000276e+01 8.080958133586349206e-11 5.153512339207715567e-14
5.118542000000000058e+01 7.071009122558324388e-11 4.472521661694750792e-14
5.471721000000000146e+01 6.187283345013024963e-11 3.909090839343585794e-14
5.849269999999999925e+01 5.414057345257216312e-11 3.438623892096109233e-14
6.252870000000000061e+01 4.737461382760515082e-11 3.041858668574256042e-14
6.684318000000000382e+01 4.145503171483798793e-11 2.704437642655226145e-14
7.145535999999999888e+01 3.627475329881060009e-11 2.414802713629445702e-14
7.638577999999999690e+01 3.174212735471193768e-11 2.164077539385325797e-14
8.165640000000000498e+01 2.777586424633781170e-11 1.945771768024579071e-14
8.729068999999999789e+01 2.430544082612676737e-11 1.754057664947068908e-14
9.331373999999999569e+01 2.126841550040045981e-11 1.584695595433291376e-14
9.975239000000000544e+01 1.861124244090833103e-11 1.434339842447618513e-14
1.066353000000000009e+02 1.628588303744364651e-11 1.299956122064064650e-14
1.139930999999999983e+02 1.425107048861607875e-11 1.179593370447644888e-14
1.218586999999999989e+02 1.247059550891172204e-11 1.071464825315118870e-14
1.302668999999999926e+02 1.091258841164657452e-11 9.738810863125896856e-15
1.392553000000000054e+02 9.549224920062374335e-12 8.857695430255218176e-15
1.488640000000000043e+02 8.356181756576352688e-12 8.059886335220513417e-15
1.591356000000000108e+02 7.312202534830325195e-12 7.335982421822206468e-15
1.701159000000000106e+02 6.398655769404302188e-12 6.679259076243955313e-15
1.818539000000000101e+02 5.599294660324665168e-12 6.082119450840254024e-15
1.944018000000000086e+02 4.899746990341249361e-12 5.539720729755039641e-15
2.078155999999999892e+02 4.287636186404132621e-12 5.046272713383319661e-15
2.221547999999999945e+02 3.751962362035160695e-12 4.597046187005235433e-15
2.374834999999999923e+02 3.283242749795478407e-12 4.188150903411301052e-15
2.538699000000000012e+02 2.873078232431576716e-12 3.816036356068536004e-15
2.713869000000000256e+02 2.514130243865102355e-12 3.477455895581285823e-15
2.901125999999999863e+02 2.200048983356900630e-12 3.168827422961919013e-15
3.101304000000000087e+02 1.925204438379760757e-12 2.888129393638528201e-15
3.315294000000000096e+02 1.684695584208745034e-12 2.632367281001039554e-15
3.544048999999999978e+02 1.474218151907943676e-12 2.399719479234397838e-15
3.788587999999999738e+02 1.290049667794018270e-12 2.187989394114969054e-15
4.050000999999999749e+02 1.128888188459135724e-12 1.995325995852645786e-15
4.329451000000000249e+02 9.878603001346044241e-13 1.820038884430174304e-15
