1.003060000000000063e+00 1.141551028323861249e-03 8.357444284745322487e-04
1.007092000000000098e+00 1.084212331383551222e-03 8.238963805321514308e-04
1.013141000000000069e+00 1.140179664391454892e-03 9.174079535896954548e-04
1.028262000000000009e+00 1.184177040210448052e-03 8.716862588985832246e-04
1.067676000000000069e+00 1.190806532060748307e-03 7.657005304951195303e-04
1.141345000000000054e+00 1.130885463108341048e-03 6.099560316382620371e-04
1.220097999999999905e+00 1.042594591100141476e-03 4.866174069140586072e-04
1.304284999999999917e+00 9.469508821456200116e-04 3.884412572088139838e-04
1.394281000000000104e+00 8.520819837221001733e-04 3.091710968697174459e-04
1.490485999999999978e+00 7.617721443212245374e-04 2.451983954038324713e-04
1.593328999999999995e+00 6.766321030788340248e-04 1.933050573958061864e-04
1.703268999999999922e+00 5.982161167762284912e-04 1.523535430663282449e-04
1.820794999999999941e+00 5.271748225181458695e-04 1.200788043766959048e-04
1.946430000000000105e+00 4.634843820623838016e-04 9.466439163752971193e-05
2.080732999999999944e+00 4.074058451658071922e-04 7.457817015509819877e-05
2.224304000000000059e+00 3.570628471015883693e-04 5.867846241993717675e-05
2.377781000000000144e+00 3.125855829905795210e-04 4.618798830157241935e-05
2.541847999999999885e+00 2.734319692804504766e-04 3.637969369320801763e-05
2.717235000000000067e+00 2.390316132792817780e-04 2.867331518669955626e-05
2.904723999999999862e+00 2.089036121519562432e-04 2.261886239172730063e-05
3.105150000000000077e+00 1.826275807966016337e-04 1.774858358293144713e-05
3.319405999999999857e+00 1.595041996594769224e-04 1.386035365591198726e-05
3.548445000000000071e+00 1.392365401228292678e-04 1.079898531166288803e-05
3.793287999999999993e+00 1.214808360350103816e-04 8.391176943164838670e-06
4.055024000000000406e+00 1.059539996476941239e-04 6.529520340732362899e-06
4.334820999999999813e+00 9.239318698360208528e-05 5.088802285007497952e-06
4.633924000000000376e+00 8.055056293714807467e-05 3.953321437881486499e-06
4.953663999999999845e+00 7.020182360589594074e-05 3.072947857296478161e-06
5.295467000000000368e+00 6.116024966591133484e-05 2.391516073208670867e-06
5.660854999999999748e+00 5.325713671966236736e-05 1.863206482016548922e-06
6.051453000000000415e+00 4.634146187641949164e-05 1.453566795311043713e-06
6.469003999999999976e+00 4.027566243559970425e-05 1.135439466592072619e-06
6.915365000000000428e+00 3.492852497368344980e-05 8.880581753186333831e-07
7.392525000000000013e+00 3.015342034336871154e-05 6.954819321050319251e-07
7.902608999999999995e+00 2.567274358611555413e-05 5.453797193626289035e-07
8.166143999999999181e+00 2.317342716228552377e-05 4.841808516462992166e-07
8.291135999999999839e+00 2.116660819942081922e-05 4.582631452664216159e-07
8.324467000000000283e+00 1.942533445844040591e-05 4.516549970329321835e-07
8.374463999999999686e+00 2.078045996424384507e-05 3.505149654925926899e-06
8.447889999999999233e+00 2.144850935594310668e-05 3.386648980504935941e-06
8.499456000000000344e+00 2.156550935050895908e-05 3.306320201760137019e-06
9.030794000000000210e+00 2.038575338159070966e-05 2.645804045924871355e-06
9.653919000000000139e+00 1.834150212573962794e-05 2.091661988975016226e-06
1.032004000000000055e+01 1.631279704054605352e-05 1.639942541618967221e-06
1.103212000000000081e+01 1.441985329934620767e-05 1.279258882279653965e-06
1.179334000000000060e+01 1.270262265741437748e-05 9.993760781833338823e-07
1.260707999999999984e+01 1.116617189830319485e-05 7.809759742570307744e-07
1.347696999999999967e+01 9.801444866567489834e-06 6.103689764626450779e-07
1.440687999999999924e+01 8.594872455029019560e-06 4.771615275147033287e-07
1.540094999999999992e+01 7.531487414239424974e-06 3.731171421340618674e-07
1.646361999999999881e+01 6.596415572404878586e-06 2.918038687469786175e-07
1.759960999999999842e+01 5.782726538387944526e-06 2.268606235460255400e-07
1.881398000000000081e+01 5.060348693926475310e-06 1.761876498319801524e-07
2.011214999999999975e+01 4.427022225875080508e-06 1.368806139894894553e-07
2.149988000000000099e+01 3.872282615739201741e-06 1.063788621294873741e-07
2.298338000000000036e+01 3.386656644560753567e-06 8.265229774066803883e-08
2.456923000000000101e+01 2.961737028219127863e-06 6.424690491560926606e-08
2.626450000000000173e+01 2.590058135570314752e-06 4.996173999202506980e-08
2.807676000000000016e+01 2.264978898183819936e-06 3.870265658190722960e-08
3.001405000000000101e+01 1.980596848510523845e-06 2.995713505034236580e-08
3.208502000000000010e+01 1.731906769744588317e-06 2.320405991223450891e-08
3.429889000000000010e+01 1.514463372492545820e-06 1.798992433133911888e-08
3.666550999999999760e+01 1.324357663611373374e-06 1.394419219052882736e-08
3.919543000000000177e+01 1.158135074456031466e-06 1.077775409069561935e-08
4.189992000000000161e+01 1.012789029815791384e-06 8.341945373321468453e-09
4.479100999999999999e+01 8.857122210792087157e-07 6.467330913346885627e-09
4.788159000000000276e+01 7.746070358253442090e-07 5.023581294006530251e-09
5.118542000000000058e+01 6.774652944124786479e-07 3.910667741919305070e-09
5.471721000000000146e+01 5.925268469358878877e-07 3.051753930936487014e-09
5.849269999999999925e+01 5.182577184840828403e-07 2.388421914452318608e-09
6.252870000000000061e+01 4.533153244421179165e-07 1.875331431013579908e-09
6.684318000000000382e+01 3.965234718505003802e-07 1.477971584923756637e-09
7.145535999999999888e+01 3.468600789389604690e-07 1.169639369875859000e-09
7.638577999999999690e+01 3.034254836483104787e-07 9.299851204588682980e-10
8.165640000000000498e+01 2.654383359042847199e-07 7.425131618635705746e-10
8.729068999999999789e+01 2.322127469568372904e-07 5.949456794540909735e-10
9.331373999999999569e+01 2.031511655492358632e-07 4.798210466939429607e-10
9.975239000000000544e+01 1.777304134159784693e-07 3.896552024606419788e-10
1.066353000000000009e+02 1.554939533162669262e-07 3.187672111852711904e-10
1.139930999999999983e+02 1.360420644329589210e-07 2.627640630136035074e-10
1.218586999999999989e+02 1.190258750640636228e-07 2.183035983954856307e-10
1.302668999999999926e+02 1.041397696263099129e-07 1.828003496701552554e-10
1.392553000000000054e+02 9.111698520257213117e-08 1.542723470702838227e-10
1.488640000000000043e+02 7.972374055307665088e-08 1.311869976225240377e-10
1.591356000000000108e+02 6.975594283929395872e-08 1.123781330364781791e-10
1.701159000000000106e+02 6.103509189587689320e-08 9.693392179951727916e-11
1.818539000000000101e+02 5.340524170894501870e-08 8.415122033255049892e-11
1.944018000000000086e+02 4.672952457823142486e-08 7.349210577752235272e-11
2.078155999999999892e+02 4.088867948256567153e-08 6.452251458108673311e-11
2.221547999999999945e+02 3.577820276340870900e-08 5.691515707731445693e-11
2.374834999999999923e+02 3.130665648911452983e-08 5.041709593020025367e-11
2.538699000000000012e+02 2.739405609992428651e-08 4.483241106782690159e-11
2.713869000000000256e+02 2.397070731660840138e-08 3.998537675884911110e-11
2.901125999999999863e+02 2.097515945281176847e-08 3.576211362246557903e-11
3.101304000000000087e+02 1.835408417065356464e-08 3.205634654459356978e-11
3.315294000000000096e+02 1.606065847327231807e-08 2.878869308831819346e-11
3.544048999999999978e+02 1.405380913025247159e-08 2.589613440552016110e-11
3.788587999999999738e+02 1.229776875459947848e-08 2.332433444998203748e-11
4.050000999999999749e+02 1.076118171627847561e-08 2.102786730132944141e-11
4.329451000000000249e+02 9.416624742895950761e-09 1.897332544929907641e-11
