1.067676000000000069e+00 2.702822429878835569e-07 4.890183512599388816e-08
1.141345000000000054e+00 2.375409448079568604e-07 3.814920982806737346e-08
1.220097999999999905e+00 2.083827558759863385e-07 2.974652774915999391e-08
1.304284999999999917e+00 1.825611256557131319e-07 2.318477882975564320e-08
1.394281000000000104e+00 1.597825989105775638e-07 1.806361772325427814e-08
1.490485999999999978e+00 1.397457729354967568e-07 1.407020057850740487e-08
1.593328999999999995e+00 1.221576804239664383e-07 1.095536732282135636e-08
1.703268999999999922e+00 1.067545591884794888e-07 8.529429101073535787e-09
1.820794999999999941e+00 9.326201899526636401e-08 6.638738376176851022e-09
1.946430000000000105e+00 8.146331457835758423e-08 5.166579490371234690e-09
2.080732999999999944e+00 7.115410247652895956e-08 4.020630949488822951e-09
2.224304000000000059e+00 6.214774616116296054e-08 3.112599609208459606e-09
2.377781000000000144e+00 5.427253500191599482e-08 2.403536493790925768e-09
2.541847999999999885e+00 4.739292375805465561e-08 1.856077891539398810e-09
2.717235000000000067e+00 4.138636781524157596e-08 1.433456467046028971e-09
2.904723999999999862e+00 3.614351060538691986e-08 1.107202904839343201e-09
3.105150000000000077e+00 3.156915413554426274e-08 8.510355184641629915e-10
3.319405999999999857e+00 2.757386166550661465e-08 6.511647517162209115e-10
3.548445000000000071e+00 2.408477490337094594e-08 4.982417827811395177e-10
3.793287999999999993e+00 2.103873317329630197e-08 3.813534092382210664e-10
4.055024000000000406e+00 1.837964299038286914e-08 2.919250595340396081e-10
4.334820999999999813e+00 1.605829937816717330e-08 2.235185999719494916e-10
4.633924000000000376e+00 1.403164429048843736e-08 1.711848497981783401e-10
4.953663999999999845e+00 1.226209062231487618e-08 1.311439996378010885e-10
5.295467000000000368e+00 1.071682583471371636e-08 1.005012410267631583e-10
5.660854999999999748e+00 9.367227825301135778e-09 7.704876197532664110e-11
6.051453000000000415e+00 8.188382876532364796e-09 5.909617788459483578e-11
6.469003999999999976e+00 7.158537206155727066e-09 4.534947115963396952e-11
6.915365000000000428e+00 6.258745862894629100e-09 3.482046560030716153e-11
7.392525000000000013e+00 5.472490650471952231e-09 2.675572520554404961e-11
7.902608999999999995e+00 4.785362283917858593e-09 2.057430851711444013e-11
8.447889999999999233e+00 4.184797838706146583e-09 1.583762272817572780e-11
9.030794000000000210e+00 3.659845180859202807e-09 1.218709322730038945e-11
9.653919000000000139e+00 3.200929634015355793e-09 9.344177879135118553e-12
1.032004000000000055e+01 2.799682901438640884e-09 7.162278779228254619e-12
1.103212000000000081e+01 2.448835265477627211e-09 5.489255757864238272e-12
1.179334000000000060e+01 2.142037303164873824e-09 4.216510523638663946e-12
1.260707999999999984e+01 1.873747028754500784e-09 3.247808076894541447e-12
1.347696999999999967e+01 1.639118670446931363e-09 2.509914036073702793e-12
1.440687999999999924e+01 1.433918806943359415e-09 1.946878881986586403e-12
1.540094999999999992e+01 1.254445781102809977e-09 1.516610879926049609e-12
1.646361999999999881e+01 1.097464841673501673e-09 1.187336147236427203e-12
1.759960999999999842e+01 9.601528453286750418e-10 9.347339124561628943e-13
1.881398000000000081e+01 8.400401027140559564e-10 7.405256796243056591e-13
2.011214999999999975e+01 7.349680997506856030e-10 5.907206989554828629e-13
2.149988000000000099e+01 6.430513421130726213e-10 4.748156281573149647e-13
2.298338000000000036e+01 5.626381766605456102e-10 3.847756524116663465e-13
2.456923000000000101e+01 4.922890927205795009e-10 3.145166839170851128e-13
2.626450000000000173e+01 4.307420821967924750e-10 2.594116967382287578e-13
2.807676000000000016e+01 3.768931166563070627e-10 2.155269333794163289e-13
3.001405000000000101e+01 3.297801163679146981e-10 1.806971364899680596e-13
3.208502000000000010e+01 2.885587985361668674e-10 1.529527238345554803e-13
3.429889000000000010e+01 2.524924731243616918e-10 1.306738331238041313e-13
3.666550999999999760e+01 2.209357407375713466e-10 1.126193380666897297e-13
3.919543000000000177e+01 1.933241695600103030e-10 9.785576063405739588e-14
4.189992000000000161e+01 1.691643820187932561e-10 8.565351485441401406e-14
4.479100999999999999e+01 1.480248431249320934e-10 7.547875036690237040e-14
4.788159000000000276e+01 1.295274534456649978e-10 6.690002924162714739e-14
5.118542000000000058e+01 1.133422314355422531e-10 5.959942706209326326e-14
5.471721000000000146e+01 9.917971204965606780e-11 5.333128894844138901e-14
5.849269999999999925e+01 8.678715561411266194e-11 4.790139928999229623e-14
6.252870000000000061e+01 7.594333773740740395e-11 4.316012129674155903e-14
6.684318000000000382e+01 6.645459979788566160e-11 3.898753687188389119e-14
7.145535999999999888e+01 5.815150310785506151e-11 3.529423165898213485e-14
7.638577999999999690e+01 5.088601906869378985e-11 3.200577992141202000e-14
8.165640000000000498e+01 4.452834355048522110e-11 2.906391231904238020e-14
8.729068999999999789e+01 3.896509299884731093e-11 2.642343020380134742e-14
9.331373999999999569e+01 3.409690419836344925e-11 2.404052906941475548e-14
9.975239000000000544e+01 2.983700172870528202e-11 2.188909994308161241e-14
1.066353000000000009e+02 2.610934694349781136e-11 1.993906321475085922e-14
1.139930999999999983e+02 2.284744359509878836e-11 1.817061252232779599e-14
1.218586999999999989e+02 1.999302016222352948e-11 1.656126299092436738e-14
1.302668999999999926e+02 1.749526861009124161e-11 1.509914452200202113e-14
1.392553000000000054e+02 1.530957495329676569e-11 1.376690444444606711e-14
1.488640000000000043e+02 1.339692295186192814e-11 1.255320934061031056e-14
1.591356000000000108e+02 1.172323754800919501e-11 1.144771119678445600e-14
1.701159000000000106e+02 1.025866420067501314e-11 1.043843312745799249e-14
1.818539000000000101e+02 8.977063644570895981e-12 9.518730702345455277e-15
1.944018000000000086e+02 7.855563626525955748e-12 8.680073264516867719e-15
2.078155999999999892e+02 6.874174265197942482e-12 7.915450728989620182e-15
2.221547999999999945e+02 6.015397627491865276e-12 7.217823066486947240e-15
2.374834999999999923e+02 5.263908337762359419e-12 6.582620418217622018e-15
2.538699000000000012e+02 4.606294388435997942e-12 6.002680763327391445e-15
2.713869000000000256e+02 4.030842332560544241e-12 5.475382496334085851e-15
2.901125999999999863e+02 3.527279269847998730e-12 4.994063448398876542e-15
3.101304000000000087e+02 3.086624556432622772e-12 4.555706539714660982e-15
3.315294000000000096e+02 2.701020295141767028e-12 4.157090071069859330e-15
3.544048999999999978e+02 2.363589022401552936e-12 3.793778790709653857e-15
3.788587999999999738e+02 2.068314807550350790e-12 3.463065469342811135e-15
4.050000999999999749e+02 1.809925071838070128e-12 3.162060163162876980e-15
4.329451000000000249e+02 1.583817727004079809e-12 2.888124512079151046e-15
