1.000121100000000096e+00 2.506525752247678977e-03 8.541755360219337482e-04
1.005121699999999896e+00 2.484103080666889927e-03 8.410521806000601994e-04
1.010147300000000081e+00 2.461559568509606895e-03 8.281044876039138141e-04
1.015198000000000045e+00 2.439123261304166745e-03 8.153746527550177932e-04
1.020273999999999903e+00 2.416823276930711670e-03 8.028602227668976687e-04
1.025375399999999937e+00 2.394664596995966024e-03 7.905153556077153558e-04
1.030502299999999982e+00 2.372647344669009777e-03 7.783816462521305586e-04
1.035654800000000098e+00 2.350771619045296558e-03 7.664352507322604643e-04
1.040833099999999956e+00 2.329046154202628078e-03 7.546741237099306374e-04
1.046037200000000000e+00 2.307462175904965648e-03 7.430963839744621994e-04
1.051267399999999963e+00 2.286032235905108723e-03 7.316999516640684473e-04
1.056523799999999902e+00 2.264747145047562183e-03 7.204829105605662287e-04
1.061806400000000039e+00 2.243611597776379134e-03 7.094434268113915991e-04
1.067115400000000047e+00 2.222629237922845759e-03 6.986004412372821305e-04
1.072451000000000043e+00 2.201799256472995563e-03 6.879101249375260555e-04
1.077813200000000027e+00 2.181125909688176254e-03 6.773916902287982229e-04
1.083202299999999951e+00 2.160599439942237614e-03 6.670431746587907702e-04
1.088618300000000039e+00 2.140232448884643156e-03 6.568628218648876966e-04
1.094061399999999962e+00 2.120019745441157049e-03 6.466245773035285980e-04
1.099531700000000001e+00 2.099932219154988528e-03 6.363299998824529157e-04
1.105029400000000050e+00 2.079965742889332541e-03 6.262025377204067950e-04
1.110554500000000111e+00 2.060125085187406932e-03 6.162404585554540201e-04
1.116107299999999913e+00 2.040413708054836586e-03 6.064418769747736060e-04
1.121687799999999902e+00 2.020824252801977760e-03 5.968050907702921641e-04
1.127296300000000029e+00 2.001367968935253202e-03 5.873282512005682928e-04
1.132932800000000073e+00 1.982041335624022856e-03 5.780096855030340992e-04
1.138597400000000093e+00 1.962852012614400149e-03 5.688476806424567133e-04
1.144290400000000041e+00 1.943791587797112468e-03 5.598209534663892194e-04
1.150011899999999976e+00 1.924867558483056270e-03 5.509668944333653276e-04
1.155761899999999898e+00 1.906080048347608569e-03 5.422643013493097476e-04
1.161540699999999982e+00 1.887428169398975555e-03 5.335194588256780661e-04
1.167348400000000064e+00 1.868893597715395784e-03 5.248673061565531676e-04
1.173185200000000039e+00 1.850476314102449333e-03 5.163450308474484872e-04
1.179051099999999908e+00 1.832184008753073509e-03 5.079702468405624793e-04
1.184946400000000066e+00 1.814012587474239440e-03 4.997412542177117126e-04
1.190871100000000071e+00 1.795965971132247162e-03 4.916564972650248758e-04
1.196825400000000039e+00 1.778043862657781998e-03 4.837143489056890057e-04
1.202809599999999923e+00 1.760245668888974283e-03 4.758946206888263258e-04
1.208823600000000109e+00 1.742571963927874636e-03 4.682145594958818076e-04
1.214867700000000106e+00 1.725028814145049749e-03 4.606541883161579263e-04
1.220942100000000030e+00 1.707609079019468176e-03 4.532487403513097259e-04
1.227046800000000104e+00 1.690316260308221026e-03 4.459419472626289507e-04
1.233182000000000000e+00 1.673149906779717146e-03 4.387689746307776384e-04
1.239347900000000058e+00 1.656109566224608443e-03 4.317103033097726686e-04
1.245544699999999949e+00 1.639194785346509246e-03 4.247825917036835135e-04
1.251772399999999896e+00 1.622408775944242983e-03 4.179665948264147161e-04
1.258031200000000016e+00 1.605747848270304293e-03 4.112610904610587877e-04
1.264321400000000040e+00 1.589214357374471630e-03 4.046824727934205290e-04
1.270642999999999967e+00 1.572805182857669798e-03 3.982117965570883961e-04
1.276996199999999915e+00 1.556519833080297370e-03 3.918478746539592493e-04
1.283381200000000000e+00 1.540360810354139210e-03 3.855721572867867723e-04
1.289798100000000058e+00 1.524324803666422552e-03 3.794183451585851088e-04
1.296247099999999985e+00 1.508414244405306996e-03 3.733678226315906051e-04
1.302728300000000061e+00 1.492622956610043438e-03 3.674194747989926167e-04
1.309242000000000017e+00 1.476956040923306816e-03 3.615721402975916867e-04
1.315788200000000074e+00 1.461410500519965544e-03 3.558247522410208576e-04
1.322367099999999907e+00 1.445985808272608891e-03 3.501593349694254675e-04
1.328978999999999910e+00 1.430681221292403726e-03 3.446085680567532116e-04
1.335623900000000086e+00 1.415493880415813260e-03 3.391377706771892095e-04
1.342302000000000106e+00 1.400426066802617662e-03 3.337627206800666563e-04
1.349013500000000088e+00 1.385477240517873389e-03 3.284823442633160459e-04
1.355758599999999925e+00 1.370641494212357153e-03 3.232791311425621344e-04
1.362537399999999899e+00 1.355921302726698042e-03 3.181686619499005672e-04
1.369350000000000067e+00 1.341316388726187039e-03 3.131336301734150224e-04
1.376196799999999998e+00 1.326823277818980906e-03 3.081893994991701815e-04
1.383077799999999913e+00 1.312444537865984891e-03 3.033349881943283341e-04
1.389993199999999929e+00 1.298174574280420122e-03 2.985533359304384815e-04
1.396943100000000104e+00 1.284015760118131528e-03 2.938436943652481459e-04
1.403927799999999948e+00 1.269964984849637334e-03 2.892211620190893759e-04
1.410947500000000021e+00 1.256091276279867885e-03 2.846847469060396758e-04
1.418002200000000101e+00 1.242252742139614849e-03 2.802020561825149781e-04
1.425092199999999920e+00 1.228521408934294627e-03 2.758195042248560514e-04
1.432217700000000038e+00 1.214894502415491155e-03 2.714891835186115780e-04
1.439378800000000069e+00 1.201369506431436375e-03 2.672416029418679131e-04
1.446575699999999909e+00 1.187943818684310130e-03 2.630449823393243435e-04
1.453808599999999895e+00 1.174617257389147301e-03 2.589295145240532196e-04
1.461077600000000087e+00 1.161389791634570698e-03 2.548942810445080625e-04
1.468382999999999994e+00 1.148258771773508907e-03 2.509079659349039773e-04
1.475724899999999895e+00 1.135221949199384083e-03 2.470003405973519579e-04
1.483103499999999908e+00 1.122279237173816726e-03 2.431404228096076443e-04
1.490518999999999927e+00 1.109428318656283195e-03 2.393576767798793635e-04
1.497971600000000070e+00 1.096666954794612995e-03 2.356363190782513476e-04
1.505461500000000008e+00 1.083995159228568188e-03 2.319756823239105216e-04
1.512988800000000023e+00 1.071408765524733053e-03 2.283603827006596440e-04
1.520553700000000008e+00 1.058905750980087754e-03 2.248193128254464179e-04
1.528156499999999918e+00 1.046486138601130473e-03 2.213369968338961991e-04
1.535797300000000032e+00 1.034148123458193897e-03 2.178982869705659421e-04
1.543476300000000023e+00 1.021889827048570254e-03 2.145316549721477083e-04
1.551193700000000009e+00 1.009705337314737404e-03 2.112075024817137753e-04
1.558949600000000046e+00 9.975972156494095945e-04 2.079540373074887987e-04
1.566744399999999926e+00 9.855594988504741676e-04 2.047419331852951886e-04
1.574578100000000092e+00 9.735909352607132567e-04 2.015708139185923915e-04
1.582451000000000052e+00 9.616919182301288463e-04 1.984684486097772129e-04
1.590363299999999924e+00 9.498551456686866318e-04 1.954059796867829550e-04
1.598315099999999989e+00 9.380795126576312731e-04 1.923969799906471230e-04
1.606306599999999918e+00 9.263638408488912004e-04 1.894408538370711713e-04
1.614338199999999945e+00 9.147029886888319609e-04 1.865231754353648738e-04
1.622409900000000071e+00 9.030924735508401215e-04 1.836573338517775154e-04
1.630521899999999969e+00 8.915333364589763656e-04 1.808427485104471062e-04
1.638674500000000034e+00 8.800172932236775174e-04 1.780652259518522638e-04
1.646867899999999940e+00 8.686183435500778550e-04 1.753379394918258257e-04
1.655102199999999968e+00 8.571789895611976306e-04 1.726468620766963378e-04
1.663377700000000070e+00 8.457723703721483754e-04 1.700050290363233499e-04
1.671694599999999920e+00 8.343947542585010554e-04 1.674118843376884056e-04
1.680053100000000077e+00 8.230373329149894002e-04 1.648536048100019010e-04
1.688453399999999993e+00 8.116951279895048181e-04 1.623430486662696232e-04
1.696895599999999948e+00 8.003634781860363484e-04 1.598665428294192628e-04
1.705380099999999954e+00 7.890359582266615350e-04 1.574237272323000282e-04
1.713907000000000069e+00 7.777033494681678686e-04 1.550272833711288537e-04
1.722476600000000024e+00 7.663566524470992155e-04 1.526766729529793385e-04
1.731088900000000042e+00 7.549891761856842784e-04 1.503585083595493203e-04
1.739744399999999969e+00 7.435908471103409943e-04 1.480724358727644101e-04
1.748443100000000028e+00 7.321476299090696159e-04 1.458181483366795337e-04
1.757185299999999950e+00 7.206474464695978785e-04 1.436080050406272424e-04
1.765971200000000074e+00 7.090772645026912485e-04 1.414414976988400839e-04
1.774801099999999909e+00 6.974198642526569739e-04 1.392929874915672028e-04
1.783675099999999958e+00 6.856558457618835631e-04 1.371873607022103551e-04
1.792593499999999951e+00 6.737649801862516993e-04 1.351116743221467467e-04
1.801556500000000005e+00 6.617189023566674103e-04 1.330779994434661657e-04
1.810564199999999957e+00 6.494920638686016998e-04 1.310612242552616834e-04
1.819617100000000098e+00 6.370448807706390612e-04 1.290857193421372090e-04
1.828715099999999927e+00 6.243369599224091052e-04 1.271510252266131054e-04
1.837858699999999956e+00 6.113161288494918261e-04 1.252323790419922341e-04
1.847048000000000023e+00 5.979182963989695130e-04 1.233538222998467409e-04
1.856283300000000080e+00 5.840648362935399766e-04 1.214908544393797948e-04
1.865564699999999965e+00 5.696508757782334578e-04 1.196672801117245645e-04
1.874892500000000073e+00 5.545436243525803848e-04 1.178695477193345334e-04
1.884266999999999914e+00 5.385603773936842222e-04 1.160749036763286597e-04
1.893688299999999991e+00 5.214478581622934749e-04 1.143093335851389831e-04
1.903156700000000034e+00 5.028352934946882756e-04 1.125725181714372418e-04
1.912672499999999998e+00 4.821543299480055412e-04 1.108629755168783599e-04
1.922235899999999997e+00 4.584436894076229503e-04 1.091804156957877777e-04
1.931847099999999928e+00 4.298960352108871356e-04 1.075245512225182147e-04
1.941506299999999907e+00 3.923817102276220712e-04 1.058939485473183795e-04
1.951213800000000109e+00 3.320670980044025168e-04 1.042906223563729452e-04
1.959659000000000040e+00 1.106122942876105200e-04 1.029229356554848277e-04
1.960541099999999926e+00 1.065254512880402498e-04 3.287129699767020875e-04
1.960969900000000044e+00 1.552149573137016263e-04 3.284591571636842145e-04
1.970774699999999990e+00 3.282904442476973473e-04 3.229442332890153605e-04
1.980628599999999961e+00 3.653805977235165172e-04 3.175098159341274446e-04
1.990531800000000073e+00 3.814379993551081480e-04 3.121774842792874238e-04
2.000484399999999940e+00 3.864473351759759989e-04 3.069349548415542658e-04
2.010486799999999796e+00 3.817879670628367334e-04 3.017812203690196796e-04
2.020539299999999816e+00 3.619152636442108805e-04 2.967152991756386027e-04
2.029951200000000178e+00 2.600240615906613119e-04 2.920662006292736165e-04
2.030641999999999836e+00 1.862519209239966371e-04 2.917252669820234062e-04
2.031648999999999816e+00 2.593470667089051596e-04 4.302425528655167189e-04
2.040795199999999809e+00 3.752492163152526278e-04 4.236598197200696042e-04
2.050999200000000133e+00 4.116976466867041718e-04 4.164749478635033550e-04
2.061254200000000036e+00 4.337378177422247490e-04 4.094051733151907592e-04
2.071560400000000080e+00 4.494058403349688712e-04 4.024707977338946624e-04
2.081918200000000052e+00 4.613038395805653738e-04 3.956488253118210178e-04
2.092327800000000071e+00 4.706409473443968648e-04 3.889380542798932653e-04
2.102789500000000089e+00 4.780962804425173645e-04 3.823478785475423365e-04
2.113303399999999943e+00 4.840916153146875185e-04 3.758664255238687276e-04
2.123869899999999866e+00 4.889126391824005682e-04 3.695029876080065654e-04
2.134489299999999812e+00 4.927663638943269482e-04 3.632457850292674989e-04
2.145161700000000060e+00 4.958041065541618411e-04 3.570936863307316725e-04
2.155887499999999957e+00 4.981418753787730629e-04 3.510455192031126026e-04
2.166666999999999899e+00 4.998737176963232321e-04 3.451001395565519016e-04
2.177500300000000166e+00 5.010727516929472294e-04 3.392666853139075247e-04
2.188387800000000105e+00 5.017991025047005126e-04 3.335234851065986745e-04
2.199329699999999832e+00 5.021037637983421197e-04 3.278695933500757795e-04
2.210326400000000024e+00 5.020278081531970825e-04 3.223141309273596972e-04
2.221378000000000075e+00 5.016070557735224618e-04 3.168459950414178120e-04
2.232484900000000216e+00 5.008700529101617598e-04 3.114842123014214528e-04
2.243647300000000122e+00 4.998425409602132727e-04 3.062076958890911065e-04
2.254865600000000025e+00 4.985454551346414328e-04 3.010254045426550293e-04
2.266139900000000207e+00 4.969982404688155558e-04 2.959264697334493613e-04
2.277470600000000012e+00 4.952129425041167186e-04 2.909197692246745688e-04
2.288857900000000001e+00 4.932032461460971037e-04 2.859945364009314032e-04
2.300302199999999964e+00 4.909758250586772430e-04 2.811595695414764902e-04
2.311803700000000017e+00 4.885373078123504123e-04 2.764042165551394399e-04
2.323362799999999950e+00 4.858886259672363451e-04 2.717275995292224187e-04
2.334979600000000044e+00 4.830264042218297888e-04 2.671288837908785828e-04
2.346654500000000088e+00 4.799438249983123232e-04 2.626167088953765033e-04
2.358387800000000034e+00 4.766238726500658359e-04 2.581711807659549038e-04
2.370179700000000000e+00 4.730416042139336057e-04 2.538104322193772432e-04
2.382030600000000220e+00 4.691522728246446815e-04 2.495241232209293282e-04
2.393940699999999921e+00 4.648856088117944403e-04 2.453114446809453965e-04
2.405910399999999782e+00 4.601171538921232872e-04 2.411623059977825115e-04
2.417940000000000200e+00 4.546162989709598857e-04 2.370944846926122216e-04
2.430029699999999959e+00 4.478745942724884389e-04 2.330887027391914386e-04
2.442179799999999901e+00 4.384175660813244757e-04 2.291534367187123607e-04
2.454390699999999814e+00 4.158543163757894511e-04 2.252878932072988820e-04
2.454905000000000115e+00 4.133049320719395128e-04 2.251226163900417541e-04
2.459495099999999823e+00 4.120335871713469347e-04 2.619640112751951883e-04
2.466662700000000097e+00 4.281396139201662922e-04 2.593496560375522174e-04
2.478995999999999977e+00 4.359881033503000525e-04 2.549291878510981596e-04
2.491391000000000133e+00 4.389485212792401908e-04 2.505820816234149030e-04
2.503847899999999793e+00 4.400676931752082457e-04 2.463075495363838173e-04
2.516367199999999915e+00 4.401858303408767866e-04 2.421136422946832507e-04
2.528948999999999891e+00 4.396621401706819255e-04 2.379818293956782597e-04
2.541593799999999792e+00 4.386831914656164066e-04 2.339289938986089767e-04
2.554301699999999897e+00 4.373560815668854260e-04 2.299106059388026323e-04
2.567073199999999833e+00 4.357306448745743173e-04 2.259350923884444130e-04
2.579908599999999996e+00 4.338431530590848291e-04 2.220366563999048078e-04
2.592808199999999896e+00 4.317689696318288933e-04 2.183090154057117267e-04
2.605772200000000094e+00 4.295610430246041321e-04 2.146557634368136960e-04
2.618801100000000215e+00 4.272299594476329401e-04 2.110589958253949886e-04
2.631895099999999932e+00 4.247882014838921783e-04 2.075350684267499544e-04
2.645054500000000086e+00 4.222428667726672315e-04 2.040662764234386440e-04
2.658279799999999859e+00 4.195910066579463583e-04 2.006268549434084671e-04
2.671571199999999813e+00 4.168340971223504052e-04 1.972583394573945812e-04
2.684929100000000179e+00 4.139742471602870870e-04 1.939515919679459216e-04
2.698353700000000188e+00 4.110054827944728431e-04 1.906976619563898021e-04
2.711845499999999909e+00 4.079180203886962177e-04 1.875041929814742379e-04
2.725404699999999902e+00 4.046873531422659010e-04 1.843623283022720674e-04
2.739031699999999958e+00 4.012715574363392491e-04 1.812796478183248189e-04
2.752726899999999866e+00 3.975796945111857673e-04 1.782554744576218657e-04
2.766490500000000186e+00 3.933976501904316880e-04 1.752810902939062269e-04
2.780323000000000100e+00 3.879583898228822951e-04 1.723559444306123952e-04
2.788318900000000156e+00 3.823632928699702304e-04 1.706941397937652299e-04
2.794224600000000169e+00 3.787479834801379562e-04 1.810585083136281414e-04
2.796081200000000155e+00 3.808211660167924273e-04 1.806432209122173639e-04
2.808195700000000183e+00 3.838066790089951800e-04 1.779900162285032097e-04
2.822236699999999932e+00 3.834483771873764850e-04 1.749791752951269583e-04
2.836347899999999811e+00 3.821243694193788925e-04 1.720253337338227973e-04
2.850529600000000219e+00 3.803591029759777697e-04 1.691122006968262266e-04
2.864782299999999893e+00 3.783327752418311749e-04 1.662549246144879038e-04
2.879106199999999838e+00 3.761277287847508352e-04 1.634528759761115187e-04
2.893501699999999843e+00 3.737889731259732011e-04 1.606900067947143762e-04
2.907969200000000143e+00 3.713405925777546663e-04 1.579735854423169124e-04
2.922509100000000082e+00 3.687954047391162949e-04 1.553107313566254365e-04
2.937121600000000221e+00 3.661584060282988191e-04 1.527312025955883889e-04
2.951807200000000186e+00 3.634785392422696846e-04 1.502414805709184685e-04
2.966566199999999931e+00 3.607608783870828052e-04 1.477953021516121516e-04
2.981399099999999969e+00 3.579991820863298048e-04 1.453996559759079734e-04
2.996306099999999972e+00 3.551908543742129444e-04 1.430390756630749236e-04
3.011287600000000175e+00 3.521054728238490476e-04 1.406243385554526890e-04
3.026343999999999923e+00 3.486052742729711836e-04 1.382227205516046759e-04
3.041475800000000174e+00 3.439134663642400848e-04 1.358635070853625340e-04
3.042281099999999849e+00 3.435502262540693287e-04 1.357395914300889132e-04
3.054718999999999962e+00 3.414644566857495830e-04 1.397344944062223432e-04
3.056683099999999875e+00 3.416566339460241713e-04 1.394331569836117701e-04
3.071966600000000103e+00 3.410936993602152966e-04 1.370772535358526743e-04
3.087326399999999804e+00 3.394691919819434298e-04 1.347702355745569443e-04
3.102762999999999938e+00 3.375118382981137882e-04 1.324971529765102049e-04
3.118276799999999849e+00 3.353874230411166561e-04 1.302648037344238216e-04
3.133868200000000215e+00 3.331624364606652639e-04 1.280656163899898182e-04
3.149537599999999937e+00 3.308709977941754442e-04 1.259063247690115261e-04
3.165285299999999857e+00 3.285331572713537569e-04 1.237864842708120061e-04
3.181111700000000209e+00 3.261623444585723007e-04 1.216986407487613401e-04
3.197017199999999892e+00 3.237666634401161750e-04 1.196424582309128538e-04
3.213002299999999867e+00 3.213500800014206134e-04 1.176106601656815682e-04
3.229067300000000085e+00 3.189169364247151483e-04 1.156168347010422384e-04
3.245212700000000172e+00 3.164723190537618055e-04 1.136536766308285330e-04
3.261438699999999802e+00 3.140188682105442579e-04 1.117208688426688933e-04
3.277745900000000212e+00 3.115595155825895239e-04 1.098248859136992362e-04
3.294134699999999860e+00 3.090966719381100483e-04 1.079585390657267343e-04
3.310605300000000195e+00 3.066322497236571593e-04 1.061215197624029401e-04
3.327158400000000071e+00 3.041684481529971940e-04 1.043202078039507275e-04
3.343794100000000213e+00 3.017057313656602933e-04 1.025475346988273349e-04
3.360513099999999920e+00 2.992461912354308392e-04 1.008031848475572135e-04
3.377315700000000032e+00 2.967901841742088252e-04 9.909346015589692868e-05
3.394202299999999894e+00 2.943397525769999743e-04 9.740482240836016725e-05
3.411173300000000186e+00 2.918947432010521401e-04 9.575014543843441762e-05
3.428229099999999807e+00 2.894566913487650215e-04 9.412253190065113261e-05
3.445370299999999997e+00 2.870262108010061667e-04 9.252168394204429312e-05
3.462597099999999983e+00 2.846035486730564504e-04 9.094731725731293145e-05
3.479910100000000117e+00 2.821896940810118132e-04 8.940554695922787087e-05
3.497309700000000188e+00 2.797852284083728416e-04 8.788324141803794374e-05
3.514796200000000148e+00 2.773907274961802394e-04 8.638656073250556265e-05
3.532370199999999905e+00 2.750063034713073310e-04 8.492153284275186405e-05
3.550032100000000135e+00 2.726324875909641606e-04 8.347522447987186154e-05
3.567782199999999904e+00 2.702701936102886349e-04 8.205995724960124917e-05
3.585621100000000006e+00 2.679198709029283676e-04 8.066292367181250600e-05
3.603549199999999786e+00 2.655808414352440875e-04 7.929632298241875846e-05
3.621567000000000203e+00 2.632546957349798109e-04 7.794747945708249324e-05
3.639674799999999877e+00 2.609411284931875468e-04 7.662234915033853673e-05
3.657873200000000047e+00 2.586401716674796873e-04 7.532676123028910712e-05
3.676162600000000058e+00 2.563529785208902936e-04 7.404823359083010281e-05
3.694543400000000144e+00 2.540792103166339996e-04 7.279263483382075587e-05
3.713016099999999931e+00 2.518192422766140498e-04 7.155970752746301973e-05
3.731581199999999932e+00 2.495734336224234538e-04 7.034322117268543208e-05
3.750239099999999937e+00 2.473421411412400303e-04 6.915490562549807783e-05
3.768990300000000016e+00 2.451249981663779416e-04 6.798258895478861204e-05
3.787835199999999958e+00 2.429230386734233013e-04 6.683199985602532387e-05
3.806774400000000114e+00 2.407358669131938239e-04 6.570289025749447541e-05
3.825808299999999829e+00 2.385637996294556534e-04 6.459501790276858310e-05
3.844937299999999780e+00 2.364068049830078363e-04 6.350234334684641340e-05
3.864161999999999875e+00 2.342654862271893648e-04 6.243048231620780292e-05
3.883482799999999902e+00 2.321397902432339089e-04 6.137345688567037965e-05
3.902900199999999931e+00 2.300299750274958921e-04 6.033683025555006054e-05
3.922414700000000032e+00 2.285864539084801349e-04 5.932036850848324428e-05
3.942026799999999831e+00 2.265029863786953098e-04 5.828990108113219209e-05
3.961736900000000006e+00 2.244327085691798609e-04 5.728510463647816373e-05
3.981545600000000018e+00 2.223752964993135973e-04 5.629446299297340085e-05
4.001453299999999658e+00 2.203313838531910829e-04 5.531950537609288599e-05
4.021460600000000163e+00 2.183012508341538314e-04 5.436283512390989832e-05
4.041567900000000435e+00 2.162845823323532551e-04 5.342314265836496586e-05
4.061775700000000100e+00 2.146945436668789599e-04 5.250023878269323923e-05
4.082084599999999952e+00 2.127036023730832575e-04 5.157809381171428312e-05
4.102495000000000225e+00 2.107251757188978870e-04 5.067252183782576405e-05
4.123007499999999936e+00 2.087598404614032842e-04 4.978387718656175094e-05
4.143622599999999601e+00 2.068075846044586605e-04 4.891143012830814703e-05
4.164340700000000339e+00 2.048689734922787091e-04 4.805446452986092512e-05
4.185162400000000282e+00 2.029442469863435006e-04 4.721333976319236315e-05
4.206088199999999944e+00 2.010333641101368009e-04 4.638734707797880597e-05
4.227118599999999837e+00 1.991365591382899343e-04 4.557684487706313239e-05
4.248254199999999869e+00 1.972537720193278505e-04 4.478060690700806298e-05
4.269495499999999666e+00 1.953852223787800365e-04 4.399899729489491548e-05
4.290842999999999741e+00 1.935313864035558950e-04 4.323133185386335867e-05
4.312297199999999719e+00 1.916916575984998420e-04 4.247745528845458808e-05
4.333858700000000397e+00 1.898664921151851513e-04 4.173772722745928580e-05
4.355527999999999622e+00 1.880558139703338851e-04 4.101096362014755207e-05
4.377305599999999686e+00 1.862595470774109675e-04 4.029753041986773392e-05
4.399192099999999606e+00 1.844778617342506368e-04 3.959727694512847206e-05
4.421188100000000176e+00 1.827106661715729736e-04 3.890904524088514464e-05
4.443293999999999855e+00 1.809581352774094706e-04 3.823370787779189030e-05
4.465510499999999716e+00 1.792201621542389111e-04 3.757061799610303008e-05
4.487838100000000274e+00 1.774966568626096025e-04 3.691914176503075499e-05
4.510277199999999986e+00 1.757875374431131280e-04 3.627964601463627183e-05
4.532828600000000208e+00 1.740929310060706169e-04 3.565150180016536592e-05
4.555492799999999676e+00 1.724127416986890812e-04 3.503458314739844930e-05
4.578270200000000401e+00 1.707471167607194302e-04 3.442876593491283477e-05
4.601161600000000185e+00 1.690956985922587139e-04 3.383440874112256084e-05
4.624167400000000150e+00 1.674584002357437391e-04 3.324993583968069178e-05
4.647288200000000202e+00 1.658355770963667881e-04 3.267667879897957371e-05
4.670524699999999640e+00 1.642268817795650105e-04 3.211307632764419254e-05
4.693877299999999586e+00 1.626324457888927088e-04 3.155997411823799819e-05
4.717346700000000226e+00 1.610521496070290381e-04 3.101677978549220906e-05
4.740933400000000297e+00 1.594858885213956820e-04 3.048291279035193372e-05
4.764638099999999987e+00 1.579335450888517890e-04 2.995920561643343127e-05
4.788461299999999810e+00 1.563950162341686955e-04 2.944414604072336276e-05
4.812403599999999670e+00 1.548706189145409142e-04 2.893903010684497379e-05
4.836465600000000364e+00 1.533598105902943157e-04 2.844236081382640075e-05
4.860647900000000021e+00 1.518629016812787455e-04 2.795496345119465208e-05
4.884951199999999716e+00 1.503795606186461152e-04 2.747581946804830323e-05
4.909375899999999682e+00 1.489098929856348121e-04 2.700574790205452009e-05
4.933922800000000386e+00 1.476622649168236228e-04 2.653650964679621225e-05
4.958592399999999678e+00 1.462183100477226728e-04 2.607441995215092616e-05
4.983385400000000409e+00 1.447868801377198591e-04 2.562029807940868881e-05
5.008302300000000429e+00 1.433676946885359285e-04 2.517450197122035791e-05
5.033343799999999924e+00 1.419610539936797173e-04 2.473693746150947053e-05
5.058510499999999688e+00 1.405666709002151120e-04 2.430707095200625983e-05
5.083803099999999908e+00 1.391848336003124358e-04 2.388481658939429927e-05
5.109222100000000211e+00 1.378154488387438488e-04 2.347052666844027816e-05
5.134768199999999894e+00 1.364582260463661145e-04 2.306237334231827995e-05
5.160442100000000032e+00 1.351132535486017296e-04 2.266072465375846390e-05
5.186244300000000251e+00 1.337802567623309707e-04 2.226637143527847965e-05
5.212175499999999850e+00 1.324595032812958431e-04 2.187923152416144373e-05
5.238236399999999904e+00 1.311507078693111982e-04 2.149879784701580333e-05
5.264427600000000318e+00 1.298539543792763507e-04 2.112542007813555109e-05
5.290749700000000111e+00 1.285689678247878883e-04 2.075859721007666624e-05
5.317203400000000357e+00 1.272959995543717336e-04 2.039825630153413452e-05
5.343789499999999748e+00 1.260345923438479826e-04 2.004474197806197839e-05
5.370508400000000293e+00 1.247850067161361163e-04 1.969756234303938743e-05
5.397360899999999795e+00 1.235469633950699226e-04 1.935623295016773005e-05
5.424347700000000216e+00 1.223203633226178759e-04 1.902151182588654696e-05
5.451469499999999968e+00 1.211054403383439129e-04 1.869168706234555893e-05
5.478726799999999564e+00 1.199017674879937473e-04 1.836792962241229839e-05
5.506120499999999751e+00 1.187094022950005532e-04 1.804936041817749716e-05
5.533651100000000156e+00 1.175282531590511804e-04 1.773713320867674137e-05
5.561319300000000077e+00 1.163582205853232003e-04 1.742997183066872285e-05
5.589125899999999980e+00 1.152705719120574113e-04 1.712822023800508189e-05
5.617071600000000053e+00 1.141225430696616038e-04 1.682903952406845376e-05
5.645156899999999922e+00 1.129850242862079628e-04 1.653517710768620655e-05
5.673382700000000334e+00 1.118579211747577126e-04 1.624657312151735653e-05
5.701749600000000306e+00 1.107413039247176029e-04 1.596316912708630104e-05
5.730258400000000307e+00 1.096350793094145348e-04 1.568490664430805860e-05
5.758909599999999962e+00 1.085391664307545255e-04 1.541172854699747889e-05
5.787704200000000299e+00 1.074534661490044363e-04 1.514319160967529243e-05
5.816642700000000055e+00 1.063778990504662915e-04 1.487962883520718712e-05
5.845725899999999697e+00 1.053125195610842165e-04 1.462098381465040803e-05
5.874954599999999694e+00 1.042572344276344512e-04 1.436682112628356970e-05
5.904329299999999670e+00 1.032119619108410442e-04 1.411709179675663357e-05
5.933850999999999765e+00 1.021764633452770961e-04 1.387212185695144353e-05
5.963520199999999605e+00 1.011509400848153913e-04 1.363148369117545449e-05
5.993337799999999937e+00 1.001350201120475687e-04 1.339512872314429713e-05
6.023304500000000061e+00 9.912889396580661734e-05 1.316300928252363197e-05
6.053421000000000163e+00 9.813247284419006019e-05 1.293470977015371412e-05
6.083688200000000101e+00 9.714552910599419920e-05 1.271092148042881691e-05
6.114106600000000391e+00 9.619173654710667259e-05 1.249049885240713206e-05
6.144677100000000003e+00 9.522366179533071451e-05 1.227376925858086067e-05
6.175400500000000292e+00 9.426467975534603679e-05 1.206105338198965022e-05
6.206277499999999669e+00 9.331484174274497201e-05 1.185194671868165340e-05
6.237308900000000378e+00 9.237419162572205178e-05 1.164640962241702350e-05
6.268495399999999940e+00 9.144239541936555497e-05 1.144475870545119297e-05
6.299837899999999991e+00 9.051974549568837986e-05 1.124659559596312160e-05
6.331337099999999829e+00 8.960578771565806222e-05 1.105223410585754990e-05
6.362993799999999922e+00 8.870068971929379151e-05 1.086092990728779027e-05
6.394808799999999849e+00 8.780436895663063001e-05 1.067334777249340603e-05
6.426782799999999796e+00 8.691662701252101156e-05 1.048909818978214702e-05
6.458916699999999622e+00 8.603750202777402361e-05 1.030814383782225143e-05
6.491211299999999795e+00 8.516679686603647183e-05 1.013010439295780416e-05
6.523667399999999894e+00 8.430455164667178115e-05 9.955632103511484349e-06
6.556285700000000105e+00 8.345069041122926776e-05 9.784005641108833011e-06
6.589067100000000288e+00 8.260513281722519426e-05 9.615532511556670449e-06
6.622012500000000301e+00 8.176779944821519267e-05 9.450177048464201504e-06
6.655122500000000052e+00 8.093850772712537437e-05 9.287569288549326490e-06
6.688398099999999680e+00 8.011729088805443996e-05 9.128012448426410728e-06
6.721840099999999651e+00 7.930407430311093068e-05 8.971140219514502908e-06
6.755449300000000434e+00 7.849878406679404094e-05 8.816923280410841454e-06
6.789226600000000111e+00 7.770134469625304728e-05 8.665660873546663780e-06
6.823172699999999757e+00 7.691168605673439479e-05 8.516992629373909343e-06
6.857288600000000400e+00 7.612973190399143593e-05 8.371214951392842997e-06
6.891574999999999562e+00 7.535541350351761313e-05 8.227647743537658270e-06
6.926032900000000048e+00 7.458855336807534574e-05 8.086911501086396225e-06
6.960663099999999659e+00 7.382928866575494224e-05 7.948332985401839523e-06
6.995466399999999751e+00 7.307744668433171305e-05 7.812526995196985072e-06
7.030443700000000185e+00 7.233285735129448956e-05 7.678827078059375567e-06
7.065595899999999929e+00 7.159555291184060164e-05 7.547842042392743566e-06
7.100923899999999733e+00 7.086546454587448513e-05 7.418912278044281284e-06
7.136428500000000064e+00 7.014252612487434640e-05 7.292328425189752880e-06
7.172110700000000172e+00 6.942666824283604812e-05 7.167753097696176183e-06
7.207971200000000245e+00 6.871782803531483429e-05 7.045783693324537690e-06
7.244011099999999814e+00 6.801584158998805229e-05 6.925466029233978799e-06
7.280231099999999955e+00 6.732083622259309543e-05 6.807702657664562419e-06
7.316632300000000200e+00 6.663255640636596324e-05 6.691853820734572407e-06
7.353215500000000127e+00 6.595094269849109063e-05 6.577898934118299901e-06
7.389981500000000203e+00 6.527602645789833472e-05 6.466119322091034247e-06
7.426931399999999961e+00 6.460774129352806698e-05 6.356489991737947649e-06
7.464066100000000148e+00 6.394602508377158123e-05 6.248388884091779498e-06
7.501386400000000343e+00 6.329073035538612636e-05 6.142395139708327166e-06
7.538893400000000078e+00 6.264179542085775935e-05 6.038188637054671131e-06
7.576587800000000428e+00 6.199925181433095717e-05 5.936044289275530966e-06
7.614470800000000317e+00 6.136303486537384127e-05 5.835352420090157183e-06
7.652543099999999932e+00 6.073292026243034701e-05 5.736681137766203277e-06
7.690805799999999692e+00 6.010901807038819317e-05 5.639427053859938703e-06
7.729259899999999739e+00 5.949118623587127151e-05 5.544152566330298263e-06
7.767906199999999650e+00 5.887937140606604798e-05 5.450260652722321882e-06
7.806745699999999566e+00 5.827351764425379180e-05 5.358308276969050547e-06
7.845779399999999626e+00 5.767356959406042308e-05 5.267988553113253053e-06
7.885008299999999970e+00 5.707939313523062799e-05 5.179000461922651567e-06
7.924433399999999850e+00 5.649109349826452858e-05 5.091611542955304330e-06
7.964055499999999732e+00 5.590846192031250015e-05 5.005804002498675728e-06
8.003875799999999430e+00 5.533152168648149892e-05 4.921559953437440339e-06
8.043895199999999690e+00 5.476014530696144767e-05 4.838584658670773619e-06
8.084114700000000653e+00 5.419428289363739925e-05 4.757140642268264221e-06
8.124535200000000401e+00 5.363396107689028495e-05 4.677210662577423853e-06
8.165157900000000524e+00 5.307905203731487108e-05 4.598504374947340370e-06
8.205983700000000880e+00 5.252950864576520095e-05 4.521280656332585311e-06
8.247013600000000721e+00 5.198521036056593937e-05 4.445522655260274334e-06
8.288248700000000468e+00 5.144625412888065373e-05 4.370944589856677913e-06
8.329689899999999980e+00 5.091244975208488864e-05 4.297533984047431696e-06
8.371338400000000846e+00 5.038375023003390798e-05 4.225544676744410981e-06
8.413195099999999371e+00 4.986018233337584897e-05 4.154695401563724937e-06
8.455261000000000138e+00 4.934170020546310378e-05 4.085237695188271199e-06
8.497537299999999405e+00 4.882811948350984497e-05 4.016893049100831769e-06
8.540024999999999977e+00 4.831953456223551691e-05 3.948866224051257229e-06
9.030794000000000210e+00 4.297794010162635236e-05 3.251066062153943596e-06
9.653919000000000139e+00 3.715476665179589741e-05 2.548787224503870555e-06
1.032004000000000055e+01 3.175686228481239943e-05 2.003350492231792830e-06
1.065348000000000006e+01 2.898764831586683415e-05 1.787188006179491705e-06
1.081654999999999944e+01 2.695270144336304482e-05 1.690979160036881286e-06
1.086003000000000007e+01 2.538370903933141946e-05 1.666510343280233213e-06
1.092525000000000013e+01 2.640871054370823719e-05 4.242738053347727272e-06
1.103212000000000081e+01 2.680009322972961826e-05 4.092898221275946845e-06
1.108831999999999951e+01 2.677006016646209317e-05 4.016852937144375376e-06
1.179334000000000060e+01 2.448554007744826173e-05 3.198159192279547051e-06
1.213729999999999976e+01 2.302502998043809190e-05 2.874944059661423935e-06
1.232307999999999915e+01 2.195258711545657580e-05 2.716883169132422611e-06
1.237261999999999951e+01 2.126543791277022826e-05 2.676448666467587220e-06
1.244693000000000005e+01 2.154559207289276940e-05 3.633222647120902404e-06
1.260707999999999984e+01 2.142997227222467297e-05 3.465560538067030492e-06
1.263269999999999982e+01 2.137759999891512708e-05 3.439645594895477380e-06
1.270864000000000082e+01 2.119855894901931473e-05 3.364350153503078119e-06
1.290315999999999974e+01 2.056579432762525850e-05 3.180740434735352313e-06
1.295503000000000071e+01 2.020009373520775662e-05 3.134097966265527273e-06
1.303284000000000020e+01 2.026197006011560344e-05 3.543454820220577594e-06
1.322735999999999912e+01 2.000707488070166577e-05 3.362891468568053743e-06
1.347696999999999967e+01 1.949950569004368014e-05 3.148225090798473340e-06
1.440687999999999924e+01 1.747429486417094791e-05 2.484414795727020105e-06
1.540094999999999992e+01 1.549668037341521900e-05 1.958189229850892820e-06
1.646361999999999881e+01 1.367844910774333973e-05 1.543041684961377630e-06
1.759960999999999842e+01 1.203874491456350700e-05 1.214568258764041542e-06
1.881398000000000081e+01 1.057496579037950990e-05 9.562978238936711085e-07
2.011214999999999975e+01 9.276976320519419176e-06 7.534259836208999036e-07
2.149988000000000099e+01 8.130976402881183945e-06 5.940206452494544639e-07
2.298338000000000036e+01 7.127411425696187373e-06 4.679746019920011954e-07
2.456923000000000101e+01 6.239470829285101227e-06 3.689214430693477429e-07
2.626450000000000173e+01 5.465154548850031946e-06 2.907999796299978672e-07
2.807676000000000016e+01 4.781451982790962298e-06 2.274287815159147360e-07
3.001405000000000101e+01 4.181183980829218786e-06 1.776240241830941495e-07
3.208502000000000010e+01 3.655307622133431283e-06 1.389025417387130628e-07
3.429889000000000010e+01 3.195039997072717398e-06 1.087563967793809205e-07
3.666550999999999760e+01 2.792424834121081056e-06 8.526801517580025330e-08
3.919543000000000177e+01 2.440353818726663151e-06 6.694146535357849479e-08
4.189992000000000161e+01 2.132533037416964466e-06 5.262538600328260375e-08
4.479100999999999999e+01 1.863424254821436160e-06 4.142426204755287140e-08
4.788159000000000276e+01 1.628146322468250643e-06 3.263644291583650430e-08
5.118542000000000058e+01 1.422377601301871202e-06 2.571093252780845006e-08
5.471721000000000146e+01 1.242350828902357847e-06 2.027660016691919289e-08
5.849269999999999925e+01 1.084710498336569531e-06 1.596503588451950762e-08
6.252870000000000061e+01 9.463944657876989147e-07 1.257098350623249679e-08
6.684318000000000382e+01 8.244136008522310738e-07 9.914508959667755711e-09
7.145535999999999888e+01 7.139415615339024927e-07 7.832249284068155952e-09
7.239337999999999340e+01 6.920654123988132962e-07 7.481891995766750100e-09
7.350144000000000233e+01 6.614338974393795634e-07 7.093642162013320829e-09
7.379693000000000325e+01 6.443625360855985774e-07 6.994534785715842055e-09
7.424014999999999986e+01 6.484599845305686460e-07 2.977659051545534635e-08
7.534820999999999458e+01 6.398457530834394702e-07 2.829110089133780342e-08
7.638577999999999690e+01 6.265444220707197841e-07 2.698641529394277404e-08
8.165640000000000498e+01 5.557254495331581347e-07 2.129812776233997308e-08
8.729068999999999789e+01 4.891826315592919427e-07 1.677607800771188676e-08
9.331373999999999569e+01 4.295737178103604290e-07 1.324346086428436564e-08
9.975239000000000544e+01 3.767919479392440207e-07 1.044211907322738631e-08
1.066353000000000009e+02 3.302247672825469863e-07 8.221998794738994375e-09
1.139930999999999983e+02 2.892626825017168569e-07 6.480293220865209039e-09
1.218586999999999989e+02 2.532919070018898854e-07 5.113065835988971102e-09
1.302668999999999926e+02 2.217396336798391961e-07 4.038956762134031599e-09
1.392553000000000054e+02 1.940835687842881618e-07 3.194770000138073113e-09
1.488640000000000043e+02 1.699155659605027593e-07 2.529908766333106385e-09
1.591356000000000108e+02 1.486876846772520019e-07 2.002162786486511741e-09
1.701159000000000106e+02 1.301009956384832612e-07 1.587580843016177030e-09
1.818539000000000101e+02 1.138316877947874912e-07 1.261459265478062044e-09
1.944018000000000086e+02 9.959324546119855989e-08 1.004786234757799325e-09
2.078155999999999892e+02 8.713365508177636951e-08 8.024512698617334793e-10
2.221547999999999945e+02 7.623182445255116241e-08 6.427270931434266127e-10
2.374834999999999923e+02 6.669349241669728769e-08 5.164469622535603277e-10
2.538699000000000012e+02 5.834853435538629065e-08 4.164299516381123092e-10
2.713869000000000256e+02 5.104781956242216777e-08 3.370488462255783647e-10
2.901125999999999863e+02 4.466069465196601124e-08 2.738969863173920548e-10
3.101304000000000087e+02 3.907292608056873975e-08 2.235399997900608992e-10
3.315294000000000096e+02 3.418446105370310808e-08 1.837752929576346794e-10
3.544048999999999978e+02 2.990823054829970584e-08 1.521134398304360917e-10
3.788587999999999738e+02 2.616740695412437730e-08 1.264629473291618394e-10
4.050000999999999749e+02 2.289476392565664787e-08 1.055986502440931520e-10
4.329451000000000249e+02 2.003168354717826973e-08 8.856961507834248416e-11
