1.067676000000000069e+00 3.014221409105182544e-04 2.530686125584455333e-05
1.141345000000000054e+00 2.622630562420051321e-04 1.965206135273249953e-05
1.220097999999999905e+00 2.280195908336550721e-04 1.527673277345503370e-05
1.304284999999999917e+00 1.980940677556189368e-04 1.188755495678860037e-05
1.394281000000000104e+00 1.719300271651442275e-04 9.260933039357490914e-06
1.490485999999999978e+00 1.490195473930082989e-04 7.222767217412088827e-06
1.593328999999999995e+00 1.288925555071371418e-04 5.639375390569032118e-06
1.703268999999999922e+00 1.111002308071121279e-04 4.408040165306059143e-06
1.820794999999999941e+00 9.514795294750656544e-05 3.449544603450454536e-06
1.946430000000000105e+00 8.028267619063288001e-05 2.702512622678346130e-06
2.080732999999999944e+00 6.374850814767193052e-05 2.119790281523223493e-06
2.102590000000000181e+00 5.994627166116934077e-05 2.040876065856026440e-06
2.134771999999999892e+00 4.969998190725182278e-05 1.931461511272351467e-06
2.143353999999999981e+00 3.925355908110983628e-05 1.903621026997005754e-06
2.156226999999999894e+00 4.876186518631120788e-05 2.141925335623968052e-05
2.188410000000000188e+00 5.613602908887873878e-05 2.045439266651152707e-05
2.224304000000000059e+00 5.823919069225188156e-05 1.944537905220928916e-05
2.377781000000000144e+00 5.738666659781066438e-05 1.548893836143082613e-05
2.541847999999999885e+00 5.289082881442577202e-05 1.217981575657250769e-05
2.717235000000000067e+00 4.770382540882571438e-05 9.552537243061044094e-06
2.904723999999999862e+00 4.257504844469648108e-05 7.511025707917297648e-06
3.105150000000000077e+00 3.778864181874096753e-05 5.896817383143568777e-06
3.319405999999999857e+00 3.339263266998043902e-05 4.616360868350202700e-06
3.548445000000000071e+00 2.942115197138295206e-05 3.614735260203815072e-06
3.793287999999999993e+00 2.586926613036456761e-05 2.829122049386721772e-06
4.055024000000000406e+00 2.271318661062364240e-05 2.214490902595187145e-06
4.334820999999999813e+00 1.998203603393347607e-05 1.730961764780508915e-06
4.633924000000000376e+00 1.750767635835437751e-05 1.341779837267231939e-06
4.953663999999999845e+00 1.532548112983626176e-05 1.040213920976293034e-06
5.295467000000000368e+00 1.340735640003917610e-05 8.065415273744758086e-07
5.660854999999999748e+00 1.172473167176343922e-05 6.254731554639223920e-07
6.051453000000000415e+00 1.025054698242269222e-05 4.851017127651107654e-07
6.469003999999999976e+00 8.960187511213401802e-06 3.762893996038864556e-07
6.915365000000000428e+00 7.831437947596539686e-06 2.919409027746021494e-07
7.392525000000000013e+00 6.844469546793345171e-06 2.265324660516995587e-07
7.902608999999999995e+00 5.981875842754938964e-06 1.758158444129580830e-07
8.447889999999999233e+00 5.228085694722374217e-06 1.364820381788280804e-07
9.030794000000000210e+00 4.569665693206768805e-06 1.058182212457228114e-07
9.653919000000000139e+00 3.994186737306459355e-06 8.135478715676889544e-08
1.032004000000000055e+01 3.490946538282425293e-06 6.240295978051238256e-08
1.103212000000000081e+01 3.051148579991148862e-06 4.788470019546052084e-08
1.179334000000000060e+01 2.666838229112393759e-06 3.676209445977498163e-08
1.260707999999999984e+01 2.331055259623221456e-06 2.823609431505722904e-08
1.347696999999999967e+01 2.037695463367576454e-06 2.170084666517977521e-08
1.440687999999999924e+01 1.781358978033176861e-06 1.668931384750344951e-08
1.540094999999999992e+01 1.557381262940498492e-06 1.284528315521452042e-08
1.646361999999999881e+01 1.361661471967742257e-06 9.894875605053005136e-09
1.759960999999999842e+01 1.190608882457475837e-06 7.629953221410845018e-09
1.881398000000000081e+01 1.041119528596988374e-06 5.890402013313144462e-09
2.011214999999999975e+01 9.104466071316346146e-07 4.553617538099139407e-09
2.149988000000000099e+01 7.962281603642565391e-07 3.525640491763040503e-09
2.298338000000000036e+01 6.963698161843269712e-07 2.734681838486743626e-09
2.456923000000000101e+01 6.090719112717180953e-07 2.125570435989314326e-09
2.626450000000000173e+01 5.327425576597555532e-07 1.656031928733328436e-09
2.807676000000000016e+01 4.659936758408215447e-07 1.287305063923620074e-09
3.001405000000000101e+01 4.076218774986203697e-07 1.002415270704091546e-09
3.208502000000000010e+01 3.565759102079614850e-07 7.836941736421379398e-10
3.429889000000000010e+01 3.119305666948384938e-07 6.154706614024323980e-10
3.666550999999999760e+01 2.728824147447259397e-07 4.857928725554632461e-10
3.919543000000000177e+01 2.387302732892636625e-07 3.856250310428785854e-10
4.189992000000000161e+01 2.088578749826969165e-07 3.080382106976239055e-10
4.479100999999999999e+01 1.827271408715198465e-07 2.477567315577084714e-10
4.788159000000000276e+01 1.598688395632483345e-07 2.004354277975529787e-10
5.118542000000000058e+01 1.398727921127836655e-07 1.633617985386436871e-10
5.471721000000000146e+01 1.223802668587264225e-07 1.342919984828488067e-10
5.849269999999999925e+01 1.070767598266572512e-07 1.113734011498465510e-10
6.252870000000000061e+01 9.368880514982116948e-08 9.319442030961747309e-11
6.684318000000000382e+01 8.197532013793557058e-08 7.867660801519870703e-11
7.145535999999999888e+01 7.172727171781496891e-08 6.699917682716703252e-11
7.638577999999999690e+01 6.276078927480930894e-08 5.752873041695590807e-11
8.165640000000000498e+01 5.491591873571645357e-08 4.978677977551691347e-11
8.729068999999999789e+01 4.805195150788569989e-08 4.339908967532508726e-11
9.331373999999999569e+01 4.204648028827755768e-08 3.808272718108662842e-11
9.975239000000000544e+01 3.679155758874432917e-08 3.361387888178928996e-11
1.066353000000000009e+02 3.219382250873849642e-08 2.982596143593738220e-11
1.139930999999999983e+02 2.817066814044948236e-08 2.658863195287162766e-11
1.218586999999999989e+02 2.465039192651183005e-08 2.379376391347862456e-11
1.302668999999999926e+02 2.157020544108242793e-08 2.136611017387847620e-11
1.392553000000000054e+02 1.887489302051099306e-08 1.924039752333688438e-11
1.488640000000000043e+02 1.651646183012340536e-08 1.736762080514431733e-11
1.591356000000000108e+02 1.445273754456399434e-08 1.570723469379685283e-11
1.701159000000000106e+02 1.264696478859453201e-08 1.422894919184282929e-11
1.818539000000000101e+02 1.106680354840872637e-08 1.290666503267662254e-11
1.944018000000000086e+02 9.684076041146754874e-09 1.171704325817535899e-11
2.078155999999999892e+02 8.474160277588831827e-09 1.064708944597260957e-11
2.221547999999999945e+02 7.415420311741879783e-09 9.679382770839792737e-12
2.374834999999999923e+02 6.488951124489125768e-09 8.802823570105462749e-12
2.538699000000000012e+02 5.678232495780403750e-09 8.008289825298147617e-12
2.713869000000000256e+02 4.968839162836487890e-09 7.286268417419064282e-12
2.901125999999999863e+02 4.348070949287932067e-09 6.629660233723785987e-12
3.101304000000000087e+02 3.804830687127360504e-09 6.032090620680705942e-12
3.315294000000000096e+02 3.329484702273603328e-09 5.487834138824912331e-12
3.544048999999999978e+02 2.913544686634844246e-09 4.991847913037566006e-12
3.788587999999999738e+02 2.549549599529872754e-09 4.539870175359605282e-12
4.050000999999999749e+02 2.231028241555654916e-09 4.127924292853571586e-12
4.329451000000000249e+02 1.952314012001666374e-09 3.752400679056852012e-12
