1.001667000000000085e+00 1.517815852115695545e-03 9.527124924075332409e-04
1.005692999999999948e+00 1.475866208233049884e-03 9.417222056217447630e-04
1.011733999999999911e+00 1.498826722763975600e-03 9.916806972825318364e-04
1.026834000000000024e+00 1.498738560539684440e-03 9.488943466493689714e-04
1.067676000000000069e+00 1.437925555424993812e-03 8.452404461776661347e-04
1.141345000000000054e+00 1.310555267983019596e-03 6.967372991752565159e-04
1.199813999999999936e+00 1.212390772428957207e-03 6.036315901935154597e-04
1.218178999999999901e+00 1.180502675049888107e-03 5.772814062639402589e-04
1.220097999999999905e+00 1.176589513729831699e-03 5.746175366800343205e-04
1.223076000000000052e+00 1.168776373728367757e-03 5.705226583599285958e-04
1.230421999999999905e+00 1.162342162805568091e-03 5.690058207274793908e-04
1.248785999999999952e+00 1.139092784946727811e-03 5.447601744322950329e-04
1.304284999999999917e+00 1.063845999082421072e-03 4.784420907921607745e-04
1.359358000000000066e+00 9.917884155091756353e-04 4.224299448110644447e-04
1.380163999999999946e+00 9.635903272810124667e-04 4.035225940610266248e-04
1.385712999999999973e+00 9.532222508341244016e-04 3.986720737590908835e-04
1.394281000000000104e+00 9.474592670029108798e-04 3.988593878405268358e-04
1.414841999999999933e+00 9.274240032220922329e-04 3.818191451746261568e-04
1.490485999999999978e+00 8.506293254207744105e-04 3.252226611940933028e-04
1.593328999999999995e+00 7.556680970860163394e-04 2.628536166285825172e-04
1.703268999999999922e+00 6.678202916567049308e-04 2.126670394494515064e-04
1.820794999999999941e+00 5.880344678599342539e-04 1.722450929063167426e-04
1.946430000000000105e+00 5.163001887618427722e-04 1.396837287688919239e-04
2.080732999999999944e+00 4.526102042651183204e-04 1.134561356024193818e-04
2.224304000000000059e+00 3.955625581625020221e-04 9.227971302040515822e-05
2.377781000000000144e+00 3.448531510386922409e-04 7.522385351604849541e-05
2.541847999999999885e+00 2.997681446199241704e-04 6.143190122977215412e-05
2.717235000000000067e+00 2.594815346545062602e-04 5.025778871112069582e-05
2.904723999999999862e+00 2.231472537095967985e-04 4.109460727014489247e-05
3.105150000000000077e+00 1.894515223699517505e-04 3.295631462717637058e-05
3.319405999999999857e+00 1.530271393218234706e-04 2.609471793139870195e-05
3.372964000000000073e+00 1.414027830288358350e-04 2.468348074198750276e-05
3.424590999999999941e+00 1.227064794851222209e-04 2.341868665756448913e-05
3.438358000000000025e+00 1.066212301667276042e-04 2.309557229987765572e-05
3.459009000000000000e+00 1.177035103871591391e-04 5.070422862249870049e-05
3.510635999999999868e+00 1.231703387910042583e-04 5.011871572158812615e-05
3.538975999999999900e+00 1.220611218178646156e-04 4.982470129967299963e-05
3.548445000000000071e+00 1.213382428856603785e-04 4.973028177079744284e-05
3.593144000000000116e+00 1.135687761136505003e-04 4.933152328248267897e-05
3.607588999999999935e+00 1.027277044633506577e-04 4.920980801201148920e-05
3.629255999999999815e+00 1.143215394930552017e-04 7.014617673120829701e-05
3.683424000000000031e+00 1.239922564320814218e-04 6.708923326652001284e-05
3.793287999999999993e+00 1.276386095999597174e-04 6.091228692540179545e-05
4.055024000000000406e+00 1.209224135085817378e-04 4.774053297466529028e-05
4.090323999999999849e+00 1.190614520630166225e-04 4.616583665191702695e-05
4.152930999999999706e+00 1.139308623719246995e-04 4.349419100617586269e-05
4.169626000000000055e+00 1.097409605135081159e-04 4.280988016511181070e-05
4.194669000000000203e+00 1.125202564631384866e-04 4.887876066924382252e-05
4.257276000000000060e+00 1.134718835284721843e-04 4.618987270916778421e-05
4.334820999999999813e+00 1.120063336421093809e-04 4.310627512637240554e-05
4.633924000000000376e+00 1.022896864094737440e-04 3.360217477650421066e-05
4.900882000000000183e+00 9.277991086417291969e-05 2.742117353655037815e-05
4.953663999999999845e+00 9.070399620953935608e-05 2.638334602768718733e-05
4.975895000000000401e+00 8.967311985452126638e-05 2.596255931353203615e-05
4.995898999999999646e+00 8.821355088286019299e-05 2.559127014619225700e-05
5.025903999999999705e+00 8.810255279468711862e-05 2.666498971564769448e-05
5.100918000000000063e+00 8.651225657016211690e-05 2.532353868779324311e-05
5.259561999999999848e+00 8.218156359766634405e-05 2.277583002615528145e-05
5.295467000000000368e+00 8.113663266802310405e-05 2.224753527557387771e-05
5.340065000000000062e+00 7.971057982371448057e-05 2.161331118905916192e-05
5.361532999999999660e+00 7.869507891385711586e-05 2.131677602501653529e-05
5.393734000000000250e+00 7.836182467773111012e-05 2.179995829061914865e-05
5.474237999999999715e+00 7.678073982718643163e-05 2.073024006343968074e-05
5.660854999999999748e+00 7.263841027590776174e-05 1.850108180977551474e-05
6.051453000000000415e+00 6.452123962102258305e-05 1.476444054191502686e-05
6.469003999999999976e+00 5.704561336717646713e-05 1.179104033664694349e-05
6.915365000000000428e+00 5.038646556906421889e-05 9.407808025850756235e-06
7.392525000000000013e+00 4.437307095560858659e-05 7.472817219665831999e-06
7.902608999999999995e+00 3.895396076296852949e-05 5.939923118700951827e-06
8.447889999999999233e+00 3.419394213022133378e-05 4.729536889203777150e-06
9.030794000000000210e+00 2.997437460076198139e-05 3.755306862665011894e-06
9.653919000000000139e+00 2.622247846000982588e-05 2.951195361495603441e-06
1.032004000000000055e+01 2.292284661361502018e-05 2.321961569708443317e-06
1.103212000000000081e+01 2.001375711409164197e-05 1.827909004629575398e-06
1.179334000000000060e+01 1.745480152904980308e-05 1.440654516089757325e-06
1.260707999999999984e+01 1.520848985409947215e-05 1.137754242249791461e-06
1.347696999999999967e+01 1.323481469890476466e-05 9.000740575853747142e-07
1.440687999999999924e+01 1.149365239302789720e-05 7.128044582710043287e-07
1.540094999999999992e+01 9.936116717408620565e-06 5.647544199738935090e-07
1.639844000000000079e+01 8.505907519983260426e-06 4.535151996764584073e-07
1.646361999999999881e+01 8.398575415010154879e-06 4.472898270368650823e-07
1.664943999999999846e+01 7.998778363682186723e-06 4.301602450513594959e-07
1.671637000000000128e+01 7.639727663696260201e-06 4.242022835305924727e-07
1.681677000000000177e+01 7.839892547274018825e-06 9.865462678127431619e-07
1.706775999999999982e+01 7.862293251951661278e-06 9.358954016746386104e-07
1.759960999999999842e+01 7.551246700987284885e-06 8.391515424662533376e-07
1.881398000000000081e+01 6.698419800177952237e-06 6.581135250693958578e-07
1.990743000000000151e+01 5.941395363648338287e-06 5.349865003615091199e-07
2.011214999999999975e+01 5.779815614082026897e-06 5.152851480382982562e-07
2.021212999999999838e+01 5.680296461388080251e-06 5.060007216323001156e-07
2.029338999999999871e+01 5.533183305551530810e-06 4.986062022095924030e-07
2.041526999999999958e+01 5.567398164573204938e-06 6.852806873266580013e-07
2.068251000000000062e+01 5.500503126671137038e-06 6.541518807962820764e-07
2.071997000000000000e+01 5.485215382387890813e-06 6.499333215257382893e-07
2.099907999999999930e+01 5.343376722638779310e-06 6.195877923760332250e-07
2.108350000000000080e+01 5.263230171091552541e-06 6.107722534112520480e-07
2.121011999999999986e+01 5.258980557330239142e-06 6.885910402133715843e-07
2.149988000000000099e+01 5.179506397200259277e-06 6.571129466599282184e-07
2.152668999999999855e+01 5.170417182567964755e-06 6.542900017345439755e-07
2.298338000000000036e+01 4.636466557700099958e-06 5.206182117262233194e-07
2.456923000000000101e+01 4.102894056655193289e-06 4.118882681212547597e-07
2.626450000000000173e+01 3.616148077316813408e-06 3.260634653783154261e-07
2.807676000000000016e+01 3.180215950265104059e-06 2.567506099351514309e-07
3.001405000000000101e+01 2.791492193430842281e-06 2.018310211439596544e-07
3.208502000000000010e+01 2.447500492422121785e-06 1.588319692063405570e-07
3.429889000000000010e+01 2.145642979373359836e-06 1.249994059862831321e-07
3.666550999999999760e+01 1.878641651558684191e-06 9.831218796733014521e-08
3.919543000000000177e+01 1.644174931010780908e-06 7.742180648085772000e-08
4.189992000000000161e+01 1.439148904620727833e-06 6.098352258005005338e-08
4.479100999999999999e+01 1.259220786929642762e-06 4.789161675062112899e-08
4.788159000000000276e+01 1.101222831590372497e-06 3.764463956370927194e-08
5.118542000000000058e+01 9.629063479541381141e-07 2.962580430014816017e-08
5.471721000000000146e+01 8.418773681704276878e-07 2.334391079792599199e-08
5.849269999999999925e+01 7.360081809570283809e-07 1.841712106320573842e-08
6.252870000000000061e+01 6.434150316533728941e-07 1.454982633609606467e-08
6.684318000000000382e+01 5.624409112214604384e-07 1.151033706231480613e-08
7.145535999999999888e+01 4.916292220788993183e-07 9.118586555029513081e-09
7.638577999999999690e+01 4.296966711748070968e-07 7.226335190136766006e-09
8.165640000000000498e+01 3.755422263822843007e-07 5.721047717028566633e-09
8.729068999999999789e+01 3.281113679771710630e-07 4.515049116706652195e-09
9.331373999999999569e+01 2.865390782921681473e-07 3.563999711562120090e-09
9.975239000000000544e+01 2.500063195909794281e-07 2.814396780661105749e-09
1.066353000000000009e+02 2.175626806514834846e-07 2.227931547119504668e-09
1.103494000000000028e+02 2.016752526820915171e-07 1.978214095499179179e-09
1.120383999999999958e+02 1.934896287964715072e-07 1.876787004668797592e-09
1.124887999999999977e+02 1.893927500378019955e-07 1.851037607938727076e-09
1.131644000000000005e+02 1.897628859141418950e-07 6.771457455204600683e-09
1.139930999999999983e+02 1.884812283802629069e-07 6.602536024117568898e-09
1.148533999999999935e+02 1.864496719928751625e-07 6.432959204426006715e-09
1.218586999999999989e+02 1.677007677622311080e-07 5.240214031617890009e-09
1.302668999999999926e+02 1.475441918661869485e-07 4.158173749224041595e-09
1.392553000000000054e+02 1.295062231187722404e-07 3.298838480575255732e-09
1.488640000000000043e+02 1.135480156981600579e-07 2.618643867815298997e-09
1.591356000000000108e+02 9.949293617298172598e-08 2.080496841156149088e-09
1.701159000000000106e+02 8.714116008927202893e-08 1.653071963061457077e-09
1.818539000000000101e+02 7.630019947832509925e-08 1.315101536435697531e-09
1.944018000000000086e+02 6.679400750461096595e-08 1.047794488408530663e-09
2.078155999999999892e+02 5.846340813595880998e-08 8.361287902473189107e-10
2.221547999999999945e+02 5.116626968791062762e-08 6.684951382978111702e-10
2.374834999999999923e+02 4.477611015458267781e-08 5.356591370343012681e-10
2.538699000000000012e+02 3.918190838841709938e-08 4.304848888417661076e-10
2.713869000000000256e+02 3.428529405097381415e-08 3.468123493452781071e-10
2.901125999999999863e+02 2.999975511539621710e-08 2.801609103300310674e-10
3.101304000000000087e+02 2.624937063499508814e-08 2.269839436934232675e-10
3.315294000000000096e+02 2.296748757696166308e-08 1.844817382467817885e-10
3.544048999999999978e+02 2.009577792243571613e-08 1.504477091885340267e-10
3.788587999999999738e+02 1.758305202508131332e-08 1.231387539035469848e-10
4.050000999999999749e+02 1.538447076146578637e-08 1.011744344603376546e-10
4.329451000000000249e+02 1.346080270239269159e-08 8.346626570822595887e-11
