1.000121100000000096e+00 1.265297790336460636e-03 5.589976019761416651e-04
1.005121699999999896e+00 1.255242551356744495e-03 5.502156621450382925e-04
1.010147300000000081e+00 1.245138011538980943e-03 5.415734919663660286e-04
1.015198000000000045e+00 1.235009403866386100e-03 5.330805837268178709e-04
1.020273999999999903e+00 1.224867725381904859e-03 5.247243172507032056e-04
1.025375399999999937e+00 1.214725972403834587e-03 5.165032314237634785e-04
1.030502299999999982e+00 1.204596661205577972e-03 5.084266961884276268e-04
1.035654800000000098e+00 1.194483395368342972e-03 5.004715827650822301e-04
1.040833099999999956e+00 1.184391518887766654e-03 4.926580034035092301e-04
1.046037200000000000e+00 1.174330773368760863e-03 4.849631177168962199e-04
1.051267399999999963e+00 1.164301666536964909e-03 4.774068038396050572e-04
1.056523799999999902e+00 1.154309196173929596e-03 4.699664143289792131e-04
1.061806400000000039e+00 1.144356378495945976e-03 4.626407783313609529e-04
1.067115400000000047e+00 1.134447676565559886e-03 4.554495413940843175e-04
1.072451000000000043e+00 1.124581478150568116e-03 4.483703634249455922e-04
1.077813200000000027e+00 1.114764450336346632e-03 4.414021043496820255e-04
1.083202299999999951e+00 1.104998523658291256e-03 4.345538025258324213e-04
1.088618300000000039e+00 1.095284250070034096e-03 4.278241841121303152e-04
1.094061399999999962e+00 1.085616082241330467e-03 4.211609536889326347e-04
1.099531700000000001e+00 1.075998253331266223e-03 4.146041392885718366e-04
1.105029400000000050e+00 1.066429072812936701e-03 4.081525708268832165e-04
1.110554500000000111e+00 1.056912806258618592e-03 4.018152019041125976e-04
1.116107299999999913e+00 1.047449346976368420e-03 3.955707186328617504e-04
1.121687799999999902e+00 1.038040949216907606e-03 3.894380830969092710e-04
1.127296300000000029e+00 1.028685659527441227e-03 3.833962042575897239e-04
1.132932800000000073e+00 1.019389198368664913e-03 3.774540230379047493e-04
1.138597400000000093e+00 1.010148141247342807e-03 3.716104645585064921e-04
1.144290400000000041e+00 1.000965758429578399e-03 3.658643987541574391e-04
1.150011899999999976e+00 9.918421106287816837e-04 3.602147721277822070e-04
1.155761899999999898e+00 9.827791128719268968e-04 3.546509239532389789e-04
1.161540699999999982e+00 9.737747332126731438e-04 3.491814981401004611e-04
1.167348400000000064e+00 9.648290082764921774e-04 3.437959170921726405e-04
1.173185200000000039e+00 9.559467366834033513e-04 3.385027790846637180e-04
1.179051099999999908e+00 9.471230689571139092e-04 3.332916472522208864e-04
1.184946400000000066e+00 9.383625338308239318e-04 3.281710134024845658e-04
1.190871100000000071e+00 9.296635583001369761e-04 3.231305507483877367e-04
1.196825400000000039e+00 9.210258898502051437e-04 3.181693869520819582e-04
1.202809599999999923e+00 9.124506905294883872e-04 3.132866324775358076e-04
1.208823600000000109e+00 9.039365692093198016e-04 3.084907336803816621e-04
1.214867700000000106e+00 8.954861851940017605e-04 3.037623243538294495e-04
1.220942100000000030e+00 8.870976742323877966e-04 2.991189658249627766e-04
1.227046800000000104e+00 8.787725293509594370e-04 2.945415669195729702e-04
1.233182000000000000e+00 8.705089090658658588e-04 2.900475200713881186e-04
1.239347900000000058e+00 8.626956801196218822e-04 2.856268772741944566e-04
1.245544699999999949e+00 8.545503322504393283e-04 2.812698790269902013e-04
1.251772399999999896e+00 8.464687975119302614e-04 2.769848093357200544e-04
1.258031200000000016e+00 8.384492472560611202e-04 2.727708723721270975e-04
1.264321400000000040e+00 8.304940313565798565e-04 2.686184408226526140e-04
1.270642999999999967e+00 8.226001762626695447e-04 2.645444576545966943e-04
1.276996199999999915e+00 8.147714962037851420e-04 2.605305562931419503e-04
1.283381200000000000e+00 8.070047690873464888e-04 2.565761009702876910e-04
1.289798100000000058e+00 7.993010941288769848e-04 2.526891257124189963e-04
1.296247099999999985e+00 7.916586952875186286e-04 2.488516750103619162e-04
1.302728300000000061e+00 7.840759744748103778e-04 2.450718364004461072e-04
1.309242000000000017e+00 7.766964493053840277e-04 2.413489778689199600e-04
1.315788200000000074e+00 7.692319275282864842e-04 2.376910022828289263e-04
1.322367099999999907e+00 7.618274492977731085e-04 2.340887492879249179e-04
1.328978999999999910e+00 7.544825180669363597e-04 2.305499943360360393e-04
1.335623900000000086e+00 7.471982519077439294e-04 2.270657093128113221e-04
1.342302000000000106e+00 7.399729743998599346e-04 2.236270030756050701e-04
1.349013500000000088e+00 7.328063069776493722e-04 2.202499490418500963e-04
1.355758599999999925e+00 7.256991058428432844e-04 2.169338491946680534e-04
1.362537399999999899e+00 7.186498473469386241e-04 2.136616629162586974e-04
1.369350000000000067e+00 7.116606761169269038e-04 2.104411060606411316e-04
1.376196799999999998e+00 7.047285481831228699e-04 2.072715889329233450e-04
1.383077799999999913e+00 6.978544854557906145e-04 2.041606496411839703e-04
1.389993199999999929e+00 6.910380826944305605e-04 2.010915771616792380e-04
1.396943100000000104e+00 6.842790359887323788e-04 1.980719432548408204e-04
1.403927799999999948e+00 6.775768458837708435e-04 1.951011946316581086e-04
1.410947500000000021e+00 6.709311170293648678e-04 1.921787978655987192e-04
1.418002200000000101e+00 6.643427706714555292e-04 1.893042512684890634e-04
1.425092199999999920e+00 6.578101685507568939e-04 1.864691934195440595e-04
1.432217700000000038e+00 6.513340246156909367e-04 1.836810062594665968e-04
1.439378800000000069e+00 6.449129158251835740e-04 1.809391874303528647e-04
1.446575699999999909e+00 6.385464545497702548e-04 1.782355189446005114e-04
1.453808599999999895e+00 6.322353274144363634e-04 1.755772786111893253e-04
1.461077600000000087e+00 6.259792064236828664e-04 1.729639764230590153e-04
1.468382999999999994e+00 6.197765429838409919e-04 1.703875102446643982e-04
1.475724899999999895e+00 6.136280844444142032e-04 1.678550672108633512e-04
1.483103499999999908e+00 6.075334232981528760e-04 1.653661582044814861e-04
1.490518999999999927e+00 6.014911362055994299e-04 1.629053388309060406e-04
1.497971600000000070e+00 5.955028707443716035e-04 1.604946804991602075e-04
1.505461500000000008e+00 5.895662007931752992e-04 1.581113784195980435e-04
1.512988800000000023e+00 5.836828169699865339e-04 1.557699299744835352e-04
1.520553700000000008e+00 5.778493566736632231e-04 1.534625339976712112e-04
1.528156499999999918e+00 5.720673507302919195e-04 1.511888254133044818e-04
1.535797300000000032e+00 5.663355269470016088e-04 1.489484625553728946e-04
1.543476300000000023e+00 5.606535275272015416e-04 1.467483199466044868e-04
1.551193700000000009e+00 5.550209970503763249e-04 1.445735694691238204e-04
1.558949600000000046e+00 5.494376529143262878e-04 1.424382887768503537e-04
1.566744399999999926e+00 5.439039246992966124e-04 1.403420132865422010e-04
1.574578100000000092e+00 5.384195763269713315e-04 1.382701578685637239e-04
1.582451000000000052e+00 5.329832598753512759e-04 1.362365775920220637e-04
1.590363299999999924e+00 5.275946317312725899e-04 1.342268168566705059e-04
1.598315099999999989e+00 5.222543020876711664e-04 1.322546131760811428e-04
1.606306599999999918e+00 5.169619021856727663e-04 1.303125973031073062e-04
1.614338199999999945e+00 5.117160702974606198e-04 1.284004323790841192e-04
1.622409900000000071e+00 5.065174596252243304e-04 1.265109450052841558e-04
1.630521899999999969e+00 5.013648572360205778e-04 1.246575978559422387e-04
1.638674500000000034e+00 4.962587124057661787e-04 1.228263611534765698e-04
1.646867899999999940e+00 4.911986713920205201e-04 1.210305668816549107e-04
1.655102199999999968e+00 4.861827884609673479e-04 1.192226614083280949e-04
1.663377700000000070e+00 4.812074298637622504e-04 1.174029367844283209e-04
1.671694599999999920e+00 4.762707741822112231e-04 1.156050355792164413e-04
1.680053100000000077e+00 4.713726680997951178e-04 1.138420252200138066e-04
1.688453399999999993e+00 4.665129567406553772e-04 1.121002984302961009e-04
1.696895599999999948e+00 4.616923244643405242e-04 1.103928017680380792e-04
1.705380099999999954e+00 4.569097017531919321e-04 1.087125897070563514e-04
1.713907000000000069e+00 4.521657555530635055e-04 1.070528701929619091e-04
1.722476600000000024e+00 4.474594872328941536e-04 1.054263883779094394e-04
1.731088900000000042e+00 4.427915953578249390e-04 1.038263305604512362e-04
1.739744399999999969e+00 4.381609927322840112e-04 1.022459843482193437e-04
1.748443100000000028e+00 4.335668783220225642e-04 1.006532915643907001e-04
1.757185299999999950e+00 4.290061265148323614e-04 9.908026008281501902e-05
1.765971200000000074e+00 4.244786816725727697e-04 9.752670310889491898e-05
1.774801099999999909e+00 4.199844373615407378e-04 9.600499358860024130e-05
1.783675099999999958e+00 4.155226681825865552e-04 9.450226473741196221e-05
1.792593499999999951e+00 4.110946928550647484e-04 9.303076894267496393e-05
1.801556500000000005e+00 4.066990279389206576e-04 9.157776393993731804e-05
1.810564199999999957e+00 4.023356684216618543e-04 9.014923525169286195e-05
1.819617100000000098e+00 3.980051117773367847e-04 8.874490027299768689e-05
1.828715099999999927e+00 3.937060602634044159e-04 8.736450860650970401e-05
1.837858699999999956e+00 3.894383450176104361e-04 8.600778289369142258e-05
1.847048000000000023e+00 3.852019683280721862e-04 8.466843146408055160e-05
1.856283300000000080e+00 3.809968439331565216e-04 8.335228781440147318e-05
1.865564699999999965e+00 3.768223147135863187e-04 8.205910024041599240e-05
1.874892500000000073e+00 3.726783077746595842e-04 8.078266382302111534e-05
1.884266999999999914e+00 3.685641111202880914e-04 7.952872830078772147e-05
1.893688299999999991e+00 3.644791136915789560e-04 7.829704814371613161e-05
1.903156700000000034e+00 3.604226470545804882e-04 7.708737154815380470e-05
1.912672499999999998e+00 3.563953034417792639e-04 7.589362019589447790e-05
1.922235899999999997e+00 3.523958464366235672e-04 7.471563811440264558e-05
1.931847099999999928e+00 3.484236906222816336e-04 7.355904171893775767e-05
1.941506299999999907e+00 3.444776689870809438e-04 7.242359137331646731e-05
1.951213800000000109e+00 3.405590009450641122e-04 7.130904586885605410e-05
1.960969900000000044e+00 3.366664998333161263e-04 7.020379548323015504e-05
1.970774699999999990e+00 3.327996734364857176e-04 6.912475189290682043e-05
1.980628599999999961e+00 3.289573679011255814e-04 6.805470472367479754e-05
1.990531800000000073e+00 3.251385390287038772e-04 6.700479482620056782e-05
2.000484399999999940e+00 3.213433451465933562e-04 6.597479746185713105e-05
2.010486799999999796e+00 3.175707202231292745e-04 6.495893449839575020e-05
2.020539299999999816e+00 3.138202256883855425e-04 6.395706164214726261e-05
2.030641999999999836e+00 3.100904024184540360e-04 6.297453254571101777e-05
2.040795199999999809e+00 3.063814178019922145e-04 6.200566026850791847e-05
2.050999200000000133e+00 3.026912796836865897e-04 6.105574050332657589e-05
2.061254200000000036e+00 2.990197027599731847e-04 6.011914735240639785e-05
2.071560400000000080e+00 2.953653580666721940e-04 5.919574635975379738e-05
2.081918200000000052e+00 2.917274361299392721e-04 5.828539853677296834e-05
2.092327800000000071e+00 2.881052174684663376e-04 5.739330039797142178e-05
2.102789500000000089e+00 2.844964494457730467e-04 5.651393678673008957e-05
2.113303399999999943e+00 2.809005457656574365e-04 5.564718098455725389e-05
2.123869899999999866e+00 2.773158635585730490e-04 5.479814870919137026e-05
2.134489299999999812e+00 2.737413529845064046e-04 5.396140867849652826e-05
2.145161700000000060e+00 2.701745854401429027e-04 5.313683776336671605e-05
2.155887499999999957e+00 2.666146202899650412e-04 5.232430634479087289e-05
2.166666999999999899e+00 2.630586573549531732e-04 5.152883424565816913e-05
2.177500300000000166e+00 2.595054957822252135e-04 5.074100849352398669e-05
2.188387800000000105e+00 2.559515561000093873e-04 4.996738749239312355e-05
2.199329699999999832e+00 2.523953303154267427e-04 4.920629222812262360e-05
2.210326400000000024e+00 2.488334829623527352e-04 4.845758410651098932e-05
2.221378000000000075e+00 2.452624324860634523e-04 4.772063053149538725e-05
2.232484900000000216e+00 2.416786881676306540e-04 4.699480348586011205e-05
2.243647300000000122e+00 2.380785087891620802e-04 4.628098109769608311e-05
2.254865600000000025e+00 2.344564974454441770e-04 4.557804082675746447e-05
2.266139900000000207e+00 2.308071143945387917e-04 4.488636307996839733e-05
2.277470600000000012e+00 2.271245668163285358e-04 4.420582385496156773e-05
2.288857900000000001e+00 2.234011992700460185e-04 4.353581713806323027e-05
2.300302199999999964e+00 2.196412068063443408e-04 4.287622851218268771e-05
2.311803700000000017e+00 2.158080210886886342e-04 4.222694839230905426e-05
2.323362799999999950e+00 2.119017572162352060e-04 4.158834434429259093e-05
2.334979600000000044e+00 2.079072703718791687e-04 4.095934836848557378e-05
2.346654500000000088e+00 2.038054964032381402e-04 4.034080749747887310e-05
2.358387800000000034e+00 1.995712910989601535e-04 3.973166164699231800e-05
2.370179700000000000e+00 1.951733473941022370e-04 3.913181301523817611e-05
2.382030600000000220e+00 1.905692900114040224e-04 3.854162937190623074e-05
2.393940699999999921e+00 1.857011859673710899e-04 3.796054192949815969e-05
2.405910399999999782e+00 1.804869088159423082e-04 3.738891567796220108e-05
2.417940000000000200e+00 1.748016938827124463e-04 3.682572562127609222e-05
2.430029699999999959e+00 1.684454428912079244e-04 3.627180273434179274e-05
2.442179799999999901e+00 1.610634195557261793e-04 3.572658937797774725e-05
2.454390699999999814e+00 1.519259753878530257e-04 3.518953647669777359e-05
2.466662700000000097e+00 1.390823166125257826e-04 3.466101032223027249e-05
2.478995999999999977e+00 1.123683231332011241e-04 3.414092060782657906e-05
2.483324300000000040e+00 7.205033396821110758e-05 3.396064630987223208e-05
2.484675600000000095e+00 7.090213968868381731e-05 9.620330339071233347e-05
2.491391000000000133e+00 1.174000505956836698e-04 9.530854301049167699e-05
2.503847899999999793e+00 1.345261148221861482e-04 9.368111459064247591e-05
2.516367199999999915e+00 1.412346864456162339e-04 9.207637730425111957e-05
2.528948999999999891e+00 1.442292508584407139e-04 9.050292645074062238e-05
2.541593799999999792e+00 1.449386694401005762e-04 8.895600936224670253e-05
2.554301699999999897e+00 1.435969131003383807e-04 8.743534301868274535e-05
2.567073199999999833e+00 1.394056981566419795e-04 8.594497603465701605e-05
2.579908599999999996e+00 1.268904800930257452e-04 8.447591590707161471e-05
2.584860400000000169e+00 1.027890275431260454e-04 8.391727318893182018e-05
2.586339399999999955e+00 1.024000276475493115e-04 1.219070405457237441e-04
2.592808199999999896e+00 1.308953447903686866e-04 1.208418014565041532e-04
2.605772200000000094e+00 1.444997345083947531e-04 1.187302658036990211e-04
2.618801100000000215e+00 1.512414811691456626e-04 1.166580321850789091e-04
2.631895099999999932e+00 1.556692665208108631e-04 1.146204254060050970e-04
2.645054500000000086e+00 1.588586310177305836e-04 1.126170688949773655e-04
2.658279799999999859e+00 1.612509486409920839e-04 1.106517751060277777e-04
2.671571199999999813e+00 1.630760319000308027e-04 1.087241160591415024e-04
2.684929100000000179e+00 1.644654866325209871e-04 1.068253544353724307e-04
2.698353700000000188e+00 1.655199204030811282e-04 1.049593254469422183e-04
2.711845499999999909e+00 1.662964416403651968e-04 1.031256616546943444e-04
2.725404699999999902e+00 1.668406688125626187e-04 1.013240105999595571e-04
2.739031699999999958e+00 1.671871880855438949e-04 9.954994491406434366e-05
2.752726899999999866e+00 1.673627712641880146e-04 9.781127211105078976e-05
2.766490500000000186e+00 1.673894186415531655e-04 9.610355819742451928e-05
2.780323000000000100e+00 1.672839259108366403e-04 9.442645245572708001e-05
2.794224600000000169e+00 1.670605134154155315e-04 9.277961774024407653e-05
2.808195700000000183e+00 1.667308801319909945e-04 9.116271307634926224e-05
2.822236699999999932e+00 1.663049077989905598e-04 8.957145032378446077e-05
2.836347899999999811e+00 1.657901895434552822e-04 8.800948775935228023e-05
2.850529600000000219e+00 1.651935165752509475e-04 8.647258534636502827e-05
2.864782299999999893e+00 1.645200607683379565e-04 8.496825302219369544e-05
2.879106199999999838e+00 1.637735060145888784e-04 8.348836782859428158e-05
2.893501699999999843e+00 1.629568728709633780e-04 8.203266460434177837e-05
2.907969200000000143e+00 1.620714998440176172e-04 8.060471459905035971e-05
2.922509100000000082e+00 1.611168595418398513e-04 7.920038548081404493e-05
2.937121600000000221e+00 1.600909349547403578e-04 7.782322088713471782e-05
2.951807200000000186e+00 1.589886813588054935e-04 7.646912905723802991e-05
2.966566199999999931e+00 1.578009463318811440e-04 7.513785983616898961e-05
2.981399099999999969e+00 1.565125992003987799e-04 7.383289973736759809e-05
2.996306099999999972e+00 1.550963323510382312e-04 7.255022884549802730e-05
3.011287600000000175e+00 1.534550494203669826e-04 7.124887502398850815e-05
3.026343999999999923e+00 1.514936105167067097e-04 6.995499041989395380e-05
3.041475800000000174e+00 1.489558065081626216e-04 6.869054228557651843e-05
3.056683099999999875e+00 1.447083880112879598e-04 6.744424259139804670e-05
3.063241699999999845e+00 1.402439959897530393e-04 6.691404249532250412e-05
3.069558400000000020e+00 1.398043637027375421e-04 7.799956327954492481e-05
3.071966600000000103e+00 1.417952856808281760e-04 7.777147116811721525e-05
3.087326399999999804e+00 1.459150275839360183e-04 7.633368809150547531e-05
3.102762999999999938e+00 1.470910505691822696e-04 7.492625247779440239e-05
3.118276799999999849e+00 1.474828028037617226e-04 7.354165746317624689e-05
3.133868200000000215e+00 1.474900926665722093e-04 7.218321452727632437e-05
3.149537599999999937e+00 1.472628896517703576e-04 7.084708681756063549e-05
3.165285299999999857e+00 1.468740285668568507e-04 6.954007964257458716e-05
3.181111700000000209e+00 1.463647167540890336e-04 6.825483897540970772e-05
3.197017199999999892e+00 1.457599996730587404e-04 6.699461539798493373e-05
3.213002299999999867e+00 1.450749982383135164e-04 6.575565026670401848e-05
3.229067300000000085e+00 1.443236565838766172e-04 6.457224041626029570e-05
3.245212700000000172e+00 1.435310061001250355e-04 6.340928328321147954e-05
3.261438699999999802e+00 1.427007162008210876e-04 6.226655730889218065e-05
3.277745900000000212e+00 1.418365128082016392e-04 6.115063797560966010e-05
3.294134699999999860e+00 1.409420152261981981e-04 6.005443341846682483e-05
3.310605300000000195e+00 1.400203248805890425e-04 5.898109599894406081e-05
3.327158400000000071e+00 1.390739891402248342e-04 5.793035309375242040e-05
3.343794100000000213e+00 1.381053198333796902e-04 5.689861099087945527e-05
3.360513099999999920e+00 1.371155023075991788e-04 5.588896958734690450e-05
3.377315700000000032e+00 1.361043334414650146e-04 5.489126708882183708e-05
3.394202299999999894e+00 1.350714286997711387e-04 5.391196297930854394e-05
3.411173300000000186e+00 1.340162395262178016e-04 5.295085015865906754e-05
3.428229099999999807e+00 1.329376767871313740e-04 5.201097549191878753e-05
3.445370299999999997e+00 1.318327878637565967e-04 5.108561221296354141e-05
3.462597099999999983e+00 1.306961406182131154e-04 5.018105004089861614e-05
3.479910100000000117e+00 1.295182067159161832e-04 4.929383449848348233e-05
3.497309700000000188e+00 1.282800615383992255e-04 4.842376803322678629e-05
3.514796200000000148e+00 1.269399231326583534e-04 4.756748420153679658e-05
3.532370199999999905e+00 1.253763897958596392e-04 4.672798980662087702e-05
3.549010800000000021e+00 1.230173151562362365e-04 4.595285827735561603e-05
3.550032100000000135e+00 1.227399313218169666e-04 4.590509240866392718e-05
3.559389100000000195e+00 1.224348460645664023e-04 4.866923837377693928e-05
3.567782199999999904e+00 1.229724712598738174e-04 4.825787965748636743e-05
3.585621100000000006e+00 1.228616073259516429e-04 4.739591957171528590e-05
3.603549199999999786e+00 1.223366473323983126e-04 4.654752942920368369e-05
3.621567000000000203e+00 1.216560093114250597e-04 4.571872106702734069e-05
3.639674799999999877e+00 1.208903497362893975e-04 4.490619807083883749e-05
3.657873200000000047e+00 1.200696865436952582e-04 4.410672338607727038e-05
3.676162600000000058e+00 1.192090044760023629e-04 4.332319040158125255e-05
3.694543400000000144e+00 1.183164242313694314e-04 4.255239796831549652e-05
3.713016099999999931e+00 1.173963146000066754e-04 4.179721084182129676e-05
3.731581199999999932e+00 1.164488269820592960e-04 4.105744756010208088e-05
3.750239099999999937e+00 1.154791224815463998e-04 4.034779379026996369e-05
3.768990300000000016e+00 1.144877068890310105e-04 3.965010105082181197e-05
3.787835199999999958e+00 1.134654611981119937e-04 3.896423914798129975e-05
3.806774400000000114e+00 1.123926949544653571e-04 3.829300571082910860e-05
3.825808299999999829e+00 1.112129413335350786e-04 3.763622918949095011e-05
3.842420900000000028e+00 1.098780942095044087e-04 3.707309618647916012e-05
3.844937299999999780e+00 1.095761028261967040e-04 3.698794026175218961e-05
3.858978899999999879e+00 1.091118959838627658e-04 3.813322394780484898e-05
3.864161999999999875e+00 1.091249375361687832e-04 3.796089545403207971e-05
3.883482799999999902e+00 1.086974576113273100e-04 3.732130879940663581e-05
3.902900199999999931e+00 1.080490570285322279e-04 3.669285979701451009e-05
3.922414700000000032e+00 1.073245246899390704e-04 3.607826724859500127e-05
3.942026799999999831e+00 1.065617649819652229e-04 3.547170981851334031e-05
3.961736900000000006e+00 1.057771769090291473e-04 3.487873781020389019e-05
3.981545600000000018e+00 1.049790951358159314e-04 3.429638791971438832e-05
4.001453299999999658e+00 1.041715893112423450e-04 3.371618338098475486e-05
4.021460600000000163e+00 1.033566071863263147e-04 3.314644734718425666e-05
4.041567900000000435e+00 1.025364530423343015e-04 3.258706324541031765e-05
4.061775700000000100e+00 1.017132040487748318e-04 3.203516985762451459e-05
4.082084599999999952e+00 1.008877682691444944e-04 3.149342326860106814e-05
4.102495000000000225e+00 1.000615698197684537e-04 3.096442742787658425e-05
4.123007499999999936e+00 9.923543743243652660e-05 3.044261943479909226e-05
4.143622599999999601e+00 9.841017455773794871e-05 2.992792750281495859e-05
4.164340700000000339e+00 9.758616806189011233e-05 2.942563566329983637e-05
4.185162400000000282e+00 9.676404053704088426e-05 2.893026484090170401e-05
4.206088199999999944e+00 9.594426812519396466e-05 2.844439614940346323e-05
4.227118599999999837e+00 9.512718260970816982e-05 2.796528357164766379e-05
4.248254199999999869e+00 9.431309914007195529e-05 2.749548264500178814e-05
4.269495499999999666e+00 9.350232557630755903e-05 2.703488664249451028e-05
4.290842999999999741e+00 9.269503516216104431e-05 2.658338980159368544e-05
4.312297199999999719e+00 9.189151642294537329e-05 2.613571653404103405e-05
4.333858700000000397e+00 9.109192196203809877e-05 2.569904264298666148e-05
4.355527999999999622e+00 9.029640264325802692e-05 2.526913857950345807e-05
4.377305599999999686e+00 8.950522152229362289e-05 2.484644212670612516e-05
4.399192099999999606e+00 8.871839309289914659e-05 2.443112756193729118e-05
4.421188100000000176e+00 8.793616275349710077e-05 2.402286051373776846e-05
4.443293999999999855e+00 8.715865910520829952e-05 2.362156437577575446e-05
4.465510499999999716e+00 8.638587999521217780e-05 2.322716161011587370e-05
4.487838100000000274e+00 8.561794300867481332e-05 2.283957645716115593e-05
4.510277199999999986e+00 8.485507559846227742e-05 2.245848712702890054e-05
4.532828600000000208e+00 8.409726026822657177e-05 2.208382137476644881e-05
4.555492799999999676e+00 8.334470882049663525e-05 2.171575386478576285e-05
4.578270200000000401e+00 8.259741144090273265e-05 2.135396842599074664e-05
4.601161600000000185e+00 8.185555741180064438e-05 2.099815250653093069e-05
4.624167400000000150e+00 8.111934178853630968e-05 2.064775977734732332e-05
4.647288200000000202e+00 8.038779062806789900e-05 2.030009402246603028e-05
4.670524699999999640e+00 7.966079451518547419e-05 1.995847936306442808e-05
4.693877299999999586e+00 7.893856626910174094e-05 1.962237447942377123e-05
4.717346700000000226e+00 7.822109619291735564e-05 1.929219217840825879e-05
4.740933400000000297e+00 7.750858239661959559e-05 1.896763174204943670e-05
4.764638099999999987e+00 7.680110822638988480e-05 1.864839691650091948e-05
4.788461299999999810e+00 7.609856184277465866e-05 1.833443029623762065e-05
4.812403599999999670e+00 7.540122288164425766e-05 1.802613793156491903e-05
4.836465600000000364e+00 7.470887508249462973e-05 1.772276457310998054e-05
4.860647900000000021e+00 7.402178897610879865e-05 1.742448680243405100e-05
4.884951199999999716e+00 7.333993582021192819e-05 1.713147675735253222e-05
4.909375899999999682e+00 7.266320195472147903e-05 1.684322230780520527e-05
4.933922800000000386e+00 7.199174444995264728e-05 1.656012335208204876e-05
4.958592399999999678e+00 7.132562978748789269e-05 1.628167293059341197e-05
4.983385400000000409e+00 7.082793568651968438e-05 1.600401703758798261e-05
5.008302300000000429e+00 7.017061057327709205e-05 1.572872109577095397e-05
5.033343799999999924e+00 6.951774720588777207e-05 1.545776175870717343e-05
5.058510499999999688e+00 6.886951534614213781e-05 1.519153364442391184e-05
5.083803099999999908e+00 6.822589943370026679e-05 1.492998410266430203e-05
5.109222100000000211e+00 6.758706254779775361e-05 1.467306155041244134e-05
5.134768199999999894e+00 6.695289759744384639e-05 1.442071427942504841e-05
5.160442100000000032e+00 6.632364098277059960e-05 1.417267501798637427e-05
5.186244300000000251e+00 6.580264668554527388e-05 1.392674706079554778e-05
5.212175499999999850e+00 6.518194495396980703e-05 1.368398488840290986e-05
5.238236399999999904e+00 6.456567827875210955e-05 1.344542181557947058e-05
5.264427600000000318e+00 6.395407999034200507e-05 1.321122338714263702e-05
5.290749700000000111e+00 6.334696893431929362e-05 1.298112988869295099e-05
5.317203400000000357e+00 6.274456829227677008e-05 1.275509567179520399e-05
5.343789499999999748e+00 6.214677210256140834e-05 1.253307527484636400e-05
5.370508400000000293e+00 6.155372239746636164e-05 1.231502459122489126e-05
5.397360899999999795e+00 6.096531234371573450e-05 1.210089896790734827e-05
5.424347700000000216e+00 6.038167149037772295e-05 1.189065440052717986e-05
5.451469499999999968e+00 5.980277092381675567e-05 1.168404277603903850e-05
5.478726799999999564e+00 5.922851073808614440e-05 1.148102436647625141e-05
5.506120499999999751e+00 5.865900941684440179e-05 1.128176143616328974e-05
5.533651100000000156e+00 5.809424034537542060e-05 1.108601046928789210e-05
5.561319300000000077e+00 5.753417267982615545e-05 1.089373239416795220e-05
5.589125899999999980e+00 5.697877369316336474e-05 1.070508777971235051e-05
5.617071600000000053e+00 5.642808470287749985e-05 1.051963833060843389e-05
5.645156899999999922e+00 5.588214828436111308e-05 1.033734938811465619e-05
5.673382700000000334e+00 5.534078530594534212e-05 1.015857888748238335e-05
5.701749600000000306e+00 5.480410703929440575e-05 9.982895668858425241e-06
5.730258400000000307e+00 5.427214650705268993e-05 9.810265490960864729e-06
5.758909599999999962e+00 5.374473510937129601e-05 9.640848531704445174e-06
5.787704200000000299e+00 5.322197088721324017e-05 9.474222675147050054e-06
5.816642700000000055e+00 5.270375530382173830e-05 9.310741340963859221e-06
5.845725899999999697e+00 5.219011967505654683e-05 9.150177930075952025e-06
5.874954599999999694e+00 5.168102739680754194e-05 8.992499747577116493e-06
5.904329299999999670e+00 5.117651236089191922e-05 8.837486025946390871e-06
5.933850999999999765e+00 5.067646876023530007e-05 8.685482948874394312e-06
5.963520199999999605e+00 5.018092966719704299e-05 8.535895470988958997e-06
5.993337799999999937e+00 4.968985598654351930e-05 8.389255570997132121e-06
6.023304500000000061e+00 4.920321235121961250e-05 8.244974062501514631e-06
6.053421000000000163e+00 4.872096365171016034e-05 8.103393997824620803e-06
6.083688200000000101e+00 4.824313303790411035e-05 7.964484537765806576e-06
6.114106600000000391e+00 4.776968734890732693e-05 7.827850955299910771e-06
6.144677100000000003e+00 4.735653834165572351e-05 7.693105528247472344e-06
6.175400500000000292e+00 4.689136958866261428e-05 7.559868115400333912e-06
6.206277499999999669e+00 4.643035831004880767e-05 7.429203172332340178e-06
6.237308900000000378e+00 4.597347140968965370e-05 7.300723718736584189e-06
6.268495399999999940e+00 4.552067752506535275e-05 7.174583847504127168e-06
6.299837899999999991e+00 4.507199967336901643e-05 7.050580150167910818e-06
6.331337099999999829e+00 4.462740529878187937e-05 6.929041486065080926e-06
6.362993799999999922e+00 4.418686067315831252e-05 6.809413722242529238e-06
6.394808799999999849e+00 4.375033236489784421e-05 6.692025169869108931e-06
6.426782799999999796e+00 4.331778858187074107e-05 6.576850532069013066e-06
6.458916699999999622e+00 4.288930363363153872e-05 6.463519307532975026e-06
6.491211299999999795e+00 4.246473424290323834e-05 6.352355221660637876e-06
6.523667399999999894e+00 4.204410135111306859e-05 6.243162639018402954e-06
6.556285700000000105e+00 4.162737265380576251e-05 6.135749644439809636e-06
6.589067100000000288e+00 4.121451356823577835e-05 6.030435326104731738e-06
6.622012500000000301e+00 4.080554151693596747e-05 5.927027130128876183e-06
6.655122500000000052e+00 4.040037363268997902e-05 5.825336343267058647e-06
6.688398099999999680e+00 3.999902569361885090e-05 5.725510803114506125e-06
6.721840099999999651e+00 3.960146413666446827e-05 5.627363654926933757e-06
6.755449300000000434e+00 3.920765570353803512e-05 5.531041607137034592e-06
6.789226600000000111e+00 3.881756629264564081e-05 5.436359735053293091e-06
6.823172699999999757e+00 3.843116441918869816e-05 5.343463528619937066e-06
6.857288600000000400e+00 3.804841549207891265e-05 5.252169977272265316e-06
6.891574999999999562e+00 3.766933629387033626e-05 5.162461503480873229e-06
6.926032900000000048e+00 3.729384429587764697e-05 5.074481431590580545e-06
6.960663099999999659e+00 3.692195486531658444e-05 4.987889680364313922e-06
6.995466399999999751e+00 3.655358924680442666e-05 4.902990217875154321e-06
7.030443700000000185e+00 3.618880721685631874e-05 4.819446403066839213e-06
7.065595899999999929e+00 3.582748381884931737e-05 4.737401464204485579e-06
7.100923899999999733e+00 3.546967769083032818e-05 4.656838613535795164e-06
7.136428500000000064e+00 3.513318445245542938e-05 4.577428828528637886e-06
7.172110700000000172e+00 3.478209261001498690e-05 4.499160223522455292e-06
7.207971200000000245e+00 3.443437944682915754e-05 4.422330557952271481e-06
7.244011099999999814e+00 3.408996864627267400e-05 4.346923475036323707e-06
7.280231099999999955e+00 3.374883246624162055e-05 4.272769871136432086e-06
7.316632300000000200e+00 3.341098198386240270e-05 4.199855975204623975e-06
7.353215500000000127e+00 3.307634593693815949e-05 4.128319937722963519e-06
7.389981500000000203e+00 3.274493789630421011e-05 4.057995275912382234e-06
7.426931399999999961e+00 3.241672633987589553e-05 3.989018716948150863e-06
7.464066100000000148e+00 3.209168186538875880e-05 3.921225496872665846e-06
7.501386400000000343e+00 3.176977620626735216e-05 3.854454015514801910e-06
7.538893400000000078e+00 3.145097882633267572e-05 3.788989249815765068e-06
7.576587800000000428e+00 3.113526285775425247e-05 3.724669138575663665e-06
7.614470800000000317e+00 3.082259756086502470e-05 3.661480854348234530e-06
7.652543099999999932e+00 3.051299526579821759e-05 3.599411930862754807e-06
7.690805799999999692e+00 3.020638723379258643e-05 3.538449821543037550e-06
7.729259899999999739e+00 2.990930213925584578e-05 3.478437900329252999e-06
7.767906199999999650e+00 2.960860993922705343e-05 3.419222613625213220e-06
7.806745699999999566e+00 2.931082902874190141e-05 3.360938885666035350e-06
7.845779399999999626e+00 2.901593208865233038e-05 3.303718867914599242e-06
7.885008299999999970e+00 2.872392850801430643e-05 3.247550579049892804e-06
7.924433399999999850e+00 2.843471834434288094e-05 3.192281456470181619e-06
7.964055499999999732e+00 2.814831333041540803e-05 3.138041907265795911e-06
8.003875799999999430e+00 2.786468582091783052e-05 3.084680888963888769e-06
8.043895199999999690e+00 2.758384557796993798e-05 3.032327561225986368e-06
8.084114700000000653e+00 2.730576587730683614e-05 2.980832546007603406e-06
8.124535200000000401e+00 2.703038664082311129e-05 2.930323802625228766e-06
8.165157900000000524e+00 2.675768138697958988e-05 2.880653447302810480e-06
8.205983700000000880e+00 2.648765952957472428e-05 2.831812390165877835e-06
8.247013600000000721e+00 2.622029543048607755e-05 2.783656398080048150e-06
8.288248700000000468e+00 2.595556309109839832e-05 2.736447522356569934e-06
8.329689899999999980e+00 2.569343804591430957e-05 2.690041049314354480e-06
8.371338400000000846e+00 2.543386191636613173e-05 2.644428110862236073e-06
8.413195099999999371e+00 2.517687569621884728e-05 2.599600015707947821e-06
8.455261000000000138e+00 2.492242242787298155e-05 2.555679975732330539e-06
8.497537299999999405e+00 2.467050822859874826e-05 2.512394989457533110e-06
8.540024999999999977e+00 2.442110837992967357e-05 2.469869085322194223e-06
9.030794000000000210e+00 2.183217722222080594e-05 2.035403894840589533e-06
9.653919000000000139e+00 1.902186687299869001e-05 1.600065563910336648e-06
1.032004000000000055e+01 1.654458986459774144e-05 1.260304510481886021e-06
1.103212000000000081e+01 1.435785716468507457e-05 9.935939933812556946e-07
1.179334000000000060e+01 1.240438727015606833e-05 7.825610989586419790e-07
1.260707999999999984e+01 1.055622634361039078e-05 6.173062871267505837e-07
1.277449999999999974e+01 1.014847595462469456e-05 5.891514216743645111e-07
1.297001999999999988e+01 9.484380318439665321e-06 5.583933910846906735e-07
1.302215999999999951e+01 8.989411773275944804e-06 5.505583682647097973e-07
1.310037999999999947e+01 9.294585035977273525e-06 1.348901607678761932e-06
1.329589999999999961e+01 9.376832376958983041e-06 1.277999318003523812e-06
1.347696999999999967e+01 9.252968810033242135e-06 1.216239365275361587e-06
1.440687999999999924e+01 8.268279151284905001e-06 9.513117083189715529e-07
1.489600000000000080e+01 7.691010068262289074e-06 8.409631499957033453e-07
1.512400000000000055e+01 7.340645005191077249e-06 7.951126194461612131e-07
1.518479999999999919e+01 7.128297674724990572e-06 7.834120409342301588e-07
1.527599999999999980e+01 7.199704149493670692e-06 1.068187890209895089e-06
1.540094999999999992e+01 7.178509923210524601e-06 1.036790615524010913e-06
1.550399999999999956e+01 7.120570759908425447e-06 1.011706101025394672e-06
1.554358000000000040e+01 7.093978263389023384e-06 1.002315820305076196e-06
1.578149999999999942e+01 6.885703946699849654e-06 9.479259378973517043e-07
1.584493999999999936e+01 6.771450665377951566e-06 9.339983593917514166e-07
1.594009999999999927e+01 6.780793787861829724e-06 1.055089186346878010e-06
1.617802000000000007e+01 6.682626780905643741e-06 1.001531941461335220e-06
1.646361999999999881e+01 6.516114818000639014e-06 9.418337467937697619e-07
1.759960999999999842e+01 5.823506623858621428e-06 7.436403687284766758e-07
1.881398000000000081e+01 5.155757584878893373e-06 5.866935978992718974e-07
2.011214999999999975e+01 4.545710038245867133e-06 4.629461583805364196e-07
2.149988000000000099e+01 3.997873264548502835e-06 3.650868558221819226e-07
2.298338000000000036e+01 3.510222878371009384e-06 2.880358644692869136e-07
2.456923000000000101e+01 3.078677244010153270e-06 2.274153387560078060e-07
2.626450000000000173e+01 2.700313680941427437e-06 1.796774229670182053e-07
2.807676000000000016e+01 2.365438964940682324e-06 1.409626412514134717e-07
3.001405000000000101e+01 2.070461945990018290e-06 1.104903299871625123e-07
3.208502000000000010e+01 1.812853510242838587e-06 8.654739598454311235e-08
3.429889000000000010e+01 1.585523447339905146e-06 6.769889042154840673e-08
3.666550999999999760e+01 1.386335014620125450e-06 5.301504331324717591e-08
3.919543000000000177e+01 1.211967599136364779e-06 4.157174794520905411e-08
4.189992000000000161e+01 1.059412742040672221e-06 3.263542388005931765e-08
4.479100999999999999e+01 9.259887621761342590e-07 2.565276493865473665e-08
4.788159000000000276e+01 8.093207099935382817e-07 2.019112716137355337e-08
5.118542000000000058e+01 7.073137951352912265e-07 1.591337698703115732e-08
5.471721000000000146e+01 6.181273968756430937e-07 1.255912817381037125e-08
5.849269999999999925e+01 5.401412374603090490e-07 9.914294908468033226e-09
6.252870000000000061e+01 4.719243379194042523e-07 7.831545849090121416e-09
6.684318000000000382e+01 4.122296712548129253e-07 6.194691678645744736e-09
7.145535999999999888e+01 3.599406136219548320e-07 4.894258646612412905e-09
7.638577999999999690e+01 3.140265016474252656e-07 3.869443334330572550e-09
8.165640000000000498e+01 2.734101274776749615e-07 3.057979149260390475e-09
8.624441000000000201e+01 2.423174129134811972e-07 2.515759354276856920e-09
8.729068999999999789e+01 2.345392788235466651e-07 2.410376588616032963e-09
8.756448000000000320e+01 2.319846327351814898e-07 2.383614229424131154e-09
8.791649999999999920e+01 2.264726250551645910e-07 2.350102477369200313e-09
8.844451999999999714e+01 2.275450076876497380e-07 9.414502066074074281e-09
8.976458999999999833e+01 2.241012277675888857e-07 8.939092241853927278e-09
9.331373999999999569e+01 2.098064354712345603e-07 7.803491027290648633e-09
9.975239000000000544e+01 1.850958534948434783e-07 6.173645280299922601e-09
1.066353000000000009e+02 1.626652628134521724e-07 4.879041146430441955e-09
1.139930999999999983e+02 1.427210665981413146e-07 3.856213606089430053e-09
1.218586999999999989e+02 1.251099392053592507e-07 3.049303425682217688e-09
1.302668999999999926e+02 1.096108532665898268e-07 2.410176754078158662e-09
1.392553000000000054e+02 9.599278244199623910e-08 1.905701441291263212e-09
1.488640000000000043e+02 8.404295652983309060e-08 1.508358867790075409e-09
1.591356000000000108e+02 7.356623070818978045e-08 1.195426678767560830e-09
1.701159000000000106e+02 6.438631622834731069e-08 9.488521897782452040e-10
1.818539000000000101e+02 5.634611960293806498e-08 7.545090970178125101e-10
1.944018000000000086e+02 4.930617350605519930e-08 6.008002531547988316e-10
2.078155999999999892e+02 4.314324947417437213e-08 4.794289039096768463e-10
2.221547999999999945e+02 3.774923265737559724e-08 3.834983489470452581e-10
2.374834999999999923e+02 3.302865503178123538e-08 3.075875256335086867e-10
2.538699000000000012e+02 2.889789352945499756e-08 2.474188712281660215e-10
2.713869000000000256e+02 2.528348445617712861e-08 1.996559641968103934e-10
2.901125999999999863e+02 2.212103561691469684e-08 1.616665509653166806e-10
3.101304000000000087e+02 1.935411726909379779e-08 1.313875383925757685e-10
3.315294000000000096e+02 1.693333124224165204e-08 1.071988913338186252e-10
3.544048999999999978e+02 1.481538999778837966e-08 8.783155974822716380e-11
3.788587999999999738e+02 1.296242987365907058e-08 7.227463085596442687e-11
4.050000999999999749e+02 1.134129722581581314e-08 5.974196839409045775e-11
4.329451000000000249e+02 9.922984473702514449e-09 4.961021208595300635e-11
