1.067676000000000069e+00 1.618424008000806432e-03 6.008544525118064044e-04
1.141345000000000054e+00 1.433528151513064350e-03 4.812631165992947301e-04
1.220097999999999905e+00 1.265524818242439158e-03 3.850963222477056525e-04
1.304284999999999917e+00 1.114419807132271999e-03 3.081077560769073637e-04
1.394281000000000104e+00 9.793554575375058250e-04 2.452701680860847251e-04
1.490485999999999978e+00 8.582139755156792263e-04 1.945750919312473094e-04
1.593328999999999995e+00 7.504790318583650895e-04 1.546189002823430080e-04
1.703268999999999922e+00 6.554428790337882543e-04 1.230764381752371274e-04
1.820794999999999941e+00 5.715086840461466346e-04 9.814139380523211130e-05
1.946430000000000105e+00 4.976999936528561696e-04 7.838820874346811728e-05
2.080732999999999944e+00 4.328654074404945885e-04 6.273356161203832515e-05
2.224304000000000059e+00 3.758432814846718881e-04 5.008687677648714841e-05
2.377781000000000144e+00 3.254094646851175073e-04 3.984662402280855553e-05
2.541847999999999885e+00 2.805552951556091953e-04 3.173039766449508599e-05
2.717235000000000067e+00 2.401709068067787002e-04 2.529459255670366471e-05
2.904723999999999862e+00 2.024091965190714351e-04 2.017287664285675539e-05
3.105150000000000077e+00 1.598035986774111949e-04 1.590130724593331811e-05
3.109834000000000209e+00 1.584526764959495705e-04 1.581225451957584272e-05
3.157433999999999852e+00 1.378928103328462345e-04 1.494016699239191730e-05
3.170126999999999917e+00 1.194227433810480529e-04 1.471825948703546640e-05
3.189166999999999863e+00 1.336272342398046767e-04 4.725575720925557106e-05
3.236765999999999810e+00 1.419640987592587036e-04 4.574512540261610358e-05
3.263694000000000095e+00 1.416735662990815318e-04 4.492511648924794301e-05
3.313648999999999845e+00 1.354852480904610653e-04 4.346179004093069588e-05
3.319405999999999857e+00 1.334295982994933760e-04 4.330080932188787004e-05
3.326970000000000205e+00 1.277142581572592050e-04 4.308848546336494027e-05
3.346951999999999927e+00 1.350529449828086724e-04 5.730641389579445169e-05
3.396905999999999981e+00 1.403604620046090671e-04 5.501374938986452432e-05
3.532214000000000187e+00 1.386972541070458336e-04 4.892429191270995467e-05
3.548445000000000071e+00 1.378354752706428257e-04 4.817666576759426720e-05
3.586279000000000217e+00 1.345257989475662848e-04 4.645351608786708691e-05
3.600696000000000119e+00 1.307161201799718635e-04 4.581046616464347067e-05
3.622322000000000042e+00 1.334736333736623835e-04 5.148239940588913950e-05
3.676385999999999932e+00 1.345979463098117873e-04 4.890575789275366912e-05
3.793287999999999993e+00 1.318097950263760157e-04 4.372179841568322127e-05
4.055024000000000406e+00 1.212317487648557196e-04 3.412884816728463188e-05
4.334820999999999813e+00 1.090544961302052134e-04 2.663300332129413757e-05
4.633924000000000376e+00 9.711882406855451154e-05 2.088676804194503135e-05
4.953663999999999845e+00 8.600664643041200960e-05 1.641597702057545396e-05
5.295467000000000368e+00 7.588669966857023081e-05 1.293210518722910769e-05
5.660854999999999748e+00 6.679869014768664598e-05 1.020416770372002534e-05
6.051453000000000415e+00 5.870244356174008710e-05 8.057224623407692815e-06
6.469003999999999976e+00 5.161898006659881275e-05 6.353015560548238371e-06
6.915365000000000428e+00 4.529170380166559182e-05 4.986758652338013356e-06
7.392525000000000013e+00 3.969191544980745434e-05 3.911825488457952274e-06
7.902608999999999995e+00 3.473132591247505738e-05 3.068445149962650731e-06
8.447889999999999233e+00 3.037645374794334109e-05 2.409438545762468272e-06
9.030794000000000210e+00 2.656946598999782226e-05 1.889583780602947179e-06
9.653919000000000139e+00 2.322075106445523534e-05 1.470950626319286125e-06
1.032004000000000055e+01 2.028509406876814205e-05 1.145960474593118620e-06
1.103212000000000081e+01 1.771614788019328077e-05 8.932740306729685353e-07
1.179334000000000060e+01 1.547000388406824737e-05 6.971349380041823992e-07
1.260707999999999984e+01 1.350717201057287712e-05 5.447579766561758628e-07
1.347696999999999967e+01 1.179239355255755887e-05 4.259794688062691518e-07
1.440687999999999924e+01 1.029428990073819266e-05 3.327891558837506173e-07
1.540094999999999992e+01 8.984818513192605619e-06 2.596867767694560808e-07
1.646361999999999881e+01 7.839833401170867959e-06 2.022000920735789863e-07
1.759960999999999842e+01 6.837850457140568041e-06 1.574973217269513864e-07
1.881398000000000081e+01 5.960227498903104548e-06 1.228643316616481042e-07
2.011214999999999975e+01 5.189605529410225132e-06 9.599014334224931746e-08
2.149988000000000099e+01 4.508506237062470987e-06 7.510765367653697932e-08
2.298338000000000036e+01 3.891413426911819873e-06 5.885969722273238741e-08
2.386328999999999922e+01 3.535433851096477199e-06 5.134589986418582722e-08
2.422854999999999848e+01 3.326848111544377267e-06 4.859176324555412664e-08
2.432594999999999885e+01 3.177609765209767317e-06 4.789054169410391911e-08
2.447204999999999941e+01 3.262903220618336125e-06 2.856655256331284970e-07
2.456923000000000101e+01 3.283419526239722689e-06 2.814852660289299812e-07
2.483730999999999867e+01 3.275744976177194555e-06 2.703481628087227441e-07
2.626450000000000173e+01 3.027136077602828369e-06 2.205956943995899110e-07
2.807676000000000016e+01 2.689818201204779870e-06 1.735286169139078147e-07
3.001405000000000101e+01 2.374052658351167432e-06 1.361155423413003115e-07
3.208502000000000010e+01 2.088880873983589473e-06 1.065583433954765403e-07
3.429889000000000010e+01 1.834486421840037036e-06 8.324936309937105964e-08
3.666550999999999760e+01 1.609131151781449942e-06 6.506290770331983019e-08
3.919543000000000177e+01 1.410326700829125132e-06 5.087400535102151216e-08
4.189992000000000161e+01 1.235400699844537329e-06 3.979419164566057533e-08
4.479100999999999999e+01 1.081748161580819023e-06 3.114074527345955330e-08
4.788159000000000276e+01 9.469523191257430342e-07 2.438440242930506132e-08
5.118542000000000058e+01 8.293713152352757626e-07 1.901262637884031918e-08
5.471721000000000146e+01 7.256953868363182831e-07 1.481044728664620985e-08
5.849269999999999925e+01 6.348876837279985092e-07 1.154658660689727316e-08
6.252870000000000061e+01 5.553949844038228777e-07 9.010074369381011149e-09
6.684318000000000382e+01 4.858270882546965354e-07 7.038428045072581728e-09
7.145535999999999888e+01 4.249602479981054665e-07 5.503973963314322287e-09
7.638577999999999690e+01 3.717142368652913760e-07 4.309710355436827080e-09
8.165640000000000498e+01 3.251403978784679506e-07 3.373845509056721221e-09
8.729068999999999789e+01 2.843976833312010442e-07 2.638902428363987219e-09
9.331373999999999569e+01 2.487598059881450822e-07 2.068519569434852995e-09
9.975239000000000544e+01 2.175899781032795523e-07 1.625223150055668500e-09
1.066353000000000009e+02 1.903286297593007560e-07 1.280387248277308396e-09
1.139930999999999983e+02 1.664860961222432955e-07 1.010821859095081619e-09
1.218586999999999989e+02 1.456328666845170054e-07 8.008587470173615336e-10
1.302668999999999926e+02 1.273946086418006933e-07 6.370115263524116870e-10
1.392553000000000054e+02 1.114427495794386196e-07 5.088929138559029678e-10
1.488640000000000043e+02 9.749050065151375681e-08 4.085059619458567914e-10
1.591356000000000108e+02 8.528697963300335642e-08 3.296198019486433772e-10
1.701159000000000106e+02 7.461269891674257843e-08 2.674626719808849071e-10
1.818539000000000101e+02 6.527574712491324947e-08 2.183234785532831527e-10
1.944018000000000086e+02 5.710821199511369092e-08 1.793283606944119715e-10
2.078155999999999892e+02 4.996366330781889840e-08 1.482575837655931848e-10
2.221547999999999945e+02 4.371366076969688804e-08 1.233819856538367405e-10
2.374834999999999923e+02 3.824610739047517570e-08 1.033732809359084965e-10
2.538699000000000012e+02 3.346291930194854208e-08 8.718704512887418863e-11
2.713869000000000256e+02 2.927832749839013053e-08 7.401645555693399425e-11
2.901125999999999863e+02 2.561740941137419516e-08 6.323167145287611157e-11
3.101304000000000087e+02 2.241448620832944824e-08 5.434772155294019720e-11
3.315294000000000096e+02 1.961223809277957549e-08 4.697572499844007605e-11
3.544048999999999978e+02 1.716047758328814204e-08 4.081672022480814934e-11
3.788587999999999738e+02 1.501537951985624825e-08 3.563834526021524636e-11
4.050000999999999749e+02 1.313850361726313032e-08 3.125073789371365169e-11
4.329451000000000249e+02 1.149635898887369893e-08 2.751351148311638261e-11
