1.001660500000000065e+00 2.922148228773345274e-04 1.403044777011825967e-04
1.006668799999999919e+00 2.563601819289376455e-04 1.381548803288057891e-04
1.011702099999999938e+00 2.119294291980852718e-04 1.360373649923560669e-04
1.016760600000000014e+00 1.521192739871170502e-04 1.339586299812896763e-04
1.021844399999999986e+00 5.533417577758195915e-05 1.318902008755915099e-04
1.026793300000000020e+00 -4.366952449535602219e-04 1.299220944331575629e-04
1.026953599999999911e+00 -5.298083679171301319e-04 5.234992906092122283e-04
1.027006899999999945e+00 -4.434215035134817721e-04 5.234023757754780772e-04
1.032088399999999906e+00 3.091832585609732479e-05 5.143154272480828307e-04
1.037248900000000029e+00 9.637948959296696410e-05 5.052997504427352580e-04
1.042435100000000059e+00 1.141385264827454992e-04 4.964435578379263001e-04
1.047647299999999948e+00 8.553639345419693262e-05 4.877449930240728804e-04
1.051339100000000082e+00 -1.408166993283461153e-04 4.816990794857312942e-04
1.051660800000000062e+00 -1.428662887320534137e-04 7.277662587155894498e-04
1.052885499999999919e+00 3.335711489060218531e-05 7.247427149004092781e-04
1.058149900000000088e+00 1.814532422575758017e-04 7.119307555620002764e-04
1.063440699999999906e+00 2.470307288885215048e-04 6.993630009101320421e-04
1.068757900000000038e+00 2.919214792947781817e-04 6.869697340902509910e-04
1.074101699999999937e+00 3.263092328724926067e-04 6.748825279487429040e-04
1.079472200000000104e+00 3.540593462023304138e-04 6.629317787114973699e-04
1.084869499999999931e+00 3.771270461232790745e-04 6.512219239381297851e-04
1.090293900000000038e+00 3.966626193241418749e-04 6.397172247897641014e-04
1.095745399999999981e+00 4.134203472885699814e-04 6.284154880502798839e-04
1.101224100000000039e+00 4.279156586660731927e-04 6.173209823511805220e-04
1.106730200000000108e+00 4.405295983409157103e-04 6.064183941288419288e-04
1.112263900000000083e+00 4.515486896997409163e-04 5.957120118168159496e-04
1.117825199999999963e+00 4.611960561896489967e-04 5.851933066088467299e-04
1.123414300000000088e+00 4.696471659589350283e-04 5.748601642273241854e-04
1.129031399999999907e+00 4.770484490095426447e-04 5.647168364787571830e-04
1.134676500000000088e+00 4.835155206598367047e-04 5.547486297284862436e-04
1.140349899999999916e+00 4.891501493104894729e-04 5.449598155471393948e-04
1.146051699999999895e+00 4.940365017081204671e-04 5.353421580661308883e-04
1.151781900000000025e+00 4.982449858087868244e-04 5.258938268352646855e-04
1.157540800000000036e+00 5.018371707222840606e-04 5.166190568349536896e-04
1.163328499999999988e+00 5.048681175158407052e-04 5.075035986957780352e-04
1.169145199999999996e+00 5.073833559090633197e-04 4.985518014818180518e-04
1.174990900000000060e+00 5.094255875026108870e-04 4.897618974405282656e-04
1.180865899999999913e+00 5.110298889716649194e-04 4.811259417880437632e-04
1.186770199999999997e+00 5.122289886548404923e-04 4.726422878366980584e-04
1.192703999999999986e+00 5.130500096889913922e-04 4.643092211176819335e-04
1.198667600000000055e+00 5.135220338708130355e-04 4.561250063499421525e-04
1.204660899999999923e+00 5.136649465742271431e-04 4.480821314013906740e-04
1.210684199999999988e+00 5.134991256333721384e-04 4.401908129976751208e-04
1.216737600000000086e+00 5.130430902892632898e-04 4.324316874359819388e-04
1.222821300000000111e+00 5.123133287968862281e-04 4.248091527495433247e-04
1.228935399999999900e+00 5.113217960872673074e-04 4.173275388579267557e-04
1.235080100000000014e+00 5.100841378220621978e-04 4.099736397967327370e-04
1.241255500000000067e+00 5.086075180072005065e-04 4.027576117694076541e-04
1.247461799999999954e+00 5.069015519599312427e-04 3.956606504540169725e-04
1.253699099999999955e+00 5.049717276267926946e-04 3.886929082603290866e-04
1.259967599999999965e+00 5.028259913161779466e-04 3.818529198283327668e-04
1.266267400000000043e+00 5.004631123649825892e-04 3.751279503259772013e-04
1.272598799999999919e+00 4.978844504852653887e-04 3.685223295542603794e-04
1.278961800000000038e+00 4.950865929728803750e-04 3.620403752717475383e-04
1.285356600000000071e+00 4.920624670112434037e-04 3.556695281194890306e-04
1.291783300000000079e+00 4.887992630789635010e-04 3.494085814819557928e-04
1.298242300000000071e+00 4.852771957506947834e-04 3.432617764362886140e-04
1.304733499999999990e+00 4.814655736493273527e-04 3.372224102018952694e-04
1.311257099999999953e+00 4.773191477451100661e-04 3.312892815835610121e-04
1.317813399999999913e+00 4.727658465308327276e-04 3.254666118734089318e-04
1.324402499999999927e+00 4.676894067862436065e-04 3.197369424182039573e-04
1.331024500000000055e+00 4.618845639882427972e-04 3.141154366749205175e-04
1.337679599999999969e+00 4.549569647233609425e-04 3.086008569345416301e-04
1.344368000000000007e+00 4.459762703926140070e-04 3.032026337157608855e-04
1.351089900000000066e+00 4.316606253903693168e-04 2.978981875478575606e-04
1.355932499999999985e+00 4.018215093601815429e-04 2.941506632027866006e-04
1.357845299999999922e+00 4.002380989167428241e-04 3.425745273383006342e-04
1.357867399999999947e+00 4.006027597378072902e-04 3.425584014373417785e-04
1.364634499999999973e+00 4.317318600658061486e-04 3.364085314644843549e-04
1.371457699999999891e+00 4.393640175851486456e-04 3.303632937519741016e-04
1.378314999999999957e+00 4.428125973081203925e-04 3.244270508237139059e-04
1.385206600000000066e+00 4.443564562646719037e-04 3.186037474320358993e-04
1.392132600000000053e+00 4.447663397026099851e-04 3.128869689273388742e-04
1.399093300000000095e+00 4.443946954629683838e-04 3.072703693749727783e-04
1.406088699999999969e+00 4.434315245240965644e-04 3.017579710746615368e-04
1.413119199999999909e+00 4.419793356369707492e-04 2.963485487316369410e-04
1.420184799999999914e+00 4.400907825999352918e-04 2.910308867327027378e-04
1.427285700000000102e+00 4.377849621745205405e-04 2.859194022908359361e-04
1.434422099999999922e+00 4.351673584377583996e-04 2.810063780093661448e-04
1.441594199999999937e+00 4.322064816793904133e-04 2.761947842893940682e-04
1.448802200000000040e+00 4.287910739064825861e-04 2.714735448613082467e-04
1.456046200000000068e+00 4.246714072975239958e-04 2.668465682144751457e-04
1.463326499999999974e+00 4.190457469006211551e-04 2.623127421572950973e-04
1.470339099999999899e+00 4.056590140984742327e-04 2.580461262493194863e-04
1.470643099999999981e+00 4.036670661800816746e-04 2.578612777381798023e-04
1.472460899999999961e+00 4.048244096558794485e-04 2.745545309381961191e-04
1.477996300000000041e+00 4.136690784246186596e-04 2.709964442172524109e-04
1.485386300000000048e+00 4.156985518597146540e-04 2.663449286213706189e-04
1.492813200000000062e+00 4.157347526825368091e-04 2.617809809839810359e-04
1.500277300000000036e+00 4.149396097038977405e-04 2.573083605643134157e-04
1.507778700000000027e+00 4.136621135390503110e-04 2.529165239630751867e-04
1.515317599999999931e+00 4.120594870712408092e-04 2.486092899963953913e-04
1.522894200000000087e+00 4.102139788532735941e-04 2.443856883106436829e-04
1.530508600000000108e+00 4.081746464712439674e-04 2.402400931619877173e-04
1.538161200000000006e+00 4.059701367201439047e-04 2.361715902916096995e-04
1.545852000000000004e+00 4.036152380098807562e-04 2.322025047517827531e-04
1.553581199999999995e+00 4.011603232243159253e-04 2.283685084126560840e-04
1.561349099999999934e+00 3.986273741229079230e-04 2.246127826244005720e-04
1.569155899999999937e+00 3.960181976134752682e-04 2.209298498498164678e-04
1.577001700000000062e+00 3.933337952315564372e-04 2.173143456404758218e-04
1.584886699999999982e+00 3.905718203701005579e-04 2.137655085335100989e-04
1.592811100000000035e+00 3.877292515004141502e-04 2.102870811229694812e-04
1.600775199999999954e+00 3.847934572078843185e-04 2.068737611362608667e-04
1.608778999999999959e+00 3.817460801731273334e-04 2.035248343424723202e-04
1.616822900000000063e+00 3.785471005652784552e-04 2.002351113181188630e-04
1.624907000000000101e+00 3.751142118976479880e-04 1.970083524843782281e-04
1.633031600000000028e+00 3.712358673086044712e-04 1.938394391394635203e-04
1.641196700000000064e+00 3.660470305825001152e-04 1.907277468052705292e-04
1.644277200000000105e+00 3.626161839130680013e-04 1.895732211783967603e-04
1.648722800000000044e+00 3.612192704817134958e-04 1.969083265342469946e-04
1.649402699999999999e+00 3.617811491149737707e-04 1.966491056033253945e-04
1.657649699999999893e+00 3.631220305504703131e-04 1.935274582275299819e-04
1.665937999999999919e+00 3.621550988588292897e-04 1.904577950830138274e-04
1.674267699999999914e+00 3.605931787834657691e-04 1.874438383783678149e-04
1.682638999999999996e+00 3.587490745498567971e-04 1.844849613496268078e-04
1.691052199999999894e+00 3.567381154562227603e-04 1.815762963522288601e-04
1.699507499999999949e+00 3.546172853595918554e-04 1.787130770494312559e-04
1.708004999999999995e+00 3.524200727810806858e-04 1.759032174709216007e-04
1.716544999999999987e+00 3.501659256948454766e-04 1.731419292437526118e-04
1.725127800000000100e+00 3.478686811099273939e-04 1.704245133354161058e-04
1.733753399999999889e+00 3.455390194987848157e-04 1.677587823981278414e-04
1.742422200000000032e+00 3.431898092085897676e-04 1.651400164571434901e-04
1.751134299999999921e+00 3.408267711699816249e-04 1.625677025562406860e-04
1.759889899999999896e+00 3.384553780807184097e-04 1.600372523866142114e-04
1.768689399999999967e+00 3.360768366615557229e-04 1.575198461874210846e-04
1.777532799999999913e+00 3.336806252960603089e-04 1.550195064837139381e-04
1.786420499999999967e+00 3.312714834540323480e-04 1.525601880594687845e-04
1.795352599999999965e+00 3.288534448888460224e-04 1.501414553872872169e-04
1.804329400000000083e+00 3.264290475491297690e-04 1.477628597121977388e-04
1.813350999999999935e+00 3.240001800233171777e-04 1.454239728335118744e-04
1.822417799999999977e+00 3.215691859092526840e-04 1.431204156328786986e-04
1.831529900000000044e+00 3.191384302597490594e-04 1.408557372005093294e-04
1.840687500000000032e+00 3.167083167204233973e-04 1.386295122834146128e-04
1.849890899999999894e+00 3.142816352468207172e-04 1.364335677419196253e-04
1.859140400000000026e+00 3.118580645658374667e-04 1.342791530235716850e-04
1.868436100000000044e+00 3.094403446940042612e-04 1.321543027426670854e-04
1.877778299999999900e+00 3.070286877663257587e-04 1.300663430879652079e-04
1.887167199999999934e+00 3.046239170675192143e-04 1.280110713472823350e-04
1.896603000000000039e+00 3.022285599874489697e-04 1.259881406031062526e-04
1.906085999999999947e+00 2.998427260650540337e-04 1.239972003663015522e-04
1.915616500000000055e+00 2.974670884387947971e-04 1.220304250984918033e-04
1.925194499999999920e+00 2.950967782687677994e-04 1.200801602040562000e-04
1.934820500000000054e+00 2.927319662212399666e-04 1.181573800021660598e-04
1.944494600000000073e+00 2.903734899840726500e-04 1.162691801614558029e-04
1.954217099999999929e+00 2.880226423342226237e-04 1.144078382046218181e-04
1.963988199999999962e+00 2.856801581008326803e-04 1.125767285633079103e-04
1.973808100000000065e+00 2.833462114334572434e-04 1.107755262878297182e-04
1.983677200000000029e+00 2.810224993512205503e-04 1.090038981749298300e-04
1.993595500000000076e+00 2.787081504011794278e-04 1.072579431885800876e-04
2.003563499999999831e+00 2.764047787356487787e-04 1.055409574568487858e-04
2.013581299999999796e+00 2.741119945744075912e-04 1.038490754053047365e-04
2.023649199999999926e+00 2.718308923591972008e-04 1.021855736051164877e-04
2.033767500000000172e+00 2.695615184872192263e-04 1.005501386825021864e-04
2.043936299999999928e+00 2.673044672981715673e-04 9.893896545387778022e-05
2.054155999999999871e+00 2.661898745206991383e-04 9.735179347893644286e-05
2.064426800000000117e+00 2.639482526418776478e-04 9.576061672422854834e-05
2.074748899999999896e+00 2.617162264765577218e-04 9.419322276626510807e-05
2.085122699999999885e+00 2.594938767244797076e-04 9.264935631880638330e-05
2.095548299999999919e+00 2.572823026335638872e-04 9.113561425670008414e-05
2.106025999999999954e+00 2.558061538918315393e-04 8.963804341376246465e-05
2.116556200000000221e+00 2.536100508995063228e-04 8.814972904705506548e-05
2.127138899999999833e+00 2.514241079926763625e-04 8.668748098374005168e-05
2.137774600000000191e+00 2.492488208258666232e-04 8.524764923833090806e-05
2.148463500000000082e+00 2.470838348974371476e-04 8.382999965628135043e-05
2.159205800000000064e+00 2.449288096512010609e-04 8.243429995829170244e-05
2.170001800000000092e+00 2.427847200847394610e-04 8.106361690001385317e-05
2.180851899999999954e+00 2.406511697705646417e-04 7.971438110649701710e-05
2.191756100000000096e+00 2.385295963174834490e-04 7.838637397041856123e-05
2.202714900000000142e+00 2.364199867809006718e-04 7.708261245972920469e-05
2.213728500000000210e+00 2.343219680102298164e-04 7.579635471267130828e-05
2.224797099999999972e+00 2.322368605054555234e-04 7.453708794231724141e-05
2.235921100000000106e+00 2.301638112567184851e-04 7.329488035495903685e-05
2.247100699999999840e+00 2.281036874061077651e-04 7.207275171334105290e-05
2.258336200000000016e+00 2.260564852456521776e-04 7.087365646471433173e-05
2.269627900000000142e+00 2.240226033209357086e-04 6.968470788329749019e-05
2.280975999999999893e+00 2.220016432587388277e-04 6.851525808126251429e-05
2.292380899999999944e+00 2.199935776262204612e-04 6.736196735769490486e-05
2.303842799999999968e+00 2.179980250367727671e-04 6.623089356337500712e-05
2.315361999999999920e+00 2.160161497520319553e-04 6.511868817797075422e-05
2.326938800000000196e+00 2.140475327642664112e-04 6.402206661337684723e-05
2.338573499999999861e+00 2.120917695874501084e-04 6.294699631928896914e-05
2.350266400000000200e+00 2.101499752111070417e-04 6.189018106294360156e-05
2.362017699999999998e+00 2.082213733021438600e-04 6.085142270299197747e-05
2.373827799999999932e+00 2.063066564747751883e-04 5.983051965874503235e-05
2.385696999999999957e+00 2.044054095776886106e-04 5.882427238339806789e-05
2.397625399999999907e+00 2.025179885125790423e-04 5.783851027205620091e-05
2.409613600000000133e+00 2.006442909517109512e-04 5.686704226718494672e-05
2.421661600000000192e+00 1.987846699698283940e-04 5.591564379904755643e-05
2.433769900000000153e+00 1.969386784926048094e-04 5.497818933262058690e-05
2.445938799999999969e+00 1.951066118756170531e-04 5.405746300286210485e-05
2.458168500000000201e+00 1.932887669776847694e-04 5.315036620168645150e-05
2.470459299999999914e+00 1.914843885745040196e-04 5.225965659092867663e-05
2.482811599999999785e+00 1.896944193268784674e-04 5.138514828370870682e-05
2.495225700000000213e+00 1.879181078937575394e-04 5.052665925987715508e-05
2.507701799999999981e+00 1.861560667297818949e-04 4.968115473395538588e-05
2.520240300000000211e+00 1.844078698753727811e-04 4.885133869642458874e-05
2.532841499999999968e+00 1.826734438659312375e-04 4.803420576024696994e-05
2.545505700000000093e+00 1.809533568614630692e-04 4.723243634997036170e-05
2.558233299999999932e+00 1.792471846331856393e-04 4.644305430491211167e-05
2.571024400000000210e+00 1.775548726577032754e-04 4.566871831576650465e-05
2.583879599999999943e+00 1.758766082788169589e-04 4.490647941751784421e-05
2.596798999999999857e+00 1.742120195792763834e-04 4.415621269920367713e-05
2.609782899999999906e+00 1.725616348403073881e-04 4.342053539957096519e-05
2.622831899999999994e+00 1.709250126503045176e-04 4.269927535784539044e-05
2.635946000000000122e+00 1.693024018199461040e-04 4.198683706165204908e-05
2.649125699999999917e+00 1.676936778525759991e-04 4.128854202819309631e-05
2.662371400000000055e+00 1.660987307182751078e-04 4.060153528454857883e-05
2.675683199999999928e+00 1.645174884905393977e-04 3.992837559400151936e-05
2.689061699999999888e+00 1.629503926474244789e-04 3.926357070636331856e-05
2.702507000000000215e+00 1.613967856673823194e-04 3.861234531881603142e-05
2.716019499999999809e+00 1.601231414966908814e-04 3.797190291434398597e-05
2.729599599999999793e+00 1.585946617460826471e-04 3.733687681680957090e-05
2.743247600000000119e+00 1.570793681260977117e-04 3.671245177413579822e-05
2.756963799999999853e+00 1.555771676235095328e-04 3.609851255673667670e-05
2.770748600000000117e+00 1.540879565326716094e-04 3.549494364958866150e-05
2.784602399999999811e+00 1.526116322207273553e-04 3.490163063629424684e-05
2.798525399999999941e+00 1.511483801338657203e-04 3.432102218923245172e-05
2.812517999999999851e+00 1.496983536583827463e-04 3.374787405321476845e-05
2.826580600000000221e+00 1.482611765612942129e-04 3.318464722372394188e-05
2.840713500000000113e+00 1.468370097937889932e-04 3.263375408737091997e-05
2.854917100000000207e+00 1.454257393761653795e-04 3.209002968667789288e-05
2.869191700000000012e+00 1.440275151529898413e-04 3.155590096349696262e-05
2.883537599999999923e+00 1.426424776035949181e-04 3.103126163748452673e-05
2.897955300000000012e+00 1.412704910605340404e-04 3.051353250784705288e-05
2.912445099999999787e+00 1.399114411514471555e-04 3.000756502012054741e-05
2.927007300000000090e+00 1.385654570513103175e-04 2.950832446772581232e-05
2.941642400000000102e+00 1.372328807716043488e-04 2.902061292598073181e-05
2.956350599999999940e+00 1.360360789397295868e-04 2.853702459590007253e-05
2.971132299999999837e+00 1.347298934453868371e-04 2.805994101461979642e-05
2.985987999999999865e+00 1.334369266100691792e-04 2.759409391135854845e-05
3.000917900000000138e+00 1.321946784998565070e-04 2.713218828670646115e-05
3.015922499999999840e+00 1.309765099908491806e-04 2.665044476790699707e-05
3.031002099999999810e+00 1.297181382447423889e-04 2.617518658083576544e-05
3.046157099999999840e+00 1.284637780837867115e-04 2.570870061705799977e-05
3.061387900000000162e+00 1.272164354223163495e-04 2.525322754613243580e-05
3.076694900000000121e+00 1.259772414921392098e-04 2.480397797779827188e-05
3.092078299999999835e+00 1.247468635919378845e-04 2.436320767830670476e-05
3.107538700000000098e+00 1.235254788865182841e-04 2.393081861060020418e-05
3.123076399999999975e+00 1.223137061435734980e-04 2.350671602779513903e-05
3.138691800000000143e+00 1.211114971058350380e-04 2.308852310691157756e-05
3.154385299999999948e+00 1.199192213187856467e-04 2.267935922647855432e-05
3.170157199999999786e+00 1.187366186658974927e-04 2.227753677719934291e-05
3.186008000000000173e+00 1.175640366255530556e-04 2.188297296021032222e-05
3.201938000000000173e+00 1.164014159741609046e-04 2.149581083764346415e-05
3.217947699999999855e+00 1.152488838044002617e-04 2.111552060315771074e-05
3.234037400000000062e+00 1.141063753550768762e-04 2.074202639311726760e-05
3.250207599999999974e+00 1.129740087576470390e-04 2.037547210905951204e-05
3.266458699999999826e+00 1.118515123748534118e-04 2.001577933472989895e-05
3.282791000000000015e+00 1.107388224818612731e-04 1.966221637157881548e-05
3.299204899999999885e+00 1.096763562605788971e-04 1.931493306091709570e-05
3.315700899999999951e+00 1.085836056969395581e-04 1.897299479479956251e-05
3.332279400000000003e+00 1.075004307530333646e-04 1.863742001537974343e-05
3.348940799999999829e+00 1.064271335203720076e-04 1.830770905615605046e-05
3.365685599999999944e+00 1.053634449719452096e-04 1.798422217140727776e-05
3.382514000000000021e+00 1.043093045308597378e-04 1.766646628011869625e-05
3.399426500000000129e+00 1.032648130162218023e-04 1.735458787244489716e-05
3.416423700000000174e+00 1.022298808701125694e-04 1.704831003660748471e-05
3.433505799999999830e+00 1.012044434078620788e-04 1.674757128838024367e-05
3.450673300000000054e+00 1.001884183718670273e-04 1.645210159852578011e-05
3.467926700000000029e+00 9.918172441380504955e-05 1.616225531205390679e-05
3.485266300000000150e+00 9.818446347564037434e-05 1.587755793657911655e-05
3.502692699999999881e+00 9.719637538249994155e-05 1.559795135217677167e-05
3.520206099999999783e+00 9.621739760484282564e-05 1.532358324886152942e-05
3.537807200000000041e+00 9.524777271975662103e-05 1.505398815392420517e-05
3.555496199999999885e+00 9.428710037053577631e-05 1.478931576206864970e-05
3.573273700000000108e+00 9.333546083228183967e-05 1.452951005835416420e-05
3.591140000000000221e+00 9.239262209997291405e-05 1.427431732014395749e-05
3.609095700000000129e+00 9.145882240277601073e-05 1.402388401518999185e-05
3.627141200000000065e+00 9.053382435361767100e-05 1.377776149380800464e-05
3.645276899999999820e+00 8.961755392908691816e-05 1.353609894005592011e-05
3.663503299999999907e+00 8.870993281406277598e-05 1.329884615349690645e-05
3.681820800000000116e+00 8.781104164869469610e-05 1.306595375843611450e-05
3.700229900000000072e+00 8.692049534145673687e-05 1.283717888333174918e-05
3.718731099999999845e+00 8.603867335438184730e-05 1.261247558820311078e-05
3.737324699999999833e+00 8.516505410234971813e-05 1.239179902295219350e-05
3.756011399999999778e+00 8.429985292968757192e-05 1.217510340356606902e-05
3.774791399999999797e+00 8.344285915371826682e-05 1.196234500799574918e-05
3.793665400000000076e+00 8.259413502811445158e-05 1.175347889300992445e-05
3.812633700000000125e+00 8.175346949437091286e-05 1.154827391919281602e-05
3.831696899999999850e+00 8.092092796866838305e-05 1.134687602827708440e-05
3.850855399999999928e+00 8.009643936593562898e-05 1.114887039266411561e-05
3.870109600000000150e+00 7.927979435062218331e-05 1.095459029758028191e-05
3.889460199999999812e+00 7.847105235132513989e-05 1.076362449116794521e-05
3.908907500000000201e+00 7.767014836938195921e-05 1.057630356398510289e-05
3.928452000000000055e+00 7.687687514960889592e-05 1.039222122431490326e-05
3.948094300000000167e+00 7.609129440036622766e-05 1.021134141979224301e-05
3.967834700000000048e+00 7.531321073844026381e-05 1.003380973145019739e-05
3.987673899999999882e+00 7.454268077991631875e-05 9.859408179947957895e-06
4.055024000000000406e+00 7.240211751773839501e-05 9.296966564931783184e-06
4.334820999999999813e+00 6.299763441100747182e-05 7.362547385116210874e-06
4.633924000000000376e+00 5.475291666939964785e-05 5.819041721343471584e-06
4.953663999999999845e+00 4.749351709576612275e-05 4.590163773184351948e-06
5.295467000000000368e+00 4.107862233387622047e-05 3.627835479651081481e-06
5.660854999999999748e+00 3.534949102385854608e-05 2.873612338306717802e-06
6.051453000000000415e+00 3.003322912626641374e-05 2.275738462649457484e-06
6.330114000000000019e+00 2.608563254585808457e-05 1.942340441308210804e-06
6.427004000000000161e+00 2.375005191682313339e-05 1.840949892208511939e-06
6.452841000000000271e+00 2.177104691180289155e-05 1.814929957290716441e-06
6.469003999999999976e+00 2.207523234939993119e-05 5.290008286331562526e-06
6.491596999999999618e+00 2.326190849111910511e-05 5.216095118004096457e-06
6.588485999999999621e+00 2.404246372438523726e-05 4.913903988446823580e-06
6.872544000000000430e+00 2.275704567992910724e-05 4.159654646870981295e-06
6.915365000000000428e+00 2.239541062178740459e-05 4.063255532338342832e-06
6.977736000000000161e+00 2.163072599751937310e-05 3.928695346705749572e-06
7.005786999999999765e+00 2.074284162223062616e-05 3.870124876680400008e-06
7.047863999999999685e+00 2.130991646359816873e-05 5.253114740458670295e-06
7.153056000000000303e+00 2.144306995022144172e-05 4.959263293316966333e-06
7.279341999999999757e+00 2.102857175319211645e-05 4.634604069258150972e-06
7.392525000000000013e+00 2.035493393265740470e-05 4.369759715720713812e-06
7.420472000000000179e+00 1.992774533421567252e-05 4.309091653299383864e-06
7.465038999999999980e+00 2.010319396569071820e-05 4.872040921332861716e-06
7.576457999999999693e+00 1.997752111649434928e-05 4.624260353365887310e-06
7.902608999999999995e+00 1.893766995991895446e-05 3.991266432729870932e-06
8.447889999999999233e+00 1.703215803419836006e-05 3.162414018845287871e-06
9.030794000000000210e+00 1.516932579517674554e-05 2.495079815221555221e-06
9.653919000000000139e+00 1.342922708527359248e-05 1.954511234458403616e-06
1.032004000000000055e+01 1.183904185165166898e-05 1.530592847325515609e-06
1.103212000000000081e+01 1.040994590603070276e-05 1.199680384474125974e-06
1.179334000000000060e+01 9.137666714274286152e-06 9.414298298028857970e-07
1.260707999999999984e+01 8.011617189025000254e-06 7.395305296972529237e-07
1.347696999999999967e+01 7.026570408658970461e-06 5.798632231700425497e-07
1.440687999999999924e+01 6.154606090016326749e-06 4.540496103241613427e-07
1.540094999999999992e+01 5.387331777475943195e-06 3.547869495809422182e-07
1.646361999999999881e+01 4.710712465435439589e-06 2.771189764926342831e-07
1.759960999999999842e+01 4.117690048415796493e-06 2.167008959425947997e-07
1.881398000000000081e+01 3.598543779185179221e-06 1.696590662897638288e-07
2.011214999999999975e+01 3.144399814086624239e-06 1.329833470602863608e-07
2.149988000000000099e+01 2.747324702582483352e-06 1.043667077672904400e-07
2.298338000000000036e+01 2.400233371508197685e-06 8.200050618278695937e-08
2.456923000000000101e+01 2.096903342469682988e-06 6.450372715129331473e-08
2.626450000000000173e+01 1.831887084523447870e-06 5.081127638807931451e-08
2.807676000000000016e+01 1.600366325511497455e-06 3.979121119763220865e-08
3.001405000000000101e+01 1.397679093758933948e-06 3.105125454844398608e-08
3.208502000000000010e+01 1.220321778034929947e-06 2.424267811107612283e-08
3.429889000000000010e+01 1.065040382569927729e-06 1.888056859345494027e-08
3.666550999999999760e+01 9.288932553980003508e-07 1.471899829435799007e-08
3.919543000000000177e+01 8.091302867035738077e-07 1.149169230918047474e-08
4.189992000000000161e+01 7.025685049034710141e-07 8.988603106830918209e-09
4.428032000000000323e+01 6.180489358046736833e-07 7.344740235889827886e-09
4.479100999999999999e+01 5.967246934959928903e-07 7.044306990689456363e-09
4.495808000000000249e+01 5.873654150135800447e-07 6.949619471294735512e-09
4.513880999999999943e+01 5.681818591049517926e-07 6.848956482321639066e-09
4.540991999999999962e+01 5.758919678339644387e-07 3.488897360757287205e-08
4.608767999999999887e+01 5.717786593404998942e-07 3.311233201167387319e-08
4.788159000000000276e+01 5.393438060775075907e-07 2.892768035432343405e-08
5.118542000000000058e+01 4.780265821244509398e-07 2.277269499525955717e-08
5.471721000000000146e+01 4.210961830842218653e-07 1.790964487030945093e-08
5.849269999999999925e+01 3.700169668949358695e-07 1.408280766368441962e-08
6.252870000000000061e+01 3.246794104160427282e-07 1.105477711590572578e-08
6.684318000000000382e+01 2.846366808367840209e-07 8.679918164426470126e-09
7.145535999999999888e+01 2.493838009878654566e-07 6.818294214671681567e-09
7.638577999999999690e+01 2.184069621402007339e-07 5.358785769571469401e-09
8.165640000000000498e+01 1.912253578377144381e-07 4.209021977971272277e-09
8.729068999999999789e+01 1.673848324779427203e-07 3.299666316606769249e-09
9.331373999999999569e+01 1.465616895442522547e-07 2.585197770100798077e-09
9.975239000000000544e+01 1.282439062179949105e-07 2.024037813702225437e-09
1.066353000000000009e+02 1.122038566878936781e-07 1.586952392302601663e-09
1.139930999999999983e+02 9.816349995108285882e-08 1.246243550704028437e-09
1.218586999999999989e+02 8.587596359394050080e-08 9.805248797972713348e-10
1.302668999999999926e+02 7.512481799296588860e-08 7.730054164285800516e-10
1.392553000000000054e+02 6.571864358826222102e-08 6.108224088185618666e-10
1.488640000000000043e+02 5.748982497552593036e-08 4.839661904439213857e-10
1.591356000000000108e+02 5.029158607546328858e-08 3.845397329059701068e-10
1.701159000000000106e+02 4.399493395024596960e-08 3.065472643631469855e-10
1.818539000000000101e+02 3.848698743233501135e-08 2.452530682958402091e-10
1.944018000000000086e+02 3.366894292071910609e-08 1.969908795864233685e-10
2.078155999999999892e+02 2.945455128528939909e-08 1.592072691638286317e-10
2.221547999999999945e+02 2.576822126922807943e-08 1.292788835233166157e-10
2.374834999999999923e+02 2.254363192997945072e-08 1.054763925135700810e-10
2.538699000000000012e+02 1.972288048494583293e-08 8.649062140867653662e-11
2.713869000000000256e+02 1.725539076115598241e-08 7.129266657044963324e-11
2.901125999999999863e+02 1.509682235003174545e-08 5.908637300703245016e-11
3.101304000000000087e+02 1.320847249135846726e-08 4.924202874562759360e-11
3.315294000000000096e+02 1.155649431353747888e-08 4.126498174744186311e-11
3.544048999999999978e+02 1.011124572072417405e-08 3.477347039106511803e-11
3.788587999999999738e+02 8.846855101345099778e-09 2.946419882355248939e-11
4.050000999999999749e+02 7.740659316853461091e-09 2.509514645315353291e-11
4.329451000000000249e+02 6.772848458473857561e-09 2.148335977517155407e-11
