1.000121100000000096e+00 1.038229341429580243e-03 5.030949907490444824e-04
1.005121699999999896e+00 1.033040376983735071e-03 4.950754392327801241e-04
1.010147300000000081e+00 1.026741593890873180e-03 4.871960576071080102e-04
1.015198000000000045e+00 1.019967324149895389e-03 4.794462412979889855e-04
1.020273999999999903e+00 1.012916520229935726e-03 4.718245456046240086e-04
1.025375399999999937e+00 1.005682588178951004e-03 4.643295866756637575e-04
1.030502299999999982e+00 9.983224388426879380e-04 4.569599921851507708e-04
1.035654800000000098e+00 9.908685173275505898e-04 4.497144012641774140e-04
1.040833099999999956e+00 9.833450818997543919e-04 4.425914219101679810e-04
1.046037200000000000e+00 9.757691420015194043e-04 4.355809695135922114e-04
1.051267399999999963e+00 9.681532037386241961e-04 4.286905137594904797e-04
1.056523799999999902e+00 9.605096959360308242e-04 4.219187432825737493e-04
1.061806400000000039e+00 9.528475090850536738e-04 4.152557365495004350e-04
1.067115400000000047e+00 9.451748613470958762e-04 4.087002924773986507e-04
1.072451000000000043e+00 9.374948726000891701e-04 4.022597969767422767e-04
1.077813200000000027e+00 9.298172580265600708e-04 3.959244882036988479e-04
1.083202299999999951e+00 9.221430075352999092e-04 3.896931628304298959e-04
1.088618300000000039e+00 9.144782645341879932e-04 3.835647385098339907e-04
1.094061399999999962e+00 9.068255352531829142e-04 3.775380700773857509e-04
1.099531700000000001e+00 8.991889320280713497e-04 3.716204212084203793e-04
1.105029400000000050e+00 8.915737657662510789e-04 3.657939007362973971e-04
1.110554500000000111e+00 8.839824809582647047e-04 3.600741466364554147e-04
1.116107299999999913e+00 8.764169602767646599e-04 3.544434216062316103e-04
1.121687799999999902e+00 8.688809525805729498e-04 3.489008206089449691e-04
1.127296300000000029e+00 8.613732533110496749e-04 3.434616662368152658e-04
1.132932800000000073e+00 8.538989084580859545e-04 3.381004759873640852e-04
1.138597400000000093e+00 8.464583531970386928e-04 3.328406866211028477e-04
1.144290400000000041e+00 8.390517134632177049e-04 3.276569860306909163e-04
1.150011899999999976e+00 8.316835846471207000e-04 3.225645921020674732e-04
1.155761899999999898e+00 8.243516261322480143e-04 3.175545693698899967e-04
1.161540699999999982e+00 8.170599926657685658e-04 3.126259825812906603e-04
1.167348400000000064e+00 8.098088987234935976e-04 3.077779607417345043e-04
1.173185200000000039e+00 8.025984102519887007e-04 3.030096139919131646e-04
1.179051099999999908e+00 7.954315100834000868e-04 2.983201121167322156e-04
1.184946400000000066e+00 7.883080331511077695e-04 2.937085553220969555e-04
1.190871100000000071e+00 7.812295126273207302e-04 2.891741275754488010e-04
1.196825400000000039e+00 7.741920089730303708e-04 2.846852372563257131e-04
1.202809599999999923e+00 7.671954279379803289e-04 2.802644044884782058e-04
1.208823600000000109e+00 7.602401820155106540e-04 2.759185763291553488e-04
1.214867700000000106e+00 7.533286597248536800e-04 2.716393225210366846e-04
1.220942100000000030e+00 7.464595682319456445e-04 2.674409899024813024e-04
1.227046800000000104e+00 7.396343505666866554e-04 2.633002058317563190e-04
1.233182000000000000e+00 7.328529355408374898e-04 2.592312921833223624e-04
1.239347900000000058e+00 7.261176495118741624e-04 2.552334408229213524e-04
1.245544699999999949e+00 7.194271586974598180e-04 2.512910863341711524e-04
1.251772399999999896e+00 7.127827557625490262e-04 2.474183883366568395e-04
1.258031200000000016e+00 7.061854481421217349e-04 2.436072496066824780e-04
1.264321400000000040e+00 6.996326280951441993e-04 2.398642532784083978e-04
1.270642999999999967e+00 6.931266785188442640e-04 2.361741911686357639e-04
1.276996199999999915e+00 6.866685331634534697e-04 2.325437137642317326e-04
1.283381200000000000e+00 6.802557252550981088e-04 2.289793336671648930e-04
1.289798100000000058e+00 6.738915205251729077e-04 2.254660566904081857e-04
1.296247099999999985e+00 6.675734604185556845e-04 2.220104429148892508e-04
1.302728300000000061e+00 6.613025339553062990e-04 2.186189332395197199e-04
1.309242000000000017e+00 6.550784065232205956e-04 2.152697061120084653e-04
1.315788200000000074e+00 6.489021105532035566e-04 2.119833473780169018e-04
1.322367099999999907e+00 6.427733776568633761e-04 2.087452265669285294e-04
1.328978999999999910e+00 6.366908020964724430e-04 2.055617390939621855e-04
1.335623900000000086e+00 6.306564087929763043e-04 2.024323095536871564e-04
1.342302000000000106e+00 6.246688765018365954e-04 1.993494857308641998e-04
1.349013500000000088e+00 6.187289518701599798e-04 1.963195904017742111e-04
1.355758599999999925e+00 6.128353380180563042e-04 1.933352504259065654e-04
1.362537399999999899e+00 6.069888541167812448e-04 1.904027448180394900e-04
1.369350000000000067e+00 6.011892935855208233e-04 1.875080762260680409e-04
1.376196799999999998e+00 5.954361872612624548e-04 1.846708876721192192e-04
1.383077799999999913e+00 5.897303825373647473e-04 1.818705903808638170e-04
1.389993199999999929e+00 5.840706050797403372e-04 1.791200483119978818e-04
1.396943100000000104e+00 5.784575922764978060e-04 1.764121305704506148e-04
1.403927799999999948e+00 5.728900082424049668e-04 1.737529164416983527e-04
1.410947500000000021e+00 5.673694186653577753e-04 1.711288207139086636e-04
1.418002200000000101e+00 5.618947269301638068e-04 1.685460009269077158e-04
1.425092199999999920e+00 5.565871163231314546e-04 1.660104519654395389e-04
1.432217700000000038e+00 5.512055098984502098e-04 1.635152160345086777e-04
1.439378800000000069e+00 5.458696966667592621e-04 1.610534793948921960e-04
1.446575699999999909e+00 5.405767010855306361e-04 1.586249043616003683e-04
1.453808599999999895e+00 5.353271424975730329e-04 1.562291563656718191e-04
1.461077600000000087e+00 5.301208162264345585e-04 1.538785016439561172e-04
1.468382999999999994e+00 5.249582265721816545e-04 1.515598883436470191e-04
1.475724899999999895e+00 5.198382985100333210e-04 1.492854643337774331e-04
1.483103499999999908e+00 5.147615945275994332e-04 1.470423211858766478e-04
1.490518999999999927e+00 5.097269866936748493e-04 1.448301406061589121e-04
1.497971600000000070e+00 5.047358455377791951e-04 1.426608843858926637e-04
1.505461500000000008e+00 4.998967944778424542e-04 1.405218406512041710e-04
1.512988800000000023e+00 4.949898108687379727e-04 1.384187874284028522e-04
1.520553700000000008e+00 4.901238391823354613e-04 1.363452800396057994e-04
1.528156499999999918e+00 4.853001263709545861e-04 1.343070237278855283e-04
1.535797300000000032e+00 4.805176434890804011e-04 1.323036372571728767e-04
1.543476300000000023e+00 4.757761029853615239e-04 1.303287762357228919e-04
1.551193700000000009e+00 4.710752191613988798e-04 1.283821463752143498e-04
1.558949600000000046e+00 4.664155261442666360e-04 1.264693626286818415e-04
1.566744399999999926e+00 4.617958480475450899e-04 1.245900315491320928e-04
1.574578100000000092e+00 4.572160235514991650e-04 1.227321157365899521e-04
1.582451000000000052e+00 4.526764502548965186e-04 1.209070330115960605e-04
1.590363299999999924e+00 4.481761010254151382e-04 1.191144157423815457e-04
1.598315099999999989e+00 4.437154778317942225e-04 1.173481537982037074e-04
1.606306599999999918e+00 4.392935693663508842e-04 1.156079716797090448e-04
1.614338199999999945e+00 4.349107010736953487e-04 1.138935822397320427e-04
1.622409900000000071e+00 4.305659906520962663e-04 1.122103973094663577e-04
1.630521899999999969e+00 4.262591676388754504e-04 1.105467849576682231e-04
1.638674500000000034e+00 4.219905978344362695e-04 1.089137803322044848e-04
1.646867899999999940e+00 4.177599957757441112e-04 1.073054530261196188e-04
1.655102199999999968e+00 4.135664551998558132e-04 1.057215491056300922e-04
1.663377700000000070e+00 4.094103288665808032e-04 1.041618039092212365e-04
1.671694599999999920e+00 4.052913366581685256e-04 1.026314623659523831e-04
1.680053100000000077e+00 4.012085474341652849e-04 1.011192422888577920e-04
1.688453399999999993e+00 3.971617040628181252e-04 9.963042059709810417e-05
1.696895599999999948e+00 3.931499571870605966e-04 9.815933505929323765e-05
1.705380099999999954e+00 3.891729780436762871e-04 9.671659205601142216e-05
1.713907000000000069e+00 3.852312065006357491e-04 9.529114154976076989e-05
1.722476600000000024e+00 3.813243460840878168e-04 9.388815413915328398e-05
1.731088900000000042e+00 3.774510053421024133e-04 9.251271197816748751e-05
1.739744399999999969e+00 3.736120579774708603e-04 9.115391004771006809e-05
1.748443100000000028e+00 3.698067410272409556e-04 8.981686115303657040e-05
1.757185299999999950e+00 3.660347832605427413e-04 8.849609269247172769e-05
1.765971200000000074e+00 3.622965487248528435e-04 8.720186463815036450e-05
1.774801099999999909e+00 3.585911684958882585e-04 8.592350169536275436e-05
1.783675099999999958e+00 3.549178800956252332e-04 8.467116877000227602e-05
1.792593499999999951e+00 3.512775842524399304e-04 8.342916869949583696e-05
1.801556500000000005e+00 3.476694744516450669e-04 8.221274321951492145e-05
1.810564199999999957e+00 3.440928058359823591e-04 8.101144039833706168e-05
1.819617100000000098e+00 3.405478176101147747e-04 7.983520924926290640e-05
1.828715099999999927e+00 3.370344043887558787e-04 7.866868386902424817e-05
1.837858699999999956e+00 3.335516914037615194e-04 7.752679493556525244e-05
1.847048000000000023e+00 3.301000561909079385e-04 7.639930010447177537e-05
1.856283300000000080e+00 3.266787131305794417e-04 7.528605671352575916e-05
1.865564699999999965e+00 3.232874994625786736e-04 7.419186052070453341e-05
1.874892500000000073e+00 3.199267065902455689e-04 7.311159315332246443e-05
1.884266999999999914e+00 3.165950506890520500e-04 7.204999620088565961e-05
1.893688299999999991e+00 3.132928995475241511e-04 7.100686717579954266e-05
1.903156700000000034e+00 3.100179897716641474e-04 6.992884929417482150e-05
1.912672499999999998e+00 3.067686448352959601e-04 6.886941355527693162e-05
1.922235899999999997e+00 3.035437796006256773e-04 6.782835530898400516e-05
1.931847099999999928e+00 3.003443216871548018e-04 6.680071174595046365e-05
1.941506299999999907e+00 2.971696907394146816e-04 6.579108900629829736e-05
1.951213800000000109e+00 2.940197779908821848e-04 6.479928400906158998e-05
1.960969900000000044e+00 2.908939954771532594e-04 6.382040643484542355e-05
1.970774699999999990e+00 2.877927814553822138e-04 6.285899942503270969e-05
1.980628599999999961e+00 2.847159954002679086e-04 6.191021925096214804e-05
1.990531800000000073e+00 2.816626251004664670e-04 6.097856206118199815e-05
2.000484399999999940e+00 2.786331025868735937e-04 6.005924283052286304e-05
2.010486799999999796e+00 2.756263877013510649e-04 5.912926564250192837e-05
2.020539299999999816e+00 2.726401509590352487e-04 5.821160381018120511e-05
2.030641999999999836e+00 2.696748858933126669e-04 5.731066787490408162e-05
2.040795199999999809e+00 2.667301256629478912e-04 5.642626762790012502e-05
2.050999200000000133e+00 2.638058572230060519e-04 5.554924790952473613e-05
2.061254200000000036e+00 2.609020908054304798e-04 5.469294191264680775e-05
2.071560400000000080e+00 2.580179742604903504e-04 5.384822227218092288e-05
2.081918200000000052e+00 2.551530620690030827e-04 5.301496905497212148e-05
2.092327800000000071e+00 2.523082356720142091e-04 5.219746346642784886e-05
2.102789500000000089e+00 2.494818148478748494e-04 5.139115174842080519e-05
2.113303399999999943e+00 2.466742930486456290e-04 5.060027611390458452e-05
2.123869899999999866e+00 2.438983269204323908e-04 4.982032668399660714e-05
2.134489299999999812e+00 2.411268619604909204e-04 4.905119195914802143e-05
2.145161700000000060e+00 2.383731934720841950e-04 4.829705257163630262e-05
2.155887499999999957e+00 2.356365494415136675e-04 4.755346735252204230e-05
2.166666999999999899e+00 2.329166015179815602e-04 4.682457210458870333e-05
2.177500300000000166e+00 2.302130755147660437e-04 4.610175460793526566e-05
2.188387800000000105e+00 2.275248740946111709e-04 4.539757538455355991e-05
2.199329699999999832e+00 2.248517459009661342e-04 4.469926257667014422e-05
2.210326400000000024e+00 2.221930313261031209e-04 4.401509309148816311e-05
2.221378000000000075e+00 2.195485300081052133e-04 4.334076604750075097e-05
2.232484900000000216e+00 2.169172508714120064e-04 4.267617737546298013e-05
2.243647300000000122e+00 2.142982811545233828e-04 4.202122784481627284e-05
2.254865600000000025e+00 2.116914318015215033e-04 4.137989336781039727e-05
2.266139900000000207e+00 2.090955020140794929e-04 4.074795965318259091e-05
2.277470600000000012e+00 2.065099950102971215e-04 4.012371163110623785e-05
2.288857900000000001e+00 2.039334167708973893e-04 3.951069358526252610e-05
2.300302199999999964e+00 2.013653440015517526e-04 3.890797772546788786e-05
2.311803700000000017e+00 1.988043739752144191e-04 3.831425903880530465e-05
2.323362799999999950e+00 1.962494700516047741e-04 3.773023282552171977e-05
2.334979600000000044e+00 1.936993532764423370e-04 3.715540295778971388e-05
2.346654500000000088e+00 1.911527503048017571e-04 3.658966902492732741e-05
2.358387800000000034e+00 1.886077978274038926e-04 3.603293316988371512e-05
2.370179700000000000e+00 1.860630564831712867e-04 3.548471195587755446e-05
2.382030600000000220e+00 1.835164705897960225e-04 3.494491352342574483e-05
2.393940699999999921e+00 1.809657835703736516e-04 3.441344982063508303e-05
2.405910399999999782e+00 1.784091260181372017e-04 3.389061286715965276e-05
2.417940000000000200e+00 1.758431528161397779e-04 3.337592876696974983e-05
2.430029699999999959e+00 1.732653019505530235e-04 3.286931179607678410e-05
2.442179799999999901e+00 1.706718767852590131e-04 3.237067557439195735e-05
2.454390699999999814e+00 1.680590233961177236e-04 3.187993319650632077e-05
2.466662700000000097e+00 1.654215584270624995e-04 3.139699989990759157e-05
2.478995999999999977e+00 1.627542377429289750e-04 3.092179292454349984e-05
2.491391000000000133e+00 1.600508349633114776e-04 3.045385862505535114e-05
2.503847899999999793e+00 1.573027779241238872e-04 2.999312119074674427e-05
2.516367199999999915e+00 1.545006636387729921e-04 2.953986729716736876e-05
2.528948999999999891e+00 1.516329542591583334e-04 2.909365459848747303e-05
2.541593799999999792e+00 1.486842844440522165e-04 2.865440580655877718e-05
2.554301699999999897e+00 1.456354755436502994e-04 2.822204889550638613e-05
2.567073199999999833e+00 1.424616910396319877e-04 2.779650798236457326e-05
2.579908599999999996e+00 1.391286530719050671e-04 2.737771012978950104e-05
2.592808199999999896e+00 1.355881801246701607e-04 2.696522838777549544e-05
2.605772200000000094e+00 1.317707811848311172e-04 2.655970317824772356e-05
2.618801100000000215e+00 1.275668401269480898e-04 2.616000271703816969e-05
2.631895099999999932e+00 1.227914966768042554e-04 2.576676687981726839e-05
2.645054500000000086e+00 1.170917952743713076e-04 2.537957816967222565e-05
2.658279799999999859e+00 1.096469952856498492e-04 2.499871657263131019e-05
2.671571199999999813e+00 9.760291472199428091e-05 2.462342607299004528e-05
2.682259600000000077e+00 5.923750317359240076e-05 2.432715300558262598e-05
2.683740600000000143e+00 5.844635276561242564e-05 6.732094150412489258e-05
2.684929100000000179e+00 7.142630010818674534e-05 6.721579513341460852e-05
2.698353700000000188e+00 9.824136099531095194e-05 6.604988728240149991e-05
2.711845499999999909e+00 1.049387447289123451e-04 6.490069659445261746e-05
2.725404699999999902e+00 1.079706963670259848e-04 6.377480306963514056e-05
2.739031699999999958e+00 1.091866045532558394e-04 6.266857749738485026e-05
2.752726899999999866e+00 1.090872127853916230e-04 6.158180057803369482e-05
2.766490500000000186e+00 1.076416542096492440e-04 6.051425947589308675e-05
2.780323000000000100e+00 1.040604148928504389e-04 5.946573661342836263e-05
2.794224600000000169e+00 9.225587891642729910e-05 5.843602292835732700e-05
2.797180299999999953e+00 7.975377561364949879e-05 5.821976769209951242e-05
2.798819899999999805e+00 7.947500377700206101e-05 8.442013392757778993e-05
2.808195700000000183e+00 1.011369336536959161e-04 8.340479010583430435e-05
2.822236699999999932e+00 1.089269141778747511e-04 8.191788952321627025e-05
2.836347899999999811e+00 1.130614794725057871e-04 8.045020370635755868e-05
2.850529600000000219e+00 1.158011434679237777e-04 7.901122502276930449e-05
2.864782299999999893e+00 1.177635584357070094e-04 7.760061983301906054e-05
2.879106199999999838e+00 1.192156997426110118e-04 7.621167811882681724e-05
2.893501699999999843e+00 1.203001527131152622e-04 7.485052626248933259e-05
2.907969200000000143e+00 1.211031464230429705e-04 7.351367983403753377e-05
2.922509100000000082e+00 1.216822402798151874e-04 7.220086679395545264e-05
2.937121600000000221e+00 1.220775073829251747e-04 7.091182247202460832e-05
2.951807200000000186e+00 1.223186516932618585e-04 6.964316200371571024e-05
2.966566199999999931e+00 1.224276194360196068e-04 6.840086891475816123e-05
2.981399099999999969e+00 1.224222410077471400e-04 6.718154783789790935e-05
2.996306099999999972e+00 1.223209707911539343e-04 6.598187450158669550e-05
3.011287600000000175e+00 1.221153675824001791e-04 6.478636878881601305e-05
3.026343999999999923e+00 1.218364108085383816e-04 6.360416408178485778e-05
3.041475800000000174e+00 1.214874109448210027e-04 6.244420996300787730e-05
3.056683099999999875e+00 1.210722134146636900e-04 6.130625981765508740e-05
3.071966600000000103e+00 1.205956769595434416e-04 6.019005705094876137e-05
3.087326399999999804e+00 1.200613935581057429e-04 5.909833786956090405e-05
3.102762999999999938e+00 1.194724358730871053e-04 5.802488259647301693e-05
3.118276799999999849e+00 1.188302811776356443e-04 5.697244088340442644e-05
3.133868200000000215e+00 1.181363814802851003e-04 5.593783708043686384e-05
3.149537599999999937e+00 1.173899348278449459e-04 5.492379538754454683e-05
3.165285299999999857e+00 1.165892910152646118e-04 5.393008028689865748e-05
3.181111700000000209e+00 1.157299774271928697e-04 5.295356598850691588e-05
3.197017199999999892e+00 1.148048485208540647e-04 5.199406265197511714e-05
3.213002299999999867e+00 1.138010035618539811e-04 5.105424251245275596e-05
3.229067300000000085e+00 1.126962132138920237e-04 5.012818268360889358e-05
3.245212700000000172e+00 1.114492202193332980e-04 4.922140670607286071e-05
3.261438699999999802e+00 1.099731976063945846e-04 4.833087284682592404e-05
3.277745900000000212e+00 1.080363011220671754e-04 4.745920231582545013e-05
3.294134699999999860e+00 1.045121741886516532e-04 4.660059085692229577e-05
3.298234799999999911e+00 1.024267176383305812e-04 4.638932144962392367e-05
3.305565000000000087e+00 1.020877906145365127e-04 5.418955928802565415e-05
3.310605300000000195e+00 1.041727063067246869e-04 5.388207412104383307e-05
3.327158400000000071e+00 1.063365833127181346e-04 5.288990019106764434e-05
3.343794100000000213e+00 1.069924125477067386e-04 5.191451756622317401e-05
3.360513099999999920e+00 1.071706576501697740e-04 5.095573818752673295e-05
3.377315700000000032e+00 1.071036552669896565e-04 5.001882739030185548e-05
3.394202299999999894e+00 1.068836398479198189e-04 4.909539636342006197e-05
3.411173300000000186e+00 1.065568888830555679e-04 4.819069884809232165e-05
3.428229099999999807e+00 1.061500593580676200e-04 4.730451793006493146e-05
3.445370299999999997e+00 1.056791767702867110e-04 4.643129811430148378e-05
3.462597099999999983e+00 1.051537086910062709e-04 4.557622018604073140e-05
3.479910100000000117e+00 1.045856523208956124e-04 4.476020958687098228e-05
3.497309700000000188e+00 1.039924489420452854e-04 4.396170712057270946e-05
3.514796200000000148e+00 1.033737270065463007e-04 4.317265948452240419e-05
3.532370199999999905e+00 1.027325248920651744e-04 4.240078687290316716e-05
3.550032100000000135e+00 1.020712035820799243e-04 4.164329635874410533e-05
3.567782199999999904e+00 1.013921955774126711e-04 4.090260425310178753e-05
3.585621100000000006e+00 1.006974034601040862e-04 4.017594448644514968e-05
3.603549199999999786e+00 9.998811002222446375e-05 3.946315800235257335e-05
3.621567000000000203e+00 9.926583371836845060e-05 3.876408608354763561e-05
3.639674799999999877e+00 9.853135853308524217e-05 3.807857360016857386e-05
3.657873200000000047e+00 9.778364052806645451e-05 3.739892201829805179e-05
3.676162600000000058e+00 9.702237876710766487e-05 3.673259465656528833e-05
3.694543400000000144e+00 9.624756407268441022e-05 3.608192788932287448e-05
3.713016099999999931e+00 9.545825697401462450e-05 3.544177933456717818e-05
3.731581199999999932e+00 9.465263919741772074e-05 3.481449963668914102e-05
3.750239099999999937e+00 9.382740830716477956e-05 3.419748843619857580e-05
3.768990300000000016e+00 9.297680565669737404e-05 3.359307411574997704e-05
3.787835199999999958e+00 9.208979777143363609e-05 3.300111077544111155e-05
3.806774400000000114e+00 9.114282765842118481e-05 3.241903656096887485e-05
3.825808299999999829e+00 9.007365234853131658e-05 3.184914784733592919e-05
3.844937299999999780e+00 8.858011542814292374e-05 3.128891094930010566e-05
3.848550100000000196e+00 8.809677719771227941e-05 3.118546962448602133e-05
3.859649899999999967e+00 8.767701066182161237e-05 3.308751591146377448e-05
3.864161999999999875e+00 8.793747439007149134e-05 3.294655443866289466e-05
3.883482799999999902e+00 8.799319667026714461e-05 3.235406362978257040e-05
3.902900199999999931e+00 8.763440323688028257e-05 3.177372095002049687e-05
3.922414700000000032e+00 8.714507746841965250e-05 3.120538488585910186e-05
3.942026799999999831e+00 8.658876872307918852e-05 3.064658256866665821e-05
3.961736900000000006e+00 8.599019209028999902e-05 3.009953173402337017e-05
3.981545600000000018e+00 8.536149029326377735e-05 2.956178428459512342e-05
4.001453299999999658e+00 8.470872001767245371e-05 2.903323890430739652e-05
4.021460600000000163e+00 8.403463219913406888e-05 2.851608030446422249e-05
4.041567900000000435e+00 8.333941107840182405e-05 2.800789962532151145e-05
4.061775700000000100e+00 8.262290882723896624e-05 2.751765326547270639e-05
4.082084599999999952e+00 8.188532561166997088e-05 2.704060184957208029e-05
4.102495000000000225e+00 8.111242480652008490e-05 2.657434066968418395e-05
4.123007499999999936e+00 8.026366006853836131e-05 2.611427956494593843e-05
4.140603500000000103e+00 7.932434584505780725e-05 2.573014580274016392e-05
4.143622599999999601e+00 7.908119349845861340e-05 2.566479572529624549e-05
4.158197000000000365e+00 7.877600301468253095e-05 2.647266951700870082e-05
4.164340700000000339e+00 7.877536686885878233e-05 2.633866416873623125e-05
4.185162400000000282e+00 7.844341419039172240e-05 2.589343336037295456e-05
4.206088199999999944e+00 7.796301726842858851e-05 2.545635327042119139e-05
4.227118599999999837e+00 7.743060119284612530e-05 2.502515683890389940e-05
4.248254199999999869e+00 7.687217847721327909e-05 2.460411410602620272e-05
4.269495499999999666e+00 7.629881496428321227e-05 2.419094881550646944e-05
4.290842999999999741e+00 7.571635010884135073e-05 2.378557174024735664e-05
4.312297199999999719e+00 7.512713201672327837e-05 2.338149732811892865e-05
4.333858700000000397e+00 7.453273236289151987e-05 2.298297643020934277e-05
4.355527999999999622e+00 7.393505798296138480e-05 2.259206464103401772e-05
4.377305599999999686e+00 7.333527155779835812e-05 2.220867530096194085e-05
4.399192099999999606e+00 7.273439469362653540e-05 2.183272203068923226e-05
4.421188100000000176e+00 7.213312861524911568e-05 2.146411926425355300e-05
4.443293999999999855e+00 7.153206220179715829e-05 2.110071368092671155e-05
4.465510499999999716e+00 7.093184571755562699e-05 2.074451088941196229e-05
4.487838100000000274e+00 7.033283709794513675e-05 2.039337901489221767e-05
4.510277199999999986e+00 6.973529379263469275e-05 2.004930569262726553e-05
4.532828600000000208e+00 6.913963114268828632e-05 1.971119369197631510e-05
4.555492799999999676e+00 6.854608042605919488e-05 1.937917921239849372e-05
4.578270200000000401e+00 6.795486730714131451e-05 1.905319457463879580e-05
4.601161600000000185e+00 6.736619719410627755e-05 1.873277133135054618e-05
4.624167400000000150e+00 6.678010700112014381e-05 1.841784899451359052e-05
4.647288200000000202e+00 6.619696789729098956e-05 1.810856465519907979e-05
4.670524699999999640e+00 6.561679583716339861e-05 1.780465787819855708e-05
4.693877299999999586e+00 6.503969811401472882e-05 1.750606978178769358e-05
4.717346700000000226e+00 6.446576944449328237e-05 1.721254594127558942e-05
4.740933400000000297e+00 6.389518809293364104e-05 1.692422501443311759e-05
4.764638099999999987e+00 6.332803855379303922e-05 1.664085558845706367e-05
4.788461299999999810e+00 6.276432660871477526e-05 1.636238336825064134e-05
4.812403599999999670e+00 6.220413440393590026e-05 1.608875419007990747e-05
4.836465600000000364e+00 6.164761924179267775e-05 1.581991438149208496e-05
4.860647900000000021e+00 6.109477578400987572e-05 1.555562157515495938e-05
4.884951199999999716e+00 6.054567312535983758e-05 1.529582557716754066e-05
4.909375899999999682e+00 6.000038446569058145e-05 1.504047758863658830e-05
4.933922800000000386e+00 5.945904549453195058e-05 1.478952800241901720e-05
4.958592399999999678e+00 5.892164321087259212e-05 1.454274313960144126e-05
4.983385400000000409e+00 5.838823387907346744e-05 1.430026189149442758e-05
5.008302300000000429e+00 5.785909584268418798e-05 1.406203686418516151e-05
5.033343799999999924e+00 5.733354552735615248e-05 1.382509747062427972e-05
5.058510499999999688e+00 5.681135988751180214e-05 1.359198545572415125e-05
5.083803099999999908e+00 5.629267843244749119e-05 1.336284023857424244e-05
5.109222100000000211e+00 5.577756851358334211e-05 1.313743858435817718e-05
5.134768199999999894e+00 5.526608993842426425e-05 1.291609794572348001e-05
5.160442100000000032e+00 5.475823040534953022e-05 1.269823807153553781e-05
5.186244300000000251e+00 5.425405020268848184e-05 1.248435408351802740e-05
5.212175499999999850e+00 5.375360243676355928e-05 1.227387181469180988e-05
5.238236399999999904e+00 5.325693746627325635e-05 1.206710577267997372e-05
5.264427600000000318e+00 5.276410497313174786e-05 1.186384002629535272e-05
5.290749700000000111e+00 5.227502025705708260e-05 1.166386248529644079e-05
5.317203400000000357e+00 5.178972957942617838e-05 1.146748345079443623e-05
5.343789499999999748e+00 5.130827471814403677e-05 1.127431814750379367e-05
5.370508400000000293e+00 5.093962716314106285e-05 1.108381864568061665e-05
5.397360899999999795e+00 5.046489345308695568e-05 1.089340226478476790e-05
5.424347700000000216e+00 4.999350004366709123e-05 1.070596232476879822e-05
5.451469499999999968e+00 4.952543745655695181e-05 1.052180448047233177e-05
5.478726799999999564e+00 4.906082240189671298e-05 1.034072481969132656e-05
5.506120499999999751e+00 4.859969850740555566e-05 1.016302334328732926e-05
5.533651100000000156e+00 4.814199371665501534e-05 9.988329773273121588e-06
5.561319300000000077e+00 4.768787298618316542e-05 9.816611104278082401e-06
5.589125899999999980e+00 4.723731544593631450e-05 9.647998981286664118e-06
5.617071600000000053e+00 4.685886350900560318e-05 9.480821498545576235e-06
5.645156899999999922e+00 4.641458225377951272e-05 9.316046227333127380e-06
5.673382700000000334e+00 4.597364420852605068e-05 9.154134444507883663e-06
5.701749600000000306e+00 4.553609363625172582e-05 8.995215920711102813e-06
5.730258400000000307e+00 4.510196922670726180e-05 8.838935764959622170e-06
5.758909599999999962e+00 4.467125658272037505e-05 8.685584939117458065e-06
5.787704200000000299e+00 4.424398847632977656e-05 8.534970905039574479e-06
5.816642700000000055e+00 4.382014882445457466e-05 8.386905348331074298e-06
5.845725899999999697e+00 4.339977085273926121e-05 8.241674831663407298e-06
5.874954599999999694e+00 4.298283236795768397e-05 8.098777321875037200e-06
5.904329299999999670e+00 4.256931563894112325e-05 7.958655283184221433e-06
5.933850999999999765e+00 4.215924804134167148e-05 7.820811624441507842e-06
5.963520199999999605e+00 4.175261036308502120e-05 7.685530447788395774e-06
5.993337799999999937e+00 4.134942908364170515e-05 7.552629123826051295e-06
6.023304500000000061e+00 4.094968081779453263e-05 7.422081269645779802e-06
6.053421000000000163e+00 4.055329200196764562e-05 7.293860736589753078e-06
6.083688200000000101e+00 4.016033788785183453e-05 7.167941372567675719e-06
6.114106600000000391e+00 3.977079662432392071e-05 7.044297737420020124e-06
6.144677100000000003e+00 3.938459240742481318e-05 6.922754498635636319e-06
6.175400500000000292e+00 3.900179786619988829e-05 6.803437466794432320e-06
6.206277499999999669e+00 3.862233969597397696e-05 6.686173481197757077e-06
6.237308900000000378e+00 3.824624014247207600e-05 6.571087298603519392e-06
6.268495399999999940e+00 3.787342718786224760e-05 6.458007666222354943e-06
6.299837899999999991e+00 3.750396772396160972e-05 6.346912229808796563e-06
6.331337099999999829e+00 3.713778966094352755e-05 6.237924280998325747e-06
6.362993799999999922e+00 3.677486725733234541e-05 6.130730773831641668e-06
6.394808799999999849e+00 3.641522003830023250e-05 6.025456020712436314e-06
6.426782799999999796e+00 3.605882245541705707e-05 5.922078660101956195e-06
6.458916699999999622e+00 3.570564691049755318e-05 5.820577337146375836e-06
6.491211299999999795e+00 3.535571091506357579e-05 5.720789326672214625e-06
6.523667399999999894e+00 3.500894387226952191e-05 5.622836823917847482e-06
6.556285700000000105e+00 3.466536393652485190e-05 5.526558964223080908e-06
6.589067100000000288e+00 3.432494318599977338e-05 5.432076801402326320e-06
6.622012500000000301e+00 3.402484136030529017e-05 5.338814476310628181e-06
6.655122500000000052e+00 3.369041513769591162e-05 5.246760294629063908e-06
6.688398099999999680e+00 3.335898680491709893e-05 5.156314789726250544e-06
6.721840099999999651e+00 3.303053294378475286e-05 5.067460152533716788e-06
6.755449300000000434e+00 3.270503030637072757e-05 4.980178733105349743e-06
6.789226600000000111e+00 3.238253480914776906e-05 4.894588408675311409e-06
6.823172699999999757e+00 3.206298256036819056e-05 4.810400361472897298e-06
6.857288600000000400e+00 3.174634780103560217e-05 4.727733391131557096e-06
6.891574999999999562e+00 3.143264659912997183e-05 4.646570546406504027e-06
6.926032900000000048e+00 3.112181408792946268e-05 4.566894824018076659e-06
6.960663099999999659e+00 3.081386506456807893e-05 4.488557406128392797e-06
6.995466399999999751e+00 3.050881298929541166e-05 4.411543701302542435e-06
7.030443700000000185e+00 3.020659460300213176e-05 4.335969978999956925e-06
7.065595899999999929e+00 2.990718529981487689e-05 4.261819894347064936e-06
7.100923899999999733e+00 2.961056071114944645e-05 4.188947756540237453e-06
7.136428500000000064e+00 2.931673370329113793e-05 4.117339510504740068e-06
7.172110700000000172e+00 2.902567844650582747e-05 4.046981111440375128e-06
7.207971200000000245e+00 2.873737179887646216e-05 3.977858812146749038e-06
7.244011099999999814e+00 2.845178762389579384e-05 3.909958765472317503e-06
7.280231099999999955e+00 2.816890321421020965e-05 3.843267469637160795e-06
7.316632300000000200e+00 2.788872737524150116e-05 3.777897008798657221e-06
7.353215500000000127e+00 2.761120196551677337e-05 3.713457035808952250e-06
7.389981500000000203e+00 2.733630413890351891e-05 3.650311391181577968e-06
7.426931399999999961e+00 2.706404244784057846e-05 3.588197359760502243e-06
7.464066100000000148e+00 2.679439278898439051e-05 3.527226982834040439e-06
7.501386400000000343e+00 2.652729925663048469e-05 3.467387412144845291e-06
7.538893400000000078e+00 2.626280260568840947e-05 3.408543802883166872e-06
7.576587800000000428e+00 2.600081566120501596e-05 3.350806770797574226e-06
7.614470800000000317e+00 2.574137769753476030e-05 3.293922100464778881e-06
7.652543099999999932e+00 2.548443472679490175e-05 3.238241528528864981e-06
7.690805799999999692e+00 2.522999384619843162e-05 3.183392136901473176e-06
7.729259899999999739e+00 2.499061494763353848e-05 3.129365230182181889e-06
7.767906199999999650e+00 2.474101329429512078e-05 3.076270647655495950e-06
7.806745699999999566e+00 2.449378378185581450e-05 3.023980289068057132e-06
7.845779399999999626e+00 2.424893483047864431e-05 2.972602897181515723e-06
7.885008299999999970e+00 2.400644425465326404e-05 2.922244958201315147e-06
7.924433399999999850e+00 2.376629010206021185e-05 2.872662612834871613e-06
7.964055499999999732e+00 2.352848088246509649e-05 2.823963185196776503e-06
8.003875799999999430e+00 2.329293549031349959e-05 2.776136742701887144e-06
8.043895199999999690e+00 2.305971952042325403e-05 2.729173550482805431e-06
8.084114700000000653e+00 2.282875380400973707e-05 2.683063926312586914e-06
8.124535200000000401e+00 2.260001804568272609e-05 2.637685127372818701e-06
8.165157900000000524e+00 2.237354575945611860e-05 2.593141888257319833e-06
8.205983700000000880e+00 2.214926070456375593e-05 2.549424813060250946e-06
8.247013600000000721e+00 2.192719685275993161e-05 2.506301557857023356e-06
8.288248700000000468e+00 2.170730523292642197e-05 2.464098998958775030e-06
8.329689899999999980e+00 2.149394764769381219e-05 2.422475139634186504e-06
8.371338400000000846e+00 2.127837436411816790e-05 2.381643807062815940e-06
8.413195099999999371e+00 2.106488505536371108e-05 2.341377403471793138e-06
8.455261000000000138e+00 2.085353788418868178e-05 2.301887749396103802e-06
8.497537299999999405e+00 2.064428508452570291e-05 2.263165906233594304e-06
8.540024999999999977e+00 2.043710641106395525e-05 2.224987723355280260e-06
9.030794000000000210e+00 1.830274366027857526e-05 1.834445464553492967e-06
9.653919000000000139e+00 1.596187758780177399e-05 1.441144887292845487e-06
1.032004000000000055e+01 1.390150188714859031e-05 1.134099486926939189e-06
1.103212000000000081e+01 1.208923648403217456e-05 8.943615351495494694e-07
1.179334000000000060e+01 1.048980449062333992e-05 7.061717273744582785e-07
1.260707999999999984e+01 9.058817375088935511e-06 5.570107659402835507e-07
1.347696999999999967e+01 7.677423865071118613e-06 4.400132443493346474e-07
1.353752000000000066e+01 7.570973996637647383e-06 4.331137772578043058e-07
1.374473000000000056e+01 7.086363155569105236e-06 4.105747888252786604e-07
1.379998999999999931e+01 6.729289466744339311e-06 4.048327339627671024e-07
1.388287000000000049e+01 6.944893353081417779e-06 9.797606865458985799e-07
1.409008000000000038e+01 6.996139356621930406e-06 9.284140696614036420e-07
1.440687999999999924e+01 6.819835381555541627e-06 8.562990825808790122e-07
1.540094999999999992e+01 6.062792716564194293e-06 6.697925192415076187e-07
1.591940999999999917e+01 5.640198216581309501e-06 5.928735060059243604e-07
1.616308000000000078e+01 5.385491379472087571e-06 5.605815064985917745e-07
1.622805999999999926e+01 5.233956579423250004e-06 5.523531415669164565e-07
1.632552000000000092e+01 5.281023414805333032e-06 7.538609936354981725e-07
1.646361999999999881e+01 5.260431870900424242e-06 7.311725141884589174e-07
1.656918999999999897e+01 5.217841185963959115e-06 7.143599874363368514e-07
1.660050999999999988e+01 5.203165577156271193e-06 7.095224850227904584e-07
1.685460000000000136e+01 5.050685576006756746e-06 6.713837547291283758e-07
1.692236000000000118e+01 4.968746082778162017e-06 6.616856925761209281e-07
1.702400000000000091e+01 4.972846494283932589e-06 7.472372761223072478e-07
1.727808999999999884e+01 4.897814827957430598e-06 7.094787047247724050e-07
1.759960999999999842e+01 4.766849815034752712e-06 6.651165086296106554e-07
1.881398000000000081e+01 4.255359044793596215e-06 5.254122016142748393e-07
2.011214999999999975e+01 3.765148821240127197e-06 4.146831294334785072e-07
2.149988000000000099e+01 3.318303583381404572e-06 3.273379954232141865e-07
2.298338000000000036e+01 2.917626999263334947e-06 2.583385732462618932e-07
2.456923000000000101e+01 2.561402067369262035e-06 2.040051209607590760e-07
2.626450000000000173e+01 2.246595847551809020e-06 1.612251779476976742e-07
2.807676000000000016e+01 1.970628974951932150e-06 1.266811052157160561e-07
3.001405000000000101e+01 1.725548644504460524e-06 9.927648446921370639e-08
3.208502000000000010e+01 1.510150289520991698e-06 7.790251196580571282e-08
3.429889000000000010e+01 1.322156501625279392e-06 6.107790752031900487e-08
3.666550999999999760e+01 1.156337553397542216e-06 4.781360036722479352e-08
3.919543000000000177e+01 1.011070903687213242e-06 3.747342825098859248e-08
4.189992000000000161e+01 8.839184524988670815e-07 2.940570264608109032e-08
4.479100999999999999e+01 7.726782968260650376e-07 2.310406635618106090e-08
4.788159000000000276e+01 6.753876690249772839e-07 1.817478818183053541e-08
5.118542000000000058e+01 5.903148442252046124e-07 1.431591212120409081e-08
5.471721000000000146e+01 5.159301956822393597e-07 1.129187316520565214e-08
5.849269999999999925e+01 4.508919939665956840e-07 8.918957687292512360e-09
6.252870000000000061e+01 3.940183768822937797e-07 7.044883454239151374e-09
6.684318000000000382e+01 3.442655680621730274e-07 5.569963070207271498e-09
7.145535999999999888e+01 3.007250519817973856e-07 4.410390108904316128e-09
7.638577999999999690e+01 2.625808607134279612e-07 3.488897434089305648e-09
8.165640000000000498e+01 2.290734493853872757e-07 2.756050013946513913e-09
8.729068999999999789e+01 1.993490766556625866e-07 2.170796999301351948e-09
9.124290000000000589e+01 1.806776785786257507e-07 1.855254465197197082e-09
9.263948000000000604e+01 1.730616358675713961e-07 1.758398950893824821e-09
9.301189999999999714e+01 1.690564365445086668e-07 1.733760698121019775e-09
9.331373999999999569e+01 1.693355549251700940e-07 6.886200570512799368e-09
9.357053000000000509e+01 1.697444035014139055e-07 6.820426326855787829e-09
9.496710000000000207e+01 1.670809859168850918e-07 6.476798526376149525e-09
9.975239000000000544e+01 1.533982287475010849e-07 5.453984845740929449e-09
1.066353000000000009e+02 1.351658537740268899e-07 4.317234046509944711e-09
1.139930999999999983e+02 1.187278077679564833e-07 3.414294914829181288e-09
1.218586999999999989e+02 1.041424953408621808e-07 2.701009184517514183e-09
1.302668999999999926e+02 9.127672782295622732e-08 2.138147014248273711e-09
1.392553000000000054e+02 7.995986654010349101e-08 1.691631860021942509e-09
1.488640000000000043e+02 7.002016343347833217e-08 1.339374583571298766e-09
1.591356000000000108e+02 6.130060452254240095e-08 1.061716909048106005e-09
1.701159000000000106e+02 5.365715788541761745e-08 8.428632912638735536e-10
1.818539000000000101e+02 4.696059196443928882e-08 6.701375392886146700e-10
1.944018000000000086e+02 4.109588457376642924e-08 5.338412540439601535e-10
2.078155999999999892e+02 3.596104475695536844e-08 4.260468588730174049e-10
2.221547999999999945e+02 3.146623096973124736e-08 3.408053715167195472e-10
2.374834999999999923e+02 2.753222572076389976e-08 2.733073719351557794e-10
2.538699000000000012e+02 2.408945777214543918e-08 2.197857701257671499e-10
2.713869000000000256e+02 2.107687519940048662e-08 1.772799104656925717e-10
2.901125999999999863e+02 1.844086137789303066e-08 1.434660403550550367e-10
3.101304000000000087e+02 1.613446429267269006e-08 1.165105686036594911e-10
3.315294000000000096e+02 1.411651354778408362e-08 9.498057811445282166e-11
3.544048999999999978e+02 1.235096607124302299e-08 7.773721090050911374e-11
3.788587999999999738e+02 1.080628649680875337e-08 6.389205704044432737e-11
4.050000999999999749e+02 9.454833819208264666e-09 5.274546705271742819e-11
4.329451000000000249e+02 8.272456922165487003e-09 4.373802401332970432e-11
