1.067676000000000069e+00 5.706883084494783834e-04 5.589099864680891925e-04
1.141345000000000054e+00 5.620287945879886204e-04 4.400419133786570070e-04
1.217356000000000105e+00 5.090588016039247895e-04 3.511949083437377770e-04
1.220097999999999905e+00 5.058031481865119796e-04 3.484676472473293373e-04
1.235989000000000004e+00 4.765914219383806695e-04 3.332060730876021133e-04
1.240958000000000006e+00 4.461170718438047748e-04 3.286208011874578025e-04
1.248410999999999937e+00 4.713906443444588904e-04 3.767869846573004052e-04
1.267044000000000059e+00 4.870461790907022141e-04 3.574235149828371865e-04
1.304284999999999917e+00 4.799920773310878712e-04 3.225594413551846986e-04
1.310651999999999928e+00 4.769331006322562942e-04 3.172823540245435156e-04
1.330713000000000035e+00 4.620330289127476159e-04 3.014763742054918003e-04
1.336063000000000001e+00 4.499379644678279475e-04 2.974595069502342050e-04
1.344087000000000032e+00 4.576860976294991660e-04 3.116558764968925185e-04
1.364147999999999916e+00 4.593435747729552742e-04 2.964326594094773360e-04
1.394281000000000104e+00 4.515980893955632127e-04 2.755200988729802425e-04
1.480779999999999985e+00 4.167915638805158086e-04 2.270967554265566587e-04
1.490485999999999978e+00 4.119888549252359784e-04 2.224764213722592039e-04
1.503444999999999920e+00 4.040593702998160537e-04 2.165158220016290594e-04
1.509489000000000081e+00 3.966866587674408693e-04 2.138125087635390749e-04
1.518555000000000099e+00 3.986612457639656260e-04 2.199388621603851112e-04
1.541220000000000034e+00 3.950704657724717224e-04 2.100865774180952789e-04
1.593328999999999995e+00 3.799906131859953867e-04 1.894277328536673869e-04
1.703268999999999922e+00 3.455148690331826542e-04 1.523536647108367573e-04
1.820794999999999941e+00 3.104927493433294063e-04 1.221487925370323224e-04
1.946430000000000105e+00 2.769596473194798811e-04 9.778562049056210186e-05
2.080732999999999944e+00 2.458024236903345958e-04 7.819987397645384480e-05
2.224304000000000059e+00 2.173017443013525781e-04 6.244976237127522435e-05
2.377781000000000144e+00 1.915299322165493041e-04 4.987907697728473659e-05
2.541847999999999885e+00 1.687806091473043957e-04 3.986402333927296134e-05
2.717235000000000067e+00 1.483490502513793233e-04 3.184603305790627238e-05
2.904723999999999862e+00 1.301842238975353444e-04 2.545586576003179335e-05
3.105150000000000077e+00 1.143020603575504914e-04 2.019891920871208542e-05
3.319405999999999857e+00 9.991532300563454947e-05 1.591861042653012305e-05
3.548445000000000071e+00 8.720149392781602717e-05 1.256450268177443759e-05
3.793287999999999993e+00 7.601534426454197328e-05 9.920787556483818569e-06
4.055024000000000406e+00 6.616300175726543161e-05 7.803212175782583805e-06
4.334820999999999813e+00 5.748464573770851717e-05 6.146026670583442728e-06
4.633924000000000376e+00 4.983510012753239758e-05 4.849000229180253224e-06
4.953663999999999845e+00 4.305979501974377925e-05 3.833499741236290457e-06
5.295467000000000368e+00 3.697156195398307126e-05 3.036736811877677215e-06
5.660854999999999748e+00 3.118923018264882968e-05 2.400841439346972676e-06
5.845013999999999932e+00 2.799547900159944124e-05 2.143954439115863664e-06
5.934478999999999616e+00 2.537732999961777520e-05 2.030931825977088548e-06
5.958336000000000077e+00 2.312558884907864174e-05 2.002172945696455560e-06
5.994121999999999950e+00 2.485611137464706783e-05 5.897446379866986779e-06
6.051453000000000415e+00 2.570699868178306786e-05 5.670266611411637531e-06
6.083586000000000382e+00 2.579748070767038287e-05 5.547758925307790206e-06
6.311592000000000091e+00 2.468188431711006826e-05 4.778301845717316920e-06
6.408197999999999617e+00 2.346669413743222434e-05 4.509577678030508128e-06
6.433959999999999901e+00 2.248044294019594695e-05 4.441689067603692678e-06
6.469003999999999976e+00 2.308404995074798992e-05 6.005883498387028439e-06
6.472602000000000189e+00 2.312857548576277588e-05 5.993360423588026558e-06
6.569207999999999714e+00 2.331405224871661497e-05 5.668411918637027270e-06
6.698103999999999836e+00 2.283248081734300653e-05 5.271232601674696072e-06
6.800626000000000282e+00 2.211759513745261655e-05 4.982952841149068386e-06
6.827964999999999840e+00 2.162151808543054924e-05 4.910175239111052458e-06
6.868973999999999691e+00 2.183576297760435808e-05 5.553579796056677990e-06
6.915365000000000428e+00 2.184639846710102753e-05 5.423984606110648265e-06
6.971496000000000137e+00 2.172766747615801453e-05 5.272812519221581208e-06
7.392525000000000013e+00 2.014098353958189094e-05 4.298821142817278443e-06
7.902608999999999995e+00 1.808271749162080455e-05 3.403823588013148851e-06
8.447889999999999233e+00 1.608705639508385796e-05 2.687339177505754698e-06
9.030794000000000210e+00 1.424054955898898281e-05 2.115808330795531301e-06
9.653919000000000139e+00 1.255636676433770092e-05 1.655502051409901898e-06
1.032004000000000055e+01 1.104142270282013906e-05 1.296675822270527262e-06
1.103212000000000081e+01 9.692301485837185053e-06 1.016690048568505905e-06
1.179334000000000060e+01 8.498123213583183276e-06 7.980301471964490794e-07
1.260707999999999984e+01 7.453376862291639162e-06 6.247670055789182107e-07
1.347696999999999967e+01 6.528303402835197447e-06 4.885272652635584038e-07
1.440687999999999924e+01 5.714294099752916103e-06 3.810699770623723626e-07
1.540094999999999992e+01 4.996184037747435559e-06 2.973590024191647261e-07
1.646361999999999881e+01 4.366867581241508250e-06 2.323036133036201106e-07
1.759960999999999842e+01 3.816011109600254909e-06 1.816869155037104167e-07
1.881398000000000081e+01 3.334163493110413932e-06 1.422425709516578089e-07
2.011214999999999975e+01 2.912878126762983720e-06 1.114971687046495110e-07
2.149988000000000099e+01 2.544647843067211822e-06 8.751149443941328413e-08
2.298338000000000036e+01 2.222851717851972430e-06 6.877031765369089898e-08
2.456923000000000101e+01 1.941650023141403736e-06 5.411748159188540000e-08
2.626450000000000173e+01 1.695924096776083870e-06 4.262104441062010162e-08
2.807676000000000016e+01 1.481165143917635663e-06 3.329438808173483946e-08
3.001405000000000101e+01 1.293137554992701457e-06 2.593777988692251411e-08
3.208502000000000010e+01 1.128434022842910470e-06 2.017427604604306111e-08
3.429889000000000010e+01 9.839730470553040295e-07 1.570691775845906894e-08
3.666550999999999760e+01 8.567816259635171745e-07 1.224977230853288489e-08
3.919543000000000177e+01 7.432379862078596387e-07 9.571058901518120332e-09
4.115079000000000065e+01 6.627416154013034574e-07 8.003580814337976952e-09
4.178065000000000140e+01 6.292225988762422100e-07 7.570855269388400310e-09
4.189992000000000161e+01 6.171760986635663572e-07 7.492233559597774353e-09
4.194861000000000217e+01 6.079179524232407006e-07 7.460608019599720907e-09
4.220054999999999978e+01 6.169446844185701867e-07 3.896545756431499043e-08
4.283041000000000054e+01 6.132067720293499165e-07 3.697014658728919521e-08
4.479100999999999999e+01 5.724333293731657684e-07 3.152530171390324308e-08
4.788159000000000276e+01 5.071265958940199811e-07 2.480462939597892657e-08
5.118542000000000058e+01 4.467104657021177336e-07 1.950139647771270966e-08
5.471721000000000146e+01 3.925355919910660168e-07 1.532876173214165081e-08
5.849269999999999925e+01 3.444460875548110644e-07 1.202234902136465293e-08
6.252870000000000061e+01 3.019692008492368805e-07 9.431209745551601407e-09
6.684318000000000382e+01 2.645698530086132552e-07 7.401181397441713490e-09
7.145535999999999888e+01 2.317044474636849481e-07 5.810604531575790534e-09
7.638577999999999690e+01 2.028620349397259311e-07 4.564429143052897014e-09
8.165640000000000498e+01 1.775778452178021318e-07 3.583834732289415283e-09
8.729068999999999789e+01 1.554881988615464326e-07 2.803477676869887274e-09
9.331373999999999569e+01 1.360540209637866204e-07 2.192463368144564832e-09
9.975239000000000544e+01 1.190358294865135132e-07 1.716946540642474950e-09
1.066353000000000009e+02 1.041389852568065216e-07 1.346611092898470502e-09
1.139930999999999983e+02 9.110247150619621196e-08 1.058005940121611947e-09
1.218586999999999989e+02 7.969561238409032898e-08 8.328931454773462394e-10
1.302668999999999926e+02 6.971630675273500459e-08 6.570972604451508973e-10
1.392553000000000054e+02 6.098613611419477632e-08 5.197594418518802296e-10
1.488640000000000043e+02 5.334938543795167242e-08 4.122784232666830532e-10
1.591356000000000108e+02 4.666928908943633816e-08 3.280458482984519363e-10
1.701159000000000106e+02 4.082606313617292221e-08 2.619374938030159230e-10
1.818539000000000101e+02 3.571483175490984400e-08 2.099604612252856827e-10
1.944018000000000086e+02 3.124408732853033424e-08 1.692609921878513177e-10
2.078155999999999892e+02 2.733346638649493358e-08 1.370644770722588106e-10
2.221547999999999945e+02 2.391282981277671029e-08 1.115213364661401232e-10
2.374834999999999923e+02 2.092056685162702548e-08 9.119652165186127854e-11
2.538699000000000012e+02 1.830306887234361556e-08 7.497523133283649118e-11
2.713869000000000256e+02 1.601331239991039600e-08 6.197680973298007126e-11
2.901125999999999863e+02 1.401021976030361065e-08 5.152284103168734933e-11
3.101304000000000087e+02 1.225785580462794649e-08 4.307769874697373326e-11
3.315294000000000096e+02 1.072483821793692830e-08 3.622334973827277146e-11
3.544048999999999978e+02 9.383658669132953323e-09 3.063225310552377019e-11
3.788587999999999738e+02 8.210295875305287546e-09 2.604748757862609922e-11
4.050000999999999749e+02 7.183736167879524102e-09 2.226505448858714928e-11
4.329451000000000249e+02 6.285595810724424138e-09 1.912620897994261354e-11
