1.000121100000000096e+00 2.390245810131284582e-03 8.995407422798098801e-04
1.005121699999999896e+00 2.371734489969424750e-03 8.863492375427498276e-04
1.010147300000000081e+00 2.352637707077013564e-03 8.733507269677640407e-04
1.015198000000000045e+00 2.333189247237441727e-03 8.605432199080918082e-04
1.020273999999999903e+00 2.313530040988617722e-03 8.479038676643680912e-04
1.025375399999999937e+00 2.293761322310381573e-03 8.354724024370827626e-04
1.030502299999999982e+00 2.273933088400035239e-03 8.231848219041467633e-04
1.035654800000000098e+00 2.254097737482627095e-03 8.110807832442060855e-04
1.040833099999999956e+00 2.234275683389331645e-03 7.991175393162161565e-04
1.046037200000000000e+00 2.214495806721701512e-03 7.873547215285134609e-04
1.051267399999999963e+00 2.194780490422626896e-03 7.757496416862846769e-04
1.056523799999999902e+00 2.175135700275844606e-03 7.643208226983219840e-04
1.061806400000000039e+00 2.155579764857468075e-03 7.530664928786657674e-04
1.067115400000000047e+00 2.136121456001502123e-03 7.419648722718231440e-04
1.072451000000000043e+00 2.116761250721238032e-03 7.310341561100217002e-04
1.077813200000000027e+00 2.097512206595189901e-03 7.202529343645181588e-04
1.083202299999999951e+00 2.078374003629829096e-03 7.096391678979569037e-04
1.088618300000000039e+00 2.059351332991625223e-03 6.991716707554007171e-04
1.094061399999999962e+00 2.040447936849807287e-03 6.888683057573683497e-04
1.099531700000000001e+00 2.021667769308825406e-03 6.787273354620370095e-04
1.105029400000000050e+00 2.003010501762630957e-03 6.687085830300016189e-04
1.110554500000000111e+00 1.984480230894636581e-03 6.588682777939228012e-04
1.116107299999999913e+00 1.966076135704970026e-03 6.491473020927548748e-04
1.121687799999999902e+00 1.947802096904739438e-03 6.395824266508433201e-04
1.127296300000000029e+00 1.929657186004054377e-03 6.301530533229568855e-04
1.132932800000000073e+00 1.911645076417698569e-03 6.208765925203838009e-04
1.138597400000000093e+00 1.893761874272768646e-03 6.117327734464283540e-04
1.144290400000000041e+00 1.876006652491216814e-03 6.027201418552639205e-04
1.150011899999999976e+00 1.858386073714555359e-03 5.938373655357396435e-04
1.155761899999999898e+00 1.840899979380316003e-03 5.850831730984500925e-04
1.161540699999999982e+00 1.823543849503237238e-03 5.764744129617806537e-04
1.167348400000000064e+00 1.806320660249192489e-03 5.679913421541911596e-04
1.173185200000000039e+00 1.789232937910553451e-03 5.596145443109228849e-04
1.179051099999999908e+00 1.772273812034084496e-03 5.513790439625300757e-04
1.184946400000000066e+00 1.755448795067656408e-03 5.432653101102542315e-04
1.190871100000000071e+00 1.738757587445573585e-03 5.352899480195366698e-04
1.196825400000000039e+00 1.722199289953481359e-03 5.274159541340341963e-04
1.202809599999999923e+00 1.705775892510988162e-03 5.196599106601205607e-04
1.208823600000000109e+00 1.689481009799580907e-03 5.120206837704300001e-04
1.214867700000000106e+00 1.673322866755779436e-03 5.044969761982640456e-04
1.220942100000000030e+00 1.657294267134529469e-03 4.970875473787462855e-04
1.227046800000000104e+00 1.641394884296823713e-03 4.897566738933202069e-04
1.233182000000000000e+00 1.625626850868090202e-03 4.825552558959728317e-04
1.239347900000000058e+00 1.609989210237762133e-03 4.754475938290713007e-04
1.245544699999999949e+00 1.594478067075927145e-03 4.684497764843980607e-04
1.251772399999999896e+00 1.579095998371980118e-03 4.615606907525286002e-04
1.258031200000000016e+00 1.563839164553052852e-03 4.545599540034269792e-04
1.264321400000000040e+00 1.548689294019721776e-03 4.476174137405266283e-04
1.270642999999999967e+00 1.533646548198128439e-03 4.407828036286644507e-04
1.276996199999999915e+00 1.518713388124542148e-03 4.340549569731543813e-04
1.283381200000000000e+00 1.503889383606780896e-03 4.274161898581385036e-04
1.289798100000000058e+00 1.489177085667580834e-03 4.208985307321579366e-04
1.296247099999999985e+00 1.474575971548776647e-03 4.144842335779202005e-04
1.302728300000000061e+00 1.460083048026763813e-03 4.081559229273010962e-04
1.309242000000000017e+00 1.445702983572936303e-03 4.019451010942251827e-04
1.315788200000000074e+00 1.431435614681874843e-03 3.958182401867843449e-04
1.322367099999999907e+00 1.417277709464928636e-03 3.898065689294198254e-04
1.328978999999999910e+00 1.403228522612752407e-03 3.837331559817490356e-04
1.335623900000000086e+00 1.389277687050685184e-03 3.777264260846637488e-04
1.342302000000000106e+00 1.375430046661369615e-03 3.716593510482463399e-04
1.349013500000000088e+00 1.361672638957841467e-03 3.656904664554324431e-04
1.355758599999999925e+00 1.348007935220639887e-03 3.598343484647392797e-04
1.362537399999999899e+00 1.334438494801190546e-03 3.540585926244652656e-04
1.369350000000000067e+00 1.320964319828546018e-03 3.483933885243424827e-04
1.376196799999999998e+00 1.307582409099058290e-03 3.428219981748455570e-04
1.383077799999999913e+00 1.294295407490320560e-03 3.373281043472663079e-04
1.389993199999999929e+00 1.281105466378029993e-03 3.319414358412876333e-04
1.396943100000000104e+00 1.268010129865043169e-03 3.266152196506316567e-04
1.403927799999999948e+00 1.255008984153026166e-03 3.212884439825418976e-04
1.410947500000000021e+00 1.242099498941708242e-03 3.160516724783463648e-04
1.418002200000000101e+00 1.229279576755217158e-03 3.109039562356527954e-04
1.425092199999999920e+00 1.216548923596491192e-03 3.058442875878392793e-04
1.432217700000000038e+00 1.203909647346807204e-03 3.008716910351848304e-04
1.439378800000000069e+00 1.191361716857823475e-03 2.959852208129430369e-04
1.446575699999999909e+00 1.178902735128891906e-03 2.911839183540995604e-04
1.453808599999999895e+00 1.166534715970597366e-03 2.864668341077285024e-04
1.461077600000000087e+00 1.154257594804172608e-03 2.818330467237080156e-04
1.468382999999999994e+00 1.142068858361243401e-03 2.772671580056953198e-04
1.475724899999999895e+00 1.129968489244211841e-03 2.727972277474411560e-04
1.483103499999999908e+00 1.117958383216133582e-03 2.683792160502167386e-04
1.490518999999999927e+00 1.106036227812920783e-03 2.640553379478386775e-04
1.497971600000000070e+00 1.094201826297411294e-03 2.597961584671939746e-04
1.505461500000000008e+00 1.082454975611133385e-03 2.556150881518038883e-04
1.512988800000000023e+00 1.070793609158485161e-03 2.515112595934267765e-04
1.520553700000000008e+00 1.059219543362713029e-03 2.474698453233103719e-04
1.528156499999999918e+00 1.047730453160499332e-03 2.434901689386963263e-04
1.535797300000000032e+00 1.036326304011034620e-03 2.395854047296188012e-04
1.543476300000000023e+00 1.025004992317385313e-03 2.357409545941743941e-04
1.551193700000000009e+00 1.013768287214005361e-03 2.319698519638277478e-04
1.558949600000000046e+00 1.002740380688120795e-03 2.282576645556083444e-04
1.566744399999999926e+00 9.916654641635232366e-04 2.246172730561454649e-04
1.574578100000000092e+00 9.806711010110051325e-04 2.210209371015279894e-04
1.582451000000000052e+00 9.697552275280955274e-04 2.174950362744309997e-04
1.590363299999999924e+00 9.589177819461802178e-04 2.140387583402391552e-04
1.598315099999999989e+00 9.481588118641989674e-04 2.106247679733055217e-04
1.606306599999999918e+00 9.374746846521075667e-04 2.072790749150787168e-04
1.614338199999999945e+00 9.268651815355911623e-04 2.039745808652176288e-04
1.622409900000000071e+00 9.163305397946084566e-04 2.007370685483636670e-04
1.630521899999999969e+00 9.058673067258392591e-04 1.975527481102322999e-04
1.638674500000000034e+00 8.954754546098251137e-04 1.944210289395060251e-04
1.646867899999999940e+00 8.851533711243840053e-04 1.913413382299110213e-04
1.655102199999999968e+00 8.748996045157140166e-04 1.883259361924873130e-04
1.663377700000000070e+00 8.647125414899450163e-04 1.853485515611261192e-04
1.671694599999999920e+00 8.545907300372898585e-04 1.824215073601655115e-04
1.680053100000000077e+00 8.445327687578551689e-04 1.795442509885908464e-04
1.688453399999999993e+00 8.345357005127914014e-04 1.767036714147639340e-04
1.696895599999999948e+00 8.245999551413117157e-04 1.739244253290134071e-04
1.705380099999999954e+00 8.147225052865099361e-04 1.711933278996638139e-04
1.713907000000000069e+00 8.049007263047594941e-04 1.684974796659685485e-04
1.722476600000000024e+00 7.951334496443064398e-04 1.658488425385868466e-04
1.731088900000000042e+00 7.854182994863794561e-04 1.632469113727662649e-04
1.739744399999999969e+00 7.757540538026278529e-04 1.606911379410090352e-04
1.748443100000000028e+00 7.661369917806740235e-04 1.581688938792382684e-04
1.757185299999999950e+00 7.565632775001524413e-04 1.557039845834609138e-04
1.765971200000000074e+00 7.470337188633401938e-04 1.532716995807471903e-04
1.774801099999999909e+00 7.375417503828942539e-04 1.508717085296426032e-04
1.783675099999999958e+00 7.280869902446350647e-04 1.485155937753832153e-04
1.792593499999999951e+00 7.186646451536393221e-04 1.462028531283765987e-04
1.801556500000000005e+00 7.092716114388531411e-04 1.439212228255783079e-04
1.810564199999999957e+00 6.999036011259142202e-04 1.416821176726541082e-04
1.819617100000000098e+00 6.905575849664071907e-04 1.394850328160580682e-04
1.828715099999999927e+00 6.812407015122215253e-04 1.373179148701160794e-04
1.837858699999999956e+00 6.719228008077180250e-04 1.351804415596808177e-04
1.847048000000000023e+00 6.626127910637647639e-04 1.330838083558444330e-04
1.856283300000000080e+00 6.533018512918709921e-04 1.310275424126964411e-04
1.865564699999999965e+00 6.439856207452041752e-04 1.289998187867106899e-04
1.874892500000000073e+00 6.346558992682340165e-04 1.270003428455275453e-04
1.884266999999999914e+00 6.253061366664507863e-04 1.250400806579278826e-04
1.893688299999999991e+00 6.159251097037613974e-04 1.231073866132589704e-04
1.903156700000000034e+00 6.065044791517339206e-04 1.212131208029680992e-04
1.912672499999999998e+00 5.970325359477464140e-04 1.193457431653986218e-04
1.922235899999999997e+00 5.874969151970446278e-04 1.175049802963483740e-04
1.931847099999999928e+00 5.778808996755121661e-04 1.157015415263897793e-04
1.941506299999999907e+00 5.681685043192396612e-04 1.139240681431770842e-04
1.951213800000000109e+00 5.583395927258039126e-04 1.121722884644416469e-04
1.960969900000000044e+00 5.483713494760675223e-04 1.104459334570412815e-04
1.970774699999999990e+00 5.382338312563524291e-04 1.087555113442759884e-04
1.980628599999999961e+00 5.278947360783281702e-04 1.070877394775775329e-04
1.990531800000000073e+00 5.173128940825987791e-04 1.054487883608158758e-04
2.000484399999999940e+00 5.064375397598184277e-04 1.038362252002926451e-04
2.010486799999999796e+00 4.952052335134744798e-04 1.022497566319931195e-04
2.020539299999999816e+00 4.835329023810341583e-04 1.006880476266973134e-04
2.030641999999999836e+00 4.713144840076648060e-04 9.915293043899585780e-05
2.040795199999999809e+00 4.584021882624157002e-04 9.764203021910770452e-05
2.050999200000000133e+00 4.445924579862952112e-04 9.615508485850858338e-05
2.061254200000000036e+00 4.295836988551802516e-04 9.469183935027197644e-05
2.071560400000000080e+00 4.129066692182521508e-04 9.325306478709346526e-05
2.081918200000000052e+00 3.937599010307570946e-04 9.182524056503955066e-05
2.092327800000000071e+00 3.706045670326785875e-04 9.041235637491026877e-05
2.102789500000000089e+00 3.398068399018041989e-04 8.902235234489549076e-05
2.113303399999999943e+00 2.881557643896561806e-04 8.765398356669045084e-05
2.121065300000000153e+00 1.308755912383697010e-04 8.666315647168166072e-05
2.122134599999999871e+00 1.276377302634276343e-04 2.624524026322724531e-04
2.123869899999999866e+00 2.080006696020983382e-04 2.617186046596577153e-04
2.134489299999999812e+00 2.991454218946106199e-04 2.572959699414419381e-04
2.145161700000000060e+00 3.249821203747709961e-04 2.529504295352146296e-04
2.155887499999999957e+00 3.363876272624020708e-04 2.486712734547896330e-04
2.166666999999999899e+00 3.399437739343163676e-04 2.444773792698107587e-04
2.177500300000000166e+00 3.367202168445785227e-04 2.403482964934207269e-04
2.188387800000000105e+00 3.237797445588456806e-04 2.362930172272581356e-04
2.199329699999999832e+00 2.729692829924399420e-04 2.323010790424646281e-04
2.201195400000000024e+00 2.295065060263881988e-04 2.316319771775462554e-04
2.202604599999999913e+00 2.286027130724988389e-04 3.391936593278549027e-04
2.210326400000000024e+00 3.177916958873076782e-04 3.351199654657141449e-04
2.221378000000000075e+00 3.504097825263306114e-04 3.294037950590853305e-04
2.232484900000000216e+00 3.685734249791578453e-04 3.237932117625451161e-04
2.243647300000000122e+00 3.810582272574707455e-04 3.182775794356612923e-04
2.254865600000000025e+00 3.903358657504150519e-04 3.128558397306155131e-04
2.266139900000000207e+00 3.974913165559128096e-04 3.075269858808579314e-04
2.277470600000000012e+00 4.031095006244438833e-04 3.022806643005176833e-04
2.288857900000000001e+00 4.075490229465038522e-04 2.971345467323536767e-04
2.300302199999999964e+00 4.110486965552596103e-04 2.920782524387380221e-04
2.311803700000000017e+00 4.137769510956101774e-04 2.871107966087479675e-04
2.323362799999999950e+00 4.158570017712841824e-04 2.822220480421726123e-04
2.334979600000000044e+00 4.173850570547842803e-04 2.774202724765952792e-04
2.346654500000000088e+00 4.184338281390361436e-04 2.727044859841681879e-04
2.358387800000000034e+00 4.190636164355934974e-04 2.680647314018746530e-04
2.370179700000000000e+00 4.193220499433474935e-04 2.635091501033993153e-04
2.382030600000000220e+00 4.192493911210338456e-04 2.590278794605245321e-04
2.393940699999999921e+00 4.188781994285653738e-04 2.546289869102359498e-04
2.405910399999999782e+00 4.182367018292396338e-04 2.503027152624471880e-04
2.417940000000000200e+00 4.173475160207501511e-04 2.460482754038639526e-04
2.430029699999999959e+00 4.162294542279278966e-04 2.418736246348044175e-04
2.442179799999999901e+00 4.148999262891586975e-04 2.377604850948498148e-04
2.454390699999999814e+00 4.133711949286139370e-04 2.337168515845254135e-04
2.466662700000000097e+00 4.116529389856334780e-04 2.297419629306085087e-04
2.478995999999999977e+00 4.097531164229565128e-04 2.258350738794936096e-04
2.491391000000000133e+00 4.076772067946776885e-04 2.220039416838114359e-04
2.503847899999999793e+00 4.054262682874932590e-04 2.182307630158308322e-04
2.516367199999999915e+00 4.029984384449613872e-04 2.145233428998270689e-04
2.528948999999999891e+00 4.003871557299004788e-04 2.108809708381818328e-04
2.541593799999999792e+00 3.975783117227391951e-04 2.072945625227090886e-04
2.554301699999999897e+00 3.945501810237696185e-04 2.037801535699402969e-04
2.567073199999999833e+00 3.912645429853730270e-04 2.003203681324313920e-04
2.579908599999999996e+00 3.876587692002567468e-04 1.969228502132660381e-04
2.592808199999999896e+00 3.836225117157091068e-04 1.935787225236886607e-04
2.605772200000000094e+00 3.789422113541565120e-04 1.902955653629475317e-04
2.618801100000000215e+00 3.731314133769344783e-04 1.870645796107111214e-04
2.631895099999999932e+00 3.646328633435630233e-04 1.838932753448127555e-04
2.642926600000000015e+00 3.466251602796306956e-04 1.812796847725204631e-04
2.645054500000000086e+00 3.272387866825369161e-04 1.807809798808448002e-04
2.647873500000000213e+00 3.455498289362405120e-04 2.105664332772055392e-04
2.658279799999999859e+00 3.601377406542298531e-04 2.077551538954817859e-04
2.671571199999999813e+00 3.649685214590117329e-04 2.042283421129608009e-04
2.684929100000000179e+00 3.667805443977578119e-04 2.007709806290843273e-04
2.698353700000000188e+00 3.673279123079854248e-04 1.973665563520475552e-04
2.711845499999999909e+00 3.671581624905984205e-04 1.940223207586591289e-04
2.725404699999999902e+00 3.665176249815313859e-04 1.907298300532966548e-04
2.739031699999999958e+00 3.655389229484623894e-04 1.874962760247955447e-04
2.752726899999999866e+00 3.643013821358111475e-04 1.843209955437835569e-04
2.766490500000000186e+00 3.628491465523169348e-04 1.811726740693456487e-04
2.780323000000000100e+00 3.611980471597776225e-04 1.780816298230847631e-04
2.794224600000000169e+00 3.594144779204927432e-04 1.751003695339822179e-04
2.808195700000000183e+00 3.575268722125071264e-04 1.721821353172172558e-04
2.822236699999999932e+00 3.555465311393272770e-04 1.693111502506934574e-04
2.836347899999999811e+00 3.534826911961997916e-04 1.664943861423678049e-04
2.850529600000000219e+00 3.513437181553414018e-04 1.637312286231112413e-04
2.864782299999999893e+00 3.491359783009162260e-04 1.610136528422447259e-04
2.879106199999999838e+00 3.468557711554663323e-04 1.583190685383778810e-04
2.893501699999999843e+00 3.445039134507809622e-04 1.556766361986962549e-04
2.907969200000000143e+00 3.420801558468970511e-04 1.530711661163017972e-04
2.922509100000000082e+00 3.395810929453689443e-04 1.505167980675401471e-04
2.937121600000000221e+00 3.369982452344478488e-04 1.480057296860359220e-04
2.951807200000000186e+00 3.343155754257610360e-04 1.455374785529337434e-04
2.966566199999999931e+00 3.315027064483803835e-04 1.431115767747178226e-04
2.981399099999999969e+00 3.284996030704747435e-04 1.407204359905086372e-04
2.996306099999999972e+00 3.251641603870749513e-04 1.383778668463533988e-04
3.011287600000000175e+00 3.211142519276460644e-04 1.359776371793763351e-04
3.022141799999999989e+00 3.160603962607124546e-04 1.342539077447888721e-04
3.026343999999999923e+00 3.060802095392959861e-04 1.335908562426887578e-04
3.030858100000000110e+00 3.147282863320244014e-04 1.417135716332335765e-04
3.041475800000000174e+00 3.166886406504010299e-04 1.399564766915069054e-04
3.056683099999999875e+00 3.164161274075897147e-04 1.374905404147663899e-04
3.071966600000000103e+00 3.152634624849208369e-04 1.350732902756050248e-04
3.087326399999999804e+00 3.137324118143036840e-04 1.326904361523884078e-04
3.102762999999999938e+00 3.119806380627387714e-04 1.303552954062821127e-04
3.118276799999999849e+00 3.100793225240104796e-04 1.280537101836247058e-04
3.133868200000000215e+00 3.080662049824193453e-04 1.257988738633737972e-04
3.149537599999999937e+00 3.059628587218850585e-04 1.235835079795095839e-04
3.165285299999999857e+00 3.037800433182837696e-04 1.214004769634611413e-04
3.181111700000000209e+00 3.015231568402429885e-04 1.192761200640385328e-04
3.197017199999999892e+00 2.992059414368497343e-04 1.171964378499691932e-04
3.213002299999999867e+00 2.968283279748584378e-04 1.151609025308591999e-04
3.229067300000000085e+00 2.943758472220947119e-04 1.131624292150181535e-04
3.245212700000000172e+00 2.918207071569596522e-04 1.112005979701245805e-04
3.261438699999999802e+00 2.890958882443051036e-04 1.092750030046907343e-04
3.277745900000000212e+00 2.859939285264511051e-04 1.073787568471754815e-04
3.289177299999999970e+00 2.830375489630956648e-04 1.060768777892499566e-04
3.294134699999999860e+00 2.804772775280411890e-04 1.055244300913430751e-04
3.302822700000000111e+00 2.812388972850907447e-04 1.091710480516151251e-04
3.310605300000000195e+00 2.813426214914074006e-04 1.082864743917448671e-04
3.327158400000000071e+00 2.802824435034842335e-04 1.064407342007870038e-04
3.343794100000000213e+00 2.787220840861602544e-04 1.046233723110960741e-04
3.360513099999999920e+00 2.769649114572724359e-04 1.028467045140981669e-04
3.377315700000000032e+00 2.751020363117891838e-04 1.010976870968578555e-04
3.394202299999999894e+00 2.731733954670595259e-04 9.937602694432633274e-05
3.411173300000000186e+00 2.712012847630434890e-04 9.768765208179035371e-05
3.428229099999999807e+00 2.691985934620480655e-04 9.603218167983593461e-05
3.445370299999999997e+00 2.671746152462295735e-04 9.439691915582426986e-05
3.462597099999999983e+00 2.651330169308814717e-04 9.278780625952559190e-05
3.479910100000000117e+00 2.630780327013354861e-04 9.121065340642612240e-05
3.497309700000000188e+00 2.610145230102831450e-04 8.965902689790037359e-05
3.514796200000000148e+00 2.589449613452139850e-04 8.813265480584439625e-05
3.532370199999999905e+00 2.568720566515980209e-04 8.663726522797886591e-05
3.550032100000000135e+00 2.547980856638131560e-04 8.516652367539534225e-05
3.567782199999999904e+00 2.527241782830279499e-04 8.372611137353833945e-05
3.585621100000000006e+00 2.506520956807009636e-04 8.230383835700363861e-05
3.603549199999999786e+00 2.485832105062729235e-04 8.091130460003292545e-05
3.621567000000000203e+00 2.465184832157785752e-04 7.954230304171865009e-05
3.639674799999999877e+00 2.444592125634561337e-04 7.820240714521536343e-05
3.657873200000000047e+00 2.424055832810196286e-04 7.687967259803932360e-05
3.676162600000000058e+00 2.403588176665091044e-04 7.557970443294433831e-05
3.694543400000000144e+00 2.383197567940608698e-04 7.430799417274548929e-05
3.713016099999999931e+00 2.362885336232935544e-04 7.305849318019551179e-05
3.731581199999999932e+00 2.342659344958826614e-04 7.182526968753262509e-05
3.750239099999999937e+00 2.322527282876726666e-04 7.061382192431059097e-05
3.768990300000000016e+00 2.302489976188592754e-04 6.942953497637187939e-05
3.787835199999999958e+00 2.282551532021056401e-04 6.826088536993261502e-05
3.806774400000000114e+00 2.262718815730157889e-04 6.711328893413664575e-05
3.825808299999999829e+00 2.242995530953052210e-04 6.598651096556334625e-05
3.844937299999999780e+00 2.223382133815183311e-04 6.488031879345637057e-05
3.864161999999999875e+00 2.203888019467764190e-04 6.379447846351916343e-05
3.883482799999999902e+00 2.184510294282408630e-04 6.272329926676042315e-05
3.902900199999999931e+00 2.165258069682677255e-04 6.167206979410436271e-05
3.922414700000000032e+00 2.146131162091862896e-04 6.064056370808284591e-05
3.942026799999999831e+00 2.127132322845037328e-04 5.962317560230366863e-05
3.961736900000000006e+00 2.108243876331167125e-04 5.861976508217230775e-05
3.981545600000000018e+00 2.089463049723162282e-04 5.763018997316763801e-05
4.001453299999999658e+00 2.070795952963839245e-04 5.665961352922087725e-05
4.021460600000000163e+00 2.052248239905144910e-04 5.570254210649012625e-05
4.041567900000000435e+00 2.033817127422297749e-04 5.476408909717839896e-05
4.061775700000000100e+00 2.015510920507646161e-04 5.384404068241408371e-05
4.082084599999999952e+00 1.997326498848840985e-04 5.293698718268982379e-05
4.102495000000000225e+00 1.979266478640342997e-04 5.204796826394906585e-05
4.123007499999999936e+00 1.961333162555425609e-04 5.117111486255766561e-05
4.143622599999999601e+00 1.943528837499690777e-04 5.031040053321031533e-05
4.164340700000000339e+00 1.925855770637415723e-04 4.946513507081435744e-05
4.185162400000000282e+00 1.908310707385749670e-04 4.863362391687063514e-05
4.206088199999999944e+00 1.890898348093657646e-04 4.781672722722992341e-05
4.227118599999999837e+00 1.873618061668704123e-04 4.701378092934771648e-05
4.248254199999999869e+00 1.861478903551837640e-04 4.621963736356909404e-05
4.269495499999999666e+00 1.844423518746369519e-04 4.542328865616609008e-05
4.290842999999999741e+00 1.827481072441302897e-04 4.464113542428599726e-05
4.312297199999999719e+00 1.810646527061011762e-04 4.387105190625866332e-05
4.333858700000000397e+00 1.793922254315455616e-04 4.311437815329231100e-05
4.355527999999999622e+00 1.777315424990337425e-04 4.237145310218704128e-05
4.377305599999999686e+00 1.760825745683339771e-04 4.164163809560084980e-05
4.399192099999999606e+00 1.744455199671156569e-04 4.092478675347889679e-05
4.421188100000000176e+00 1.731368166423259778e-04 4.021067836414882635e-05
4.443293999999999855e+00 1.715203261061275730e-04 3.950743737019997301e-05
4.465510499999999716e+00 1.699145027074560254e-04 3.881637331556584742e-05
4.487838100000000274e+00 1.683200228406145057e-04 3.813782487207607094e-05
4.510277199999999986e+00 1.667368671233969955e-04 3.747165298858789849e-05
4.532828600000000208e+00 1.651652083995981918e-04 3.681771652224105911e-05
4.555492799999999676e+00 1.636050121205291251e-04 3.617541250443519001e-05
4.578270200000000401e+00 1.620564683693984901e-04 3.554414921658094234e-05
4.601161600000000185e+00 1.605199456466159438e-04 3.492472526796822031e-05
4.624167400000000150e+00 1.589949674853237372e-04 3.431654893997457978e-05
4.647288200000000202e+00 1.574821194362389964e-04 3.371903730078730315e-05
4.670524699999999640e+00 1.559811159247912198e-04 3.313207113908339419e-05
4.693877299999999586e+00 1.544919077173836073e-04 3.255598639433849900e-05
4.717346700000000226e+00 1.530148366511076968e-04 3.199020957970000672e-05
4.740933400000000297e+00 1.515496307503642198e-04 3.143462611182893193e-05
4.764638099999999987e+00 1.500964165676982852e-04 3.088867589365798375e-05
4.788461299999999810e+00 1.486553256271674070e-04 3.035269604710611851e-05
4.812403599999999670e+00 1.472260802007914590e-04 2.982657437592113554e-05
4.836465600000000364e+00 1.458088020456912385e-04 2.930976110879138214e-05
4.860647900000000021e+00 1.444034117741581531e-04 2.880215263192402648e-05
4.884951199999999716e+00 1.430100162941629874e-04 2.830321144544173216e-05
4.909375899999999682e+00 1.416283532565611896e-04 2.781370762463950723e-05
4.933922800000000386e+00 1.402587088114791674e-04 2.733267284589623933e-05
4.958592399999999678e+00 1.389008137586751786e-04 2.686044198570991323e-05
4.983385400000000409e+00 1.375545797567652646e-04 2.639691546976730062e-05
5.008302300000000429e+00 1.362201125649407062e-04 2.594114860192960439e-05
5.033343799999999924e+00 1.348975001256880212e-04 2.549389913971620482e-05
5.058510499999999688e+00 1.335862929301193341e-04 2.505423197644224409e-05
5.083803099999999908e+00 1.322867592934565736e-04 2.462248085912129201e-05
5.109222100000000211e+00 1.309988139087196995e-04 2.419855777453558168e-05
5.134768199999999894e+00 1.297223617023944380e-04 2.378237453206676470e-05
5.160442100000000032e+00 1.284573085348650627e-04 2.337343270457998607e-05
5.186244300000000251e+00 1.272037411084502381e-04 2.297165276561293959e-05
5.212175499999999850e+00 1.259613931681284344e-04 2.257736197365516564e-05
5.238236399999999904e+00 1.247305064051309976e-04 2.219007031349667274e-05
5.264427600000000318e+00 1.235106544288719485e-04 2.180929703645160872e-05
5.290749700000000111e+00 1.223022420455741445e-04 2.143537197769784428e-05
5.317203400000000357e+00 1.212679760856594859e-04 2.106183517652599751e-05
5.343789499999999748e+00 1.200803507972458004e-04 2.069505670944876298e-05
5.370508400000000293e+00 1.189029322841837386e-04 2.033456683550217297e-05
5.397360899999999795e+00 1.177359571942285932e-04 1.998108184769794828e-05
5.424347700000000216e+00 1.165791882415592994e-04 1.963334810988099860e-05
5.451469499999999968e+00 1.154327029280852884e-04 1.929208166831399544e-05
5.478726799999999564e+00 1.142964291265908340e-04 1.895720997331646254e-05
5.506120499999999751e+00 1.131702784307365311e-04 1.862827447770627859e-05
5.533651100000000156e+00 1.120543292026335047e-04 1.830482635293782169e-05
5.561319300000000077e+00 1.109484981021376294e-04 1.798756859180593792e-05
5.589125899999999980e+00 1.098526985789700390e-04 1.767605062818514795e-05
5.617071600000000053e+00 1.087668488967584923e-04 1.736983043555051094e-05
5.645156899999999922e+00 1.076910192230876631e-04 1.706922622763023861e-05
5.673382700000000334e+00 1.066251170600176882e-04 1.677380023234075989e-05
5.701749600000000306e+00 1.055689214815842369e-04 1.648386768963760644e-05
5.730258400000000307e+00 1.045226284215070787e-04 1.619936617166270213e-05
5.758909599999999962e+00 1.034860204996479504e-04 1.591949797988318112e-05
5.787704200000000299e+00 1.024590050800726500e-04 1.564494528362204656e-05
5.816642700000000055e+00 1.014416435536881299e-04 1.537528343707238738e-05
5.845725899999999697e+00 1.004338480107416841e-04 1.511009477749348688e-05
5.874954599999999694e+00 9.943539894503523652e-05 1.485005258413309627e-05
5.904329299999999670e+00 9.844648683235086622e-05 1.459366132345104263e-05
5.933850999999999765e+00 9.746675575906891132e-05 1.434124076893704003e-05
5.963520199999999605e+00 9.649639235455514193e-05 1.409381655640953871e-05
5.993337799999999937e+00 9.553505099258986994e-05 1.385062279822930189e-05
6.023304500000000061e+00 9.458290808688601112e-05 1.361161306070083314e-05
6.053421000000000163e+00 9.369270000681359230e-05 1.337709174465407537e-05
6.083688200000000101e+00 9.275829988278159316e-05 1.314491548666154605e-05
6.114106600000000391e+00 9.183273284214524192e-05 1.291714724781106320e-05
6.144677100000000003e+00 9.091567373602911734e-05 1.269304607894883352e-05
6.175400500000000292e+00 9.000729089383445914e-05 1.247325946790637957e-05
6.206277499999999669e+00 8.910739027834089403e-05 1.225739640687961623e-05
6.237308900000000378e+00 8.821601559279106629e-05 1.204473284339736929e-05
6.268495399999999940e+00 8.733297648106915032e-05 1.183557405507970943e-05
6.299837899999999991e+00 8.645842819881023578e-05 1.163055521375195618e-05
6.331337099999999829e+00 8.559195238225441400e-05 1.142895864309337541e-05
6.362993799999999922e+00 8.473382033266716861e-05 1.123108037584606436e-05
6.394808799999999849e+00 8.388384292707079092e-05 1.103687843112987593e-05
6.426782799999999796e+00 8.304194964255829519e-05 1.084598131397310478e-05
6.458916699999999622e+00 8.220806542355385907e-05 1.065835255691451664e-05
6.491211299999999795e+00 8.138222717190433584e-05 1.047428298638250964e-05
6.523667399999999894e+00 8.056414562324802143e-05 1.029340692040795743e-05
6.556285700000000105e+00 7.975407546497725333e-05 1.011601276501382256e-05
6.589067100000000288e+00 7.895172741495656756e-05 9.941416678355466646e-06
6.622012500000000301e+00 7.817403844119999868e-05 9.769588679120872171e-06
6.655122500000000052e+00 7.738696629475691827e-05 9.600818237077597141e-06
6.688398099999999680e+00 7.660740666970137949e-05 9.434753837807877166e-06
6.721840099999999651e+00 7.583539395862004778e-05 9.271997619702413356e-06
6.755449300000000434e+00 7.507075861945258701e-05 9.112197392468544366e-06
6.789226600000000111e+00 7.431343283433561157e-05 8.955007429770367545e-06
6.823172699999999757e+00 7.356345210775315849e-05 8.800710572533310678e-06
6.857288600000000400e+00 7.282074481665284948e-05 8.648964643636934338e-06
6.891574999999999562e+00 7.208515016344957155e-05 8.500049917595540878e-06
6.926032900000000048e+00 7.135660087522158082e-05 8.353934139386960260e-06
6.960663099999999659e+00 7.063522342235044858e-05 8.210280847609040047e-06
6.995466399999999751e+00 6.992076331541323159e-05 8.069366397655137798e-06
7.030443700000000185e+00 6.921324989071069315e-05 7.930556056714183218e-06
7.065595899999999929e+00 6.851252614850857515e-05 7.794428287852621758e-06
7.100923899999999733e+00 6.781871165501246034e-05 7.660952339638909343e-06
7.136428500000000064e+00 6.713156190121878273e-05 7.529503360392542156e-06
7.172110700000000172e+00 6.645119222552425332e-05 7.400651457225036878e-06
7.207971200000000245e+00 6.577736481845077553e-05 7.273778290007372097e-06
7.244011099999999814e+00 6.511010373894677281e-05 7.149448415466593684e-06
7.280231099999999955e+00 6.444935114153904209e-05 7.027049831744674777e-06
7.316632300000000200e+00 6.379512809068102822e-05 6.906851780962837481e-06
7.353215500000000127e+00 6.314720436619867064e-05 6.788829729970652184e-06
7.389981500000000203e+00 6.250560837458104440e-05 6.672959360242609996e-06
7.426931399999999961e+00 6.187027769017093603e-05 6.559216301283780147e-06
7.464066100000000148e+00 6.124115396158445366e-05 6.447292392974512695e-06
7.501386400000000343e+00 6.061818103111373917e-05 6.337450997960780053e-06
7.538893400000000078e+00 6.000129843670693028e-05 6.229387016029547407e-06
7.576587800000000428e+00 5.939045274176086892e-05 6.123361449780890602e-06
7.614470800000000317e+00 5.878558314933167336e-05 6.019350906092840656e-06
7.652543099999999932e+00 5.818655915741901061e-05 5.917055411061415602e-06
7.690805799999999692e+00 5.759347979829359333e-05 5.816456216059290311e-06
7.729259899999999739e+00 5.700621032698773548e-05 5.717534823797935216e-06
7.767906199999999650e+00 5.642469842670366537e-05 5.620546131046608373e-06
7.806745699999999566e+00 5.584881425992862576e-05 5.525196168730321680e-06
7.845779399999999626e+00 5.527858022356523394e-05 5.431466951502841613e-06
7.885008299999999970e+00 5.471401629703269133e-05 5.339340657727985279e-06
7.924433399999999850e+00 5.415492151290049575e-05 5.249067314431766656e-06
7.964055499999999732e+00 5.360124826649214621e-05 5.160092846897426788e-06
8.003875799999999430e+00 5.305308684378272973e-05 5.072933834148791371e-06
8.043895199999999690e+00 5.251024357295988067e-05 4.987041777016106432e-06
8.084114700000000653e+00 5.197273964950501098e-05 4.902928397876619476e-06
8.124535200000000401e+00 5.144052591873171627e-05 4.820050774867504219e-06
8.165157900000000524e+00 5.091348129271878537e-05 4.738655774546101542e-06
8.205983700000000880e+00 5.039162765450141745e-05 4.658726884197208408e-06
8.247013600000000721e+00 4.987491608720472829e-05 4.580247680308586759e-06
8.288248700000000468e+00 4.936323036718804811e-05 4.503201833472202778e-06
8.329689899999999980e+00 4.885659171248159195e-05 4.427318609213509059e-06
8.371338400000000846e+00 4.835488503747975011e-05 4.352839118201569154e-06
8.413195099999999371e+00 4.785813116139094037e-05 4.279747561070944010e-06
8.455261000000000138e+00 4.736621956354680095e-05 4.207777346051061221e-06
8.497537299999999405e+00 4.687916724765339222e-05 4.136916551263980939e-06
8.540024999999999977e+00 4.639692868121226112e-05 4.067650243616962771e-06
9.030794000000000210e+00 4.134652821494505721e-05 3.357317184644623517e-06
9.653919000000000139e+00 3.590381354134712080e-05 2.637430784182184305e-06
1.032004000000000055e+01 3.103387604085648053e-05 2.070486336383369974e-06
1.103212000000000081e+01 2.650620145605087343e-05 1.629445250794303714e-06
1.133243000000000045e+01 2.453085498317548904e-05 1.480654886648911626e-06
1.150587999999999944e+01 2.284893638730971067e-05 1.402453567365301736e-06
1.155213999999999963e+01 2.156563177155051126e-05 1.382239298380401136e-06
1.162152000000000029e+01 2.238987543748484195e-05 3.477543365227914782e-06
1.179334000000000060e+01 2.266196985129917716e-05 3.293414857809944860e-06
1.179496999999999929e+01 2.266034419880618916e-05 3.291700811835508480e-06
1.260707999999999984e+01 2.052732276475191533e-05 2.572524309703568353e-06
1.300714999999999932e+01 1.919650515480176474e-05 2.291500733828423644e-06
1.320623999999999931e+01 1.830821744831866404e-05 2.165880412977403575e-06
1.325933000000000028e+01 1.774954216336084261e-05 2.133850795086902971e-06
1.333896000000000015e+01 1.796450229816243740e-05 2.902256643875199011e-06
1.347696999999999967e+01 1.790018578247532571e-05 2.793836656822379870e-06
1.353805000000000014e+01 1.780466288337858403e-05 2.747543467877190895e-06
1.360229999999999961e+01 1.768493619678860915e-05 2.699788915265672829e-06
1.381049999999999933e+01 1.716010365228642540e-05 2.552184088846903543e-06
1.386602000000000068e+01 1.686182022781274322e-05 2.514734090853591133e-06
1.394929999999999914e+01 1.690380785141163816e-05 2.842789739904128328e-06
1.415750000000000064e+01 1.668014605129274988e-05 2.697748569336070404e-06
1.440687999999999924e+01 1.627923951572397707e-05 2.536498620216518832e-06
1.540094999999999992e+01 1.457740673109069471e-05 2.001854738792589670e-06
1.646361999999999881e+01 1.292083753985300616e-05 1.578487408325285073e-06
1.759960999999999842e+01 1.140096014574828366e-05 1.244703894430772223e-06
1.881398000000000081e+01 1.003209987446529576e-05 9.802545540889844726e-07
2.011214999999999975e+01 8.811071420671051153e-06 7.722118873076365631e-07
2.149988000000000099e+01 7.728951758954877762e-06 6.087176401397581362e-07
2.298338000000000036e+01 6.773852073548254522e-06 4.801955702837307282e-07
2.456923000000000101e+01 5.937535419281397217e-06 3.785329009921980626e-07
2.626450000000000173e+01 5.198078344356566617e-06 2.986545915948428849e-07
2.807676000000000016e+01 4.553539013310937817e-06 2.339402688140996529e-07
3.001405000000000101e+01 3.983037867644262638e-06 1.826684963197096520e-07
3.208502000000000010e+01 3.482766597184713098e-06 1.428125777067167222e-07
3.429889000000000010e+01 3.044673832112287124e-06 1.117812927815362046e-07
3.666550999999999760e+01 2.661315673984619723e-06 8.760907755576993675e-08
3.919543000000000177e+01 2.326008746720292690e-06 6.875431622113672085e-08
4.189992000000000161e+01 2.032803812728014338e-06 5.402907574565982676e-08
4.479100999999999999e+01 1.776458589564919602e-06 4.251574547777290746e-08
4.788159000000000276e+01 1.552342637412942458e-06 3.349963320575649985e-08
5.118542000000000058e+01 1.356393409488445324e-06 2.641395590008230942e-08
5.471721000000000146e+01 1.185012505104898071e-06 2.082993003503595227e-08
5.849269999999999925e+01 1.035061998079768111e-06 1.644530027690692795e-08
6.252870000000000061e+01 9.037459498078693716e-07 1.296295219460086111e-08
6.684318000000000382e+01 7.885031733385426797e-07 1.021960581282905177e-08
7.145535999999999888e+01 6.867900799867135966e-07 8.070295578057697922e-09
7.638577999999999690e+01 5.939646526861412029e-07 6.383863410333298788e-09
7.682689999999999486e+01 5.857215427661429568e-07 6.256644964012274495e-09
7.800281999999999982e+01 5.601307868332211414e-07 5.933616230561567941e-09
7.831640000000000157e+01 5.460798819249526946e-07 5.851352545521698395e-09
7.878677000000000419e+01 5.491499038237439181e-07 2.434533349137528162e-08
7.996268999999999494e+01 5.414684128789458671e-07 2.309464107438611981e-08
8.165640000000000498e+01 5.235569655681080812e-07 2.151830589558157282e-08
8.729068999999999789e+01 4.634479561046231615e-07 1.710777300562603635e-08
9.331373999999999569e+01 4.078312282945409116e-07 1.352203896673877254e-08
9.975239000000000544e+01 3.580852721115836742e-07 1.061096163454424114e-08
1.066353000000000009e+02 3.139879905773757558e-07 8.339620216967903230e-09
1.139930999999999983e+02 2.751370856842613005e-07 6.573155894714290668e-09
1.218586999999999989e+02 2.409833704409257272e-07 5.186065935417744250e-09
1.302668999999999926e+02 2.110029257484457166e-07 4.096400621050290156e-09
1.392553000000000054e+02 1.847106189017405118e-07 3.239585252943641441e-09
1.488640000000000043e+02 1.616682424672429281e-07 2.565655589690953753e-09
1.591356000000000108e+02 1.415318093900756609e-07 2.034145916496072100e-09
1.701159000000000106e+02 1.238484626162563260e-07 1.612808727710912966e-09
1.818539000000000101e+02 1.083665566675252493e-07 1.281363525477078792e-09
1.944018000000000086e+02 9.481553609163344480e-08 1.020314627397043261e-09
2.078155999999999892e+02 8.295610441732659364e-08 8.144310994441349263e-10
2.221547999999999945e+02 7.257865577100609901e-08 6.518821917434445053e-10
2.374834999999999923e+02 6.349851348345907489e-08 5.233412563127959967e-10
2.538699000000000012e+02 5.555407169621962616e-08 4.215375486034203265e-10
2.713869000000000256e+02 4.860341133267828190e-08 3.407397440101212383e-10
2.901125999999999863e+02 4.252248279089901172e-08 2.764909649050155235e-10
3.101304000000000087e+02 3.720249338830549883e-08 2.252725338399177946e-10
3.315294000000000096e+02 3.254817583812997011e-08 1.843449310602366008e-10
3.544048999999999978e+02 2.847629865122577555e-08 1.520717645493095341e-10
3.788587999999999738e+02 2.491439964404063663e-08 1.262371086394501949e-10
4.050000999999999749e+02 2.179841427129288784e-08 1.052409038409366142e-10
4.329451000000000249e+02 1.907236170394566622e-08 8.811960239632188166e-11
