5	0	1.90E-06
5.02995215	0	1.86E-06
5.0600835	0	1.82E-06
5.09039502	0	1.78E-06
5.12088916	0	1.74E-06
5.15156494	0	1.70E-06
5.1824248	0	1.67E-06
5.21346973	0	1.63E-06
5.24470068	0	1.60E-06
5.27611865	0	1.56E-06
5.30772461	0	1.53E-06
5.33952002	0	1.50E-06
5.37150586	0	1.46E-06
5.40368311	0	1.43E-06
5.43605371	0	1.40E-06
5.46861768	0	1.37E-06
5.50137695	0	1.34E-06
5.53433252	0	1.31E-06
5.56748486	0	1.28E-06
5.60083691	0	1.26E-06
5.63438818	0	1.23E-06
5.66814014	0	1.20E-06
5.70209521	0	1.18E-06
5.73625244	0	1.15E-06
5.77061523	0	1.12E-06
5.80518359	0	1.10E-06
5.83995898	0	1.08E-06
5.87494238	0	1.05E-06
5.91013574	0	1.03E-06
5.94554004	0	1.01E-06
5.98115625	0	9.86E-07
6.01698584	0	9.64E-07
6.05302979	0	9.43E-07
6.08928955	0	9.23E-07
6.12576709	0	9.02E-07
6.16246289	0	8.83E-07
6.19937842	0	8.63E-07
6.23651514	0	8.44E-07
6.27387451	0	8.26E-07
6.31145752	0	8.08E-07
6.34926562	0	7.90E-07
6.38730029	0	7.73E-07
6.42556299	0	7.56E-07
6.46405469	0	7.39E-07
6.50277686	0	7.23E-07
6.54173145	0	7.07E-07
6.58091895	0	6.92E-07
6.62034082	0	6.76E-07
6.65999951	0	6.62E-07
6.699896	0	6.47E-07
6.74003076	0	6.33E-07
6.78040625	0	6.19E-07
6.82102393	0	6.05E-07
6.86188477	0	5.92E-07
6.90298975	0	5.79E-07
6.9443418	0	5.66E-07
6.98594092	0	5.54E-07
7.02778955	0	5.41E-07
7.06988867	0	5.29E-07
7.11224023	0	5.18E-07
7.1548457	0	5.06E-07
7.19770605	0	4.95E-07
7.24082275	0	4.84E-07
7.28419824	0	4.73E-07
7.32783398	0	4.63E-07
7.37172998	0	4.53E-07
7.41589014	0	4.43E-07
7.46031396	0	4.33E-07
7.50500439	0	4.23E-07
7.5499624	0	4.14E-07
7.59518994	0	4.05E-07
7.64068799	0	3.96E-07
7.68645898	0	3.87E-07
7.73250391	0	3.78E-07
7.77882471	0	3.70E-07
7.82542285	0	3.62E-07
7.87230029	0	3.54E-07
7.91945898	0	3.46E-07
7.96689941	0	3.38E-07
8.01462402	0	3.31E-07
8.06263525	0	3.23E-07
8.11093311	0	3.16E-07
8.159521	0	3.09E-07
8.20840039	0	3.02E-07
8.25757227	0	2.95E-07
8.30703809	0	2.89E-07
8.35680078	0	2.82E-07
8.40686035	0	2.76E-07
8.45722168	0	2.70E-07
8.50788379	0	2.64E-07
8.55884863	0	2.58E-07
8.61012012	0	2.52E-07
8.66169824	0	2.47E-07
8.71358594	0	2.41E-07
8.7657832	0	2.36E-07
8.81829395	0	2.31E-07
8.87111914	0	2.25E-07
8.92426074	0	2.20E-07
8.9777207	0	2.15E-07
9.03150098	0	2.11E-07
9.08560254	0	2.06E-07
9.1400293	0	2.01E-07
9.19478223	0	1.97E-07
9.2498623	0	1.92E-07
9.30527246	0	1.88E-07
9.36101465	0	1.84E-07
9.4170918	0	1.80E-07
9.47350293	0	1.76E-07
9.53025293	0	1.72E-07
9.58734375	0	1.68E-07
9.64477637	0	1.64E-07
9.70255176	0	1.60E-07
9.76067383	0	1.57E-07
9.81914453	0	1.53E-07
9.87796484	0	1.50E-07
9.9371377	0	1.47E-07
9.99666602	0	1.43E-07
10.0565488	0	1.40E-07
10.116792	0	1.37E-07
10.1773955	0	1.34E-07
10.2383623	0	1.31E-07
10.2996943	0	1.28E-07
10.3613936	0	1.25E-07
10.4234619	0	1.22E-07
10.4859033	0	1.19E-07
10.5487178	0	1.17E-07
10.6119092	0	1.14E-07
10.6754795	0	1.11E-07
10.7394287	0	1.09E-07
10.8037627	0	1.07E-07
10.8684814	0	1.04E-07
10.9335889	0	1.02E-07
10.999085	0	9.95E-08
11.0649736	0	9.72E-08
11.1312578	0	9.50E-08
11.1979375	0	9.29E-08
11.2650176	0	9.08E-08
11.3325	0	8.87E-08
11.4003877	0	8.67E-08
11.4686797	0	8.48E-08
11.5373818	0	8.29E-08
11.6064951	0	8.10E-08
11.6760234	0	7.92E-08
11.7459668	0	7.74E-08
11.8163301	0	7.56E-08
11.8871143	0	7.39E-08
11.9583223	0	7.22E-08
12.029958	0	7.06E-08
12.1020225	0	6.90E-08
12.1745186	0	6.74E-08
12.2474492	0	6.59E-08
12.3208164	0	6.44E-08
12.394623	0	6.30E-08
12.4688711	0	6.15E-08
12.5435654	0	6.01E-08
12.6187061	0	5.88E-08
12.6942969	0	5.74E-08
12.7703418	0	5.61E-08
12.8468408	0	5.49E-08
12.9237988	0	5.36E-08
13.0012168	0	5.24E-08
13.0790996	0	5.12E-08
13.1574492	0	5.00E-08
13.2362676	0	4.89E-08
13.3155576	0	4.78E-08
13.3953242	0	4.67E-08
13.4755674	0	4.56E-08
13.556291	0	4.46E-08
13.637499	0	4.36E-08
13.7191924	0	4.26E-08
13.801376	0	4.16E-08
13.8840518	0	4.07E-08
13.9672236	0	3.98E-08
14.0508926	0	3.89E-08
14.1350625	0	3.80E-08
14.2197373	0	3.71E-08
14.3049189	0	3.63E-08
14.3906113	0	3.54E-08
14.4768164	0	3.46E-08
14.5635391	0	3.38E-08
14.6507803	0	3.31E-08
14.7385439	0	3.23E-08
14.826834	0	3.16E-08
14.9156533	0	3.08E-08
15.0050029	0	3.01E-08
15.0948896	0	2.95E-08
15.1853145	0	2.88E-08
15.2762803	0	2.81E-08
15.367792	0	2.75E-08
15.4598506	0	2.69E-08
15.5524609	0	2.62E-08
15.645627	0	2.56E-08
15.7393506	0	2.51E-08
15.8336357	0	2.45E-08
15.9284854	0	2.39E-08
16.0239043	0	2.34E-08
16.1198926	0	2.28E-08
16.216458	0	2.23E-08
16.3136006	0	2.18E-08
16.4113262	0	2.13E-08
16.5096367	0	2.08E-08
16.6085371	0	2.03E-08
16.7080273	0	1.99E-08
16.8081152	0	1.94E-08
16.9088027	0	1.90E-08
17.0100938	0	1.85E-08
17.1119902	0	1.81E-08
17.214498	0	1.77E-08
17.3176211	0	1.73E-08
17.4213594	0	1.69E-08
17.5257207	0	1.65E-08
17.630707	0	1.61E-08
17.7363223	0	1.57E-08
17.8425703	0	1.54E-08
17.9494531	0	1.50E-08
18.0569785	0	1.47E-08
18.1651465	0	1.43E-08
18.2739629	0	1.40E-08
18.3834316	0	1.37E-08
18.4935566	0	1.34E-08
18.6043398	0	1.31E-08
18.7157871	0	1.28E-08
18.8279023	0	1.25E-08
18.9406895	0	1.22E-08
19.0541523	0	1.19E-08
19.168293	0	1.16E-08
19.2831191	0	1.14E-08
19.3986328	0	1.11E-08
19.5148379	0	1.08E-08
19.6317402	0	1.06E-08
19.7493418	0	1.03E-08
19.8676484	0	1.01E-08
19.9866641	0	9.88E-09
20.1063926	0	9.65E-09
20.2268379	0	9.43E-09
20.3480059	0	9.21E-09
20.4698965	0	8.99E-09
20.5925195	0	8.79E-09
20.7158789	0	8.58E-09
20.8399746	0	8.38E-09
20.9648125	0	8.19E-09
21.0904023	0	8.00E-09
21.2167402	0	7.81E-09
21.3438398	0	7.63E-09
21.4716953	0	7.46E-09
21.6003203	0	7.28E-09
21.7297148	0	7.12E-09
21.8598848	0	6.95E-09
21.9908359	0	6.79E-09
22.1225684	0	6.63E-09
22.2550918	0	6.48E-09
22.3884082	0	6.33E-09
22.5225234	0	6.18E-09
22.6574414	0	6.04E-09
22.7931719	0	5.90E-09
22.9297109	0	5.76E-09
23.0670684	0	5.63E-09
23.20525	0	5.50E-09
23.3442598	0	5.37E-09
23.4841016	0	5.24E-09
23.6247793	0	5.12E-09
23.7663008	0	5.00E-09
23.9086699	0	4.89E-09
24.0518926	0	4.77E-09
24.1959746	0	4.66E-09
24.340918	0	4.56E-09
24.4867305	0	4.45E-09
24.6334141	0	4.35E-09
24.7809785	0	4.25E-09
24.9294277	0	4.15E-09
25.0787637	0	4.05E-09
25.2289961	0	3.96E-09
25.380127	0	3.87E-09
25.5321641	0	3.78E-09
25.6851133	0	3.69E-09
25.8389785	0	3.60E-09
25.9937637	0	3.52E-09
26.1494746	0	3.44E-09
26.3061211	0	3.36E-09
26.463707	0	3.28E-09
26.6222363	0	3.20E-09
26.7817148	0	3.13E-09
26.9421465	0	3.06E-09
27.103541	0	2.99E-09
27.2659023	0	2.92E-09
27.4292344	0	2.85E-09
27.5935488	0	2.78E-09
27.7588438	0	2.72E-09
27.9251309	0	2.66E-09
28.0924121	0	2.60E-09
28.2606992	0	2.54E-09
28.4299922	0	2.48E-09
28.6002988	0	2.42E-09
28.771625	0	2.36E-09
28.9439805	0	2.31E-09
29.1173652	0	2.26E-09
29.2917891	0	2.20E-09
29.4672617	0	2.15E-09
29.6437812	0	2.10E-09
29.8213574	0	2.05E-09
30	0	2.01E-09
