5	1.07E-05	0
5.01798584	1.07E-05	0
5.03603613	1.06E-05	0
5.05415137	1.05E-05	0
5.07233203	1.04E-05	0
5.09057812	1.04E-05	0
5.10889014	1.03E-05	0
5.12726709	1.02E-05	0
5.14571094	1.01E-05	0
5.1642207	1.01E-05	0
5.18279736	1.00E-05	0
5.20144043	9.93E-06	0
5.22015088	9.85E-06	0
5.23892871	9.78E-06	0
5.25777393	9.71E-06	0
5.27668701	9.64E-06	0
5.29566846	9.57E-06	0
5.31471729	9.50E-06	0
5.33383496	9.44E-06	0
5.35302148	9.37E-06	0
5.37227734	9.30E-06	0
5.39160254	9.23E-06	0
5.41099658	9.17E-06	0
5.43046094	9.10E-06	0
5.44999561	9.04E-06	0
5.46959961	8.97E-06	0
5.4892749	8.91E-06	0
5.50902051	8.84E-06	0
5.5288374	8.78E-06	0
5.5487251	8.72E-06	0
5.56868506	8.65E-06	0
5.58871631	8.59E-06	0
5.60881982	8.53E-06	0
5.62899609	8.47E-06	0
5.64924414	8.41E-06	0
5.66956543	8.35E-06	0
5.68995947	8.29E-06	0
5.71042725	8.23E-06	0
5.73096875	8.17E-06	0
5.7515835	8.11E-06	0
5.77227295	8.05E-06	0
5.79303662	7.99E-06	0
5.813875	7.93E-06	0
5.83478857	7.88E-06	0
5.85577734	7.82E-06	0
5.87684131	7.76E-06	0
5.89798145	7.71E-06	0
5.91919727	7.65E-06	0
5.94048975	7.60E-06	0
5.9618584	7.54E-06	0
5.98330371	7.49E-06	0
6.00482715	7.44E-06	0
6.02642725	7.38E-06	0
6.04810547	7.33E-06	0
6.06986084	7.28E-06	0
6.09169531	7.22E-06	0
6.1136084	7.17E-06	0
6.13559961	7.12E-06	0
6.15767041	7.07E-06	0
6.17982031	7.02E-06	0
6.20205029	6.97E-06	0
6.22435986	6.92E-06	0
6.24675049	6.87E-06	0
6.2692207	6.82E-06	0
6.29177197	6.77E-06	0
6.31440479	6.72E-06	0
6.33711816	6.67E-06	0
6.35991406	6.62E-06	0
6.3827915	6.58E-06	0
6.40575098	6.53E-06	0
6.42879346	6.48E-06	0
6.45191895	6.44E-06	0
6.47512793	6.39E-06	0
6.49841943	6.34E-06	0
6.52179541	6.30E-06	0
6.54525586	6.25E-06	0
6.5687998	6.21E-06	0
6.59242871	6.16E-06	0
6.61614307	6.12E-06	0
6.63994189	6.08E-06	0
6.66382715	6.03E-06	0
6.68779785	5.99E-06	0
6.71185498	5.95E-06	0
6.73599854	5.90E-06	0
6.760229	5.86E-06	0
6.78454639	5.82E-06	0
6.80895166	5.78E-06	0
6.83344434	5.73E-06	0
6.85802539	5.69E-06	0
6.88269482	5.65E-06	0
6.90745312	5.61E-06	0
6.93230029	5.57E-06	0
6.95723633	5.53E-06	0
6.9822627	5.49E-06	0
7.00737891	5.45E-06	0
7.03258594	5.41E-06	0
7.0578833	5.37E-06	0
7.083271	5.34E-06	0
7.10875098	5.30E-06	0
7.13432275	5.26E-06	0
7.15998535	5.22E-06	0
7.18574121	5.18E-06	0
7.21158936	5.15E-06	0
7.23753027	5.11E-06	0
7.26356494	5.07E-06	0
7.28969336	5.04E-06	0
7.31591504	5.00E-06	0
7.34223193	4.96E-06	0
7.36864258	4.93E-06	0
7.39514893	4.89E-06	0
7.42175049	4.86E-06	0
7.44844775	4.82E-06	0
7.47524072	4.79E-06	0
7.50213086	4.75E-06	0
7.5291167	4.72E-06	0
7.55620068	4.69E-06	0
7.58338086	4.65E-06	0
7.61065967	4.62E-06	0
7.63803662	4.59E-06	0
7.66551221	4.55E-06	0
7.69308545	4.52E-06	0
7.72075879	4.49E-06	0
7.74853174	4.46E-06	0
7.77640479	4.42E-06	0
7.80437695	4.39E-06	0
7.83245068	4.36E-06	0
7.86062549	4.33E-06	0
7.88890137	4.30E-06	0
7.91727881	4.27E-06	0
7.94575879	4.24E-06	0
7.97434082	4.21E-06	0
8.00302588	4.18E-06	0
8.03181348	4.15E-06	0
8.06070557	4.12E-06	0
8.08970117	4.09E-06	0
8.11880127	4.06E-06	0
8.14800537	4.03E-06	0
8.17731494	4.00E-06	0
8.20673047	3.97E-06	0
8.23625098	3.94E-06	0
8.26587793	3.91E-06	0
8.29561133	3.89E-06	0
8.32545215	3.86E-06	0
8.35540039	3.83E-06	0
8.38545605	3.80E-06	0
8.41562012	3.78E-06	0
8.44589258	3.75E-06	0
8.47627344	3.72E-06	0
8.50676367	3.69E-06	0
8.53736426	3.67E-06	0
8.56807422	3.64E-06	0
8.59889453	3.62E-06	0
8.62982617	3.59E-06	0
8.66086914	3.56E-06	0
8.69202344	3.54E-06	0
8.72329004	3.51E-06	0
8.75466895	3.49E-06	0
8.78616113	3.46E-06	0
8.8177666	3.44E-06	0
8.84948535	3.41E-06	0
8.88131836	3.39E-06	0
8.91326562	3.36E-06	0
8.94532812	3.34E-06	0
8.97750586	3.32E-06	0
9.0097998	3.29E-06	0
9.04220898	3.27E-06	0
9.07473535	3.25E-06	0
9.10737793	3.22E-06	0
9.14013965	3.20E-06	0
9.17301758	3.18E-06	0
9.20601465	3.15E-06	0
9.23912988	3.13E-06	0
9.27236426	3.11E-06	0
9.30571875	3.09E-06	0
9.33919238	3.06E-06	0
9.37278711	3.04E-06	0
9.40650195	3.02E-06	0
9.44033887	3.00E-06	0
9.47429688	2.98E-06	0
9.50837793	2.96E-06	0
9.54258105	2.93E-06	0
9.57690723	2.91E-06	0
9.61135645	2.89E-06	0
9.64593066	2.87E-06	0
9.68062793	2.85E-06	0
9.71545117	2.83E-06	0
9.75039941	2.81E-06	0
9.78547266	2.79E-06	0
9.82067188	2.77E-06	0
9.85599902	2.75E-06	0
9.89145215	2.73E-06	0
9.92703418	2.71E-06	0
9.96274316	2.69E-06	0
9.99858008	2.67E-06	0
10.0345469	2.65E-06	0
10.0706426	2.63E-06	0
10.1068672	2.62E-06	0
10.1432236	2.60E-06	0
10.17971	2.58E-06	0
10.2163291	2.56E-06	0
10.2530791	2.54E-06	0
10.28996	2.52E-06	0
10.3269756	2.50E-06	0
10.3641221	2.49E-06	0
10.4014043	2.47E-06	0
10.4388203	2.45E-06	0
10.4763701	2.43E-06	0
10.5140547	2.42E-06	0
10.551876	2.40E-06	0
10.589832	2.38E-06	0
10.6279258	2.36E-06	0
10.6661562	2.35E-06	0
10.7045234	2.33E-06	0
10.7430293	2.31E-06	0
10.7816729	2.30E-06	0
10.820457	2.28E-06	0
10.8593799	2.26E-06	0
10.8984424	2.25E-06	0
10.9376465	2.23E-06	0
10.9769902	2.22E-06	0
11.0164766	2.20E-06	0
11.0561045	2.18E-06	0
11.095876	2.17E-06	0
11.1357881	2.15E-06	0
11.1758457	2.14E-06	0
11.2160469	2.12E-06	0
11.2563936	2.11E-06	0
11.2968838	2.09E-06	0
11.3375195	2.08E-06	0
11.3783037	2.06E-06	0
11.4192334	2.05E-06	0
11.4603086	2.03E-06	0
11.5015342	2.02E-06	0
11.5429072	2.00E-06	0
11.5844287	1.99E-06	0
11.6260996	1.98E-06	0
11.6679199	1.96E-06	0
11.7098916	1.95E-06	0
11.7520137	1.93E-06	0
11.7942881	1.92E-06	0
11.8367139	1.91E-06	0
11.879292	1.89E-06	0
11.9220234	1.88E-06	0
11.9649092	1.86E-06	0
12.0079482	1.85E-06	0
12.0511436	1.84E-06	0
12.0944932	1.82E-06	0
12.137998	1.81E-06	0
12.1816611	1.80E-06	0
12.2254805	1.79E-06	0
12.269458	1.77E-06	0
12.3135928	1.76E-06	0
12.3578857	1.75E-06	0
12.4023389	1.74E-06	0
12.4469531	1.72E-06	0
12.4917256	1.71E-06	0
12.5366602	1.70E-06	0
12.5817568	1.69E-06	0
12.6270166	1.67E-06	0
12.6724375	1.66E-06	0
12.7180215	1.65E-06	0
12.7637705	1.64E-06	0
12.8096846	1.63E-06	0
12.8557627	1.61E-06	0
12.9020059	1.60E-06	0
12.948416	1.59E-06	0
12.9949941	1.58E-06	0
13.0417393	1.57E-06	0
13.0886533	1.56E-06	0
13.1357344	1.55E-06	0
13.1829854	1.54E-06	0
13.2304072	1.52E-06	0
13.277999	1.51E-06	0
13.3257617	1.50E-06	0
13.3736973	1.49E-06	0
13.4218037	1.48E-06	0
13.470085	1.47E-06	0
13.5185381	1.46E-06	0
13.567166	1.45E-06	0
13.6159697	1.44E-06	0
13.6649473	1.43E-06	0
13.7141035	1.42E-06	0
13.7634346	1.41E-06	0
13.8129434	1.40E-06	0
13.8626309	1.39E-06	0
13.912498	1.38E-06	0
13.962543	1.37E-06	0
14.0127686	1.36E-06	0
14.0631748	1.35E-06	0
14.1137627	1.34E-06	0
14.1645312	1.33E-06	0
14.2154834	1.32E-06	0
14.2666182	1.31E-06	0
14.3179385	1.30E-06	0
14.3694414	1.29E-06	0
14.4211309	1.28E-06	0
14.4730059	1.27E-06	0
14.5250674	1.26E-06	0
14.5773164	1.26E-06	0
14.6297529	1.25E-06	0
14.6823789	1.24E-06	0
14.7351934	1.23E-06	0
14.7881982	1.22E-06	0
14.8413936	1.21E-06	0
14.8947803	1.20E-06	0
14.9483594	1.19E-06	0
15.0021318	1.19E-06	0
15.0560967	1.18E-06	0
15.1102559	1.17E-06	0
15.1646094	1.16E-06	0
15.2191582	1.15E-06	0
15.2739033	1.14E-06	0
15.3288477	1.14E-06	0
15.3839873	1.13E-06	0
15.4393252	1.12E-06	0
15.4948633	1.11E-06	0
15.5506006	1.10E-06	0
15.6065381	1.10E-06	0
15.6626777	1.09E-06	0
15.7190195	1.08E-06	0
15.7755625	1.07E-06	0
15.8323096	1.06E-06	0
15.8892607	1.06E-06	0
15.946417	1.05E-06	0
16.0037793	1.04E-06	0
16.0613467	1.03E-06	0
16.1191211	1.03E-06	0
16.1771045	1.02E-06	0
16.2352969	1.01E-06	0
16.2936973	1.00E-06	0
16.3523076	9.97E-07	0
16.4111309	9.90E-07	0
16.4701621	9.83E-07	0
16.5294082	9.76E-07	0
16.5888672	9.69E-07	0
16.648541	9.62E-07	0
16.7084277	9.55E-07	0
16.7685312	9.49E-07	0
16.8288496	9.42E-07	0
16.8893867	9.35E-07	0
16.9501406	9.28E-07	0
17.0111113	9.22E-07	0
17.0723027	9.15E-07	0
17.1337148	9.08E-07	0
17.1953477	9.02E-07	0
17.2572012	8.95E-07	0
17.3192793	8.89E-07	0
17.3815781	8.83E-07	0
17.4441035	8.76E-07	0
17.5068516	8.70E-07	0
17.5698262	8.64E-07	0
17.6330293	8.58E-07	0
17.696457	8.52E-07	0
17.7601152	8.45E-07	0
17.824	8.39E-07	0
17.8881152	8.33E-07	0
17.9524629	8.27E-07	0
18.017041	8.21E-07	0
18.0818496	8.16E-07	0
18.1468926	8.10E-07	0
18.2121699	8.04E-07	0
18.2776816	7.98E-07	0
18.3434297	7.92E-07	0
18.4094141	7.87E-07	0
18.4756367	7.81E-07	0
18.5420957	7.76E-07	0
18.6087949	7.70E-07	0
18.6757324	7.65E-07	0
18.7429121	7.59E-07	0
18.810334	7.54E-07	0
18.877998	7.48E-07	0
18.9459043	7.43E-07	0
19.0140566	7.38E-07	0
19.0824512	7.32E-07	0
19.1510957	7.27E-07	0
19.2199844	7.22E-07	0
19.2891211	7.17E-07	0
19.3585078	7.11E-07	0
19.4281426	7.06E-07	0
19.4980293	7.01E-07	0
19.568166	6.96E-07	0
19.6385566	6.91E-07	0
19.7091992	6.86E-07	0
19.7800957	6.81E-07	0
19.851248	6.77E-07	0
19.9226562	6.72E-07	0
19.9943203	6.67E-07	0
20.0662441	6.62E-07	0
20.1384258	6.57E-07	0
20.2108672	6.53E-07	0
20.2835684	6.48E-07	0
20.3565312	6.43E-07	0
20.4297559	6.39E-07	0
20.5032441	6.34E-07	0
20.577	6.30E-07	0
20.6510195	6.25E-07	0
20.7253027	6.21E-07	0
20.7998535	6.16E-07	0
20.8746738	6.12E-07	0
20.9497637	6.07E-07	0
21.025123	6.03E-07	0
21.1007539	5.99E-07	0
21.1766582	5.94E-07	0
21.252832	5.90E-07	0
21.3292812	5.86E-07	0
21.4060059	5.82E-07	0
21.4830098	5.78E-07	0
21.5602852	5.74E-07	0
21.6378398	5.69E-07	0
21.7156777	5.65E-07	0
21.7937891	5.61E-07	0
21.8721875	5.57E-07	0
21.9508652	5.53E-07	0
22.0298242	5.49E-07	0
22.1090703	5.45E-07	0
22.1885996	5.41E-07	0
22.2684141	5.38E-07	0
22.3485176	5.34E-07	0
22.4289082	5.30E-07	0
22.5095898	5.26E-07	0
22.5905586	5.22E-07	0
22.6718203	5.19E-07	0
22.753375	5.15E-07	0
22.8352246	5.11E-07	0
22.9173633	5.08E-07	0
22.9998008	5.04E-07	0
23.0825352	5.00E-07	0
23.1655664	4.97E-07	0
23.2488965	4.93E-07	0
23.3325273	4.90E-07	0
23.416457	4.86E-07	0
23.5006914	4.83E-07	0
23.5852266	4.79E-07	0
23.6700645	4.76E-07	0
23.7552109	4.72E-07	0
23.8406602	4.69E-07	0
23.9264199	4.66E-07	0
24.0124863	4.62E-07	0
24.0988633	4.59E-07	0
24.1855527	4.56E-07	0
24.2725508	4.52E-07	0
24.3598633	4.49E-07	0
24.4474883	4.46E-07	0
24.5354297	4.43E-07	0
24.6236875	4.40E-07	0
24.7122637	4.36E-07	0
24.8011562	4.33E-07	0
24.8903711	4.30E-07	0
24.9799062	4.27E-07	0
25.0697617	4.24E-07	0
25.1599414	4.21E-07	0
25.2504473	4.18E-07	0
25.3412754	4.15E-07	0
25.4324316	4.12E-07	0
25.523918	4.09E-07	0
25.6157305	4.06E-07	0
25.707875	4.03E-07	0
25.8003496	4.00E-07	0
25.8931562	3.98E-07	0
25.9862988	3.95E-07	0
26.0797754	3.92E-07	0
26.1735898	3.89E-07	0
26.2677383	3.86E-07	0
26.3622285	3.84E-07	0
26.4570566	3.81E-07	0
26.5522266	3.78E-07	0
26.6477402	3.75E-07	0
26.7435957	3.73E-07	0
26.8397949	3.70E-07	0
26.9363418	3.67E-07	0
27.0332383	3.65E-07	0
27.1304805	3.62E-07	0
27.2280723	3.60E-07	0
27.3260156	3.57E-07	0
27.4243125	3.54E-07	0
27.5229629	3.52E-07	0
27.6219648	3.49E-07	0
27.7213262	3.47E-07	0
27.8210449	3.44E-07	0
27.9211211	3.42E-07	0
28.0215566	3.39E-07	0
28.1223555	3.37E-07	0
28.2235176	3.35E-07	0
28.325041	3.32E-07	0
28.4269316	3.30E-07	0
28.5291855	3.27E-07	0
28.6318086	3.25E-07	0
28.7348027	3.23E-07	0
28.838168	3.20E-07	0
28.9419004	3.18E-07	0
29.0460117	3.16E-07	0
29.1504922	3.14E-07	0
29.2553516	3.11E-07	0
29.3605879	3.09E-07	0
29.4662031	3.07E-07	0
29.5721953	3.05E-07	0
29.6785742	3.03E-07	0
29.7853301	3.00E-07	0
29.8924727	2.98E-07	0
30.000002	2.96E-07	0
