1.000121100000000096e+00 5.813022119411873773e-04 3.296791395487562166e-04
1.005121699999999896e+00 5.775157444494275752e-04 3.250587866727461272e-04
1.010147300000000081e+00 5.735966687450545602e-04 3.204977361175341609e-04
1.015198000000000045e+00 5.696191181343276738e-04 3.159954130100045729e-04
1.020273999999999903e+00 5.655979629756897886e-04 3.115193044370160799e-04
1.025375399999999937e+00 5.615216914165099219e-04 3.070322770644683162e-04
1.030502299999999982e+00 5.573945082717327634e-04 3.026032518001242925e-04
1.035654800000000098e+00 5.532054222934114753e-04 2.982369052755305455e-04
1.040833099999999956e+00 5.489344873314970421e-04 2.939273587387730420e-04
1.046037200000000000e+00 5.445304867619698078e-04 2.896792751870145492e-04
1.051267399999999963e+00 5.398342778656676447e-04 2.854868112768629601e-04
1.056341500000000044e+00 5.339914297901163015e-04 2.815007206830164228e-04
1.056523799999999902e+00 5.336569098862360997e-04 2.813545612456687991e-04
1.058858599999999983e+00 5.321964311737970499e-04 2.835425878958861782e-04
1.061806400000000039e+00 5.315559248193792424e-04 2.812528904447310352e-04
1.067115400000000047e+00 5.286748030661515829e-04 2.771889876473545688e-04
1.072451000000000043e+00 5.253170438335463561e-04 2.731838454378930094e-04
1.077813200000000027e+00 5.217817138714679311e-04 2.691966098980334734e-04
1.083202299999999951e+00 5.181450291790769269e-04 2.652322450566610098e-04
1.088618300000000039e+00 5.144473273801103419e-04 2.613255983978504454e-04
1.094061399999999962e+00 5.107086553422649552e-04 2.574760538373685632e-04
1.099531700000000001e+00 5.069417166771342069e-04 2.536780896340888537e-04
1.105029400000000050e+00 5.031528613706731223e-04 2.499360857069337651e-04
1.110554500000000111e+00 4.993475754616002755e-04 2.462446016588474272e-04
1.116107299999999913e+00 4.955341272711290225e-04 2.426176798242187134e-04
1.121687799999999902e+00 4.917167263479880557e-04 2.390449544939599145e-04
1.127296300000000029e+00 4.878975793607437817e-04 2.355210077606802925e-04
1.132932800000000073e+00 4.840782891077419605e-04 2.320501662525495986e-04
1.138597400000000093e+00 4.802587620185165464e-04 2.286318772760863294e-04
1.144290400000000041e+00 4.764410670463625763e-04 2.252608109106524507e-04
1.150011899999999976e+00 4.726243119519139466e-04 2.219364962969322321e-04
1.155761899999999898e+00 4.688077303755133372e-04 2.186631802007881734e-04
1.161540699999999982e+00 4.649896061347392594e-04 2.154402905474227475e-04
1.167348400000000064e+00 4.611684615624486619e-04 2.122626502416138710e-04
1.173185200000000039e+00 4.573376723466949633e-04 2.091297864607035643e-04
1.179051099999999908e+00 4.534903175262677269e-04 2.060458686048739232e-04
1.184946400000000066e+00 4.496116227614378388e-04 2.030057660583682957e-04
1.190871100000000071e+00 4.456726857198636338e-04 2.000136100118673783e-04
1.196825400000000039e+00 4.416047194095920202e-04 1.970053989863331911e-04
1.202809599999999923e+00 4.371656491294824724e-04 1.938281536612148845e-04
1.206986200000000009e+00 4.330225111338687123e-04 1.916558082750989447e-04
1.208823600000000109e+00 4.305579335224374977e-04 1.945607099712241795e-04
1.209813800000000050e+00 4.314604950117743474e-04 1.940471211352600605e-04
1.214867700000000106e+00 4.303728277611555100e-04 1.914487164471089561e-04
1.220942100000000030e+00 4.276403975479144202e-04 1.883850825102647674e-04
1.227046800000000104e+00 4.245796279403895885e-04 1.853781617143977452e-04
1.233182000000000000e+00 4.213826972613236963e-04 1.824185030700551779e-04
1.239347900000000058e+00 4.181139753389996822e-04 1.795099727321829749e-04
1.245544699999999949e+00 4.148028013135374192e-04 1.766519980911071856e-04
1.251772399999999896e+00 4.114659259287737768e-04 1.738440399782246808e-04
1.258031200000000016e+00 4.081129539572500792e-04 1.710812218252709448e-04
1.264321400000000040e+00 4.047518055808628284e-04 1.683544531529403913e-04
1.270642999999999967e+00 4.013859156492623377e-04 1.656676713992108160e-04
1.276996199999999915e+00 3.980215690864220596e-04 1.630247047966776471e-04
1.283381200000000000e+00 3.946611334282087297e-04 1.604293011488712125e-04
1.289798100000000058e+00 3.913069520564202560e-04 1.578809338190755322e-04
1.296247099999999985e+00 3.879612223807501342e-04 1.553706958152024377e-04
1.302728300000000061e+00 3.846255246555586741e-04 1.529065256624549056e-04
1.309242000000000017e+00 3.813006746879060195e-04 1.504795970200876033e-04
1.315788200000000074e+00 3.779888004764287400e-04 1.480977849160980755e-04
1.322367099999999907e+00 3.746901007096425625e-04 1.457523656499057222e-04
1.328978999999999910e+00 3.714064288899061894e-04 1.434511059067299522e-04
1.335623900000000086e+00 3.681380341917167912e-04 1.411853946593303330e-04
1.342302000000000106e+00 3.648861681262480878e-04 1.389588930491588814e-04
1.349013500000000088e+00 3.616509230058642665e-04 1.367671403172092002e-04
1.355758599999999925e+00 3.584334870065977166e-04 1.346137650829366274e-04
1.362537399999999899e+00 3.552345090634783905e-04 1.324983469763522362e-04
1.369350000000000067e+00 3.520546108066806529e-04 1.304165061264409486e-04
1.376196799999999998e+00 3.488937016096419885e-04 1.283678599615449805e-04
1.383077799999999913e+00 3.457513662869372948e-04 1.263520674733627116e-04
1.389993199999999929e+00 3.426276273077921079e-04 1.243687716443455608e-04
1.396943100000000104e+00 3.395230712368194439e-04 1.224137430684547846e-04
1.403927799999999948e+00 3.364376506205479745e-04 1.204944107737822734e-04
1.410947500000000021e+00 3.333723811525086630e-04 1.186103698357581328e-04
1.418002200000000101e+00 3.303268220003211983e-04 1.167535819288000948e-04
1.425092199999999920e+00 3.273019004773539261e-04 1.149275627492021156e-04
1.432217700000000038e+00 3.242975656447612026e-04 1.131319745676774926e-04
1.439378800000000069e+00 3.213142979691375979e-04 1.113664905663164819e-04
1.446575699999999909e+00 3.183515454021603667e-04 1.096307788512095792e-04
1.453808599999999895e+00 3.154102086406262778e-04 1.079245106486581026e-04
1.461077600000000087e+00 3.124907190225165599e-04 1.062436535065367058e-04
1.468382999999999994e+00 3.095924648115427977e-04 1.045916282034136475e-04
1.475724899999999895e+00 3.067158663517984538e-04 1.029681218218675832e-04
1.483103499999999908e+00 3.038612819143695037e-04 1.013691581447202176e-04
1.490518999999999927e+00 3.010276871589790673e-04 9.979083673382388886e-05
1.497971600000000070e+00 2.982136438487780839e-04 9.823295455153252065e-05
1.505461500000000008e+00 2.954199961527160319e-04 9.670251945586773475e-05
1.512988800000000023e+00 2.926471490598075661e-04 9.519564411878506886e-05
1.520553700000000008e+00 2.898945751360198770e-04 9.371564627681673706e-05
1.528156499999999918e+00 2.871625918146543974e-04 9.225511589366127557e-05
1.535797300000000032e+00 2.844511467297328742e-04 9.082446608469932846e-05
1.543476300000000023e+00 2.817605727159565136e-04 8.941279988940773837e-05
1.551193700000000009e+00 2.790911855327805739e-04 8.802692485919942503e-05
1.558949600000000046e+00 2.764420725160408139e-04 8.665959308847007094e-05
1.566744399999999926e+00 2.738143054486599001e-04 8.531753530301576407e-05
1.574578100000000092e+00 2.712074185931384845e-04 8.399702930540296883e-05
1.582451000000000052e+00 2.686208570031425099e-04 8.269440756417665347e-05
1.590363299999999924e+00 2.660541174530563387e-04 8.141290267104792035e-05
1.598315099999999989e+00 2.635075365758399765e-04 8.015568590422102852e-05
1.606306599999999918e+00 2.609814006461152699e-04 7.891572299590270199e-05
1.614338199999999945e+00 2.584751409662094978e-04 7.769619137289910467e-05
1.622409900000000071e+00 2.559894860105464557e-04 7.649687803226985045e-05
1.630521899999999969e+00 2.535235476665864164e-04 7.531423388607197237e-05
1.638674500000000034e+00 2.510779429283076410e-04 7.415470808520981897e-05
1.646867899999999940e+00 2.486521732984735842e-04 7.301144411087342524e-05
1.655102199999999968e+00 2.462461540957477046e-04 7.188755930520802136e-05
1.663377700000000070e+00 2.438601056385677308e-04 7.078283600513195694e-05
1.671694599999999920e+00 2.414939030328919938e-04 6.969381688028220630e-05
1.680053100000000077e+00 2.391474217966226598e-04 6.862357099653225261e-05
1.688453399999999993e+00 2.368205378543859199e-04 6.757189065129430095e-05
1.696895599999999948e+00 2.345131551729686000e-04 6.653537602835892157e-05
1.705380099999999954e+00 2.322250947900160261e-04 6.551386293447372276e-05
1.713907000000000069e+00 2.299562618746437065e-04 6.451353275597199849e-05
1.722476600000000024e+00 2.277068480461979811e-04 6.352468250629656572e-05
1.731088900000000042e+00 2.254760999826445128e-04 6.255348432367347422e-05
1.739744399999999969e+00 2.232648294093882927e-04 6.159972986475464353e-05
1.748443100000000028e+00 2.210722869269302407e-04 6.065702353718515271e-05
1.757185299999999950e+00 2.188983268219344281e-04 5.973452511436192684e-05
1.765971200000000074e+00 2.167431537572092029e-04 5.882277756764722629e-05
1.774801099999999909e+00 2.146062941556615782e-04 5.792779383485791126e-05
1.783675099999999958e+00 2.124882895419035985e-04 5.704634567827777974e-05
1.792593499999999951e+00 2.103883504483882371e-04 5.617828773196153076e-05
1.801556500000000005e+00 2.083063602270716767e-04 5.532347917481409083e-05
1.810564199999999957e+00 2.062557870326283554e-04 5.448478052627596542e-05
1.819617100000000098e+00 2.042101039348757864e-04 5.365901738608277636e-05
1.828715099999999927e+00 2.021820275578582542e-04 5.284606176628844269e-05
1.837858699999999956e+00 2.001719746624290987e-04 5.204576915168985607e-05
1.847048000000000023e+00 1.981792436595797237e-04 5.125800797984400879e-05
1.856283300000000080e+00 1.962039932035221032e-04 5.048264216789254686e-05
1.865564699999999965e+00 1.942461231832515731e-04 4.971954232011582662e-05
1.874892500000000073e+00 1.923054916490232063e-04 4.896857472758747769e-05
1.884266999999999914e+00 1.903819583339060929e-04 4.822960701204876820e-05
1.893688299999999991e+00 1.884751426658873644e-04 4.750251312349057005e-05
1.903156700000000034e+00 1.865851931777485269e-04 4.678716298704077234e-05
1.912672499999999998e+00 1.847081059120742573e-04 4.608342781446192883e-05
1.922235899999999997e+00 1.828515358781057664e-04 4.539118244726564859e-05
1.931847099999999928e+00 1.810114613385452385e-04 4.471030278957429445e-05
1.941506299999999907e+00 1.791874983261647878e-04 4.403787081013486247e-05
1.951213800000000109e+00 1.773797865002461937e-04 4.337658509396282141e-05
1.960969900000000044e+00 1.755881935586887574e-04 4.272632243432998562e-05
1.970774699999999990e+00 1.738123637833386261e-04 4.208696509756634010e-05
1.980628599999999961e+00 1.720521565188540421e-04 4.145838991730574070e-05
1.990531800000000073e+00 1.703077226600575216e-04 4.083775302559488468e-05
2.000484399999999940e+00 1.685787150671558081e-04 4.022769299239120665e-05
2.010486799999999796e+00 1.668652460920954685e-04 3.962808982580373764e-05
2.020539299999999816e+00 1.651666942719714939e-04 3.903614110373517909e-05
2.030641999999999836e+00 1.634832264153983318e-04 3.845444737198461293e-05
2.040795199999999809e+00 1.618149669346694919e-04 3.788289368952382693e-05
2.050999200000000133e+00 1.601613111924794189e-04 3.731872044550980645e-05
2.061254200000000036e+00 1.585224037036631344e-04 3.676448879390407004e-05
2.071560400000000080e+00 1.568981441220565346e-04 3.621746900912759177e-05
2.081918200000000052e+00 1.552881693337958540e-04 3.568019397747419004e-05
2.092327800000000071e+00 1.536926184563517284e-04 3.515255536841860307e-05
2.102789500000000089e+00 1.521111499809272487e-04 3.463186350666765334e-05
2.113303399999999943e+00 1.505439134870424633e-04 3.411805212060473524e-05
2.123869899999999866e+00 1.490102700063338447e-04 3.361105058279383382e-05
2.134489299999999812e+00 1.474709407537573341e-04 3.311333287824166048e-05
2.145161700000000060e+00 1.459448673161321732e-04 3.262226678923160327e-05
2.155887499999999957e+00 1.444319459849225436e-04 3.213778378633534824e-05
2.166666999999999899e+00 1.429323028972093689e-04 3.166232207595082561e-05
2.177500300000000166e+00 1.414454429112624605e-04 3.119328935097278569e-05
2.188387800000000105e+00 1.399716924363901733e-04 3.073309878513106805e-05
2.199329699999999832e+00 1.385105520121070047e-04 3.027918299250270459e-05
2.210326400000000024e+00 1.370621342935924377e-04 2.983147690243454487e-05
2.221378000000000075e+00 1.356261720279842704e-04 2.939236295361988304e-05
2.232484900000000216e+00 1.342025717664282439e-04 2.895931005385790865e-05
2.243647300000000122e+00 1.327912648979050398e-04 2.853225766717012936e-05
2.254865600000000025e+00 1.313919604439417336e-04 2.811114322635014815e-05
2.266139900000000207e+00 1.300048043625072350e-04 2.769830308408543191e-05
2.277470600000000012e+00 1.286293153574284893e-04 2.729125733444505010e-05
2.288857900000000001e+00 1.272654366730269703e-04 2.689231849420470284e-05
2.300302199999999964e+00 1.259132800653930083e-04 2.649667293859046647e-05
2.311803700000000017e+00 1.245724049401735823e-04 2.610899336103379511e-05
2.323362799999999950e+00 1.232429256135990023e-04 2.572685004211630011e-05
2.334979600000000044e+00 1.219244250413631018e-04 2.535018795644910356e-05
2.346654500000000088e+00 1.206170193261415043e-04 2.497894922820641017e-05
2.358387800000000034e+00 1.193204646703159132e-04 2.461307762045524252e-05
2.370179700000000000e+00 1.180345344852306124e-04 2.425480790881674956e-05
2.382030600000000220e+00 1.167591670903143339e-04 2.390177152927589553e-05
2.393940699999999921e+00 1.154941442533391618e-04 2.355164813439658111e-05
2.405910399999999782e+00 1.142394095210567972e-04 2.320892741829778288e-05
2.417940000000000200e+00 1.129890401829922538e-04 2.286454489879601978e-05
2.430029699999999959e+00 1.117534397594433502e-04 2.251631577239052447e-05
2.442179799999999901e+00 1.105263276134831003e-04 2.217631888140242277e-05
2.454390699999999814e+00 1.093078646290312567e-04 2.184069492430816220e-05
2.466662700000000097e+00 1.080977149436073597e-04 2.151028113324777384e-05
2.478995999999999977e+00 1.068958922064178625e-04 2.118524175194421260e-05
2.491391000000000133e+00 1.057022284572588737e-04 2.086529979726453257e-05
2.503847899999999793e+00 1.045164170096177551e-04 2.055040157719164364e-05
2.516367199999999915e+00 1.033382970086556990e-04 2.024049140368169874e-05
2.528948999999999891e+00 1.021679037972212262e-04 1.993551735044974698e-05
2.541593799999999792e+00 1.010047690330906643e-04 1.963542474670648970e-05
2.554301699999999897e+00 9.984862863328230738e-05 1.933336429783015902e-05
2.567073199999999833e+00 9.869889056059615625e-05 1.903487989146565855e-05
2.579908599999999996e+00 9.755515312500801796e-05 1.874120033455109146e-05
2.592808199999999896e+00 9.641733101810820992e-05 1.845227384777608549e-05
2.605772200000000094e+00 9.528505208192057012e-05 1.816784155445835293e-05
2.618801100000000215e+00 9.415823191041898478e-05 1.788826870514722935e-05
2.631895099999999932e+00 9.303651961928098828e-05 1.761288392923041583e-05
2.645054500000000086e+00 9.191278380640120922e-05 1.734205370784712045e-05
2.658279799999999859e+00 9.079989489406932522e-05 1.707552304308974746e-05
2.671571199999999813e+00 8.969098472947473720e-05 1.681324654656484761e-05
2.684929100000000179e+00 8.858574878016676969e-05 1.655517794359972182e-05
2.698353700000000188e+00 8.748349261766866474e-05 1.630127261386112055e-05
2.711845499999999909e+00 8.638380618607635467e-05 1.605128440051063139e-05
2.725404699999999902e+00 8.528618057603467152e-05 1.580537156954851821e-05
2.739031699999999958e+00 8.418998188229173045e-05 1.556348947796686946e-05
2.752726899999999866e+00 8.309447048304618630e-05 1.532539677916971757e-05
2.766490500000000186e+00 8.199881879171508987e-05 1.509105371378370065e-05
2.780323000000000100e+00 8.090234820338832909e-05 1.486041921881132722e-05
2.794224600000000169e+00 7.980403992105216510e-05 1.463345423119758086e-05
2.808195700000000183e+00 7.870252378388036994e-05 1.441011895660330689e-05
2.822236699999999932e+00 7.759686937047986907e-05 1.419037397806136834e-05
2.836347899999999811e+00 7.648556622677724092e-05 1.397398942427956251e-05
2.850529600000000219e+00 7.536667244804785696e-05 1.376131066327819452e-05
2.864782299999999893e+00 7.423856597181268627e-05 1.355172773406555210e-05
2.879106199999999838e+00 7.309861582262370009e-05 1.334539771643364098e-05
2.893501699999999843e+00 7.194429437294125296e-05 1.314209817500267893e-05
2.907969200000000143e+00 7.077199036548318897e-05 1.294198394824960254e-05
2.922509100000000082e+00 6.957765683830407209e-05 1.274502077658241555e-05
2.937121600000000221e+00 6.835614306429173054e-05 1.255136032932735218e-05
2.951807200000000186e+00 6.710076634954043105e-05 1.236059808047665392e-05
2.966566199999999931e+00 6.580318687628227781e-05 1.217288678110190671e-05
2.981399099999999969e+00 6.445200118453029662e-05 1.198819297477151570e-05
2.996306099999999972e+00 6.303134894691025318e-05 1.180630361970825638e-05
3.011287600000000175e+00 6.154274089091672025e-05 1.160754660138222298e-05
3.026343999999999923e+00 5.991111173375339666e-05 1.140563373247981502e-05
3.041475800000000174e+00 5.807260972170979612e-05 1.120740477984689162e-05
3.056683099999999875e+00 5.592060412421601850e-05 1.101281934192875850e-05
3.071966600000000103e+00 5.321490083722531304e-05 1.082183518982340152e-05
3.087326399999999804e+00 4.923202815428799546e-05 1.063423687031678428e-05
3.102762999999999938e+00 3.752668968694937597e-05 1.044998625581375526e-05
3.104011900000000157e+00 3.286017876785135941e-05 1.043529238876257421e-05
3.105787900000000157e+00 3.254544479678858810e-05 2.696133686588589217e-05
3.118276799999999849e+00 4.636819182203986089e-05 2.656621845478726216e-05
3.133868200000000215e+00 4.968199080653144583e-05 2.608427225589090345e-05
3.149537599999999937e+00 5.108862849639486382e-05 2.561163247888740169e-05
3.165285299999999857e+00 5.169712028723837084e-05 2.514647909300467816e-05
3.181111700000000209e+00 5.180364757966573883e-05 2.469043800795411091e-05
3.197017199999999892e+00 5.148836930655138300e-05 2.424340454151591517e-05
3.213002299999999867e+00 5.068908205760524674e-05 2.380527423261288877e-05
3.229067300000000085e+00 4.904571486160103506e-05 2.337426457500501180e-05
3.245212700000000172e+00 4.352096158785117094e-05 2.295029811861880971e-05
3.247383199999999803e+00 3.989723310643483815e-05 2.289485365383792340e-05
3.249416699999999825e+00 3.977640467431251263e-05 3.290380284386959134e-05
3.261438699999999802e+00 4.810572196783589172e-05 3.245973228310556122e-05
3.277745900000000212e+00 5.077718250443986322e-05 3.186945202281487216e-05
3.294134699999999860e+00 5.218199368104387519e-05 3.129083043058191837e-05
3.310605300000000195e+00 5.308412949198177560e-05 3.072373529102452973e-05
3.327158400000000071e+00 5.370299201598568225e-05 3.016476896644882316e-05
3.343794100000000213e+00 5.413490673306946055e-05 2.961871978598214650e-05
3.360513099999999920e+00 5.443181038837027486e-05 2.908058578093650965e-05
3.377315700000000032e+00 5.462536141640953564e-05 2.855350017826307476e-05
3.394202299999999894e+00 5.473656400616377259e-05 2.803573578589143827e-05
3.411173300000000186e+00 5.478026430986585114e-05 2.752718919513818277e-05
3.428229099999999807e+00 5.476715575813708673e-05 2.702775791778828056e-05
3.445370299999999997e+00 5.470558218872858760e-05 2.653733883748432261e-05
3.462597099999999983e+00 5.460183193338519935e-05 2.605740006794095883e-05
3.479910100000000117e+00 5.446104166577966487e-05 2.558469821658007729e-05
3.497309700000000188e+00 5.428710108539129564e-05 2.512226112453384846e-05
3.514796200000000148e+00 5.408344323543572374e-05 2.466688062529798155e-05
3.532370199999999905e+00 5.385248467153129444e-05 2.421848141567563869e-05
3.550032100000000135e+00 5.359616895381212224e-05 2.378004744329530068e-05
3.567782199999999904e+00 5.331614381478542747e-05 2.334841921345583000e-05
3.585621100000000006e+00 5.301329082060047312e-05 2.292503707314883302e-05
3.603549199999999786e+00 5.268832134005774047e-05 2.250830148540038095e-05
3.621567000000000203e+00 5.234108233513701198e-05 2.209963986571461905e-05
3.639674799999999877e+00 5.197083619722849012e-05 2.169896073220995783e-05
3.657873200000000047e+00 5.157582287826269484e-05 2.130617161689647064e-05
3.676162600000000058e+00 5.115287702108885698e-05 2.091970597936230181e-05
3.694543400000000144e+00 5.069623570457475843e-05 2.054096502744679105e-05
3.713016099999999931e+00 5.019605566443001372e-05 2.016839781618246234e-05
3.731581199999999932e+00 4.963289215112022068e-05 1.980339173880787577e-05
3.750239099999999937e+00 4.896425095791515520e-05 1.944441243714324749e-05
3.768990300000000016e+00 4.806528799670399413e-05 1.909283416383574276e-05
3.787098199999999970e+00 4.620050306682270104e-05 1.876081696356160977e-05
3.787835199999999958e+00 4.601837293388839325e-05 1.874713839481712991e-05
3.796501899999999985e+00 4.601285377266465994e-05 2.173454283476191140e-05
3.806774400000000114e+00 4.701750110768089074e-05 2.152906789542013126e-05
3.825808299999999829e+00 4.753224022792205283e-05 2.115530045660644307e-05
3.844937299999999780e+00 4.765903182264122784e-05 2.078754226110782847e-05
3.864161999999999875e+00 4.763895708873214067e-05 2.042713235868875670e-05
3.883482799999999902e+00 4.753941709325962251e-05 2.007119154370812179e-05
3.902900199999999931e+00 4.738926919437475477e-05 1.972384833424019413e-05
3.922414700000000032e+00 4.720366259971297347e-05 1.938084786730488962e-05
3.942026799999999831e+00 4.699177825560783085e-05 1.904490172747163175e-05
3.961736900000000006e+00 4.675949485217292822e-05 1.871455836362789386e-05
3.981545600000000018e+00 4.651100293217640895e-05 1.838975618994962631e-05
4.001453299999999658e+00 4.624914480896075879e-05 1.807179124772483197e-05
4.021460600000000163e+00 4.597615564266376400e-05 1.775788406301865606e-05
4.041567900000000435e+00 4.569382371695234493e-05 1.744933852427046306e-05
4.061775700000000100e+00 4.540276890143776930e-05 1.714475969334720807e-05
4.082084599999999952e+00 4.510401488861924828e-05 1.684410868048993100e-05
4.102495000000000225e+00 4.479861501326341382e-05 1.654999322634296844e-05
4.123007499999999936e+00 4.448728457024333545e-05 1.625970332786984973e-05
4.143622599999999601e+00 4.417077616178831585e-05 1.597582090396776957e-05
4.164340700000000339e+00 4.384958587685568990e-05 1.569696718554604878e-05
4.185162400000000282e+00 4.352418982326497477e-05 1.542178926561113322e-05
4.206088199999999944e+00 4.319493667820755172e-05 1.515283139049705730e-05
4.227118599999999837e+00 4.286205154620146781e-05 1.488745182897968374e-05
4.248254199999999869e+00 4.252524790527230955e-05 1.462561497599028570e-05
4.269495499999999666e+00 4.218453281176122471e-05 1.436855688200933942e-05
4.290842999999999741e+00 4.183980652889245636e-05 1.411495926111885216e-05
4.312297199999999719e+00 4.149081353457520000e-05 1.386730460220960821e-05
4.333858700000000397e+00 4.113714850142125918e-05 1.362301682013283454e-05
4.355527999999999622e+00 4.077778846547850105e-05 1.338455420327385648e-05
4.377305599999999686e+00 4.041128024648374411e-05 1.314812729400818961e-05
4.399192099999999606e+00 4.003487349216542230e-05 1.291742211994955492e-05
4.421188100000000176e+00 3.964334781179736832e-05 1.268991426604187997e-05
4.443293999999999855e+00 3.922484277068895883e-05 1.246679322302136756e-05
4.465510499999999716e+00 3.874238545953102289e-05 1.224800839558838842e-05
4.482900500000000399e+00 3.817662513812433261e-05 1.208017372170980243e-05
4.487838100000000274e+00 3.776823819471903672e-05 1.203290564329224146e-05
4.496099599999999974e+00 3.797824669489830915e-05 1.272348943586249990e-05
4.510277199999999986e+00 3.805858481118190307e-05 1.258483701217950342e-05
4.532828600000000208e+00 3.791722213197697968e-05 1.236779303970282923e-05
4.555492799999999676e+00 3.769682053956062033e-05 1.215497949205235958e-05
4.578270200000000401e+00 3.744461910382440882e-05 1.194516295758674373e-05
4.601161600000000185e+00 3.717480908655487471e-05 1.173984555910869509e-05
4.624167400000000150e+00 3.689348371814200558e-05 1.153744910745759283e-05
4.647288200000000202e+00 3.660369521524779187e-05 1.133852754060201798e-05
4.670524699999999640e+00 3.630694472129220387e-05 1.114315846237250622e-05
4.693877299999999586e+00 3.600376701155653009e-05 1.095118702012557454e-05
4.717346700000000226e+00 3.569372250261653053e-05 1.076257533216852480e-05
4.740933400000000297e+00 3.537513802841751843e-05 1.057762970825445541e-05
4.764638099999999987e+00 3.504356036517397750e-05 1.039573838061851886e-05
4.788461299999999810e+00 3.468564449974627346e-05 1.021720834246243697e-05
4.811680899999999816e+00 3.424839046744287881e-05 1.004689321352211804e-05
4.812403599999999670e+00 3.422985907550658727e-05 1.004166332955782053e-05
4.832319100000000311e+00 3.400454646195688396e-05 1.033098964224346032e-05
4.836465600000000364e+00 3.400276354475452662e-05 1.030070235135569715e-05
4.860647900000000021e+00 3.385587889668508556e-05 1.012676131871470252e-05
4.884951199999999716e+00 3.364009235046716112e-05 9.955851101535570687e-06
4.909375899999999682e+00 3.340232455809252890e-05 9.787827995115516372e-06
4.933922800000000386e+00 3.315388351084666281e-05 9.622549981879161462e-06
4.958592399999999678e+00 3.289915303508060454e-05 9.459221506644375105e-06
4.983385400000000409e+00 3.264047568940766308e-05 9.298586616612732568e-06
5.008302300000000429e+00 3.237926211489595984e-05 9.140832969962296619e-06
5.033343799999999924e+00 3.211654836777240311e-05 8.985820366201693773e-06
5.058510499999999688e+00 3.185293801232572379e-05 8.833518504732632251e-06
5.083803099999999908e+00 3.158889375145137025e-05 8.683576962266382793e-06
5.109222100000000211e+00 3.132467013339888654e-05 8.536183353949782884e-06
5.134768199999999894e+00 3.106058681707578437e-05 8.391415262462782718e-06
5.160442100000000032e+00 3.079687576562299266e-05 8.249032962625830353e-06
5.186244300000000251e+00 3.053372521503566864e-05 8.109220031497138602e-06
5.212175499999999850e+00 3.027131412743950620e-05 7.971739341445999836e-06
5.238236399999999904e+00 3.000974115887933584e-05 7.836668959807521848e-06
5.264427600000000318e+00 2.974910251774459113e-05 7.703776038990761251e-06
5.290749700000000111e+00 2.948956304681937869e-05 7.573242332333202015e-06
5.317203400000000357e+00 2.923113719929245962e-05 7.444939407932756896e-06
5.343789499999999748e+00 2.897390865700047780e-05 7.318740971966381991e-06
5.370508400000000293e+00 2.871796218428766191e-05 7.194826652881360477e-06
5.397360899999999795e+00 2.846330560229517030e-05 7.073070087525562454e-06
5.424347700000000216e+00 2.821005050173781760e-05 6.953347290517842281e-06
5.451469499999999968e+00 2.795823604244782073e-05 6.835735570522893458e-06
5.478726799999999564e+00 2.770786811875747705e-05 6.720112609857540115e-06
5.506120499999999751e+00 2.745898159681218830e-05 6.606456329505151454e-06
5.533651100000000156e+00 2.721164681376069143e-05 6.494843403253053692e-06
5.561319300000000077e+00 2.696586387351075086e-05 6.385153348227960329e-06
5.589125899999999980e+00 2.672166408667997503e-05 6.277267720473588643e-06
5.617071600000000053e+00 2.647907829708571532e-05 6.171263534940670495e-06
5.645156899999999922e+00 2.623813777802839849e-05 6.066831769181861813e-06
5.673382700000000334e+00 2.599880585438764236e-05 5.964242778715837246e-06
5.701749600000000306e+00 2.576117411493686403e-05 5.863476163092354428e-06
5.730258400000000307e+00 2.552520539696265261e-05 5.764416798067728307e-06
5.758909599999999962e+00 2.529092730080691144e-05 5.667046159482762573e-06
5.787704200000000299e+00 2.505839185857003664e-05 5.571345392409734232e-06
5.816642700000000055e+00 2.482762318712283125e-05 5.477389597067282072e-06
5.845725899999999697e+00 2.459858242372437551e-05 5.384787746789348212e-06
5.874954599999999694e+00 2.437117336179100505e-05 5.293433488974253418e-06
5.904329299999999670e+00 2.414536371316652845e-05 5.203682236495495830e-06
5.933850999999999765e+00 2.392123291084859396e-05 5.115424496030704203e-06
5.963520199999999605e+00 2.369874733644596832e-05 5.028735186998286956e-06
5.993337799999999937e+00 2.347795560989355258e-05 4.943596674558568242e-06
6.023304500000000061e+00 2.325882213672193446e-05 4.859811472467423847e-06
6.053421000000000163e+00 2.304139511481840156e-05 4.777544407946435059e-06
6.083688200000000101e+00 2.282566440390644002e-05 4.696689119785300642e-06
6.114106600000000391e+00 2.261162289301589160e-05 4.617230242615790237e-06
6.144677100000000003e+00 2.239931397446459849e-05 4.539152239011427064e-06
6.175400500000000292e+00 2.218870021955827169e-05 4.462439792563664184e-06
6.206277499999999669e+00 2.197979848088719800e-05 4.386990362608705901e-06
6.237308900000000378e+00 2.181236010266224853e-05 4.312181209132185318e-06
6.268495399999999940e+00 2.160637876512430916e-05 4.238440716404298822e-06
6.299837899999999991e+00 2.140200608755649046e-05 4.165930138929534015e-06
6.331337099999999829e+00 2.119920905222278962e-05 4.094721826671952218e-06
6.362993799999999922e+00 2.099802981804696874e-05 4.024715912343437870e-06
6.394808799999999849e+00 2.079845914024724512e-05 3.955984074456963627e-06
6.426782799999999796e+00 2.060053736327008457e-05 3.888427611276863950e-06
6.458916699999999622e+00 2.040420473170123034e-05 3.822033523765465105e-06
6.491211299999999795e+00 2.020950004172544629e-05 3.756788992868768298e-06
6.523667399999999894e+00 2.004138866543573572e-05 3.692265407060311475e-06
6.556285700000000105e+00 1.984959038900190693e-05 3.628870279151530775e-06
6.589067100000000288e+00 1.965936906327608053e-05 3.566508688849168566e-06
6.622012500000000301e+00 1.947071432426345145e-05 3.505251364743207350e-06
6.655122500000000052e+00 1.928361761431288726e-05 3.445086125250189200e-06
6.688398099999999680e+00 1.909811322905462407e-05 3.386000687431644935e-06
6.721840099999999651e+00 1.891414544750734235e-05 3.327982985856810832e-06
6.755449300000000434e+00 1.873174894330505207e-05 3.270940735728484710e-06
6.789226600000000111e+00 1.855091227567675759e-05 3.214863238711433318e-06
6.823172699999999757e+00 1.837162516954599122e-05 3.159819517968895765e-06
6.857288600000000400e+00 1.819387578181793621e-05 3.105718698098566718e-06
6.891574999999999562e+00 1.801767522959135703e-05 3.052550464829689196e-06
6.926032900000000048e+00 1.784301119933757117e-05 3.000382810807405152e-06
6.960663099999999659e+00 1.766989337313506152e-05 2.949048474519170558e-06
6.995466399999999751e+00 1.749826872804780727e-05 2.898693685006418549e-06
7.030443700000000185e+00 1.732818767327965135e-05 2.849152878341760142e-06
7.065595899999999929e+00 1.715959706653544695e-05 2.800570872529264438e-06
7.100923899999999733e+00 1.699250560111212750e-05 2.752783830170621374e-06
7.136428500000000064e+00 1.682692173409143472e-05 2.705783173424134644e-06
7.172110700000000172e+00 1.666281299099736928e-05 2.659711646712891542e-06
7.207971200000000245e+00 1.650016863408389813e-05 2.614332749228214609e-06
7.244011099999999814e+00 1.633901467082819899e-05 2.569863885384001032e-06
7.280231099999999955e+00 1.617932031473754212e-05 2.526070972590112601e-06
7.316632300000000200e+00 1.602107272035421811e-05 2.483095165892052461e-06
7.353215500000000127e+00 1.586426049027351914e-05 2.440927241838132991e-06
7.389981500000000203e+00 1.570889080225856607e-05 2.399411197451997233e-06
7.426931399999999961e+00 1.555495059833172000e-05 2.358686197923506234e-06
7.464066100000000148e+00 1.540242780338411363e-05 2.318670524368576373e-06
7.501386400000000343e+00 1.525131085424086714e-05 2.279284016965537484e-06
7.538893400000000078e+00 1.510158706551932390e-05 2.240663873856009083e-06
7.576587800000000428e+00 1.495326308179398905e-05 2.202658121450169760e-06
7.614470800000000317e+00 1.482230563646880569e-05 2.165117569196537819e-06
7.652543099999999932e+00 1.467660188519770106e-05 2.128108800249058766e-06
7.690805799999999692e+00 1.453221054900677669e-05 2.091767466997908112e-06
7.729259899999999739e+00 1.438915476569149095e-05 2.056086076927603982e-06
7.767906199999999650e+00 1.424742366953926474e-05 2.021057258532973644e-06
7.806745699999999566e+00 1.410698916371689689e-05 1.986604142821209617e-06
7.845779399999999626e+00 1.396784033634426057e-05 1.952720476275431091e-06
7.885008299999999970e+00 1.382999887876116424e-05 1.919537702820576479e-06
7.924433399999999850e+00 1.369343702122866457e-05 1.886842193487781010e-06
7.964055499999999732e+00 1.355816029067439133e-05 1.854765216561701470e-06
8.003875799999999430e+00 1.342414076027778317e-05 1.823231883035955387e-06
8.043895199999999690e+00 1.329138350513315624e-05 1.792236249592467848e-06
8.084114700000000653e+00 1.315987727603693417e-05 1.761839528349122034e-06
8.124535200000000401e+00 1.302961125387838142e-05 1.731968087437604603e-06
8.165157900000000524e+00 1.290057376008887693e-05 1.702616081661901622e-06
8.205983700000000880e+00 1.277276919844707605e-05 1.673711654527340784e-06
8.247013600000000721e+00 1.264618629970704095e-05 1.645381693940273839e-06
8.288248700000000468e+00 1.252079889541598927e-05 1.617554074526202103e-06
8.329689899999999980e+00 1.239661124857419619e-05 1.590158074329270500e-06
8.371338400000000846e+00 1.227361182754977554e-05 1.563318727239464883e-06
8.413195099999999371e+00 1.215180438309930760e-05 1.536900586310092475e-06
8.455261000000000138e+00 1.203117776826012121e-05 1.510963347881687543e-06
8.497537299999999405e+00 1.191170639364584613e-05 1.485437716305544920e-06
8.540024999999999977e+00 1.179340748214463708e-05 1.460382836254324629e-06
9.030794000000000210e+00 1.055183751312969890e-05 1.204058482368175784e-06
9.653919000000000139e+00 9.226793316722234722e-06 9.456811972276151000e-07
1.032004000000000055e+01 8.053678071131575809e-06 7.435631982129743406e-07
1.103212000000000081e+01 7.022061612681541502e-06 5.858304337040989245e-07
1.179334000000000060e+01 6.115859978312209197e-06 4.622024750913973177e-07
1.260707999999999984e+01 5.318745616998168066e-06 3.650967984593011658e-07
1.347696999999999967e+01 4.613922600447156124e-06 2.889330414704047240e-07
1.440687999999999924e+01 3.978274120319561626e-06 2.284064684330339385e-07
1.513551000000000002e+01 3.505453417502293125e-06 1.921024485519531307e-07
1.536717999999999940e+01 3.290416597925339704e-06 1.821827824412580163e-07
1.540094999999999992e+01 3.230089773590261962e-06 1.807932087909428587e-07
1.542896000000000001e+01 3.135619404751204905e-06 1.796490306622909578e-07
1.552162000000000042e+01 3.224910831406041589e-06 4.244248315541042176e-07
1.575328999999999979e+01 3.239850367419411485e-06 4.025443719781336136e-07
1.646361999999999881e+01 3.046952938791811872e-06 3.435802681284877806e-07
1.759960999999999842e+01 2.687083721835325042e-06 2.689842056628948907e-07
1.811460999999999899e+01 2.520455930627584774e-06 2.419102110104133152e-07
1.839188000000000045e+01 2.408508394700949049e-06 2.287626982087602280e-07
1.846582000000000079e+01 2.344044337367236773e-06 2.254105410717135765e-07
1.857672000000000168e+01 2.361071830623814169e-06 3.085876224712000764e-07
1.881398000000000081e+01 2.336131032308468098e-06 2.948606562936921890e-07
1.885197000000000145e+01 2.329204190712394338e-06 2.927408692118005242e-07
1.885398999999999958e+01 2.328824499901963543e-06 2.926231602242993642e-07
1.914051999999999865e+01 2.261787215506523997e-06 2.772113476344476833e-07
1.921745999999999910e+01 2.226711870552316587e-06 2.732495229444104504e-07
1.933287999999999940e+01 2.226379871368705730e-06 3.083348761140939762e-07
1.962143000000000015e+01 2.190473684512418798e-06 2.928764486888956468e-07
2.011214999999999975e+01 2.108945832601569645e-06 2.687539560549860684e-07
2.149988000000000099e+01 1.877436846516363198e-06 2.125076499329336654e-07
2.298338000000000036e+01 1.659024625347994153e-06 1.679344277961598976e-07
2.456923000000000101e+01 1.461043649636626907e-06 1.327599566970412577e-07
2.626450000000000173e+01 1.284162013813460243e-06 1.049988804111992787e-07
2.807676000000000016e+01 1.127361543618398787e-06 8.257800595054380616e-08
3.001405000000000101e+01 9.883742946178129818e-07 6.488673188474009548e-08
3.208502000000000010e+01 8.663940630462782134e-07 5.096180356211617376e-08
3.429889000000000010e+01 7.584865152114250569e-07 4.002760457795152312e-08
3.666550999999999760e+01 6.637542080354920726e-07 3.148253821387995149e-08
3.919543000000000177e+01 5.810995056241801007e-07 2.472110555710486922e-08
4.189992000000000161e+01 5.082336442634570274e-07 1.938387988463223805e-08
4.479100999999999999e+01 4.444100521505627769e-07 1.521782218253678186e-08
4.788159000000000276e+01 3.885490746471242227e-07 1.195987166929059189e-08
5.118542000000000058e+01 3.396781490744271875e-07 9.412556179035754686e-09
5.471721000000000146e+01 2.969343020006477031e-07 7.416980199041267710e-09
5.849269999999999925e+01 2.595546666840296654e-07 5.852158038424748818e-09
6.252870000000000061e+01 2.268684066310723756e-07 4.623939176583032412e-09
6.684318000000000382e+01 1.982859466922790969e-07 3.658567352290948770e-09
7.145535999999999888e+01 1.732868301451570955e-07 2.894164967237889122e-09
7.638577999999999690e+01 1.514153471355582771e-07 2.293332683924246906e-09
8.165640000000000498e+01 1.322757561330988673e-07 1.815821661123032919e-09
8.729068999999999789e+01 1.154903305881553427e-07 1.429688053648113467e-09
9.331373999999999569e+01 1.007180421434654866e-07 1.127241450124662502e-09
9.975239000000000544e+01 8.750329804863198156e-08 8.910113127217669277e-10
1.018435000000000059e+02 8.347721625833713745e-08 8.285452318620965179e-10
1.034022999999999968e+02 8.003566076956937577e-08 7.858266894222259268e-10
1.038179999999999978e+02 7.827650548094474938e-08 7.748920208503703127e-10
1.044415000000000049e+02 7.849708562149820464e-08 2.935116251945061999e-09
1.060002999999999957e+02 7.718328797087509917e-08 2.787980216418115494e-09
1.066353000000000009e+02 7.645649909522634578e-08 2.730769256878057086e-09
1.139930999999999983e+02 6.772698548217873971e-08 2.165063237486417245e-09
1.218586999999999989e+02 5.956411576073211874e-08 1.715824579201371085e-09
1.302668999999999926e+02 5.227628685334141991e-08 1.359425387018406666e-09
1.392553000000000054e+02 4.583246633463500960e-08 1.077580355410506726e-09
1.488640000000000043e+02 4.015825814049006008e-08 8.547424358063438069e-10
1.591356000000000108e+02 3.517188166198851230e-08 6.779039730247204403e-10
1.701159000000000106e+02 3.079556781573348263e-08 5.382921164720679075e-10
1.818539000000000101e+02 2.695822586672022420e-08 4.280823797809611139e-10
1.944018000000000086e+02 2.359548983370087454e-08 3.409111614984065177e-10
2.078155999999999892e+02 2.064997472016977005e-08 2.720353562933021728e-10
2.221547999999999945e+02 1.807069039853287017e-08 2.175337409080041826e-10
2.374834999999999923e+02 1.581271608270707581e-08 1.743909991385617932e-10
2.538699000000000012e+02 1.383631445374978584e-08 1.401479089999942390e-10
2.713869000000000256e+02 1.210658853346315493e-08 1.129320634587823495e-10
2.901125999999999863e+02 1.059289540658003056e-08 9.126622240114997715e-11
3.101304000000000087e+02 9.268342859476852713e-09 7.399147441463252058e-11
3.315294000000000096e+02 8.109351470155157633e-09 6.019025166313164335e-11
3.544048999999999978e+02 7.095267069622582737e-09 4.914398147436114800e-11
3.788587999999999738e+02 6.207988254372559068e-09 4.027986159638980869e-11
4.050000999999999749e+02 5.431669421152172867e-09 3.314714706999688703e-11
4.329451000000000249e+02 4.752453116949073666e-09 2.739409757448276936e-11
