1.067676000000000069e+00 1.962010169411158693e-04 3.436402539879263902e-05
1.141345000000000054e+00 1.705117821290178090e-04 2.707906375350002364e-05
1.220097999999999905e+00 1.476830523791579385e-04 2.137080808135413727e-05
1.304284999999999917e+00 1.274234339735550250e-04 1.688846614890002649e-05
1.394281000000000104e+00 1.093608019002561551e-04 1.335044908739657234e-05
1.490485999999999978e+00 9.305949750187070496e-05 1.056949057247594726e-05
1.593328999999999995e+00 7.787516899319629044e-05 8.380401240486917418e-06
1.703268999999999922e+00 6.217783956413351729e-05 6.654891279413185885e-06
1.768312000000000106e+00 4.991381434247482241e-05 5.850442772421802575e-06
1.795377999999999918e+00 3.866483538100579949e-05 5.553474846781304759e-06
1.802596000000000087e+00 2.748121307353777008e-05 5.477725587540834608e-06
1.813422000000000089e+00 3.729690018824573922e-05 2.592694136282421791e-05
1.820794999999999941e+00 4.062362287140019659e-05 2.548701370608605224e-05
1.826621999999999968e+00 4.202927402645814116e-05 2.514621416033702299e-05
1.840487999999999902e+00 4.333862033785200669e-05 2.435720633688679990e-05
1.854579999999999895e+00 4.216000408418531763e-05 2.358689221665145557e-05
1.862036000000000024e+00 3.785906727397829675e-05 2.319167568302060768e-05
1.873218999999999967e+00 4.348711673653349742e-05 3.211591881587256127e-05
1.901178000000000035e+00 4.856081958059759151e-05 3.019455208462247007e-05
1.946430000000000105e+00 5.069873691443138743e-05 2.752112259428225619e-05
2.023798000000000208e+00 4.995451734064652145e-05 2.379421640211363536e-05
2.054774000000000100e+00 4.814621196407279540e-05 2.251866507016359403e-05
2.063035000000000174e+00 4.633016177097671950e-05 2.219507697407881050e-05
2.075425000000000075e+00 4.783385989022789797e-05 2.502359955546865802e-05
2.080732999999999944e+00 4.819078869578111987e-05 2.480015591325211323e-05
2.106402000000000108e+00 4.873989714359116903e-05 2.376050463814112910e-05
2.224304000000000059e+00 4.718129473373557390e-05 1.970292475273749874e-05
2.377781000000000144e+00 4.354012593762268912e-05 1.571398485736970218e-05
2.541847999999999885e+00 3.946879017196119671e-05 1.247206267760603049e-05
2.717235000000000067e+00 3.539746822279557108e-05 9.883733938965090699e-06
2.904723999999999862e+00 3.153483797105104879e-05 7.823908687650848708e-06
3.105150000000000077e+00 2.797832898196166981e-05 6.170631076458019850e-06
3.319405999999999857e+00 2.469799384713438169e-05 4.850528839289550254e-06
3.548445000000000071e+00 2.174590386862830583e-05 3.816924719785975663e-06
3.793287999999999993e+00 1.918721725583659611e-05 2.991255491243851535e-06
4.055024000000000406e+00 1.682820263152039756e-05 2.338394718945743658e-06
4.334820999999999813e+00 1.475660702571577403e-05 1.825117702298210604e-06
4.633924000000000376e+00 1.291065806161578207e-05 1.423803242586265740e-06
4.953663999999999845e+00 1.128672456535513289e-05 1.110847945914728649e-06
5.295467000000000368e+00 9.861659795917155326e-06 8.675947723085359343e-07
5.660854999999999748e+00 8.613394348169870572e-06 6.783155069716453163e-07
6.051453000000000415e+00 7.521302713573989638e-06 5.309101970921326280e-07
6.469003999999999976e+00 6.566613613445886706e-06 4.157855780529985267e-07
6.915365000000000428e+00 5.732454374265868019e-06 3.259934888089067465e-07
7.392525000000000013e+00 5.003943858444118987e-06 2.558622151370814340e-07
7.902608999999999995e+00 4.367930105122307721e-06 2.009523694958695253e-07
8.447889999999999233e+00 3.812470133770025686e-06 1.573684871780284880e-07
9.030794000000000210e+00 3.327662359832928434e-06 1.229465756222907699e-07
9.653919000000000139e+00 2.902874158686445501e-06 9.490832457830674455e-08
1.032004000000000055e+01 2.530988792577719238e-06 7.336946889768861813e-08
1.103212000000000081e+01 2.205453288943701702e-06 5.680322960898884224e-08
1.179334000000000060e+01 1.920126903051592265e-06 4.404491129350525065e-08
1.260707999999999984e+01 1.669193268068361676e-06 3.420446559980589308e-08
1.347696999999999967e+01 1.446487781556649593e-06 2.660566347265982498e-08
1.440687999999999924e+01 1.241662996083537703e-06 2.072860608798988844e-08
1.489570999999999934e+01 1.131854101291423341e-06 1.830832797268039114e-08
1.512369999999999948e+01 1.053725391797465912e-06 1.730468832616569809e-08
1.518449999999999989e+01 9.923262990202775591e-07 1.704850066382367677e-08
1.527570000000000050e+01 1.033999911944781783e-06 1.198988350112963664e-07
1.540094999999999992e+01 1.050486985886393351e-06 1.160714559914882129e-07
1.550369000000000064e+01 1.050756711286639709e-06 1.130433528530884866e-07
1.646361999999999881e+01 9.749107394867310389e-07 8.974354118559681894e-08
1.759960999999999842e+01 8.690535971122735702e-07 7.047187791882570078e-08
1.881398000000000081e+01 7.686036527827313408e-07 5.560890057854000662e-08
2.011214999999999975e+01 6.774572323950962390e-07 4.385412070024041234e-08
2.149988000000000099e+01 5.957485204716447821e-07 3.438496284525136001e-08
2.298338000000000036e+01 5.230709361746385451e-07 2.692885237456971683e-08
2.456923000000000101e+01 4.587734746980012327e-07 2.107724113670093159e-08
2.626450000000000173e+01 4.020910640679991872e-07 1.649818997234917283e-08
2.807676000000000016e+01 3.522305147255632179e-07 1.287621680943537652e-08
3.001405000000000101e+01 3.084043205316858461e-07 1.004186437414554812e-08
3.208502000000000010e+01 2.701955850243813103e-07 7.795932684594604004e-09
3.429889000000000010e+01 2.364201289740413388e-07 6.048963549397266637e-09
3.666550999999999760e+01 2.068270062040226803e-07 4.695950641280878073e-09
3.919543000000000177e+01 1.809153225297961914e-07 3.647647606591120263e-09
4.189992000000000161e+01 1.582371358748037722e-07 2.835151778483708190e-09
4.479100999999999999e+01 1.383950782458139983e-07 2.204993939676801538e-09
4.788159000000000276e+01 1.210381263023625805e-07 1.715654681991024694e-09
5.118542000000000058e+01 1.058565617872908154e-07 1.336303980924659685e-09
5.471721000000000146e+01 9.257991863982700250e-08 1.042090460256945303e-09
5.849269999999999925e+01 8.096948777458115861e-08 8.137626178158875758e-10
6.252870000000000061e+01 7.081661575131307366e-08 6.364727137959657980e-10
6.684318000000000382e+01 6.193881241451431591e-08 4.982140584480244726e-10
7.145535999999999888e+01 5.417467257272547151e-08 3.894329172456610259e-10
7.638577999999999690e+01 4.738466242936429174e-08 3.051877097616937031e-10
8.165640000000000498e+01 4.144767795954255478e-08 2.396051607059921497e-10
8.729068999999999789e+01 3.625465187199855580e-08 1.883595276183141227e-10
9.331373999999999569e+01 3.171294719108017118e-08 1.486406023970666903e-10
9.975239000000000544e+01 2.774085471977238775e-08 1.177875819417536389e-10
1.066353000000000009e+02 2.426692601385905159e-08 9.377354355531692465e-11
1.139930999999999983e+02 2.122861084913763467e-08 7.503983654535868099e-11
1.218586999999999989e+02 1.857111851910184139e-08 6.038641385159235537e-11
1.302668999999999926e+02 1.624677236621759313e-08 4.888921225992240741e-11
1.392553000000000054e+02 1.421359907905736715e-08 3.983763026457380633e-11
1.488640000000000043e+02 1.243514775144256341e-08 3.268172960230146254e-11
1.591356000000000108e+02 1.087944139081405285e-08 2.699984141195354441e-11
1.701159000000000106e+02 9.518546348610807288e-09 2.246634246616017968e-11
1.818539000000000101e+02 8.328035121715259393e-09 1.882976525039038051e-11
1.944018000000000086e+02 7.286524257032559588e-09 1.589440337644335841e-11
2.078155999999999892e+02 6.375345583479227194e-09 1.351157678753542158e-11
2.221547999999999945e+02 5.578207808157651515e-09 1.156244452314910577e-11
2.374834999999999923e+02 4.880788217300265275e-09 9.958010221393666633e-12
2.538699000000000012e+02 4.270609484405706796e-09 8.626690584008428432e-12
2.713869000000000256e+02 3.736755215364713148e-09 7.515303088900817706e-12
2.901125999999999863e+02 3.269662060289657282e-09 6.579089316244747200e-12
3.101304000000000087e+02 2.860978068309121299e-09 5.784991606401272158e-12
3.315294000000000096e+02 2.503397334441694939e-09 5.106976264008609798e-12
3.544048999999999978e+02 2.190527129509631739e-09 4.523906052727954013e-12
3.788587999999999738e+02 1.916769319190782917e-09 4.019134387195140494e-12
4.050000999999999749e+02 1.677232342259655280e-09 3.580133060910106522e-12
4.329451000000000249e+02 1.467634409414456657e-09 3.195808121021963245e-12
