1.000121100000000096e+00 2.341605852776585100e-03 7.649065474079595490e-04
1.005121699999999896e+00 2.320176443665820411e-03 7.531647508509135228e-04
1.010147300000000081e+00 2.298794920444424943e-03 7.416029021193283003e-04
1.015198000000000045e+00 2.277504901392563095e-03 7.302395201732689734e-04
1.020273999999999903e+00 2.256329872142888351e-03 7.190317400520268966e-04
1.025375399999999937e+00 2.235283930520699791e-03 7.080184246267488390e-04
1.030502299999999982e+00 2.214371789937020878e-03 6.971572204781336952e-04
1.035654800000000098e+00 2.193606692643408195e-03 6.864866166118541732e-04
1.040833099999999956e+00 2.172992275299615462e-03 6.759845333737851594e-04
1.046037200000000000e+00 2.152507159107680708e-03 6.651738662605391266e-04
1.051267399999999963e+00 2.132138034462884371e-03 6.545525300122582340e-04
1.056523799999999902e+00 2.111889696430912979e-03 6.440988281860093130e-04
1.061806400000000039e+00 2.091762981522942398e-03 6.338110450266747379e-04
1.067115400000000047e+00 2.071762008821040682e-03 6.236873573350682669e-04
1.072451000000000043e+00 2.051886656848022749e-03 6.137452809082176528e-04
1.077813200000000027e+00 2.032145615555966400e-03 6.039444077221953373e-04
1.083202299999999951e+00 2.012530129502538255e-03 5.943405817687711290e-04
1.088618300000000039e+00 1.993052636625052519e-03 5.848744905330899345e-04
1.094061399999999962e+00 1.973708688555958577e-03 5.755825575236706146e-04
1.099531700000000001e+00 1.954490478370948022e-03 5.661990189223231043e-04
1.105029400000000050e+00 1.935393971014672844e-03 5.569508276650208959e-04
1.110554500000000111e+00 1.916415970529870101e-03 5.478553149462992702e-04
1.116107299999999913e+00 1.897556123801747612e-03 5.389107383573600368e-04
1.121687799999999902e+00 1.878818816939104887e-03 5.301339905415307580e-04
1.127296300000000029e+00 1.860207250638654369e-03 5.215047076004971846e-04
1.132932800000000073e+00 1.841718173457291934e-03 5.130213393006675384e-04
1.138597400000000093e+00 1.823355340046410545e-03 5.046823001746265870e-04
1.144290400000000041e+00 1.805121706777733587e-03 4.964859309701494553e-04
1.150011899999999976e+00 1.787013645305149867e-03 4.884306776405713526e-04
1.155761899999999898e+00 1.769034965142614758e-03 4.805150403447270603e-04
1.161540699999999982e+00 1.751184922165399845e-03 4.727195684139148119e-04
1.167348400000000064e+00 1.733463384413997787e-03 4.650785125085158864e-04
1.173185200000000039e+00 1.715869909021685040e-03 4.575547445529626767e-04
1.179051099999999908e+00 1.698404629032251997e-03 4.501646526393960528e-04
1.184946400000000066e+00 1.681070125701907003e-03 4.429066838635404126e-04
1.190871100000000071e+00 1.663863100245437186e-03 4.357620151170044022e-04
1.196825400000000039e+00 1.646786339943598571e-03 4.287294186581332069e-04
1.202809599999999923e+00 1.629838995016336025e-03 4.218420956518581966e-04
1.208823600000000109e+00 1.613018097339513320e-03 4.150470137703624399e-04
1.214867700000000106e+00 1.596326052322280531e-03 4.083773119527882235e-04
1.220942100000000030e+00 1.579762273641634922e-03 4.018315556336000656e-04
1.227046800000000104e+00 1.563323576546009862e-03 3.953746179224159663e-04
1.233182000000000000e+00 1.547012526198490549e-03 3.890391956681601548e-04
1.239347900000000058e+00 1.530825468987998157e-03 3.828238902007611048e-04
1.245544699999999949e+00 1.514764910589809976e-03 3.766940472324399190e-04
1.251772399999999896e+00 1.498827739438435714e-03 3.706654034789451900e-04
1.258031200000000016e+00 1.483016380177331435e-03 3.647533119177494374e-04
1.264321400000000040e+00 1.467324120776933695e-03 3.589400050319759504e-04
1.270642999999999967e+00 1.451756784135492659e-03 3.532081405432442893e-04
1.276996199999999915e+00 1.436310868740178423e-03 3.475893274378619082e-04
1.283381200000000000e+00 1.420985831967222805e-03 3.420499598538622225e-04
1.289798100000000058e+00 1.405778534845436275e-03 3.366213695801372743e-04
1.296247099999999985e+00 1.390691295402345269e-03 3.312702929361205557e-04
1.302728300000000061e+00 1.375718253940876740e-03 3.260118538619721958e-04
1.309242000000000017e+00 1.360864267513586844e-03 3.208449910592808449e-04
1.315788200000000074e+00 1.346126486913562211e-03 3.157529806632215622e-04
1.322367099999999907e+00 1.331499064188064246e-03 3.107663762102945513e-04
1.328978999999999910e+00 1.316989420192634123e-03 3.058527305292392724e-04
1.335623900000000086e+00 1.302628876412822642e-03 3.010113243027472086e-04
1.342302000000000106e+00 1.288340548126957683e-03 2.962568332975015891e-04
1.349013500000000088e+00 1.274161197477038628e-03 2.915882745313718794e-04
1.355758599999999925e+00 1.260090467517673398e-03 2.869893920527085210e-04
1.362537399999999899e+00 1.246125658136708813e-03 2.824746770107421784e-04
1.369350000000000067e+00 1.232269147779548610e-03 2.780280616642656416e-04
1.376196799999999998e+00 1.218515250879517774e-03 2.736638382649841722e-04
1.383077799999999913e+00 1.204864089967223927e-03 2.693661263423472786e-04
1.389993199999999929e+00 1.191312991942707587e-03 2.651342172035686478e-04
1.396943100000000104e+00 1.177861941653428291e-03 2.609822594639621862e-04
1.403927799999999948e+00 1.164510573534796806e-03 2.568945588405477549e-04
1.410947500000000021e+00 1.151256336680715883e-03 2.528704276618727489e-04
1.418002200000000101e+00 1.138097087128592559e-03 2.489238314567075901e-04
1.425092199999999920e+00 1.125032575412145651e-03 2.450247800631223227e-04
1.432217700000000038e+00 1.112058142823793994e-03 2.412017552271714332e-04
1.439378800000000069e+00 1.099173974958450942e-03 2.374394995981978147e-04
1.446575699999999909e+00 1.086380084856268784e-03 2.337516791531941648e-04
1.453808599999999895e+00 1.073669827623604167e-03 2.301089257019116633e-04
1.461077600000000087e+00 1.061045729283923659e-03 2.265250045659954669e-04
1.468382999999999994e+00 1.048505574810655811e-03 2.230133711003655936e-04
1.475724899999999895e+00 1.036045362076291670e-03 2.195451165144010456e-04
1.483103499999999908e+00 1.023663225922856771e-03 2.161337937608655746e-04
1.490518999999999927e+00 1.011357368646888678e-03 2.127926815239885347e-04
1.497971600000000070e+00 9.991239715211597261e-04 2.094932928514333379e-04
1.505461500000000008e+00 9.869634944174236584e-04 2.062489874071750612e-04
1.512988800000000023e+00 9.748724140503377440e-04 2.030591736654787348e-04
1.520553700000000008e+00 9.628472132319242701e-04 1.999232514411310624e-04
1.528156499999999918e+00 9.508843884429755240e-04 1.968406132229523356e-04
1.535797300000000032e+00 9.389847941877989875e-04 1.938106832786589025e-04
1.543476300000000023e+00 9.271412677114577441e-04 1.908194540806610966e-04
1.551193700000000009e+00 9.153508240457848381e-04 1.878799046685391183e-04
1.558949600000000046e+00 9.036800763599057247e-04 1.849914728920798966e-04
1.566744399999999926e+00 8.919885535758864366e-04 1.821403415838852965e-04
1.574578100000000092e+00 8.803419710305158486e-04 1.793524854110956231e-04
1.582451000000000052e+00 8.687320958103539976e-04 1.766009503985667677e-04
1.590363299999999924e+00 8.571585499250302179e-04 1.738853787316925524e-04
1.598315099999999989e+00 8.456137610853450793e-04 1.712183896578883661e-04
1.606306599999999918e+00 8.340958107530739183e-04 1.685994374289253466e-04
1.614338199999999945e+00 8.225954869267227592e-04 1.660279607290054797e-04
1.622409900000000071e+00 8.111097090870735254e-04 1.634906744464128300e-04
1.630521899999999969e+00 7.996300594859184286e-04 1.609872382690359530e-04
1.638674500000000034e+00 7.881501312762314703e-04 1.585299491271182346e-04
1.646867899999999940e+00 7.766621777323745113e-04 1.561182844645348118e-04
1.655102199999999968e+00 7.651571809421039982e-04 1.537392173042585579e-04
1.663377700000000070e+00 7.536263387769608817e-04 1.513924117279209390e-04
1.671694599999999920e+00 7.420563126092768417e-04 1.490899385045620508e-04
1.680053100000000077e+00 7.304393234356915772e-04 1.468312919820541395e-04
1.688453399999999993e+00 7.187581081338116976e-04 1.446036999081776501e-04
1.696895599999999948e+00 7.070011168841756942e-04 1.424068573138321267e-04
1.705380099999999954e+00 6.951474268592969501e-04 1.402525859618495153e-04
1.713907000000000069e+00 6.831788706845918048e-04 1.381283161175755599e-04
1.722476600000000024e+00 6.710732045732437654e-04 1.360337354036704992e-04
1.731088900000000042e+00 6.588031579976601085e-04 1.339805268572763269e-04
1.739744399999999969e+00 6.463360966773176947e-04 1.319562799030662959e-04
1.748443100000000028e+00 6.336350685563825903e-04 1.299607144697140324e-04
1.757185299999999950e+00 6.206569439591650946e-04 1.280053211401049515e-04
1.765971200000000074e+00 6.073455455567170098e-04 1.260779009899719132e-04
1.774801099999999909e+00 5.936336882403659429e-04 1.241781599709131058e-04
1.783675099999999958e+00 5.794366264190310267e-04 1.222942046564215077e-04
1.792593499999999951e+00 5.646425309731059432e-04 1.204259195001954665e-04
1.801556500000000005e+00 5.491097892460342945e-04 1.185846975474954342e-04
1.810564199999999957e+00 5.326457384164059224e-04 1.167817100718968352e-04
1.819617100000000098e+00 5.149821843246293277e-04 1.150051038796719686e-04
1.828715099999999927e+00 4.957239188762811591e-04 1.132523591062004840e-04
1.837858699999999956e+00 4.742575864614964002e-04 1.115299842552594576e-04
1.847048000000000023e+00 4.495534729826736946e-04 1.098354064101745783e-04
1.856283300000000080e+00 4.196483680215744284e-04 1.081672042565124704e-04
1.865564699999999965e+00 3.799939340512224002e-04 1.065262143936654757e-04
1.874892500000000073e+00 3.148368372574996917e-04 1.049110318544128103e-04
1.882506500000000083e+00 8.414396548179967604e-05 1.036172143681407456e-04
1.883293499999999954e+00 7.993551779524903284e-05 3.385537118219918216e-04
1.884266999999999914e+00 1.726790336821958040e-04 3.379609525920158983e-04
1.893688299999999991e+00 3.195192775998318357e-04 3.322641193901450436e-04
1.903156700000000034e+00 3.561408897365612438e-04 3.266809278145007211e-04
1.912672499999999998e+00 3.718429728859534342e-04 3.211775542660683905e-04
1.922235899999999997e+00 3.759569217016778611e-04 3.157747451557591477e-04
1.931847099999999928e+00 3.690649588749444544e-04 3.104606490698446708e-04
1.941506299999999907e+00 3.415943808841067752e-04 3.052449813569207819e-04
1.948151600000000094e+00 2.429681969322708196e-04 3.017150875991483471e-04
1.949648400000000059e+00 2.422343506975789128e-04 4.454609565150309796e-04
1.951213800000000109e+00 2.957903609219197233e-04 4.442328441428086304e-04
1.960969900000000044e+00 3.794550845258514923e-04 4.366975304192080099e-04
1.970774699999999990e+00 4.123531821026662938e-04 4.292787835506040170e-04
1.980628599999999961e+00 4.335714863959136715e-04 4.219962563927905194e-04
1.990531800000000073e+00 4.490633129747186036e-04 4.148380142095306890e-04
2.000484399999999940e+00 4.610108305583681537e-04 4.078027200579983848e-04
2.010486799999999796e+00 4.704921914497891080e-04 4.008889868695009553e-04
2.020539299999999816e+00 4.781296374305375957e-04 3.940954620242518788e-04
2.030641999999999836e+00 4.843223570719044631e-04 3.874208440330958840e-04
2.040795199999999809e+00 4.893444726249768706e-04 3.808536509820536434e-04
2.050999200000000133e+00 4.933943697255102710e-04 3.744028198921230230e-04
2.061254200000000036e+00 4.966224931421728793e-04 3.680570120786306066e-04
2.071560400000000080e+00 4.991433160685525847e-04 3.618251033804320083e-04
2.081918200000000052e+00 5.010476924215076251e-04 3.556858896373793423e-04
2.092327800000000071e+00 5.024105294811009002e-04 3.496483175389129535e-04
2.102789500000000089e+00 5.032913567809307572e-04 3.437211280029601307e-04
2.113303399999999943e+00 5.037404048151767396e-04 3.378932998621339014e-04
2.123869899999999866e+00 5.038018924423212251e-04 3.321734801040285875e-04
2.134489299999999812e+00 5.035093268818826391e-04 3.265410277927767229e-04
2.145161700000000060e+00 5.028941841681480035e-04 3.210047057796971688e-04
2.155887499999999957e+00 5.019827271685568066e-04 3.155634361914835817e-04
2.166666999999999899e+00 5.007954219728208943e-04 3.102257295276111371e-04
2.177500300000000166e+00 4.993521870640788528e-04 3.049713982692425275e-04
2.188387800000000105e+00 4.976663103445947648e-04 2.998090047783995207e-04
2.199329699999999832e+00 4.957517615959844155e-04 2.947281177896377046e-04
2.210326400000000024e+00 4.936172195917666594e-04 2.897372234402606321e-04
2.221378000000000075e+00 4.912684419984667981e-04 2.848353417769360638e-04
2.232484900000000216e+00 4.887090809416675796e-04 2.800214623261406224e-04
2.243647300000000122e+00 4.859382102880146982e-04 2.752853748984745194e-04
2.254865600000000025e+00 4.829485379852442150e-04 2.706262259045653928e-04
2.266139900000000207e+00 4.797296725862505024e-04 2.660523487715026384e-04
2.277470600000000012e+00 4.762599098219011222e-04 2.615536710584820922e-04
2.288857900000000001e+00 4.725043330044240587e-04 2.571293860592528007e-04
2.300302199999999964e+00 4.684073643540127840e-04 2.527876788146265563e-04
2.311803700000000017e+00 4.638729628735662998e-04 2.485186601892921043e-04
2.323362799999999950e+00 4.587344360673005711e-04 2.443126060963179383e-04
2.334979600000000044e+00 4.526526082729962104e-04 2.401866293247400055e-04
2.346654500000000088e+00 4.448080131013641106e-04 2.361309754311860770e-04
2.358387800000000034e+00 4.321068541594702312e-04 2.321448702508111027e-04
2.364980099999999918e+00 4.140934023027332623e-04 2.299470968322177668e-04
2.369619999999999838e+00 4.127818699304719821e-04 2.677594319212320251e-04
2.370179700000000000e+00 4.154124464124801016e-04 2.675388524728588495e-04
2.382030600000000220e+00 4.337861271347375489e-04 2.629459955625101952e-04
2.393940699999999921e+00 4.388027870366578145e-04 2.584268421479376707e-04
2.405910399999999782e+00 4.408669577452394971e-04 2.539892008711898365e-04
2.417940000000000200e+00 4.415462748817660212e-04 2.496321583650326333e-04
2.430029699999999959e+00 4.414011342167030840e-04 2.453462932814239592e-04
2.442179799999999901e+00 4.406988228367403684e-04 2.411393193001578705e-04
2.454390699999999814e+00 4.395814251741679861e-04 2.369681280581859071e-04
2.466662700000000097e+00 4.381218729926592025e-04 2.328408680101603308e-04
2.478995999999999977e+00 4.363737200067892611e-04 2.287822473042764150e-04
2.491391000000000133e+00 4.343779660352375407e-04 2.248746737741695568e-04
2.503847899999999793e+00 4.322309865151464014e-04 2.210830754215920783e-04
2.516367199999999915e+00 4.299521716377357550e-04 2.173730311947831735e-04
2.528948999999999891e+00 4.275523173549622305e-04 2.137272103686253604e-04
2.541593799999999792e+00 4.250373905700519030e-04 2.101204304708173857e-04
2.554301699999999897e+00 4.224047187759288348e-04 2.065685935758947806e-04
2.567073199999999833e+00 4.196594939851659386e-04 2.030872484654021586e-04
2.579908599999999996e+00 4.168019185187777026e-04 1.996675514726350791e-04
2.592808199999999896e+00 4.138273843954450200e-04 1.963088171740871510e-04
2.605772200000000094e+00 4.107226070556028097e-04 1.930103736410708525e-04
2.618801100000000215e+00 4.074632057786066095e-04 1.897715325986067743e-04
2.631895099999999932e+00 4.040016110637461222e-04 1.865916343012609868e-04
2.645054500000000086e+00 4.002359940659494346e-04 1.834621841308618567e-04
2.658279799999999859e+00 3.959188880092904899e-04 1.803982184539228281e-04
2.671571199999999813e+00 3.900998227274606284e-04 1.773757117508289712e-04
2.678060400000000119e+00 3.848702917205556909e-04 1.759324063772948880e-04
2.684929100000000179e+00 3.831952622891336832e-04 1.864171773090036077e-04
2.685139799999999966e+00 3.833916473206336350e-04 1.863639678785448256e-04
2.698353700000000188e+00 3.868033010371860810e-04 1.832552857963301845e-04
2.711845499999999909e+00 3.863678287824082983e-04 1.801431574348491603e-04
2.725404699999999902e+00 3.850210213892144950e-04 1.770878726913659835e-04
2.739031699999999958e+00 3.832403592792205473e-04 1.740887874991643529e-04
2.752726899999999866e+00 3.811957162381568085e-04 1.711377371288158296e-04
2.766490500000000186e+00 3.789679437407483288e-04 1.682417036865394488e-04
2.780323000000000100e+00 3.765996301358220792e-04 1.653926019752933075e-04
2.794224600000000169e+00 3.741150747941537316e-04 1.625899341259114811e-04
2.808195700000000183e+00 3.715245852062982177e-04 1.598405728348669850e-04
2.822236699999999932e+00 3.688351951929614322e-04 1.571806145750219051e-04
2.836347899999999811e+00 3.660892577685626232e-04 1.546016069820896777e-04
2.850529600000000219e+00 3.632825625703839769e-04 1.520734480170035337e-04
2.864782299999999893e+00 3.604002167024728930e-04 1.495955430613159481e-04
2.879106199999999838e+00 3.574161748721381405e-04 1.471601224336505055e-04
2.893501699999999843e+00 3.542746697896732855e-04 1.447667149662084729e-04
2.907969200000000143e+00 3.508308551844896840e-04 1.424148539196762298e-04
2.922509100000000082e+00 3.464753730671514499e-04 1.401040769316395517e-04
2.925836599999999788e+00 3.450302905051099529e-04 1.395835822977137719e-04
2.937121600000000221e+00 3.429420016716615586e-04 1.439500120164417178e-04
2.937563400000000158e+00 3.430206275863490785e-04 1.438789897400916487e-04
2.951807200000000186e+00 3.430133807349141674e-04 1.416264458520626827e-04
2.966566199999999931e+00 3.415768557749952576e-04 1.393503751466824080e-04
2.981399099999999969e+00 3.397504913189483534e-04 1.371003910514521234e-04
2.996306099999999972e+00 3.377452504614670225e-04 1.348970085004292622e-04
3.011287600000000175e+00 3.356312040057686844e-04 1.326433526549659089e-04
3.026343999999999923e+00 3.334230933836981902e-04 1.304087825782739279e-04
3.041475800000000174e+00 3.311523318148097629e-04 1.282135956268080619e-04
3.056683099999999875e+00 3.288377064382616848e-04 1.260505868668106014e-04
3.071966600000000103e+00 3.264912193163946774e-04 1.239328989579385710e-04
3.087326399999999804e+00 3.241201333937165983e-04 1.218331673188369240e-04
3.102762999999999938e+00 3.217260148300295003e-04 1.197712939964423734e-04
3.118276799999999849e+00 3.193137799900591916e-04 1.177402095136600096e-04
3.133868200000000215e+00 3.168886469489727792e-04 1.157462033754347785e-04
3.149537599999999937e+00 3.144542278829592832e-04 1.137822793315789339e-04
3.165285299999999857e+00 3.120130909405395320e-04 1.118546710162697061e-04
3.181111700000000209e+00 3.095672322013631847e-04 1.099629676115677224e-04
3.197017199999999892e+00 3.071194955232855019e-04 1.081002812345534117e-04
3.213002299999999867e+00 3.046712418786671713e-04 1.062663019854079142e-04
3.229067300000000085e+00 3.022238239020399184e-04 1.044671459611995896e-04
3.245212700000000172e+00 2.997785105950251925e-04 1.026960284815056271e-04
3.261438699999999802e+00 2.973365819759009971e-04 1.009526579334240828e-04
3.277745900000000212e+00 2.948996363534289321e-04 9.924305390245160587e-05
3.294134699999999860e+00 2.924675235561572805e-04 9.756053973039680396e-05
3.310605300000000195e+00 2.900418473099287595e-04 9.590483171917177395e-05
3.327158400000000071e+00 2.876232189345527589e-04 9.427563405386658131e-05
3.343794100000000213e+00 2.852123317055937305e-04 9.267886719649370126e-05
3.360513099999999920e+00 2.828097524902405515e-04 9.110798275390460195e-05
3.377315700000000032e+00 2.804160951502241458e-04 8.956270462246169030e-05
3.394202299999999894e+00 2.780319345940796797e-04 8.804275632504726353e-05
3.411173300000000186e+00 2.756578245567961128e-04 8.654786382204852869e-05
3.428229099999999807e+00 2.732942980810645949e-04 8.507775548923539246e-05
3.445370299999999997e+00 2.709414420884715367e-04 8.363215724127985346e-05
3.462597099999999983e+00 2.686001842309190639e-04 8.221679104199285505e-05
3.479910100000000117e+00 2.662705808822213760e-04 8.081939045339868477e-05
3.497309700000000188e+00 2.639534824060641902e-04 7.944570727036880001e-05
3.514796200000000148e+00 2.616474460835573512e-04 7.809548413347483606e-05
3.532370199999999905e+00 2.593540435937508395e-04 7.676845924672741925e-05
3.550032100000000135e+00 2.570725846226754193e-04 7.546437771103300430e-05
3.567782199999999904e+00 2.548042589808017242e-04 7.418298893985444790e-05
3.585621100000000006e+00 2.525490737791959931e-04 7.292403827839143789e-05
3.603549199999999786e+00 2.503074235035456689e-04 7.168152790755478142e-05
3.621567000000000203e+00 2.480793150988299029e-04 7.046673794520609394e-05
3.639674799999999877e+00 2.458651344743973343e-04 6.926795555086568692e-05
3.657873200000000047e+00 2.436652105443031348e-04 6.809634893525739032e-05
3.676162600000000058e+00 2.414795376312727903e-04 6.694032158487424181e-05
3.694543400000000144e+00 2.393084513258511559e-04 6.580532851787010439e-05
3.713016099999999931e+00 2.371519194624325763e-04 6.468555226862884020e-05
3.731581199999999932e+00 2.350105816068955532e-04 6.359194591751423341e-05
3.750239099999999937e+00 2.328840635035349924e-04 6.251314537135929433e-05
3.768990300000000016e+00 2.314467154755818089e-04 6.144900228215992180e-05
3.787835199999999958e+00 2.293449785606575320e-04 6.038296132644342928e-05
3.806774400000000114e+00 2.272556909787061292e-04 5.933689107056726325e-05
3.825808299999999829e+00 2.251792052635443007e-04 5.830515050781487504e-05
3.844937299999999780e+00 2.231161754259655119e-04 5.729837456236059207e-05
3.864161999999999875e+00 2.210662643946680658e-04 5.630553422834647369e-05
3.883482799999999902e+00 2.190307218479572169e-04 5.533182549170570172e-05
3.902900199999999931e+00 2.174407678057522239e-04 5.437172048530625445e-05
3.922414700000000032e+00 2.154295540125128136e-04 5.341451672389733372e-05
3.942026799999999831e+00 2.134308142653490979e-04 5.247600323012926868e-05
3.961736900000000006e+00 2.114451649855100823e-04 5.155492061741255219e-05
3.981545600000000018e+00 2.094728801912060429e-04 5.065055001443672359e-05
4.001453299999999658e+00 2.075139497787664212e-04 4.976270510842030953e-05
4.021460600000000163e+00 2.055689205341648120e-04 4.889119875075702585e-05
4.041567900000000435e+00 2.036374759313723038e-04 4.803584797309240235e-05
4.061775700000000100e+00 2.017204348016489901e-04 4.719545000226933230e-05
4.082084599999999952e+00 1.998174475151735742e-04 4.637034559585049225e-05
4.102495000000000225e+00 1.979287514864062989e-04 4.556086922755156726e-05
4.123007499999999936e+00 1.960542775143405856e-04 4.476533448331724652e-05
4.143622599999999601e+00 1.941945113687131258e-04 4.398458787222355473e-05
4.164340700000000339e+00 1.923488460244485046e-04 4.321796578781310241e-05
4.185162400000000282e+00 1.905180137177836985e-04 4.246530897864904321e-05
4.206088199999999944e+00 1.887016653206540330e-04 4.172646070054152463e-05
4.227118599999999837e+00 1.868999864149960180e-04 4.100077546526727695e-05
4.248254199999999869e+00 1.851126245453862994e-04 4.028810570042035838e-05
4.269495499999999666e+00 1.833400173658347526e-04 3.958830615582356046e-05
4.290842999999999741e+00 1.815820734571659250e-04 3.890123287727459883e-05
4.312297199999999719e+00 1.798387016612713299e-04 3.822674319515652867e-05
4.333858700000000397e+00 1.781098028594271863e-04 3.756421676599974366e-05
4.355527999999999622e+00 1.763952867680939794e-04 3.691352064918135116e-05
4.377305599999999686e+00 1.746955520858350767e-04 3.627499641720642023e-05
4.399192099999999606e+00 1.730102446571269673e-04 3.564756363933185542e-05
4.421188100000000176e+00 1.713392604643750917e-04 3.503156784200759722e-05
4.443293999999999855e+00 1.696827487556288618e-04 3.442688161533082031e-05
4.465510499999999716e+00 1.680405918900276829e-04 3.383244837024504978e-05
4.487838100000000274e+00 1.664126884478081255e-04 3.324907943707167986e-05
4.510277199999999986e+00 1.647991749746466480e-04 3.267619132935884721e-05
4.532828600000000208e+00 1.631996943542930235e-04 3.211366500425832747e-05
4.555492799999999676e+00 1.616143729434211824e-04 3.156138471496342305e-05
4.578270200000000401e+00 1.600433355883111673e-04 3.101878384923959214e-05
4.601161600000000185e+00 1.584862285495866998e-04 3.048575340466812386e-05
4.624167400000000150e+00 1.569431739022383041e-04 2.996218808023382005e-05
4.647288200000000202e+00 1.554140550112890486e-04 2.944842800848712519e-05
4.670524699999999640e+00 1.538987497370701931e-04 2.894347394491627904e-05
4.693877299999999586e+00 1.523971568727598702e-04 2.844767143783848555e-05
4.717346700000000226e+00 1.509093667004037540e-04 2.796091703447685159e-05
4.740933400000000297e+00 1.496540029058520869e-04 2.748005022302444714e-05
4.764638099999999987e+00 1.481927420400154321e-04 2.700066655035998360e-05
4.788461299999999810e+00 1.467441132254180853e-04 2.653056513266919232e-05
4.812403599999999670e+00 1.453076210371943638e-04 2.606877851446855741e-05
4.836465600000000364e+00 1.438837875592872398e-04 2.561521414902375457e-05
4.860647900000000021e+00 1.424725168268577190e-04 2.516978032870526651e-05
4.884951199999999716e+00 1.410735115778139338e-04 2.473238567050960345e-05
4.909375899999999682e+00 1.396870832484950042e-04 2.430083096465987213e-05
4.933922800000000386e+00 1.383127359333625626e-04 2.387715714720373635e-05
4.958592399999999678e+00 1.369509591836942175e-04 2.346127613548318368e-05
4.983385400000000409e+00 1.356012664761828944e-04 2.305268391051619356e-05
5.008302300000000429e+00 1.342635715149545549e-04 2.265130016614423642e-05
5.033343799999999924e+00 1.329381473845159755e-04 2.225745603583449919e-05
5.058510499999999688e+00 1.316248926655284629e-04 2.187065646344431942e-05
5.083803099999999908e+00 1.303235204693555806e-04 2.149082244777496985e-05
5.109222100000000211e+00 1.290341210591316166e-04 2.111787655496641985e-05
5.134768199999999894e+00 1.277564128341204602e-04 2.075174120161856671e-05
5.160442100000000032e+00 1.264908256377079044e-04 2.039073351868737243e-05
5.186244300000000251e+00 1.252367345006031121e-04 2.003640013286037391e-05
5.212175499999999850e+00 1.239942157655266400e-04 1.968866544540826138e-05
5.238236399999999904e+00 1.227633398644454958e-04 1.934705902325692704e-05
5.264427600000000318e+00 1.215440071381468042e-04 1.901151293647280482e-05
5.290749700000000111e+00 1.203359514771964621e-04 1.868195985497258979e-05
5.317203400000000357e+00 1.191394065798877439e-04 1.835833269822333027e-05
5.343789499999999748e+00 1.179539336749007000e-04 1.804056466860689642e-05
5.370508400000000293e+00 1.168541273184650728e-04 1.772781933610696476e-05
5.397360899999999795e+00 1.156909185196480485e-04 1.741773933744495063e-05
5.424347700000000216e+00 1.145383322316714884e-04 1.711336154576187911e-05
5.451469499999999968e+00 1.133964380589005922e-04 1.681424154462474760e-05
5.478726799999999564e+00 1.122649963545032775e-04 1.652070003160583086e-05
5.506120499999999751e+00 1.111440667814392975e-04 1.623267317802378843e-05
5.533651100000000156e+00 1.100335671221588945e-04 1.594972451825565164e-05
5.561319300000000077e+00 1.089332562960545109e-04 1.567179755843113581e-05
5.589125899999999980e+00 1.078434957665304529e-04 1.539883604376809058e-05
5.617071600000000053e+00 1.067638918987738513e-04 1.513078452287980848e-05
5.645156899999999922e+00 1.056943651678140454e-04 1.486758857468176159e-05
5.673382700000000334e+00 1.046349671045212636e-04 1.460919319979811449e-05
5.701749600000000306e+00 1.035857555906131403e-04 1.435518130994086564e-05
5.730258400000000307e+00 1.025463484712047901e-04 1.410586617795482079e-05
5.758909599999999962e+00 1.015168101745251189e-04 1.386119527758317633e-05
5.787704200000000299e+00 1.004971824739475428e-04 1.362075735432703708e-05
5.816642700000000055e+00 9.948724335300623519e-05 1.338486238367688264e-05
5.845725899999999697e+00 9.848704068377197847e-05 1.315274964709483431e-05
5.874954599999999694e+00 9.752157921012416194e-05 1.292473103727162138e-05
5.904329299999999670e+00 9.654046880430667502e-05 1.270005969804925230e-05
5.933850999999999765e+00 9.556855804311752459e-05 1.247939874323186394e-05
5.963520199999999605e+00 9.460590675700878609e-05 1.226270390366635298e-05
5.993337799999999937e+00 9.365242696337756684e-05 1.204993046772122072e-05
6.023304500000000061e+00 9.270803793749653556e-05 1.184103454876332086e-05
6.053421000000000163e+00 9.177278744039754318e-05 1.163563037675688164e-05
6.083688200000000101e+00 9.084633335458634339e-05 1.143402014896138828e-05
6.114106600000000391e+00 8.992898276904868701e-05 1.123582263232364621e-05
6.144677100000000003e+00 8.902027243957118577e-05 1.104167454121686877e-05
6.175400500000000292e+00 8.812037181408808001e-05 1.085052213507987527e-05
6.206277499999999669e+00 8.722920102995644946e-05 1.066300153942883498e-05
6.237308900000000378e+00 8.634655781419457764e-05 1.047873914358031450e-05
6.268495399999999940e+00 8.547248659095212618e-05 1.029769902542504098e-05
6.299837899999999991e+00 8.460690432409180279e-05 1.011984525632174538e-05
6.331337099999999829e+00 8.374973427541370654e-05 9.945469812938048415e-06
6.362993799999999922e+00 8.290078212127019658e-05 9.773881447452389143e-06
6.394808799999999849e+00 8.206008794506836610e-05 9.605374247715520750e-06
6.426782799999999796e+00 8.122757718361854032e-05 9.440236268809139772e-06
6.458916699999999622e+00 8.040305869410375864e-05 9.277466017430602304e-06
6.491211299999999795e+00 7.958668254406211552e-05 9.117996806888019437e-06
6.523667399999999894e+00 7.877815059179978281e-05 8.961155093777762072e-06
6.556285700000000105e+00 7.797750341526794306e-05 8.807228529261407684e-06
6.589067100000000288e+00 7.718477311355381916e-05 8.655869555077283490e-06
6.622012500000000301e+00 7.639966804567446834e-05 8.507362953104400025e-06
6.655122500000000052e+00 7.562222993991141954e-05 8.361365258198217646e-06
6.688398099999999680e+00 7.485227840306917424e-05 8.218158540777114926e-06
6.721840099999999651e+00 7.408995346342937274e-05 8.077402735528873206e-06
6.755449300000000434e+00 7.333507973881369822e-05 7.939070904764103606e-06
6.789226600000000111e+00 7.258748451576378809e-05 7.803136235542129176e-06
6.823172699999999757e+00 7.184720526532039828e-05 7.669572387360218665e-06
6.857288600000000400e+00 7.111426970519528089e-05 7.538352915067588240e-06
6.891574999999999562e+00 7.038841285995529342e-05 7.409451948683071645e-06
6.926032900000000048e+00 6.966956732870709763e-05 7.283142675403903951e-06
6.960663099999999659e+00 6.895786376118685399e-05 7.158799792630312004e-06
6.995466399999999751e+00 6.825304296059817152e-05 7.036698662618633394e-06
7.030443700000000185e+00 6.755513625734600898e-05 6.916519417588079093e-06
7.065595899999999929e+00 6.686407808191936395e-05 6.798828013270063643e-06
7.100923899999999733e+00 6.617980356164021973e-05 6.683011784569965696e-06
7.136428500000000064e+00 6.550215840608742519e-05 6.569050705729766040e-06
7.172110700000000172e+00 6.483107994710613517e-05 6.457502518695876141e-06
7.207971200000000245e+00 6.416660170020694763e-05 6.347476667404597951e-06
7.244011099999999814e+00 6.350865774280987279e-05 6.239815780935667346e-06
7.280231099999999955e+00 6.285710157617283174e-05 6.133638314474660206e-06
7.316632300000000200e+00 6.221195875834893490e-05 6.029495534460982155e-06
7.353215500000000127e+00 6.157299738689094514e-05 5.927364277561574482e-06
7.389981500000000203e+00 6.094033589566160921e-05 5.826941214845158318e-06
7.426931399999999961e+00 6.031382677866759288e-05 5.727928568867953933e-06
7.464066100000000148e+00 5.969341393799551965e-05 5.631144796117470385e-06
7.501386400000000343e+00 5.907912659416816018e-05 5.535734737662524088e-06
7.538893400000000078e+00 5.847073928743687908e-05 5.441959077566838095e-06
7.576587800000000428e+00 5.786828466678899726e-05 5.350073446464161617e-06
7.614470800000000317e+00 5.727162338009206776e-05 5.259511521225870623e-06
7.652543099999999932e+00 5.668086733346889341e-05 5.170801368045576718e-06
7.690805799999999692e+00 5.609572070311541589e-05 5.083382501582025403e-06
7.729259899999999739e+00 5.551636949972241290e-05 4.997777685788451384e-06
7.767906199999999650e+00 5.494252811094222852e-05 4.913432341829959880e-06
7.806745699999999566e+00 5.437430194914807642e-05 4.830598779014348614e-06
7.845779399999999626e+00 5.381156258806076291e-05 4.749260059647057422e-06
7.885008299999999970e+00 5.325418516195051902e-05 4.669399401337329575e-06
7.924433399999999850e+00 5.270227196999829151e-05 4.590738714051928605e-06
7.964055499999999732e+00 5.215562715309956507e-05 4.513525697637907718e-06
8.003875799999999430e+00 5.161420208941976736e-05 4.437743888608934369e-06
8.043895199999999690e+00 5.107802491211890490e-05 4.363119567123827039e-06
8.084114700000000653e+00 5.054697667245127454e-05 4.289896823087381840e-06
8.124535200000000401e+00 5.002094294751752526e-05 4.217804762714626238e-06
8.165157900000000524e+00 4.950001951157501735e-05 4.147085061687948709e-06
8.205983700000000880e+00 4.898395297642321267e-05 4.076712157278598689e-06
8.247013600000000721e+00 4.847277279070105283e-05 4.007690550023924021e-06
8.288248700000000468e+00 4.796636849119904905e-05 3.939754763327214198e-06
8.329689899999999980e+00 4.746470249168070320e-05 3.873142014555007716e-06
8.371338400000000846e+00 4.696766724470361447e-05 3.807342022817691859e-06
8.413195099999999371e+00 4.647522774630613276e-05 3.742839725041253871e-06
8.455261000000000138e+00 4.598741357157997588e-05 3.679130085429822880e-06
8.497537299999999405e+00 4.550399041453880803e-05 3.616449354347469326e-06
8.540024999999999977e+00 4.502499101156685706e-05 3.554543853466430298e-06
9.030794000000000210e+00 3.998101660684858221e-05 2.924541579813716036e-06
9.653919000000000139e+00 3.443228211343562443e-05 2.293654022934789828e-06
1.032004000000000055e+01 2.886993800086061271e-05 1.802072980921197140e-06
1.032459000000000060e+01 2.882561009566751413e-05 1.799151613193677460e-06
1.048262000000000072e+01 2.677654820382659810e-05 1.702039299957199652e-06
1.052476000000000056e+01 2.518754905282848578e-05 1.677310008489588966e-06
1.058797999999999995e+01 2.623548013679784886e-05 4.293575018989128306e-06
1.074601000000000006e+01 2.661827183357390840e-05 4.064039403879318739e-06
1.103212000000000081e+01 2.587018550847732469e-05 3.687257262852669123e-06
1.171953000000000067e+01 2.306392216728061269e-05 2.946081874606405441e-06
1.179334000000000060e+01 2.268519853710265210e-05 2.877924134737604012e-06
1.189891000000000076e+01 2.198522271936033623e-05 2.783958200035444872e-06
1.194674000000000014e+01 2.128705852494948219e-05 2.742808801538083476e-06
1.201848999999999990e+01 2.158028154001042807e-05 3.720638982876453111e-06
1.219786999999999999e+01 2.142470261745478438e-05 3.522391930058936649e-06
1.227617000000000047e+01 2.123513378498423612e-05 3.440178369775136683e-06
1.246406999999999954e+01 2.060073114503851774e-05 3.252504604835529353e-06
1.251417000000000002e+01 2.023025917239939701e-05 3.204879830652031465e-06
1.258933000000000035e+01 2.029873994195938009e-05 3.623195951385380636e-06
1.260707999999999984e+01 2.029482579978556393e-05 3.605440009101586782e-06
1.277722999999999942e+01 2.005076192134221718e-05 3.438889920413164545e-06
1.347696999999999967e+01 1.851029024292892791e-05 2.848318759410187857e-06
1.440687999999999924e+01 1.648526974333362213e-05 2.245248185677232380e-06
1.540094999999999992e+01 1.458281192781573690e-05 1.769375622891000978e-06
1.646361999999999881e+01 1.285311797930442694e-05 1.392772960561945785e-06
1.759960999999999842e+01 1.130101231223223321e-05 1.095970999521546466e-06
1.881398000000000081e+01 9.920254072186925735e-06 8.629026192306784138e-07
2.011214999999999975e+01 8.698519645244003751e-06 6.798943706474455734e-07
2.149988000000000099e+01 7.627612403738905620e-06 5.357856431956336208e-07
2.298338000000000036e+01 6.678768414660504745e-06 4.220064113586084008e-07
2.456923000000000101e+01 5.848177544351522947e-06 3.325822652985748142e-07
2.626450000000000173e+01 5.119210797799572988e-06 2.619607679800672281e-07
2.807676000000000016e+01 4.478174585361950082e-06 2.048852982915612808e-07
3.001405000000000101e+01 3.915495952203778090e-06 1.600233344135496721e-07
3.208502000000000010e+01 3.422726593186634048e-06 1.251489495535404033e-07
3.429889000000000010e+01 2.991535073484394565e-06 9.800621624237440180e-08
3.666550999999999760e+01 2.614411088261570020e-06 7.684665954888734911e-08
3.919543000000000177e+01 2.284662941215057482e-06 6.033623203206146721e-08
4.189992000000000161e+01 1.996375330592668252e-06 4.743549306602459290e-08
4.479100999999999999e+01 1.744343120141225489e-06 3.734437769862839198e-08
4.788159000000000276e+01 1.523973764547480436e-06 2.939684797759944243e-08
5.118542000000000058e+01 1.331212278865968923e-06 2.316247280331571813e-08
5.471721000000000146e+01 1.162519261647252579e-06 1.824772518592621416e-08
5.849269999999999925e+01 1.014684158241818933e-06 1.434806845338270712e-08
6.252870000000000061e+01 8.847580590980154658e-07 1.130060436089939350e-08
6.684318000000000382e+01 7.694486963980047205e-07 8.912856532048967965e-09
7.024286999999999637e+01 6.881693445201434545e-07 7.480954283407398418e-09
7.131802000000000419e+01 6.575084894372932933e-07 7.091890863417578289e-09
7.145535999999999888e+01 6.514041898584499703e-07 7.044044467122974700e-09
7.160472000000000037e+01 6.402970080355429669e-07 6.992602974848110349e-09
7.203477999999999781e+01 6.446116329551278944e-07 3.010618599314201573e-08
7.310993000000000563e+01 6.362591748891073791e-07 2.860636545739899464e-08
7.638577999999999690e+01 5.914207112783188497e-07 2.455263921663383684e-08
8.165640000000000498e+01 5.221432628830239759e-07 1.933001496710376805e-08
8.729068999999999789e+01 4.590498168142676932e-07 1.523757275440457710e-08
9.331373999999999569e+01 4.028972936726681068e-07 1.203609277590758464e-08
9.975239000000000544e+01 3.532626136863513040e-07 9.468559804810194811e-09
1.066353000000000009e+02 3.095306516731159855e-07 7.455324553737476280e-09
1.139930999999999983e+02 2.710921673409684014e-07 5.875740258540297264e-09
1.218586999999999989e+02 2.373542708906725834e-07 4.636140273464623498e-09
1.302668999999999926e+02 2.077704978841286393e-07 3.662511803775928284e-09
1.392553000000000054e+02 1.818461533737829325e-07 2.897322779242000697e-09
1.488640000000000043e+02 1.591951471077472704e-07 2.291647423440498242e-09
1.591356000000000108e+02 1.393002900860061933e-07 1.813675226165369285e-09
1.701159000000000106e+02 1.218833658464895301e-07 1.438281736531088251e-09
1.818539000000000101e+02 1.066390746688719116e-07 1.143099259130705269e-09
1.944018000000000086e+02 9.329859842408445365e-08 9.107575551446520024e-10
2.078155999999999892e+02 8.162541011319113993e-08 7.276346390564466448e-10
2.221547999999999945e+02 7.141206841832144816e-08 5.830852719930622397e-10
2.374834999999999923e+02 6.247636122667817525e-08 4.687954609561634176e-10
2.538699000000000012e+02 5.465875760225933674e-08 3.782726194536951978e-10
2.713869000000000256e+02 4.781951001436071242e-08 3.064150817287932277e-10
2.901125999999999863e+02 4.183618856964142805e-08 2.492425247553482934e-10
3.101304000000000087e+02 3.660165632514341244e-08 2.036254818151947859e-10
3.315294000000000096e+02 3.202249759449881245e-08 1.679460735362164462e-10
3.544048999999999978e+02 2.801682827108319039e-08 1.391344711166202311e-10
3.788587999999999738e+02 2.451261658997808756e-08 1.157761834468453710e-10
4.050000999999999749e+02 2.144699958558376057e-08 9.677204644486464565e-11
4.329451000000000249e+02 1.876498124426978680e-08 8.125592337498337450e-11
