1.067676000000000069e+00 1.701623878518829713e-03 5.850971413399195034e-04
1.141345000000000054e+00 1.503687652037112750e-03 4.686850338519452162e-04
1.220097999999999905e+00 1.325199821976235769e-03 3.750505984393423336e-04
1.304284999999999917e+00 1.164822855838517713e-03 2.976105605926302237e-04
1.394281000000000104e+00 1.020725802982168275e-03 2.360633375947676312e-04
1.490485999999999978e+00 8.927017421794924273e-04 1.875583675164986747e-04
1.593328999999999995e+00 7.794756679559980894e-04 1.492610868900461898e-04
1.703268999999999922e+00 6.796289425604584407e-04 1.189977557301174143e-04
1.820794999999999941e+00 5.918277549178985490e-04 9.503625984102409346e-05
1.946430000000000105e+00 5.147090469450983294e-04 7.603560951931337126e-05
2.080732999999999944e+00 4.468992315082815714e-04 6.067942866492305611e-05
2.224304000000000059e+00 3.869338539363456294e-04 4.826046781220947078e-05
2.377781000000000144e+00 3.336536768793659240e-04 3.843500041637729417e-05
2.541847999999999885e+00 2.857917006741563654e-04 3.064622994182283645e-05
2.717235000000000067e+00 2.413704189055999882e-04 2.444301549316026519e-05
2.904723999999999862e+00 1.941137199650724398e-04 1.952109909071962654e-05
2.943724000000000007e+00 1.813264710809135271e-04 1.866607975713051342e-05
2.988780999999999910e+00 1.559447803715883769e-04 1.773915259524993021e-05
3.000795999999999797e+00 1.323398901040604531e-04 1.750056106553464074e-05
3.018819000000000141e+00 1.516666915862468286e-04 5.966338362753637552e-05
3.063876000000000044e+00 1.636157942596353409e-04 5.674951507515227020e-05
3.083178000000000196e+00 1.637903022462446089e-04 5.556094396022667921e-05
3.105150000000000077e+00 1.622085096385915848e-04 5.424189688037664545e-05
3.130370000000000097e+00 1.567678034714899008e-04 5.278093221184264431e-05
3.142954000000000025e+00 1.468667416271458978e-04 5.207135068463777884e-05
3.161830999999999836e+00 1.566100715001098216e-04 7.025602610826378451e-05
3.209022000000000041e+00 1.638455483980419034e-04 6.674094788058103410e-05
3.319405999999999857e+00 1.630745238995873723e-04 5.927312487905717493e-05
3.343662000000000134e+00 1.617217038409387707e-04 5.774545533806546723e-05
3.394840999999999998e+00 1.565316373952990400e-04 5.466218934072134401e-05
3.408488000000000184e+00 1.519214381970613573e-04 5.387262394220550086e-05
3.428960000000000008e+00 1.551765963886704970e-04 6.066186156573817357e-05
3.480138000000000176e+00 1.564089199956984083e-04 5.757262403868319237e-05
3.548445000000000071e+00 1.546202224529109436e-04 5.374061077383992814e-05
3.793287999999999993e+00 1.429308548729423076e-04 4.237645628900990104e-05
4.055024000000000406e+00 1.291197643251489296e-04 3.337477648849796689e-05
4.334820999999999813e+00 1.153590879295203183e-04 2.626709347984509515e-05
4.633924000000000376e+00 1.023947177600516664e-04 2.066686026015317714e-05
4.953663999999999845e+00 9.048490531079147092e-05 1.626201648832019116e-05
5.295467000000000368e+00 7.972258648641964384e-05 1.280338258515686111e-05
5.660854999999999748e+00 7.009423870413757540e-05 1.008569877165930561e-05
6.051453000000000415e+00 6.165417512372367158e-05 7.943291582944275712e-06
6.469003999999999976e+00 5.410853718653219969e-05 6.231361681685124695e-06
6.915365000000000428e+00 4.742417390203140489e-05 4.885666375106676361e-06
7.392525000000000013e+00 4.149918767779979810e-05 3.828565399317058431e-06
7.902608999999999995e+00 3.629329723964342752e-05 3.003528530487096954e-06
8.447889999999999233e+00 3.172943674002153550e-05 2.358980298258240533e-06
9.030794000000000210e+00 2.773940201201722527e-05 1.850287919562725070e-06
9.653919000000000139e+00 2.424025327437279989e-05 1.440396780004155517e-06
1.032004000000000055e+01 2.117249886704094850e-05 1.121731416798631818e-06
1.103212000000000081e+01 1.848870093784291046e-05 8.746766309282316421e-07
1.179334000000000060e+01 1.614281411942199851e-05 6.829023059624701483e-07
1.260707999999999984e+01 1.409319577377668330e-05 5.335611077098773624e-07
1.347696999999999967e+01 1.230261285813900362e-05 4.166942309193881951e-07
1.440687999999999924e+01 1.073761295341498112e-05 3.249280615870094422e-07
1.540094999999999992e+01 9.369420480719405615e-06 2.529716672517497659e-07
1.646361999999999881e+01 8.172331398282983814e-06 1.968719970343744300e-07
1.759960999999999842e+01 7.124208585168014519e-06 1.534392474754384528e-07
1.881398000000000081e+01 6.204697897005224037e-06 1.197612584214125686e-07
2.011214999999999975e+01 5.393994148441958810e-06 9.361776337371464093e-08
2.149988000000000099e+01 4.667481303454272490e-06 7.329792579424605734e-08
2.275550000000000139e+01 4.056295674461627665e-06 5.959204308630732928e-08
2.298338000000000036e+01 3.917292692780868581e-06 5.747346017366558585e-08
2.310379999999999967e+01 3.813422546640511950e-06 5.639548450364302948e-08
2.319668000000000063e+01 3.637905089240079282e-06 5.557897121280441343e-08
2.333599999999999852e+01 3.740372834975877814e-06 3.368147158262862125e-07
2.368430000000000035e+01 3.759134003772676088e-06 3.185188904144946393e-07
2.456923000000000101e+01 3.586679330613902889e-06 2.777222022547360749e-07
2.626450000000000173e+01 3.199928634269392855e-06 2.187910554904439129e-07
2.807676000000000016e+01 2.829091440911687415e-06 1.719749796570169937e-07
3.001405000000000101e+01 2.491536259914388706e-06 1.348645490166271927e-07
3.208502000000000010e+01 2.189481891166581330e-06 1.053706307246927416e-07
3.429889000000000010e+01 1.921268949972365074e-06 8.232897270334079568e-08
3.666550999999999760e+01 1.684348246080392964e-06 6.435541437472796069e-08
3.919543000000000177e+01 1.475703494042663019e-06 5.032555364863658561e-08
4.189992000000000161e+01 1.292329139887659009e-06 3.936873692800228441e-08
4.479100999999999999e+01 1.131389569276776320e-06 3.081852671401343142e-08
4.788159000000000276e+01 9.910136468452203717e-07 2.405916991381284764e-08
5.118542000000000058e+01 8.671812424129083049e-07 1.872663665604604873e-08
5.471721000000000146e+01 7.586938063239854587e-07 1.458729631893808209e-08
5.849269999999999925e+01 6.637067020059291839e-07 1.137260008816524101e-08
6.252870000000000061e+01 5.805733514016265974e-07 8.874874339212885410e-09
6.684318000000000382e+01 5.078328026796966271e-07 6.932973545644643223e-09
7.145535999999999888e+01 4.441970749186866348e-07 5.422226799496496829e-09
7.638577999999999690e+01 3.885345130130956173e-07 4.244993659504198289e-09
8.165640000000000498e+01 3.398499823841735436e-07 3.324195022838233598e-09
8.729068999999999789e+01 2.972611367201454475e-07 2.601286494626343098e-09
9.331373999999999569e+01 2.600105107759515378e-07 2.040187334885702232e-09
9.975239000000000544e+01 2.274312941759902866e-07 1.604215007387162648e-09
1.066353000000000009e+02 1.989377503711195159e-07 1.263636662412748537e-09
1.139930999999999983e+02 1.740171407442009181e-07 9.986238906253135638e-10
1.218586999999999989e+02 1.522213557185311812e-07 7.921037873320926260e-10
1.302668999999999926e+02 1.331587091619233558e-07 6.309060145717072587e-10
1.392553000000000054e+02 1.164860343288763633e-07 5.048235276447498528e-10
1.488640000000000043e+02 1.019030371137174136e-07 4.059654089970238825e-10
1.591356000000000108e+02 8.914778548295683822e-08 3.282448981160297803e-10
1.701159000000000106e+02 7.799087344458358848e-08 2.669497394041222202e-10
1.818539000000000101e+02 6.823156685244331636e-08 2.184428379230812704e-10
1.944018000000000086e+02 5.969481496479529580e-08 1.799000351877786792e-10
2.078155999999999892e+02 5.222689381557523287e-08 1.491433045647358844e-10
2.221547999999999945e+02 4.569419734803831929e-08 1.244768313445694567e-10
2.374834999999999923e+02 3.997912725494037448e-08 1.045987042517534995e-10
2.538699000000000012e+02 3.497939041496457454e-08 8.847887778470185625e-11
2.713869000000000256e+02 3.060533541360271995e-08 7.533411657269372568e-11
2.901125999999999863e+02 2.677859212146640407e-08 6.453814917034400666e-11
3.101304000000000087e+02 2.343063405807567149e-08 5.561886370568048602e-11
3.315294000000000096e+02 2.050143558736098395e-08 4.819469875543168502e-11
3.544048999999999978e+02 1.793859537329296458e-08 4.197705804535297661e-11
3.788587999999999738e+02 1.569627018902171235e-08 3.672941280451401740e-11
4.050000999999999749e+02 1.373435198690253018e-08 3.227128350631378217e-11
4.329451000000000249e+02 1.201776872959004172e-08 2.845888678574169865e-11
