1.000121100000000096e+00 1.066262486171139763e-06 5.344896888779156595e-07
1.005121699999999896e+00 1.058480153762000592e-06 5.259088945432882960e-07
1.010147300000000081e+00 1.050511874824762145e-06 5.174667777441496743e-07
1.015198000000000045e+00 1.042433353580819741e-06 5.091713087347143992e-07
1.020273999999999903e+00 1.034280506869451583e-06 5.010114144749615012e-07
1.025375399999999937e+00 1.026077730365437447e-06 4.929856374547699494e-07
1.030502299999999982e+00 1.017836522314492054e-06 4.850925322603386844e-07
1.035654800000000098e+00 1.009566279788158237e-06 4.773306655026532037e-07
1.040833099999999956e+00 1.001270840548944631e-06 4.696985706192298199e-07
1.046037200000000000e+00 9.929559751821640997e-07 4.621948850687118655e-07
1.051267399999999963e+00 9.846184658445522280e-07 4.548181245230881776e-07
1.056523799999999902e+00 9.762572619564435035e-07 4.475578219742905973e-07
1.061806400000000039e+00 9.678667315899476455e-07 4.404308676244257559e-07
1.067115400000000047e+00 9.594363474912256445e-07 4.334177324714899887e-07
1.072451000000000043e+00 9.509402225701982032e-07 4.265171645592368998e-07
1.077813200000000027e+00 9.423429322629179163e-07 4.197369099249106743e-07
1.083202299999999951e+00 9.335572713418294136e-07 4.130667043292960099e-07
1.088618300000000039e+00 9.243619031434708322e-07 4.065054078776912189e-07
1.094061399999999962e+00 9.137596329616658728e-07 4.000518139927030773e-07
1.095650699999999977e+00 9.094356465050110532e-07 3.982010451857429279e-07
1.098349299999999973e+00 9.058290099593687437e-07 4.033584068728491564e-07
1.099531700000000001e+00 9.058189887715171302e-07 4.019817059049903242e-07
1.105029400000000050e+00 9.011021423565943891e-07 3.956640879824741374e-07
1.110554500000000111e+00 8.947329389397296214e-07 3.894512793114605435e-07
1.116107299999999913e+00 8.879104589200580217e-07 3.833420778973940394e-07
1.121687799999999902e+00 8.808866078383867747e-07 3.773268391549717446e-07
1.127296300000000029e+00 8.737584835851430255e-07 3.714130281364446076e-07
1.132932800000000073e+00 8.665731448497238449e-07 3.655995769832048113e-07
1.138597400000000093e+00 8.593602698196569053e-07 3.598853925135060369e-07
1.144290400000000041e+00 8.521356065040143042e-07 3.542609391665005935e-07
1.150011899999999976e+00 8.449118599334228768e-07 3.487252707023788518e-07
1.155761899999999898e+00 8.376986781375909855e-07 3.432857842404870052e-07
1.161540699999999982e+00 8.305022170665551115e-07 3.379330996503066611e-07
1.167348400000000064e+00 8.233273530253271665e-07 3.326745192337356266e-07
1.173185200000000039e+00 8.161786398137221389e-07 3.275007954084720697e-07
1.179051099999999908e+00 8.090581163687901132e-07 3.224029089183148351e-07
1.184946400000000066e+00 8.019686331144492306e-07 3.173962319209563808e-07
1.190871100000000071e+00 7.949133352496390226e-07 3.124717193650590045e-07
1.196825400000000039e+00 7.878924385672994686e-07 3.076284625275408432e-07
1.202809599999999923e+00 7.809085376760545388e-07 3.028655367055205470e-07
1.208823600000000109e+00 7.739646398821773730e-07 2.981741854062994336e-07
1.214867700000000106e+00 7.670581900985953628e-07 2.935615204743378129e-07
1.220942100000000030e+00 7.601941832918461679e-07 2.890266671370461930e-07
1.227046800000000104e+00 7.533704096198830401e-07 2.845688057369482765e-07
1.233182000000000000e+00 7.465892834815608458e-07 2.801792913106877482e-07
1.239347900000000058e+00 7.398519361806793598e-07 2.758573883923663980e-07
1.245544699999999949e+00 7.331571041381139748e-07 2.716100762790159278e-07
1.251772399999999896e+00 7.265072851157658028e-07 2.674365617377230114e-07
1.258031200000000016e+00 7.199023411911498220e-07 2.633207525886220213e-07
1.264321400000000040e+00 7.133431595568392262e-07 2.592772200009034700e-07
1.270642999999999967e+00 7.068286677492921932e-07 2.553051903494738791e-07
1.276996199999999915e+00 7.003620697118481238e-07 2.513888201502391711e-07
1.283381200000000000e+00 6.939409120647711321e-07 2.475350137248119364e-07
1.289798100000000058e+00 6.875673126393400438e-07 2.437505510698812596e-07
1.296247099999999985e+00 6.812410254707945606e-07 2.400272387574255955e-07
1.302728300000000061e+00 6.749608375032809532e-07 2.363349492574586342e-07
1.309242000000000017e+00 6.687221847571865247e-07 2.327027707802719300e-07
1.315788200000000074e+00 6.625283379677742050e-07 2.291300797467015337e-07
1.322367099999999907e+00 6.563780684060134227e-07 2.256162219994338492e-07
1.328978999999999910e+00 6.502731819304299686e-07 2.221533094747638993e-07
1.335623900000000086e+00 6.442126369868149855e-07 2.187552174923420518e-07
1.342302000000000106e+00 6.381962419574216758e-07 2.154068981972864854e-07
1.349013500000000088e+00 6.322258053085255772e-07 2.121078281774748370e-07
1.355758599999999925e+00 6.263000863579282087e-07 2.088645699159780239e-07
1.362537399999999899e+00 6.204199364864531646e-07 2.056765193817047551e-07
1.369350000000000067e+00 6.145851932281217280e-07 2.025360666677202900e-07
1.376196799999999998e+00 6.087954249040924970e-07 1.994496540409065213e-07
1.383077799999999913e+00 6.030505602340237783e-07 1.964097668869374582e-07
1.389993199999999929e+00 5.973512889896989174e-07 1.934228172810548713e-07
1.396943100000000104e+00 5.916974171013434008e-07 1.904813539492446580e-07
1.403927799999999948e+00 5.860885804544260424e-07 1.875848781412672577e-07
1.410947500000000021e+00 5.805254179625324236e-07 1.847397137844848214e-07
1.418002200000000101e+00 5.750068861930158248e-07 1.819317694021128775e-07
1.425092199999999920e+00 5.695335226886719416e-07 1.791741341633598825e-07
1.432217700000000038e+00 5.641050275044063729e-07 1.764595373212902588e-07
1.439378800000000069e+00 5.587194239016876300e-07 1.737808589699422724e-07
1.446575699999999909e+00 5.533773347625754111e-07 1.711443761155555181e-07
1.453808599999999895e+00 5.480784886140657360e-07 1.685562370056386753e-07
1.461077600000000087e+00 5.428235423004404393e-07 1.660027626998086067e-07
1.468382999999999994e+00 5.376112817140275946e-07 1.634966688690148931e-07
1.475724899999999895e+00 5.324423480883242175e-07 1.610244158944074435e-07
1.483103499999999908e+00 5.273164483639507533e-07 1.585921352314999361e-07
1.490518999999999927e+00 5.222332914947670971e-07 1.561993919546311688e-07
1.497971600000000070e+00 5.171925884007867734e-07 1.538457551737796068e-07
1.505461500000000008e+00 5.121948548128549706e-07 1.515307979888299289e-07
1.512988800000000023e+00 5.072382587509126692e-07 1.492477622811247272e-07
1.520553700000000008e+00 5.023248988281857698e-07 1.470089500325192032e-07
1.528156499999999918e+00 4.974528201192885597e-07 1.447949951532443031e-07
1.535797300000000032e+00 4.926225789088865831e-07 1.426244354938311239e-07
1.543476300000000023e+00 4.878338717638364790e-07 1.404843292989717450e-07
1.551193700000000009e+00 4.830863974601883147e-07 1.383805533214859486e-07
1.558949600000000046e+00 4.783806670519535173e-07 1.363065567672007620e-07
1.566744399999999926e+00 4.737154963554959723e-07 1.342681433269796895e-07
1.574578100000000092e+00 4.690907126086965791e-07 1.322527419373222389e-07
1.582451000000000052e+00 4.645045085547409930e-07 1.302662012898554400e-07
1.590363299999999924e+00 4.599566369188157837e-07 1.283142598592050025e-07
1.598315099999999989e+00 4.554483331495309679e-07 1.263905339507271806e-07
1.606306599999999918e+00 4.509778967405334004e-07 1.245007073654637009e-07
1.614338199999999945e+00 4.467314017678729841e-07 1.226384390182140079e-07
1.622409900000000071e+00 4.423367705127706763e-07 1.208034577202044177e-07
1.630521899999999969e+00 4.379799229399599691e-07 1.189954790167896935e-07
1.638674500000000034e+00 4.336612212001733826e-07 1.172200721911380766e-07
1.646867899999999940e+00 4.293797154099603690e-07 1.154710415765863042e-07
1.655102199999999968e+00 4.251351997333676989e-07 1.137481179293163695e-07
1.663377700000000070e+00 4.209280230867715636e-07 1.120510204168625749e-07
1.671694599999999920e+00 4.167572602246009448e-07 1.103852204153634732e-07
1.680053100000000077e+00 4.126233028210368828e-07 1.087446492417704498e-07
1.688453399999999993e+00 4.085252416607240414e-07 1.071233551385569379e-07
1.696895599999999948e+00 4.044628741418524022e-07 1.055324801423816748e-07
1.705380099999999954e+00 4.005478520918894828e-07 1.039660361538422177e-07
1.713907000000000069e+00 3.965567290908556573e-07 1.024237703498197540e-07
1.722476600000000024e+00 3.926004372424687981e-07 1.009054199747104723e-07
1.731088900000000042e+00 3.886794307060019158e-07 9.941074221239100325e-08
1.739744399999999969e+00 3.847927117059479438e-07 9.793946740912570251e-08
1.748443100000000028e+00 3.809401289692994628e-07 9.649135705802706232e-08
1.757185299999999950e+00 3.771219876216132729e-07 9.506615771588564438e-08
1.765971200000000074e+00 3.733374484249125299e-07 9.366362383955366593e-08
1.774801099999999909e+00 3.695862327833407343e-07 9.227809779243052539e-08
1.783675099999999958e+00 3.658681477198089508e-07 9.092018867061456934e-08
1.792593499999999951e+00 3.621834842723292090e-07 8.957886086690598728e-08
1.801556500000000005e+00 3.585314329639369157e-07 8.825928620618894381e-08
1.810564199999999957e+00 3.549112471168485294e-07 8.696123434185726519e-08
1.819617100000000098e+00 3.513236950234968613e-07 8.567918194515392273e-08
1.828715099999999927e+00 3.477681048319485620e-07 8.442349021298358083e-08
1.837858699999999956e+00 3.442435958631563073e-07 8.318339057846827019e-08
1.847048000000000023e+00 3.407510643662297021e-07 8.195873889052434569e-08
1.856283300000000080e+00 3.372891775368262452e-07 8.075972633160600242e-08
1.865564699999999965e+00 3.338577652180869944e-07 7.957576481307477589e-08
1.874892500000000073e+00 3.304571028103625402e-07 7.841182586947016323e-08
1.884266999999999914e+00 3.270869353901212452e-07 7.726259103107760613e-08
1.893688299999999991e+00 3.237465719668664299e-07 7.613299237741116829e-08
1.903156700000000034e+00 3.204357755059738630e-07 7.502280979710562731e-08
1.912672499999999998e+00 3.171543115948826462e-07 7.392680622765288471e-08
1.922235899999999997e+00 3.139014885630487632e-07 7.284983875552991207e-08
1.931847099999999928e+00 3.106780975496198326e-07 7.178672753288811586e-08
1.941506299999999907e+00 3.074834429630261584e-07 7.074228260555556985e-08
1.951213800000000109e+00 3.043168179940665998e-07 6.971137312805581520e-08
1.960969900000000044e+00 3.011780104461747988e-07 6.869875926607240927e-08
1.970774699999999990e+00 2.980668707048448051e-07 6.769936962809358307e-08
1.980628599999999961e+00 2.949836219935713590e-07 6.671791499134853614e-08
1.990531800000000073e+00 2.919271538865097548e-07 6.574937221131095193e-08
2.000484399999999940e+00 2.888982405539736503e-07 6.479361789886813899e-08
2.010486799999999796e+00 2.858952819490463333e-07 6.385529482222890373e-08
2.020539299999999816e+00 2.829189922385169518e-07 6.293420414466074535e-08
2.030641999999999836e+00 2.799687828255317178e-07 6.202069996918231454e-08
2.040795199999999809e+00 2.770444637094919369e-07 6.112413611100614492e-08
2.050999200000000133e+00 2.741458465095848372e-07 6.024431840173949027e-08
2.061254200000000036e+00 2.712723424609753860e-07 5.937174275426000373e-08
2.071560400000000080e+00 2.684238037524899839e-07 5.851562874774027090e-08
2.081918200000000052e+00 2.656004510511650161e-07 5.767578399125381942e-08
2.092327800000000071e+00 2.628012944870232251e-07 5.684284722804887975e-08
2.102789500000000089e+00 2.600261754395695228e-07 5.602590011815096096e-08
2.113303399999999943e+00 2.572753924067904301e-07 5.522022037336059370e-08
2.123869899999999866e+00 2.545483469179680342e-07 5.442568981660622403e-08
2.134489299999999812e+00 2.518444828353931958e-07 5.364669161238618745e-08
2.145161700000000060e+00 2.491637027038917092e-07 5.287409991789879674e-08
2.155887499999999957e+00 2.465054467267559621e-07 5.209450819355151470e-08
2.166666999999999899e+00 2.438668695576768546e-07 5.131250168394294128e-08
2.177500300000000166e+00 2.412483485427503990e-07 5.054580660830181889e-08
2.188387800000000105e+00 2.386494164592423997e-07 4.978985624840967496e-08
2.199329699999999832e+00 2.360527357516010483e-07 4.904890740873689829e-08
2.210326400000000024e+00 2.334930109956407965e-07 4.831409680280553472e-08
2.221378000000000075e+00 2.309520115311343944e-07 4.758970713286388797e-08
2.232484900000000216e+00 2.284296795817964796e-07 4.687992880119121027e-08
2.243647300000000122e+00 2.259259974821868161e-07 4.618031445016368158e-08
2.254865600000000025e+00 2.234398314937203808e-07 4.549075672357838669e-08
2.266139900000000207e+00 2.209719205593332066e-07 4.481115532004407012e-08
2.277470600000000012e+00 2.185204575845776882e-07 4.412032883718370705e-08
2.288857900000000001e+00 2.160844372355529688e-07 4.344365653129635842e-08
2.300302199999999964e+00 2.136638862634005751e-07 4.277679736221143635e-08
2.311803700000000017e+00 2.112779329872545789e-07 4.211965127624491367e-08
2.323362799999999950e+00 2.088872640203264757e-07 4.147211541916524154e-08
2.334979600000000044e+00 2.065105723347869117e-07 4.083532664935889576e-08
2.346654500000000088e+00 2.041482525016787122e-07 4.020916547933073287e-08
2.358387800000000034e+00 2.017997188346867306e-07 3.959310826220234820e-08
2.370179700000000000e+00 1.994641008765461004e-07 3.898664216004163636e-08
2.382030600000000220e+00 1.971414906462051766e-07 3.839006606243717703e-08
2.393940699999999921e+00 1.948313743077996097e-07 3.780287303169014322e-08
2.405910399999999782e+00 1.925329113551984380e-07 3.722496087599125469e-08
2.417940000000000200e+00 1.902456220855208406e-07 3.665622995098392521e-08
2.430029699999999959e+00 1.879690617873225675e-07 3.609618793605786808e-08
2.442179799999999901e+00 1.857024833896630641e-07 3.554552895070909961e-08
2.454390699999999814e+00 1.834451554889124388e-07 3.500336632763897802e-08
2.466662700000000097e+00 1.811966912843342915e-07 3.446960978488960884e-08
2.478995999999999977e+00 1.789558472371456195e-07 3.394455846218820151e-08
2.491391000000000133e+00 1.767219886877830723e-07 3.342773114147792487e-08
2.503847899999999793e+00 1.744939566623014405e-07 3.291904126454472293e-08
2.516367199999999915e+00 1.722708871214571478e-07 3.241839907997850952e-08
2.528948999999999891e+00 1.700514396596311655e-07 3.192534126388209916e-08
2.541593799999999792e+00 1.678345593248556728e-07 3.144054079744572844e-08
2.554301699999999897e+00 1.656187329819532548e-07 3.096315803899660425e-08
2.567073199999999833e+00 1.634024614160557026e-07 3.049311209153718611e-08
2.579908599999999996e+00 1.611837905246313247e-07 3.003069737058245859e-08
2.592808199999999896e+00 1.589611218898175661e-07 2.957583131028502189e-08
2.605772200000000094e+00 1.567318692049781134e-07 2.912769636640814602e-08
2.618801100000000215e+00 1.544935225574261292e-07 2.868658673680553337e-08
2.631895099999999932e+00 1.522437183841860929e-07 2.825279332703450596e-08
2.645054500000000086e+00 1.499783671613238595e-07 2.782551047686192684e-08
2.658279799999999859e+00 1.476940485838808417e-07 2.740502901386361874e-08
2.671571199999999813e+00 1.453859985354531962e-07 2.699091768771023538e-08
2.684929100000000179e+00 1.430486292094929566e-07 2.658346606903242439e-08
2.698353700000000188e+00 1.406758677604810585e-07 2.618260343728068567e-08
2.711845499999999909e+00 1.382594019180752611e-07 2.578790276192846090e-08
2.725404699999999902e+00 1.357893491257604321e-07 2.539929986319844600e-08
2.739031699999999958e+00 1.332533223039853932e-07 2.501672921642727557e-08
2.752726899999999866e+00 1.306356241363422003e-07 2.464012592389512341e-08
2.766490500000000186e+00 1.279153028791128126e-07 2.426942746118931705e-08
2.780323000000000100e+00 1.250642642291832585e-07 2.390456919548132702e-08
2.794224600000000169e+00 1.220404771930164776e-07 2.354548969775014053e-08
2.808195700000000183e+00 1.187909571343138400e-07 2.319178449555236824e-08
2.822236699999999932e+00 1.152231275320926868e-07 2.284373682218667619e-08
2.836347899999999811e+00 1.111853585951575899e-07 2.250128600918078097e-08
2.850529600000000219e+00 1.063900338682538513e-07 2.216403512673119721e-08
2.864782299999999893e+00 1.001780931905684159e-07 2.183159293578502524e-08
2.879106199999999838e+00 9.034358609884159670e-08 2.150424455767626212e-08
2.891587299999999860e+00 5.653382870707729629e-08 2.122451092628727153e-08
2.893501699999999843e+00 5.946926154253398145e-08 5.822344895400520983e-08
2.907969200000000143e+00 8.968256941796788639e-08 5.703583799157231662e-08
2.922509100000000082e+00 9.596329335787762855e-08 5.587502588408718480e-08
2.937121600000000221e+00 9.884099591727249251e-08 5.474069675159918372e-08
2.951807200000000186e+00 1.001064718419472137e-07 5.362927967520301930e-08
2.966566199999999931e+00 1.002707791032346194e-07 5.254051123237994220e-08
2.981399099999999969e+00 9.941515458925127778e-08 5.147734679842519007e-08
2.996306099999999972e+00 9.720216128501971867e-08 5.043307355989521605e-08
3.011287600000000175e+00 9.194336334619821902e-08 4.938197756249502012e-08
3.020581599999999867e+00 7.591797545822662044e-08 4.873423825979366841e-08
3.022418599999999955e+00 7.568249517331299750e-08 7.016653948389012754e-08
3.026343999999999923e+00 8.730608839821231988e-08 6.979638065005896955e-08
3.041475800000000174e+00 9.748243851459371741e-08 6.841069453527902135e-08
3.056683099999999875e+00 1.015528728468521141e-07 6.709674456107644374e-08
3.071966600000000103e+00 1.040385002691828045e-07 6.581292198376997859e-08
3.087326399999999804e+00 1.057328371113469433e-07 6.455576287176120998e-08
3.102762999999999938e+00 1.069347557707620862e-07 6.332804778604788013e-08
3.118276799999999849e+00 1.077932428682495829e-07 6.213250080290659779e-08
3.133868200000000215e+00 1.083947718210962180e-07 6.095953488257842178e-08
3.149537599999999937e+00 1.087952472222137717e-07 5.981803793394059418e-08
3.165285299999999857e+00 1.090327074922097242e-07 5.869852276373184433e-08
3.181111700000000209e+00 1.091351583801275897e-07 5.760677394113864986e-08
3.197017199999999892e+00 1.091233563650171207e-07 5.653644708567143125e-08
3.213002299999999867e+00 1.090130745676860889e-07 5.549327016641835586e-08
3.229067300000000085e+00 1.088172707352546953e-07 5.447096609828487339e-08
3.245212700000000172e+00 1.085458404113415264e-07 5.346929216819952216e-08
3.261438699999999802e+00 1.082071586752013569e-07 5.249095632765265545e-08
3.277745900000000212e+00 1.078074233080789653e-07 5.153274589055104871e-08
3.294134699999999860e+00 1.073521358094504468e-07 5.059442668773971919e-08
3.310605300000000195e+00 1.068453004510667277e-07 4.967576969311261824e-08
3.327158400000000071e+00 1.062901065416252075e-07 4.877654039712122587e-08
3.343794100000000213e+00 1.056887095657787450e-07 4.789651540193789530e-08
3.360513099999999920e+00 1.050422047139973775e-07 4.703260790426106618e-08
3.377315700000000032e+00 1.043504208037231265e-07 4.618748084344654630e-08
3.394202299999999894e+00 1.036114779642975752e-07 4.535808407004664876e-08
3.411173300000000186e+00 1.028220355186322786e-07 4.454424001964545561e-08
3.428229099999999807e+00 1.019751991649127145e-07 4.374857298836331222e-08
3.445370299999999997e+00 1.010591564315352703e-07 4.296807796018095111e-08
3.462597099999999983e+00 1.000535169418845653e-07 4.220258492492211059e-08
3.479910100000000117e+00 9.891888513219968153e-08 4.145192042935877801e-08
3.497309700000000188e+00 9.757048401803068608e-08 4.071317014728842501e-08
3.514796200000000148e+00 9.576952626640228213e-08 3.999167092815143218e-08
3.532370199999999905e+00 9.208834318470451794e-08 3.928177773109096396e-08
3.533789899999999928e+00 9.140132843643659573e-08 3.922524700821898387e-08
3.542210299999999812e+00 9.107461324523937033e-08 4.586404012614301099e-08
3.550032100000000135e+00 9.318896249652160410e-08 4.549527300717924852e-08
3.567782199999999904e+00 9.464321535318603916e-08 4.467158591690032887e-08
3.585621100000000006e+00 9.508310222165582134e-08 4.386567738993396989e-08
3.603549199999999786e+00 9.516147153371994886e-08 4.307201013504961627e-08
3.621567000000000203e+00 9.504758141271817397e-08 4.229310593604803406e-08
3.639674799999999877e+00 9.481174626949678758e-08 4.153143729630901941e-08
3.657873200000000047e+00 9.449017004908818211e-08 4.078154885171354777e-08
3.676162600000000058e+00 9.410369764960579933e-08 4.004592814657530301e-08
3.694543400000000144e+00 9.366559821211474240e-08 3.932441338808391870e-08
3.713016099999999931e+00 9.318297227861757716e-08 3.861684316974621050e-08
3.731581199999999932e+00 9.266855031469300549e-08 3.794106596711735043e-08
3.750239099999999937e+00 9.213471889647379081e-08 3.728129663785484212e-08
3.768990300000000016e+00 9.158249943941934782e-08 3.662715296165888174e-08
3.787835199999999958e+00 9.101060741737393357e-08 3.597606151161402154e-08
3.806774400000000114e+00 9.042132787240247855e-08 3.534062851261151423e-08
3.825808299999999829e+00 8.981687755963811595e-08 3.471564625094774901e-08
3.844937299999999780e+00 8.919902767349107236e-08 3.410349893177604357e-08
3.864161999999999875e+00 8.856911478958332850e-08 3.350155157941341395e-08
3.883482799999999902e+00 8.792844103813550437e-08 3.291216582101476210e-08
3.902900199999999931e+00 8.727778329242454874e-08 3.233519449732382802e-08
3.922414700000000032e+00 8.661789565510656223e-08 3.176804435772351150e-08
3.942026799999999831e+00 8.594869025180678637e-08 3.120817221346849477e-08
3.961736900000000006e+00 8.526974644862701713e-08 3.066035459890470216e-08
3.981545600000000018e+00 8.458077390091254618e-08 3.011962617627723858e-08
4.001453299999999658e+00 8.388116892813172879e-08 2.959071691317088008e-08
4.021460600000000163e+00 8.316956370739249775e-08 2.907109882456704692e-08
4.041567900000000435e+00 8.244343576654441782e-08 2.856066951545939914e-08
4.061775700000000100e+00 8.169860305518496254e-08 2.805932676810125034e-08
4.082084599999999952e+00 8.092723416643983915e-08 2.756696861408370403e-08
4.102495000000000225e+00 8.011361269585452732e-08 2.708349538166237277e-08
4.123007499999999936e+00 7.921910639321562047e-08 2.660880695407632695e-08
4.143622599999999601e+00 7.809610799503872420e-08 2.614280480176501339e-08
4.153218899999999714e+00 7.723664771452420685e-08 2.592984435041229371e-08
4.164340700000000339e+00 7.684258642174621678e-08 2.752269735182889931e-08
4.164780900000000230e+00 7.687638479444017819e-08 2.751287321848486838e-08
4.185162400000000282e+00 7.715887975589869457e-08 2.703022835943266181e-08
4.206088199999999944e+00 7.687112454772177230e-08 2.654654316211830371e-08
4.227118599999999837e+00 7.644675064472503316e-08 2.607381500206257453e-08
4.248254199999999869e+00 7.595809240537357103e-08 2.560739297299055633e-08
4.269495499999999666e+00 7.543087367597817544e-08 2.514946345377219380e-08
4.290842999999999741e+00 7.487708631883594359e-08 2.470216859707241847e-08
4.312297199999999719e+00 7.430298603049149455e-08 2.426092833606641471e-08
4.333858700000000397e+00 7.371149360488953998e-08 2.382789715106055423e-08
4.355527999999999622e+00 7.310341644779630559e-08 2.340518653081191371e-08
4.377305599999999686e+00 7.247830718527801239e-08 2.299486492746449743e-08
4.399192099999999606e+00 7.183847116595576304e-08 2.259459336359275468e-08
4.421188100000000176e+00 7.117635928520814976e-08 2.220424914944500550e-08
4.443293999999999855e+00 7.047248057118191586e-08 2.181939064740522837e-08
4.465510499999999716e+00 6.965209335557151447e-08 2.144361610390671285e-08
4.472946199999999983e+00 6.928664853451176097e-08 2.131954429369254962e-08
4.487838100000000274e+00 6.877536511356537923e-08 2.199427820512648919e-08
4.491053499999999588e+00 6.882307507825095608e-08 2.194005492959511864e-08
4.510277199999999986e+00 6.867149106967409893e-08 2.162305345179033893e-08
4.532828600000000208e+00 6.827453637767874825e-08 2.125709544856713906e-08
4.555492799999999676e+00 6.781372065774385189e-08 2.089866881942471644e-08
4.578270200000000401e+00 6.732485813893241203e-08 2.054663798616308719e-08
4.601161600000000185e+00 6.682096593992725442e-08 2.020072179246458052e-08
4.624167400000000150e+00 6.630691473583404353e-08 1.985649361028682912e-08
4.647288200000000202e+00 6.578612250372089523e-08 1.951828926684386908e-08
4.670524699999999640e+00 6.526095852896804987e-08 1.918624695175458476e-08
4.693877299999999586e+00 6.473305104820590341e-08 1.886009357737511291e-08
4.717346700000000226e+00 6.420363239833917254e-08 1.853955951319292804e-08
4.740933400000000297e+00 6.367324684314273285e-08 1.822458307458228216e-08
4.764638099999999987e+00 6.314265457713201370e-08 1.791490087233312639e-08
4.788461299999999810e+00 6.261235489408397852e-08 1.761085629834566543e-08
4.812403599999999670e+00 6.208282630233225560e-08 1.731198696203900642e-08
4.836465600000000364e+00 6.155445188203027537e-08 1.701843446464288449e-08
4.860647900000000021e+00 6.102752356548861792e-08 1.673013946741134510e-08
4.884951199999999716e+00 6.050232007346838619e-08 1.644684631203534617e-08
4.909375899999999682e+00 5.997904161044170333e-08 1.616850034476631852e-08
4.933922800000000386e+00 5.945787123503816711e-08 1.589504606347195316e-08
4.958592399999999678e+00 5.893899233493677231e-08 1.562642946248694897e-08
4.983385400000000409e+00 5.842257657317527435e-08 1.536259638043757263e-08
5.008302300000000429e+00 5.790872107978974230e-08 1.510330208971639632e-08
5.033343799999999924e+00 5.739751459271033815e-08 1.484849626748958117e-08
5.058510499999999688e+00 5.688911572149226946e-08 1.459812935244013000e-08
5.083803099999999908e+00 5.638367449850840904e-08 1.435215194323236693e-08
5.109222100000000211e+00 5.588113012098965446e-08 1.411051565370182023e-08
5.134768199999999894e+00 5.538162664232293687e-08 1.387298500695695595e-08
5.160442100000000032e+00 5.488523386792659278e-08 1.363970076011972078e-08
5.186244300000000251e+00 5.439202273637750469e-08 1.341043069798019100e-08
5.212175499999999850e+00 5.390205682526748260e-08 1.318494618209698225e-08
5.238236399999999904e+00 5.341533047917750155e-08 1.296357245330860963e-08
5.264427600000000318e+00 5.293197115698237747e-08 1.274589866065422731e-08
5.290749700000000111e+00 5.245203577214188734e-08 1.253206596521479093e-08
5.317203400000000357e+00 5.197551209897963631e-08 1.232185094760682493e-08
5.343789499999999748e+00 5.150257706473982881e-08 1.211521359835651609e-08
5.370508400000000293e+00 5.103315526634885932e-08 1.191211518048830296e-08
5.397360899999999795e+00 5.056741587013317226e-08 1.171251639244353811e-08
5.424347700000000216e+00 5.010515147943317116e-08 1.151496269076249912e-08
5.451469499999999968e+00 4.964591723964864618e-08 1.131978904773005051e-08
5.478726799999999564e+00 4.918971325013957299e-08 1.112784964099802633e-08
5.506120499999999751e+00 4.873671212156707098e-08 1.093928317152825852e-08
5.533651100000000156e+00 4.828690796077345885e-08 1.075405251964401926e-08
5.561319300000000077e+00 4.784034991726541760e-08 1.057177525290770095e-08
5.589125899999999980e+00 4.739708296039941721e-08 1.039276300805976305e-08
5.617071600000000053e+00 4.695715140367650034e-08 1.021680834796911846e-08
5.645156899999999922e+00 4.652048628768217904e-08 1.004387798124664717e-08
5.673382700000000334e+00 4.608724032767177546e-08 9.873938192927772616e-09
5.701749600000000306e+00 4.565728455763022534e-08 9.706787742204909482e-09
5.730258400000000307e+00 4.523076832003584349e-08 9.542563750639685790e-09
5.758909599999999962e+00 4.480761960580979679e-08 9.381067384460822981e-09
5.787704200000000299e+00 4.447527493870541156e-08 9.222268462396716126e-09
5.816642700000000055e+00 4.405803871368707365e-08 9.063992331774889385e-09
5.845725899999999697e+00 4.364390467782710404e-08 8.908212360013803948e-09
5.874954599999999694e+00 4.323280643660333625e-08 8.755228604362662775e-09
5.904329299999999670e+00 4.282489281460299383e-08 8.604847527155060013e-09
5.933850999999999765e+00 4.242009225015264043e-08 8.457040150775476482e-09
5.963520199999999605e+00 4.201849599195607757e-08 8.311939464258891394e-09
5.993337799999999937e+00 4.162003346047723809e-08 8.169354579445507183e-09
6.023304500000000061e+00 4.122478944965346437e-08 8.029098359368632114e-09
6.053421000000000163e+00 4.088791601115048890e-08 7.890987084752366531e-09
6.083688200000000101e+00 4.049840484745587426e-08 7.754524560835216118e-09
6.114106600000000391e+00 4.011196675506867223e-08 7.620480835401357371e-09
6.144677100000000003e+00 3.972863168335029818e-08 7.488828784865104568e-09
6.175400500000000292e+00 3.934838134321724901e-08 7.359541664577846178e-09
6.206277499999999669e+00 3.897119876879459406e-08 7.232438410988447380e-09
6.237308900000000378e+00 3.859715929645428462e-08 7.107495069761077847e-09
6.268495399999999940e+00 3.822615059625391011e-08 6.984841162385372002e-09
6.299837899999999991e+00 3.785829090842554493e-08 6.864450766693973049e-09
6.331337099999999829e+00 3.749346854137474284e-08 6.745995167998453971e-09
6.362993799999999922e+00 3.713175409009642520e-08 6.629755293833360486e-09
6.394808799999999849e+00 3.677308117400389764e-08 6.515555890711452545e-09
6.426782799999999796e+00 3.641751861991755392e-08 6.403374396513458266e-09
6.458916699999999622e+00 3.606499870932937003e-08 6.293188250927243948e-09
6.491211299999999795e+00 3.571549996853064128e-08 6.184827309680963721e-09
6.523667399999999894e+00 3.536904381257484070e-08 6.078566040611524876e-09
6.556285700000000105e+00 3.502560882346766304e-08 5.974087628445859548e-09
6.589067100000000288e+00 3.468521348013585593e-08 5.871372509512873726e-09
6.622012500000000301e+00 3.434775031969650949e-08 5.770546272700328445e-09
6.655122500000000052e+00 3.401332389882393173e-08 5.671587808496285963e-09
6.688398099999999680e+00 3.368182646518954262e-08 5.574332319536400543e-09
6.721840099999999651e+00 3.335331688612870164e-08 5.478761050678604637e-09
6.755449300000000434e+00 3.302773134917881073e-08 5.384855413997480156e-09
6.789226600000000111e+00 3.270508580231724218e-08 5.292596909303130310e-09
6.823172699999999757e+00 3.238531856773013661e-08 5.201967359942966107e-09
6.857288600000000400e+00 3.206844423246411829e-08 5.113088517758212114e-09
6.891574999999999562e+00 3.175447887599980099e-08 5.025661842055550978e-09
6.926032900000000048e+00 3.144335858339564379e-08 4.939671509978389978e-09
6.960663099999999659e+00 3.113506059322973513e-08 4.855377822763337091e-09
6.995466399999999751e+00 3.082959949520106387e-08 4.772486803770583855e-09
7.030443700000000185e+00 3.052695088331603692e-08 4.691119692386005675e-09
7.065595899999999929e+00 3.022712703718980946e-08 4.611123411817405335e-09
7.100923899999999733e+00 2.996254625617469497e-08 4.532212554162791802e-09
7.136428500000000064e+00 2.966797593182362535e-08 4.454376332039443647e-09
7.172110700000000172e+00 2.937608846231116435e-08 4.377871627697856600e-09
7.207971200000000245e+00 2.908682822210034276e-08 4.302817089098784550e-09
7.244011099999999814e+00 2.880020724817419785e-08 4.229063556864907322e-09
7.280231099999999955e+00 2.851623960113246220e-08 4.156596762232889628e-09
7.316632300000000200e+00 2.823490099520174290e-08 4.085402332872302180e-09
7.353215500000000127e+00 2.795613607028628045e-08 4.015466199025420371e-09
7.389981500000000203e+00 2.767995760008593423e-08 3.946904318490917643e-09
7.426931399999999961e+00 2.740634196734409116e-08 3.879442252598109669e-09
7.464066100000000148e+00 2.713526729421399268e-08 3.813068194501751346e-09
7.501386400000000343e+00 2.686674494983630979e-08 3.748026443370124268e-09
7.538893400000000078e+00 2.660071901573363123e-08 3.684046801030079460e-09
7.576587800000000428e+00 2.633720131446617379e-08 3.621244594645345583e-09
7.614470800000000317e+00 2.607616770144971365e-08 3.559606413911822118e-09
7.652543099999999932e+00 2.581759772864014844e-08 3.498993761003994532e-09
7.690805799999999692e+00 2.556146840412955046e-08 3.439395389502035071e-09
7.729259899999999739e+00 2.530775766393975394e-08 3.380924405974003127e-09
7.767906199999999650e+00 2.505647511978481401e-08 3.323444462402021520e-09
7.806745699999999566e+00 2.480756834744283738e-08 3.267067637704631085e-09
7.845779399999999626e+00 2.456104547054872429e-08 3.211536588299289948e-09
7.885008299999999970e+00 2.431688438926632720e-08 3.157085955125658430e-09
7.924433399999999850e+00 2.407506323545855195e-08 3.103582181156964640e-09
7.964055499999999732e+00 2.383553287609720750e-08 3.051014852282536750e-09
8.003875799999999430e+00 2.359832832605570726e-08 2.999373493110825475e-09
8.043895199999999690e+00 2.336342811615240675e-08 2.948647839334287981e-09
8.084114700000000653e+00 2.313075471575792304e-08 2.898708930132483937e-09
8.124535200000000401e+00 2.290037143682069346e-08 2.849784775809509479e-09
8.165157900000000524e+00 2.267220033198004866e-08 2.801628363001435303e-09
8.205983700000000880e+00 2.244624863750171980e-08 2.754465522171501930e-09
8.247013600000000721e+00 2.222249539276015578e-08 2.707935437952129118e-09
8.288248700000000468e+00 2.200094581127707128e-08 2.662379275716512365e-09
8.329689899999999980e+00 2.179175493870834737e-08 2.617439905950307585e-09
8.371338400000000846e+00 2.157447397327642555e-08 2.573225795434540101e-09
8.413195099999999371e+00 2.135930822604739986e-08 2.529729170916980099e-09
8.455261000000000138e+00 2.114623782447438100e-08 2.486942295942547579e-09
8.497537299999999405e+00 2.093526730965260816e-08 2.444970418200180196e-09
8.540024999999999977e+00 2.072635154658655500e-08 2.403691843422634244e-09
9.030794000000000210e+00 1.860117043156378975e-08 1.981478060624499141e-09
9.653919000000000139e+00 1.623441851142118816e-08 1.556649995454897508e-09
1.032004000000000055e+01 1.415119123550866855e-08 1.224826998455392276e-09
1.103212000000000081e+01 1.232142716206340812e-08 9.649453156251349009e-10
1.179334000000000060e+01 1.071304231859281652e-08 7.615518537152257749e-10
1.260707999999999984e+01 9.293276297974833193e-09 6.020818573390244550e-10
1.347696999999999967e+01 8.019759184710722132e-09 4.754685524404025951e-10
1.432700999999999958e+01 6.867190739705217780e-09 3.834150668702091401e-10
1.440687999999999924e+01 6.738736411530863335e-09 3.760319954813631145e-10
1.454630000000000045e+01 6.437107959433218663e-09 3.635382476550057550e-10
1.460477999999999987e+01 6.124165183942978893e-09 3.584673406502110009e-10
1.469250000000000078e+01 6.308576328629862721e-09 8.564004678623541435e-10
1.491178999999999988e+01 6.345618020737649605e-09 8.120035213372716220e-10
1.540094999999999992e+01 6.088184064354377440e-09 7.230690527041388012e-10
1.646361999999999881e+01 5.388779168436635157e-09 5.659289050492519998e-10
1.699035999999999902e+01 5.027908058243316433e-09 5.039842478115815663e-10
1.725040999999999869e+01 4.802513760453272221e-09 4.765639384770663292e-10
1.731975999999999871e+01 4.670579457707295109e-09 4.695785462493509295e-10
1.742378000000000071e+01 4.708556191781268420e-09 6.420438102576305741e-10
1.759960999999999842e+01 4.678408818942263362e-09 6.191018663355241450e-10
1.768802000000000163e+01 4.646222343223707091e-09 6.079206172208838421e-10
1.795874999999999844e+01 4.511696100540680858e-09 5.753960552437091241e-10
1.803095000000000070e+01 4.440229884473953129e-09 5.670225027117958775e-10
1.813924000000000092e+01 4.441786094704050388e-09 6.399533949842332907e-10
1.840998000000000090e+01 4.372530988795338887e-09 6.076503125093399671e-10
1.881398000000000081e+01 4.232036402634032881e-09 5.632212181475267446e-10
2.011214999999999975e+01 3.772192644346914513e-09 4.450448149122580988e-10
2.149988000000000099e+01 3.335236764231110098e-09 3.514809520948292175e-10
2.298338000000000036e+01 2.938152549923235797e-09 2.776769793128928140e-10
2.456923000000000101e+01 2.582763468418723731e-09 2.193641379580243870e-10
2.626450000000000173e+01 2.267300243726393292e-09 1.734019564479567221e-10
2.807676000000000016e+01 1.988575334024010189e-09 1.363467481338171788e-10
3.001405000000000101e+01 1.743467354356991650e-09 1.070054082711325885e-10
3.208502000000000010e+01 1.526415238388755854e-09 8.395057834428619598e-11
3.429889000000000010e+01 1.335784198107392362e-09 6.594796246862524522e-11
3.666550999999999760e+01 1.169445737993998895e-09 5.174714702700323675e-11
3.919543000000000177e+01 1.022774282612906199e-09 4.053760636481756347e-11
4.189992000000000161e+01 8.942967057273177932e-10 3.179447735657810427e-11
4.479100999999999999e+01 7.818481835531284746e-10 2.496918491710077659e-11
4.788159000000000276e+01 6.834722804429956892e-10 1.963053873774091530e-11
5.118542000000000058e+01 5.974342877542487425e-10 1.545395684175492893e-11
5.471721000000000146e+01 5.221985701830914191e-10 1.218197029313028300e-11
5.849269999999999925e+01 4.564138106702793844e-10 9.615598035023886960e-12
6.252870000000000061e+01 3.988920616195182890e-10 7.600443958206183534e-12
6.684318000000000382e+01 3.485870826189129654e-10 6.006868748575245126e-12
7.145535999999999888e+01 3.045785412589046893e-10 4.753805520112849079e-12
7.638577999999999690e+01 2.660614664652985713e-10 3.767553545984909802e-12
8.165640000000000498e+01 2.323130263320295731e-10 2.976752780720581793e-12
8.729068999999999789e+01 2.026376126512444682e-10 2.343167268450931637e-12
9.331373999999999569e+01 1.762269675480561749e-10 1.848825590504368641e-12
9.643591999999999587e+01 1.637022982017707120e-10 1.646416519672671481e-12
9.791197999999999979e+01 1.568788710032489907e-10 1.561003242314386008e-12
9.830559999999999832e+01 1.533414440923008360e-10 1.539128239823936182e-12
9.889601999999999293e+01 1.538673228597103943e-10 5.947359422776028277e-12
9.975239000000000544e+01 1.526992068834996380e-10 5.771577321791537657e-12
1.003721000000000032e+02 1.513705355103592662e-10 5.648524550718887049e-12
1.066353000000000009e+02 1.359876189259065268e-10 4.573504501700720925e-12
1.139930999999999983e+02 1.197009699379799511e-10 3.622350459156178590e-12
1.218586999999999989e+02 1.050966398910988192e-10 2.867176832817637210e-12
1.302668999999999926e+02 9.216306733920388087e-11 2.270380893074984851e-12
1.392553000000000054e+02 8.076471845496139288e-11 1.799070358481506435e-12
1.488640000000000043e+02 7.074331280111371367e-11 1.424800179393808575e-12
1.591356000000000108e+02 6.194499583213171770e-11 1.129657965455612951e-12
1.701159000000000106e+02 5.422853793740150361e-11 8.967587364030141005e-13
1.818539000000000101e+02 4.746546120855967373e-11 7.129735554473184268e-13
1.944018000000000086e+02 4.154088479865402179e-11 5.677946790627191059e-13
2.078155999999999892e+02 3.635256977519452026e-11 4.530719542352176689e-13
2.221547999999999945e+02 3.181031164631345809e-11 3.623316757126807107e-13
2.374834999999999923e+02 2.783432733735085211e-11 2.904481882925713567e-13
2.538699000000000012e+02 2.435453700926497259e-11 2.334249773925179108e-13
2.713869000000000256e+02 2.130932333621232801e-11 1.881279172401441202e-13
2.901125999999999863e+02 1.864461005666067810e-11 1.520870282394909422e-13
3.101304000000000087e+02 1.631296251469307414e-11 1.233571083411101016e-13
3.315294000000000096e+02 1.427284095470671235e-11 1.004127281273815728e-13
3.544048999999999978e+02 1.248786170597284526e-11 8.204545224526690205e-14
3.788587999999999738e+02 1.092613971244945188e-11 6.730583071569829615e-14
4.050000999999999749e+02 9.559754539538505565e-12 5.544744268536689790e-14
4.329451000000000249e+02 8.364285443669088662e-12 4.587720568414875266e-14
