1.067676000000000069e+00 1.701590995581795393e-03 5.411985269674388739e-04
1.141345000000000054e+00 1.500859207002656773e-03 4.322934482255763817e-04
1.220097999999999905e+00 1.319062471830346247e-03 3.424619171857566646e-04
1.304284999999999917e+00 1.155866298694610680e-03 2.717403536424766548e-04
1.394281000000000104e+00 1.010862349064292186e-03 2.159870295095418953e-04
1.490485999999999978e+00 8.826740587806368920e-04 1.719462880847096216e-04
1.593328999999999995e+00 7.696685273005646937e-04 1.371214820557870560e-04
1.703268999999999922e+00 6.702962963206043597e-04 1.095379836351958964e-04
1.820794999999999941e+00 5.830475778379445428e-04 8.766530558157815728e-05
1.946430000000000105e+00 5.062876007788193926e-04 6.989468280191492170e-05
2.080732999999999944e+00 4.383966277868106770e-04 5.558400299815732045e-05
2.224304000000000059e+00 3.781180053441237851e-04 4.426672186631750729e-05
2.377781000000000144e+00 3.240619416018500386e-04 3.529176858848372844e-05
2.541847999999999885e+00 2.741568855078498350e-04 2.814387805296216465e-05
2.717235000000000067e+00 2.227947996294064262e-04 2.247273410872780423e-05
2.781142000000000003e+00 1.991250304142375095e-04 2.078400387706839109e-05
2.823710000000000164e+00 1.698711417097181113e-04 1.975188682407643477e-05
2.835062000000000193e+00 1.424180553189044636e-04 1.948810061000863308e-05
2.852088999999999874e+00 1.651774037417804537e-04 6.871482874846948782e-05
2.894658000000000175e+00 1.793782866751252101e-04 6.528252014911505312e-05
2.904723999999999862e+00 1.797140884717860843e-04 6.450453796806143291e-05
2.907561999999999980e+00 1.797026536988200721e-04 6.428589019646090976e-05
2.952065999999999857e+00 1.721287223754517628e-04 6.100007699094082953e-05
2.963932999999999929e+00 1.605047075113821972e-04 6.016145374338768647e-05
2.981735000000000024e+00 1.716513957091521728e-04 8.212297844402133144e-05
3.026238000000000206e+00 1.822724800409986567e-04 7.894244744519007503e-05
3.105150000000000077e+00 1.848433210912140746e-04 7.046285202358219812e-05
3.159520000000000106e+00 1.819117546503827793e-04 6.521547996976680345e-05
3.207879999999999843e+00 1.758391850923041492e-04 6.096388953259277967e-05
3.220775999999999861e+00 1.704987151289579428e-04 5.989550495751761453e-05
3.240120000000000111e+00 1.741059355511522552e-04 6.743704011794928474e-05
3.288479999999999848e+00 1.751471002273018900e-04 6.347276519770296251e-05
3.319405999999999857e+00 1.741311044701966844e-04 6.115282228536977254e-05
3.548445000000000071e+00 1.601434423390207329e-04 4.815864831519831501e-05
3.793287999999999993e+00 1.446075915333195803e-04 3.927699860625332682e-05
4.055024000000000406e+00 1.301326486509567660e-04 3.123869424714408835e-05
4.334820999999999813e+00 1.158482562094137171e-04 2.457962555909819078e-05
4.633924000000000376e+00 1.025466167067976529e-04 1.933701476991452390e-05
4.953663999999999845e+00 9.044806698092902131e-05 1.522176113941283820e-05
5.295467000000000368e+00 7.958411750545396428e-05 1.198991565956703384e-05
5.660854999999999748e+00 6.990914363187868651e-05 9.447710840702992159e-06
6.051453000000000415e+00 6.150532543669868190e-05 7.411177980340321360e-06
6.469003999999999976e+00 5.392513669906701980e-05 5.808297064187488500e-06
6.915365000000000428e+00 4.719805432399830716e-05 4.547406159680691635e-06
7.392525000000000013e+00 4.128145494950531463e-05 3.564104108225649972e-06
7.902608999999999995e+00 3.609071008248985931e-05 2.796543444911030812e-06
8.447889999999999233e+00 3.154462100375796021e-05 2.196781395069019460e-06
9.030794000000000210e+00 2.757357628047944022e-05 1.722537040360232234e-06
9.653919000000000139e+00 2.408879146084963124e-05 1.340407948451869569e-06
1.032004000000000055e+01 2.103718445978987220e-05 1.044295412333194155e-06
1.103212000000000081e+01 1.836866517608520038e-05 8.146149034282339818e-07
1.179334000000000060e+01 1.603656801497054234e-05 6.359189924729135183e-07
1.260707999999999984e+01 1.399911116440518307e-05 4.964422099435123655e-07
1.347696999999999967e+01 1.221836333648609672e-05 3.868369844923508772e-07
1.440687999999999924e+01 1.066166043214649643e-05 3.011080994107148549e-07
1.540094999999999992e+01 9.299849798100928952e-06 2.341288726302659967e-07
1.646361999999999881e+01 8.107792884132792455e-06 1.823070510415698018e-07
1.759960999999999842e+01 7.062700075410004294e-06 1.421640035391742029e-07
1.881398000000000081e+01 6.142854297353672468e-06 1.110280570281369538e-07
2.011214999999999975e+01 5.323741329383056940e-06 8.684735592505026754e-08
2.149988000000000099e+01 4.546865098483055964e-06 6.803431416784455460e-08
2.167485999999999891e+01 4.441058623326610047e-06 6.605138575151069322e-08
2.200660999999999845e+01 4.171048088473298628e-06 6.249835329517720946e-08
2.209507999999999939e+01 3.974005922065567628e-06 6.159472811826916825e-08
2.222778999999999883e+01 4.091276997330897230e-06 3.790634741552534728e-07
2.255953999999999837e+01 4.116307459699821942e-06 3.583966474232410222e-07
2.298338000000000036e+01 4.034979708479269019e-06 3.340295544463915024e-07
2.456923000000000101e+01 3.623050778735593108e-06 2.621811520469826734e-07
2.626450000000000173e+01 3.208953186426986676e-06 2.067452034679127903e-07
2.807676000000000016e+01 2.829572614633749156e-06 1.622883964412278905e-07
3.001405000000000101e+01 2.488247992619774621e-06 1.268793089899218597e-07
3.208502000000000010e+01 2.184386678322654286e-06 9.911718083005220434e-08
3.429889000000000010e+01 1.915573151929837236e-06 7.746007414001770654e-08
3.666550999999999760e+01 1.678624565810327802e-06 6.055488464108276707e-08
3.919543000000000177e+01 1.470243012478701817e-06 4.736026952246870710e-08
4.189992000000000161e+01 1.287272681664307237e-06 3.705911214790514494e-08
4.479100999999999999e+01 1.127672200574653593e-06 2.897482330783077126e-08
4.788159000000000276e+01 9.868339469310227459e-07 2.253811301661625791e-08
5.118542000000000058e+01 8.634084688445912440e-07 1.754277706349236422e-08
5.471721000000000146e+01 7.553266096606500794e-07 1.366565447674279679e-08
5.849269999999999925e+01 6.607191924437777501e-07 1.065518485813550693e-08
6.252870000000000061e+01 5.779355442916007085e-07 8.315877977142929050e-09
6.684318000000000382e+01 5.055092825622228512e-07 6.497180361764922647e-09
7.145535999999999888e+01 4.421543138640335871e-07 5.080480464222412711e-09
7.638577999999999690e+01 3.867421012127336802e-07 3.977519338217903155e-09
8.165640000000000498e+01 3.382849438149963279e-07 3.115786708204980513e-09
8.729068999999999789e+01 2.958898719540596297e-07 2.439266710801555819e-09
9.331373999999999569e+01 2.588108054979557221e-07 1.914060465394021083e-09
9.975239000000000544e+01 2.263822606035884374e-07 1.504871417480159610e-09
1.066353000000000009e+02 1.980205299008864638e-07 1.186193885299201829e-09
1.139930999999999983e+02 1.732156188706859963e-07 9.383288889860021174e-10
1.218586999999999989e+02 1.515210020364590820e-07 7.451881758614046165e-10
1.302668999999999926e+02 1.325468078667010956e-07 5.944098808856890627e-10
1.392553000000000054e+02 1.159514673290076910e-07 4.764287965863305687e-10
1.488640000000000043e+02 1.014363034239669196e-07 3.838907265554584740e-10
1.591356000000000108e+02 8.874011373733230619e-08 3.110776960949249090e-10
1.701159000000000106e+02 7.763482221871445140e-08 2.536090845752031789e-10
1.818539000000000101e+02 6.792062593622213452e-08 2.080757170964884695e-10
1.944018000000000086e+02 5.942315937454087958e-08 1.718446218721571850e-10
2.078155999999999892e+02 5.198957568491747632e-08 1.428853376920622365e-10
2.221547999999999945e+02 4.548679005629170020e-08 1.196195749960355978e-10
2.374834999999999923e+02 3.979796136439779011e-08 1.008174075160961593e-10
2.538699000000000012e+02 3.482107722152622670e-08 8.554403919151647585e-11
2.713869000000000256e+02 3.046699982941343156e-08 7.305304045601709085e-11
2.901125999999999863e+02 2.665771991901077895e-08 6.276275967735427482e-11
3.101304000000000087e+02 2.332492067913036379e-08 5.423421081109974666e-11
3.315294000000000096e+02 2.040902959635498941e-08 4.711345474813142330e-11
3.544048999999999978e+02 1.785782458906868297e-08 4.112785111450126588e-11
3.788587999999999738e+02 1.562567219628163305e-08 3.605773020706906390e-11
4.050000999999999749e+02 1.367261683018465238e-08 3.173962143600476768e-11
4.329451000000000249e+02 1.196378572574113603e-08 2.803218716260129520e-11
