1.067676000000000069e+00 3.601736032879449727e-04 3.664692079231239401e-05
1.141345000000000054e+00 3.136973699513999066e-04 2.844267197514007903e-05
1.220097999999999905e+00 2.730534266209921034e-04 2.210063281100639712e-05
1.304284999999999917e+00 2.375584374200732712e-04 1.719163121824121150e-05
1.394281000000000104e+00 2.065781367280139069e-04 1.338704345761423387e-05
1.490485999999999978e+00 1.795321201924049805e-04 1.043717236084725942e-05
1.593328999999999995e+00 1.559045876832958297e-04 8.146756388431087526e-06
1.703268999999999922e+00 1.352333869794488221e-04 6.366687634241911124e-06
1.820794999999999941e+00 1.170973345383121257e-04 4.981343861780871024e-06
1.946430000000000105e+00 1.010998528865541895e-04 3.902241917022985933e-06
2.080732999999999944e+00 8.682189834410829101e-05 3.060557091590084087e-06
2.224304000000000059e+00 7.367423639136310830e-05 2.403454695333365092e-06
2.377781000000000144e+00 5.988387413070173733e-05 1.889719608987221205e-06
2.422559999999999825e+00 5.453111681175168803e-05 1.767197040541629347e-06
2.459639999999999826e+00 4.596729125556874414e-05 1.673464516168020395e-06
2.469527999999999945e+00 3.734146508693460221e-05 1.649562066943887233e-06
2.484360000000000124e+00 4.512872258783935490e-05 1.769602033948430278e-05
2.521440000000000126e+00 5.106777872975279826e-05 1.685340394013569359e-05
2.541847999999999885e+00 5.209042287745722422e-05 1.641196386114375063e-05
2.717235000000000067e+00 5.168410357505492025e-05 1.303087414289534733e-05
2.904723999999999862e+00 4.756698049226684374e-05 1.024990579450721302e-05
3.105150000000000077e+00 4.286355353149130619e-05 8.063706030371682755e-06
3.319405999999999857e+00 3.824652902798726943e-05 6.331138308614827212e-06
3.548445000000000071e+00 3.391128197549544439e-05 4.958140144849177581e-06
3.793287999999999993e+00 2.994644520368298541e-05 3.883370728309374197e-06
4.055024000000000406e+00 2.637373440192830848e-05 3.042077757335431562e-06
4.334820999999999813e+00 2.318322311933594589e-05 2.383198492556492958e-06
4.633924000000000376e+00 2.035118019038815920e-05 1.866205731103909719e-06
4.953663999999999845e+00 1.789649383115609531e-05 1.461229652170200971e-06
5.295467000000000368e+00 1.568053349088204440e-05 1.133694395261292449e-06
5.660854999999999748e+00 1.372663572881360988e-05 8.797306434256763083e-07
6.051453000000000415e+00 1.200955179843014623e-05 6.827520600672681843e-07
6.469003999999999976e+00 1.050328311522110920e-05 5.299520788744547105e-07
6.915365000000000428e+00 9.183636504724347751e-06 4.114281337088216574e-07
7.392525000000000013e+00 8.028462261873426159e-06 3.194512006642488791e-07
7.902608999999999995e+00 7.017942432996589262e-06 2.480952740091047708e-07
8.447889999999999233e+00 6.134454774466254304e-06 1.927042797130658813e-07
9.030794000000000210e+00 5.362776010171628080e-06 1.494888823671831626e-07
9.653919000000000139e+00 4.687244421911564873e-06 1.153799432718255087e-07
1.032004000000000055e+01 4.096801277587592444e-06 8.908262933060252645e-08
1.103212000000000081e+01 3.580842343096455087e-06 6.861146232388140396e-08
1.179334000000000060e+01 3.129837216870730374e-06 5.268214723588156183e-08
1.260707999999999984e+01 2.735684710365609207e-06 4.046896633270584539e-08
1.347696999999999967e+01 2.391254016966718211e-06 3.110107385404231874e-08
1.440687999999999924e+01 2.090315407023856056e-06 2.391792110302964742e-08
1.540094999999999992e+01 1.827361677339901055e-06 1.840374356664071072e-08
1.646361999999999881e+01 1.597581984295683148e-06 1.417162533143214771e-08
1.759960999999999842e+01 1.396790383167776543e-06 1.092324854451667457e-08
1.881398000000000081e+01 1.221318018351065713e-06 8.427486902929813827e-09
2.011214999999999975e+01 1.067954097096403165e-06 6.509180746173715899e-09
2.149988000000000099e+01 9.339013631955069957e-07 5.034239309749265639e-09
2.298338000000000036e+01 8.167244579156011561e-07 3.899502591294775664e-09
2.456923000000000101e+01 7.142901637000282432e-07 3.025775059311542731e-09
2.626450000000000173e+01 6.247343144674350146e-07 2.352636446839299825e-09
2.807676000000000016e+01 5.464331443767084004e-07 1.823619155039884597e-09
3.001405000000000101e+01 4.779611640865863153e-07 1.415219399694191549e-09
3.208502000000000010e+01 4.180845608653245377e-07 1.102102277512383319e-09
3.429889000000000010e+01 3.657225485797725591e-07 8.614999086453263988e-10
3.666550999999999760e+01 3.199285464713174544e-07 6.764981136771120385e-10
3.919543000000000177e+01 2.798755456499434961e-07 5.338304351125736775e-10
4.189992000000000161e+01 2.448459960617770837e-07 4.236316060463047676e-10
4.479100999999999999e+01 2.142048755609452147e-07 3.382519725762932393e-10
4.788159000000000276e+01 1.874041153388857545e-07 2.719054976793660992e-10
5.118542000000000058e+01 1.639596584393811068e-07 2.201600999855948032e-10
5.471721000000000146e+01 1.434508307933780131e-07 1.794635886279066734e-10
5.849269999999999925e+01 1.255096585623029746e-07 1.473841473450701367e-10
6.252870000000000061e+01 1.098144109060209816e-07 1.220885905215057516e-10
6.684318000000000382e+01 9.608309709124264913e-08 1.020201874658578442e-10
7.145535999999999888e+01 8.406980804934725549e-08 8.599739775096250117e-11
7.638577999999999690e+01 7.355992088274137401e-08 7.310724965978181193e-11
8.165640000000000498e+01 6.436431451039614739e-08 6.265335070403852537e-11
8.729068999999999789e+01 5.631859092430013106e-08 5.411007986987821026e-11
9.331373999999999569e+01 4.927922729632848481e-08 4.706525934885861087e-11
9.975239000000000544e+01 4.312025635703784768e-08 4.120809496715037466e-11
1.066353000000000009e+02 3.773104503871483195e-08 3.629593074065915830e-11
1.139930999999999983e+02 3.301560633127469431e-08 3.213825234227475917e-11
1.218586999999999989e+02 2.888978646351727094e-08 2.858896087970497130e-11
1.302668999999999926e+02 2.527960380046968455e-08 2.553487987777577082e-11
1.392553000000000054e+02 2.212069013068060091e-08 2.288500488341484124e-11
1.488640000000000043e+02 1.935660563277167419e-08 2.057233495206132952e-11
1.591356000000000108e+02 1.693792909437473981e-08 1.853731948215105002e-11
1.701159000000000106e+02 1.482157421799082452e-08 1.673933193108470163e-11
1.818539000000000101e+02 1.296964394334407912e-08 1.514001447724696342e-11
1.944018000000000086e+02 1.134918268568769248e-08 1.371418891278951435e-11
2.078155999999999892e+02 9.931176898839784758e-09 1.243489617930652448e-11
2.221547999999999945e+02 8.690353929351378123e-09 1.128660576359321176e-11
2.374834999999999923e+02 7.604603182647691489e-09 1.025021983937562540e-11
2.538699000000000012e+02 6.654502410666633033e-09 9.315081157095366861e-12
2.713869000000000256e+02 5.823107693148404108e-09 8.467742528724636646e-12
2.901125999999999863e+02 5.095584075858327222e-09 7.700131267306306442e-12
3.101304000000000087e+02 4.458982434042305210e-09 7.003577776652643714e-12
3.315294000000000096e+02 3.901913438382661561e-09 6.369792602513885437e-12
3.544048999999999978e+02 3.414440712189345774e-09 5.794985423568971798e-12
3.788587999999999738e+02 2.987868906865554833e-09 5.271401588115204315e-12
4.050000999999999749e+02 2.614588354093824857e-09 4.795298563551035106e-12
4.329451000000000249e+02 2.287943058058715716e-09 4.361950570901083317e-12
