1.067676000000000069e+00 8.381084987986622652e-04 4.430968635574132142e-04
1.141345000000000054e+00 7.554982063654861781e-04 3.560290273594716786e-04
1.220097999999999905e+00 6.756280101046486207e-04 2.860367342637807828e-04
1.304284999999999917e+00 6.012248209550578697e-04 2.297757480549353663e-04
1.394281000000000104e+00 5.328312521139547077e-04 1.839744069114386505e-04
1.490485999999999978e+00 4.704501443803433712e-04 1.470963864615424982e-04
1.593328999999999995e+00 4.143304290321933700e-04 1.176426685936429295e-04
1.703268999999999922e+00 3.640949290682781760e-04 9.406385795684225936e-05
1.820794999999999941e+00 3.193576483198820853e-04 7.524646577900189306e-05
1.946430000000000105e+00 2.797468128157680760e-04 6.018568443348588709e-05
2.080732999999999944e+00 2.447870939955325482e-04 4.815779554186277989e-05
2.224304000000000059e+00 2.139622777869565459e-04 3.834286469076517709e-05
2.377781000000000144e+00 1.867332420499251227e-04 3.048541842521769571e-05
2.541847999999999885e+00 1.627447295783640980e-04 2.428029154534927191e-05
2.717235000000000067e+00 1.416474512288055216e-04 1.937081723358265813e-05
2.904723999999999862e+00 1.231181661881466005e-04 1.547979091036053519e-05
3.105150000000000077e+00 1.068705991474122103e-04 1.224822745677160166e-05
3.319405999999999857e+00 9.237534239521262840e-05 9.566797527072332867e-06
3.548445000000000071e+00 7.929330702230417429e-05 7.472720864249408771e-06
3.793287999999999993e+00 6.712279662605513241e-05 5.847853742439287875e-06
4.049555999999999933e+00 5.383147642331219184e-05 4.601521190077438196e-06
4.055024000000000406e+00 5.344694828757193039e-05 4.578713160487499838e-06
4.111538999999999611e+00 4.756649057891818510e-05 4.353312063811790158e-06
4.128067999999999849e+00 4.187850047152267809e-05 4.290151115584624509e-06
4.152860999999999692e+00 4.652844271376178773e-05 1.435775107251339213e-05
4.214844000000000257e+00 4.934124506855374855e-05 1.347571889190232008e-05
4.292792000000000385e+00 4.879795449649017487e-05 1.246053819233170828e-05
4.334820999999999813e+00 4.762380510136954547e-05 1.195280946050787264e-05
4.358497999999999983e+00 4.637576076854564919e-05 1.169842363098438277e-05
4.376019999999999577e+00 4.389984423848712354e-05 1.151598100760018528e-05
4.402301999999999715e+00 4.596688166019221406e-05 1.573116995995422435e-05
4.468008000000000202e+00 4.714871876609464009e-05 1.482322592891237036e-05
4.604333999999999705e+00 4.607743091434306660e-05 1.316437780641747276e-05
4.633924000000000376e+00 4.558200114112994055e-05 1.284870810204409004e-05
4.674807999999999630e+00 4.457233975398084872e-05 1.243121641521942264e-05
4.693602000000000274e+00 4.340894181888387660e-05 1.224601348805329950e-05
4.721790999999999627e+00 4.406646834744139680e-05 1.385429801790705918e-05
4.792265999999999693e+00 4.409155330853639404e-05 1.314218011982752972e-05
4.953663999999999845e+00 4.265146193507555398e-05 1.169944829819469627e-05
5.295467000000000368e+00 3.877319973941335975e-05 9.299463291173357574e-06
5.660854999999999748e+00 3.476746431651891626e-05 7.373351421809937416e-06
6.051453000000000415e+00 3.093091469143883316e-05 5.818356738276149299e-06
6.469003999999999976e+00 2.737458881538442951e-05 4.580104735643388771e-06
6.915365000000000428e+00 2.414000499701376463e-05 3.602880908049753912e-06
7.392525000000000013e+00 2.123519052381408424e-05 2.834604442518182733e-06
7.902608999999999995e+00 1.864825101607324803e-05 2.231848883847211183e-06
8.447889999999999233e+00 1.638206906819127047e-05 1.758148050394746971e-06
9.030794000000000210e+00 1.437277483598976323e-05 1.380958248978144062e-06
9.653919000000000139e+00 1.259197034909530371e-05 1.075356397681589011e-06
1.032004000000000055e+01 1.101440182425166598e-05 8.368386461475676247e-07
1.103212000000000081e+01 9.628764607130114504e-06 6.519145749748977466e-07
1.179334000000000060e+01 8.414211082280771958e-06 5.083699245586291683e-07
1.260707999999999984e+01 7.351041597542512343e-06 3.969332458588240828e-07
1.347696999999999967e+01 6.421158952839521245e-06 3.102924489011591936e-07
1.440687999999999924e+01 5.608304749054959225e-06 2.428497533819373581e-07
1.540094999999999992e+01 4.897949617476283273e-06 1.901451871675749367e-07
1.646361999999999881e+01 4.277252599798582881e-06 1.490217986618069102e-07
1.759960999999999842e+01 3.734971733277216605e-06 1.169454949809953483e-07
1.881398000000000081e+01 3.261126123038484516e-06 9.162736225307566366e-08
2.011214999999999975e+01 2.846849359912688174e-06 7.173556043143619856e-08
2.149988000000000099e+01 2.484483262233486482e-06 5.602548290624614386e-08
2.298338000000000036e+01 2.167198962599631164e-06 4.378492308775698409e-08
2.456923000000000101e+01 1.889003213555140043e-06 3.426932403414916366e-08
2.626450000000000173e+01 1.644132144635402600e-06 2.686526575569879187e-08
2.807676000000000016e+01 1.425997340788568903e-06 2.089604334347629160e-08
2.988138000000000005e+01 1.229348393020603998e-06 1.650733272652314468e-08
3.001405000000000101e+01 1.213011860698146053e-06 1.623402196777818381e-08
3.033874000000000137e+01 1.161521355601785654e-06 1.558904144177980231e-08
3.046070999999999884e+01 1.115249405289627984e-06 1.535521695556521461e-08
3.064366000000000057e+01 1.139033480454008098e-06 8.701869247349133906e-08
3.110101999999999833e+01 1.138317513668613156e-06 8.241974192109955263e-08
3.208502000000000010e+01 1.091378359683950305e-06 7.353730504313806445e-08
3.429889000000000010e+01 9.720865799799024489e-07 5.771563188446448823e-08
3.666550999999999760e+01 8.582238779003280483e-07 4.533846353458093327e-08
3.919543000000000177e+01 7.551577836829415409e-07 3.563217056563426776e-08
4.189992000000000161e+01 6.632612869402035317e-07 2.791943446949112850e-08
4.479100999999999999e+01 5.818227299353419068e-07 2.185557076491837303e-08
4.788159000000000276e+01 5.099695271249085453e-07 1.710884868850414258e-08
5.118542000000000058e+01 4.467371412676676463e-07 1.339062912029988721e-08
5.471721000000000146e+01 3.911885187565516917e-07 1.048439487195987087e-08
5.849269999999999925e+01 3.424480688033813480e-07 8.212155250322828779e-09
6.252870000000000061e+01 2.999064457372360485e-07 6.426654476365958616e-09
6.684318000000000382e+01 2.624325618299248675e-07 5.020611756821378251e-09
7.145535999999999888e+01 2.296111715724599005e-07 3.925877027312863969e-09
7.638577999999999690e+01 2.008785892034381230e-07 3.073128053857978974e-09
8.165640000000000498e+01 1.757349674414589519e-07 2.404801943407489642e-09
8.729068999999999789e+01 1.537283482994755166e-07 1.878305535501285475e-09
9.331373999999999569e+01 1.344722957014077866e-07 1.469457752315990444e-09
9.975239000000000544e+01 1.176259278058648403e-07 1.151750057587960914e-09
1.066353000000000009e+02 1.028898289081013641e-07 9.047734024886143534e-10
1.139930999999999983e+02 9.000024331386213593e-08 7.124433408367530178e-10
1.218586999999999989e+02 7.872616984438932163e-08 5.625671267877653634e-10
1.302668999999999926e+02 6.886557159366307369e-08 4.456047090667540333e-10
1.392553000000000054e+02 6.024104923723469390e-08 3.541477227558121703e-10
1.488640000000000043e+02 5.269758764466327375e-08 2.825459604732935309e-10
1.591356000000000108e+02 4.609968506955672241e-08 2.263855791942939663e-10
1.701159000000000106e+02 4.032874217704711829e-08 1.822344527210868779e-10
1.818539000000000101e+02 3.528089117906565529e-08 1.474420144563351710e-10
1.944018000000000086e+02 3.086547578036633370e-08 1.199401153133989819e-10
2.078155999999999892e+02 2.700320535064513680e-08 9.813110389740364363e-11
2.221547999999999945e+02 2.362463196453450876e-08 8.077113941513327047e-11
2.374834999999999923e+02 2.066916320661227707e-08 6.689430335195255230e-11
2.538699000000000012e+02 1.808370681849048854e-08 5.575674495344766920e-11
2.713869000000000256e+02 1.582191374932054306e-08 4.677303605296383027e-11
2.901125999999999863e+02 1.384319772887182981e-08 3.948349378560834616e-11
3.101304000000000087e+02 1.211210703952768143e-08 3.353603923462671354e-11
3.315294000000000096e+02 1.059761534685354786e-08 2.865774566575621411e-11
3.544048999999999978e+02 9.272623531841060838e-09 2.462707616053738628e-11
3.788587999999999738e+02 8.113355724200921270e-09 2.127784059931843920e-11
4.050000999999999749e+02 7.099100563559432657e-09 1.847512051968656701e-11
4.329451000000000249e+02 6.211688144511530399e-09 1.611479302553633935e-11
