1.067676000000000069e+00 5.028496183880112446e-04 1.179323424641125239e-04
1.141345000000000054e+00 4.413706137639288518e-04 9.288648377210106455e-05
1.220097999999999905e+00 3.867436184539897281e-04 7.308737132086409836e-05
1.304284999999999917e+00 3.384371290255621788e-04 5.747246298814525332e-05
1.394281000000000104e+00 2.958674930587275862e-04 4.517896055034818477e-05
1.490485999999999978e+00 2.584672010100642968e-04 3.551360826978937221e-05
1.593328999999999995e+00 2.257037436184522732e-04 2.792052142849953342e-05
1.703268999999999922e+00 1.969866788322629581e-04 2.185593256648697111e-05
1.820794999999999941e+00 1.718238784660810852e-04 1.711085198067204761e-05
1.946430000000000105e+00 1.498286422068213753e-04 1.341182744235503839e-05
2.080732999999999944e+00 1.306219814597810766e-04 1.049673505884468638e-05
2.224304000000000059e+00 1.138377725294131219e-04 8.207253399789678027e-06
2.377781000000000144e+00 9.918126512012534132e-05 6.423685752536455605e-06
2.541847999999999885e+00 8.638830346220981529e-05 5.033237939386114912e-06
2.717235000000000067e+00 7.522215955037553500e-05 3.947845515984019946e-06
2.904723999999999862e+00 6.547868275519680621e-05 3.100018001349062638e-06
3.105150000000000077e+00 5.696130171920666546e-05 2.412834191311895792e-06
3.319405999999999857e+00 4.946087708836882283e-05 1.862767051432208931e-06
3.548445000000000071e+00 4.285514692065981054e-05 1.439916981077435381e-06
3.793287999999999993e+00 3.699016631291941287e-05 1.114443401495130430e-06
4.055024000000000406e+00 3.165844638913361820e-05 8.635449204091804100e-07
4.334820999999999813e+00 2.626039416442312914e-05 6.700504217142900596e-07
4.402943999999999747e+00 2.462848753464032267e-05 6.315962766193330823e-07
4.470335999999999643e+00 2.182230276800462579e-05 5.962984758538676424e-07
4.488306999999999825e+00 1.917139209741486612e-05 5.873119106022879416e-07
4.515264000000000166e+00 2.143678063717133556e-05 5.399659010860003894e-06
4.582656000000000063e+00 2.300360882997602762e-05 5.100801350109013526e-06
4.633924000000000376e+00 2.321343015682123749e-05 4.887250735460692225e-06
4.953663999999999845e+00 2.194221673292721974e-05 3.816550738114264576e-06
5.295467000000000368e+00 1.983107416540555424e-05 3.004484056729287708e-06
5.660854999999999748e+00 1.769504965891979088e-05 2.371712220528476938e-06
6.051453000000000415e+00 1.569402645344118572e-05 1.866413960743453590e-06
6.469003999999999976e+00 1.385932439663731648e-05 1.462796687998771854e-06
6.915365000000000428e+00 1.220472640451638419e-05 1.145228433853446865e-06
7.392525000000000013e+00 1.072692472213685114e-05 8.960423993801647341e-07
7.902608999999999995e+00 9.415103266935183305e-06 7.007574033728238668e-07
8.447889999999999233e+00 8.255698927207782715e-06 5.480060692229174485e-07
9.030794000000000210e+00 7.248452186140940480e-06 4.280609318234282287e-07
9.653919000000000139e+00 6.347136247534801841e-06 3.313702399081551644e-07
1.032004000000000055e+01 5.554392321306790374e-06 2.564636666066334218e-07
1.103212000000000081e+01 4.858757607336356811e-06 1.985451467484405446e-07
1.179334000000000060e+01 4.249167046085328414e-06 1.537412637704170978e-07
1.260707999999999984e+01 3.715415475441376114e-06 1.190795135866186483e-07
1.347696999999999967e+01 3.248372734714319065e-06 9.225976703861948334e-08
1.440687999999999924e+01 2.839864947874412988e-06 7.150221623568963403e-08
1.540094999999999992e+01 2.482682536824809484e-06 5.543239624645885079e-08
1.646361999999999881e+01 2.170419993291470817e-06 4.299192232241742060e-08
1.759960999999999842e+01 1.897467513394544811e-06 3.335628502504177394e-08
1.881398000000000081e+01 1.658918684159285947e-06 2.589243810651462324e-08
2.011214999999999975e+01 1.450419106861922278e-06 2.004227412557340178e-08
2.149988000000000099e+01 1.268137255523776502e-06 1.547200778124817651e-08
2.298338000000000036e+01 1.108787392146016920e-06 1.195193046860226156e-08
2.456923000000000101e+01 9.695023440881346504e-07 9.240620974786363427e-09
2.626450000000000173e+01 8.477579013708587894e-07 7.150988363055221442e-09
2.807676000000000016e+01 7.413386496283536199e-07 5.510105324964859164e-09
3.001405000000000101e+01 6.482939667279235222e-07 4.244297280340682397e-09
3.208502000000000010e+01 5.669454919338086998e-07 3.274784045255999438e-09
3.429889000000000010e+01 4.958255307890993328e-07 2.531610358829178843e-09
3.666550999999999760e+01 4.336477089234448673e-07 1.961488657182618535e-09
3.919543000000000177e+01 3.792813488942990385e-07 1.523661659014655052e-09
4.189992000000000161e+01 3.317448756619478642e-07 1.187199035475451771e-09
4.479100999999999999e+01 2.901773719599109012e-07 9.281971707164132368e-10
4.788159000000000276e+01 2.538289998439850173e-07 7.284898436927006673e-10
5.118542000000000058e+01 2.220400106840921622e-07 5.743262622033311239e-10
5.471721000000000146e+01 1.942395892687874983e-07 4.550310157532476253e-10
5.849269999999999925e+01 1.699246933019799307e-07 3.625217298416879277e-10
6.252870000000000061e+01 1.486570479836775637e-07 2.905798529909271524e-10
6.684318000000000382e+01 1.300549604634814959e-07 2.344692173088489485e-10
7.145535999999999888e+01 1.137833259150397352e-07 1.905470274061753042e-10
7.638577999999999690e+01 9.954938258225639992e-08 1.560181022680038278e-10
8.165640000000000498e+01 8.709812688175371177e-08 1.286896210715069250e-10
8.729068999999999789e+01 7.620531653180939234e-08 1.068953735734337686e-10
9.331373999999999569e+01 6.667575904772718999e-08 8.954402940725202303e-11
9.975239000000000544e+01 5.833870260869480476e-08 7.564337838010323849e-11
1.066353000000000009e+02 5.104483600336301741e-08 6.442565479482242106e-11
1.139930999999999983e+02 4.466334214361072793e-08 5.530362534660963187e-11
1.218586999999999989e+02 3.908013034849181903e-08 4.782182574373703267e-11
1.302668999999999926e+02 3.419525106741714568e-08 4.163713335534277798e-11
1.392553000000000054e+02 2.992109058170006442e-08 3.648163361434910772e-11
1.488640000000000043e+02 2.618138277580184786e-08 3.214317771102702908e-11
1.591356000000000108e+02 2.290933341775307332e-08 2.846307611985226331e-11
1.701159000000000106e+02 2.004631692172643454e-08 2.531489299998938711e-11
1.818539000000000101e+02 1.754116749243116521e-08 2.259890085530134425e-11
1.944018000000000086e+02 1.534915827638806969e-08 2.024035265771432941e-11
2.078155999999999892e+02 1.343112212221396398e-08 1.817728770944317816e-11
2.221547999999999945e+02 1.175283702379614367e-08 1.636130347598504867e-11
2.374834999999999923e+02 1.028430219200552770e-08 1.475494258725422680e-11
2.538699000000000012e+02 8.999261705250789424e-09 1.332613216670414740e-11
2.713869000000000256e+02 7.874830357325542004e-09 1.205073782196485780e-11
2.901125999999999863e+02 6.890924853655891308e-09 1.090683756578144388e-11
3.101304000000000087e+02 6.029950497096706893e-09 9.879423959129569178e-12
3.315294000000000096e+02 5.276550013998665719e-09 8.952549794332675978e-12
3.544048999999999978e+02 4.617304489750709801e-09 8.116405206451888621e-12
3.788587999999999738e+02 4.040424432109957498e-09 7.359623511806799731e-12
4.050000999999999749e+02 3.535634399281364382e-09 6.674150272335540123e-12
4.329451000000000249e+02 3.093911012289844252e-09 6.052637985030118658e-12
