1.004374899999999959e+00 6.425746120279719536e-04 9.976453859242814576e-05
1.009396799999999983e+00 6.355736569799920639e-04 9.800818390567363593e-05
1.014443800000000007e+00 6.286262675714450032e-04 9.629022772128056798e-05
1.019516000000000089e+00 6.217298873024298912e-04 9.459625277487362395e-05
1.024613599999999902e+00 6.148867488192670452e-04 9.293527319011117538e-05
1.029736699999999949e+00 6.080919524350852836e-04 9.130691299170636205e-05
1.034885300000000008e+00 6.013503445969395865e-04 8.970622237386754116e-05
1.040059800000000090e+00 5.946590969945700226e-04 8.813287425996333584e-05
1.045260099999999914e+00 5.880160537157776103e-04 8.658658781699870373e-05
1.050486400000000042e+00 5.814256730322944983e-04 8.507157651822569553e-05
1.055738800000000088e+00 5.748832630760152820e-04 8.357848958947060021e-05
1.061017499999999947e+00 5.683886932985094970e-04 8.211604172950331417e-05
1.066322599999999898e+00 5.619441623320799465e-04 8.066607638857729737e-05
1.071654200000000001e+00 5.555451663152589361e-04 7.920636595166518441e-05
1.077012499999999928e+00 5.491916290382437829e-04 7.777680577142791543e-05
1.082397499999999901e+00 5.428836731586168200e-04 7.637266942502843759e-05
1.087809500000000096e+00 5.366189730424871787e-04 7.499802468790975948e-05
1.093248599999999904e+00 5.303976030237439465e-04 7.364384683122620831e-05
1.098714799999999991e+00 5.242197234374623097e-04 7.231857076254048279e-05
1.104208400000000090e+00 5.180851975402505933e-04 7.101754769975017825e-05
1.109729399999999977e+00 5.119900616129809210e-04 6.973623736617526987e-05
1.115278100000000050e+00 5.059342943495118714e-04 6.848293339434355928e-05
1.120854500000000087e+00 4.999201563351651344e-04 6.725307876029674775e-05
1.126458699999999924e+00 4.939457371153730542e-04 6.604641007896009872e-05
1.132090999999999958e+00 4.880070500291021633e-04 6.485846273350438123e-05
1.137751500000000027e+00 4.821062972071256045e-04 6.369321224597405289e-05
1.143440199999999907e+00 4.762437392639397781e-04 6.255040775366412854e-05
1.149157399999999996e+00 4.704136284515727747e-04 6.142978400713723056e-05
1.154903199999999908e+00 4.646181910223849514e-04 6.033108933587836458e-05
1.160677699999999923e+00 4.588558087368073781e-04 5.924998543706348747e-05
1.166481099999999937e+00 4.531248471395784910e-04 5.819034929222011051e-05
1.172313500000000008e+00 4.474238134308291116e-04 5.714788741131625143e-05
1.178175100000000031e+00 4.417511980527956189e-04 5.612644020975769536e-05
1.184066000000000063e+00 4.361056271248885314e-04 5.512576650777973843e-05
1.189986299999999941e+00 4.304857818873052090e-04 5.414163911985398652e-05
1.195936200000000005e+00 4.248903261849277884e-04 5.317387600265303281e-05
1.201915899999999926e+00 4.193162304596468443e-04 5.222624539754743407e-05
1.207925499999999985e+00 4.137641257276206477e-04 5.129851420171221109e-05
1.213965100000000019e+00 4.082294739117136076e-04 5.038263275095688191e-05
1.220034999999999981e+00 4.027094882537191490e-04 4.948626009599168732e-05
1.226135100000000033e+00 3.972034452920568609e-04 4.860530645765866756e-05
1.232265799999999967e+00 3.917086705764805717e-04 4.773959212299395873e-05
1.238427100000000003e+00 3.862212117666167892e-04 4.689278699186570930e-05
1.244619300000000095e+00 3.807387305498960081e-04 4.606084861349754334e-05
1.250842400000000021e+00 3.752575620957433115e-04 4.524361785270849639e-05
1.257096599999999897e+00 3.697740810834603811e-04 4.444092947808177637e-05
1.263382100000000063e+00 3.642832399639632729e-04 4.365261988693060609e-05
1.269698999999999911e+00 3.587818374899715435e-04 4.287853045966966424e-05
1.276047500000000001e+00 3.532652121836425230e-04 4.211850055449833501e-05
1.282427699999999948e+00 3.477243539342383017e-04 4.137237432867714833e-05
1.288839899999999927e+00 3.421550978810394480e-04 4.063999089317214971e-05
1.295284000000000102e+00 3.365506736797420047e-04 3.992120351289252532e-05
1.301760500000000098e+00 3.309013189457127042e-04 3.921584805390412252e-05
1.308269300000000079e+00 3.251965273652952402e-04 3.852378038489412664e-05
1.314810599999999940e+00 3.194261031113500120e-04 3.784484841525330662e-05
1.321384700000000079e+00 3.135773635893470486e-04 3.717530725133218070e-05
1.327991600000000050e+00 3.076340282285654703e-04 3.652221424342353936e-05
1.334631600000000029e+00 3.015775492683159188e-04 3.587825355798281488e-05
1.341304700000000016e+00 2.953861098498985127e-04 3.524616774886088456e-05
1.348011199999999965e+00 2.890303624241122760e-04 3.462581931840365751e-05
1.354751299999999992e+00 2.824781369069505809e-04 3.401672451281354117e-05
1.361525000000000096e+00 2.756864622498455273e-04 3.341841273751333332e-05
1.368332700000000068e+00 2.685991906947226074e-04 3.283145198095421450e-05
1.375174300000000072e+00 2.611427052775285593e-04 3.225468425064672993e-05
1.382050199999999895e+00 2.532185112388152118e-04 3.168867820534405628e-05
1.388960500000000042e+00 2.446851873949657213e-04 3.113263036441046996e-05
1.395905299999999905e+00 2.353345420878008294e-04 3.058677172798001076e-05
1.402884800000000043e+00 2.248359245213674194e-04 3.005098696241022469e-05
1.409899199999999908e+00 2.126242238282628522e-04 2.952482523194397792e-05
1.416948700000000061e+00 1.975880978248913144e-04 2.900784348360154309e-05
1.424033499999999952e+00 1.769988750807712614e-04 2.850060612689454378e-05
1.431153600000000026e+00 1.399067014862061438e-04 2.800234277805986694e-05
1.435656800000000066e+00 1.177481966065181903e-05 2.769303280507219020e-05
1.435943100000000028e+00 9.799389175673340320e-06 1.417425021703197713e-04
1.438309400000000071e+00 1.129573377738682112e-04 1.409054980564090833e-04
1.445500900000000088e+00 1.579249305002114023e-04 1.383954960753731140e-04
1.452728400000000031e+00 1.725251660358948099e-04 1.359298447633338215e-04
1.459992100000000015e+00 1.779330177255775624e-04 1.335113000728229294e-04
1.467292000000000041e+00 1.760060197846382104e-04 1.311328727484700144e-04
1.474628499999999898e+00 1.529398753561914159e-04 1.288005437193312367e-04
1.476049399999999956e+00 1.142770808844791448e-04 1.283550409741122055e-04
1.476350599999999957e+00 1.136326370221126843e-04 1.815800893829053533e-04
1.482001600000000030e+00 1.794858713281748477e-04 1.791040653351230793e-04
1.489411700000000005e+00 1.971909955646306814e-04 1.759188527586151378e-04
1.496858699999999986e+00 2.075590125067474376e-04 1.727926228722064851e-04
1.504342999999999986e+00 2.148664631667205520e-04 1.697246846441433836e-04
1.511864700000000061e+00 2.203752324805276436e-04 1.667081104615674683e-04
1.519424000000000108e+00 2.246557835672865588e-04 1.637454620780725537e-04
1.527021200000000078e+00 2.280259064697999646e-04 1.608361258884491907e-04
1.534656299999999973e+00 2.306852519165332113e-04 1.579795256863683638e-04
1.542329499999999909e+00 2.327675303539157212e-04 1.551750687493897980e-04
1.550041199999999897e+00 2.343646447544254759e-04 1.524190864973160291e-04
1.557791399999999937e+00 2.355475787975320513e-04 1.497110633600055732e-04
1.565580399999999983e+00 2.363681765587638496e-04 1.470534899772561320e-04
1.573408300000000093e+00 2.368632384657866938e-04 1.444397721358214577e-04
1.581275299999999939e+00 2.370591788918228451e-04 1.418754358714642940e-04
1.589181699999999919e+00 2.369755121163510622e-04 1.393569245236887647e-04
1.597127600000000092e+00 2.366173282361934351e-04 1.368837353582461893e-04
1.605113199999999907e+00 2.359808137881613972e-04 1.344524045019871556e-04
1.613138799999999984e+00 2.350429997032102186e-04 1.320654071759874292e-04
1.621204499999999937e+00 2.337502954160709356e-04 1.297222536566270095e-04
1.629310500000000106e+00 2.319885084642451839e-04 1.274195374662172103e-04
1.637457099999999999e+00 2.294746026291768853e-04 1.251597033771533276e-04
1.645644300000000060e+00 2.252815429373361219e-04 1.229393979941357184e-04
1.652459499999999970e+00 2.151764053239830100e-04 1.211285151299358012e-04
1.653872599999999915e+00 1.928136939463533550e-04 1.207581612851271654e-04
1.655340599999999940e+00 2.148249206311714373e-04 1.380417500245541165e-04
1.662141899999999950e+00 2.243149781273230138e-04 1.360750053275858532e-04
1.670452599999999954e+00 2.276708707261937230e-04 1.337218409137594995e-04
1.678804900000000044e+00 2.292814838543046746e-04 1.314056803424154269e-04
1.687198900000000057e+00 2.301304931178889911e-04 1.291345760628662327e-04
1.695634899999999945e+00 2.305318963952368387e-04 1.268996076961025922e-04
1.704113100000000047e+00 2.306283158008799142e-04 1.247059589153928566e-04
1.712633700000000037e+00 2.305000605038828745e-04 1.225476219157534108e-04
1.721196799999999971e+00 2.301945748178500556e-04 1.204297392193325104e-04
1.729802800000000085e+00 2.297439467231450548e-04 1.183463517763723221e-04
1.738451799999999992e+00 2.291699667019326560e-04 1.163080142415676539e-04
1.747144100000000089e+00 2.284969073154004802e-04 1.143114721767097565e-04
1.755879799999999991e+00 2.277408190011436895e-04 1.123508406638831173e-04
1.764659200000000094e+00 2.269098129639796557e-04 1.104257122787867068e-04
1.773482500000000073e+00 2.260133617479148324e-04 1.085356898303768659e-04
1.782349900000000043e+00 2.250582187310453059e-04 1.066777170251033901e-04
1.791261699999999957e+00 2.240516723968796981e-04 1.048540869265198925e-04
1.800218000000000096e+00 2.229976860100155373e-04 1.030617825230071346e-04
1.809219099999999969e+00 2.219023666451350196e-04 1.013030771208221276e-04
1.818265199999999915e+00 2.207701032630260483e-04 9.957237073551559829e-05
1.827356500000000050e+00 2.196036224150008239e-04 9.787455877367818452e-05
1.836493300000000106e+00 2.184062927147730024e-04 9.620409412759624995e-05
1.845675699999999919e+00 2.171829037921819451e-04 9.456583159858007758e-05
1.854904099999999945e+00 2.159350658152193211e-04 9.295427679201491802e-05
1.864178600000000019e+00 2.146658680171795424e-04 9.137169320489340631e-05
1.873499500000000095e+00 2.133760870368653026e-04 8.980762072792454833e-05
1.882867000000000068e+00 2.120657935271395291e-04 8.826693165065463832e-05
1.892281399999999891e+00 2.107371672860571703e-04 8.675188670720457925e-05
1.901742800000000067e+00 2.093923610369853323e-04 8.526470811282169072e-05
1.911251500000000103e+00 2.080334124730654605e-04 8.380259554157598264e-05
1.920807699999999896e+00 2.066616274444895048e-04 8.236527617322702991e-05
1.930411799999999900e+00 2.052775504986850685e-04 8.094755434079288275e-05
1.940063799999999894e+00 2.038824719580334833e-04 7.955413633480254193e-05
1.949764199999999947e+00 2.024768722731409148e-04 7.818474386522365879e-05
1.959513000000000060e+00 2.010626433718948835e-04 7.683912159506507222e-05
1.969310499999999964e+00 1.996415507723574582e-04 7.551700422152788749e-05
1.979157099999999891e+00 1.982139874747050135e-04 7.421812527072665314e-05
1.989052899999999902e+00 1.967810376417364197e-04 7.293984622992443216e-05
1.998998100000000111e+00 1.953430973435366634e-04 7.168669647167493332e-05
2.008993100000000087e+00 1.939023952103250520e-04 7.045365674467118976e-05
2.019038099999999947e+00 1.924586349983354412e-04 6.924051277296806959e-05
2.029133299999999807e+00 1.910127662379311573e-04 6.804939084231968868e-05
2.039279000000000064e+00 1.895656878531440642e-04 6.688004202560465902e-05
2.049475399999999947e+00 1.881182867731829493e-04 6.572990741713147299e-05
2.059722700000000017e+00 1.866708231922232901e-04 6.459878032326014376e-05
2.070021300000000064e+00 1.852241055306970831e-04 6.348874222740433367e-05
2.080371400000000204e+00 1.837783654456174535e-04 6.239727486756878870e-05
2.090773299999999946e+00 1.823343900371805922e-04 6.132417430364627540e-05
2.101227199999999851e+00 1.808929559514344280e-04 6.027149993734657940e-05
2.111733300000000035e+00 1.794542447693595999e-04 5.923452595491505312e-05
2.122291999999999845e+00 1.780183997675186241e-04 5.821532086016163894e-05
2.132903400000000005e+00 1.765867228538291547e-04 5.721591848817923792e-05
2.143568000000000140e+00 1.751593000858062826e-04 5.623165747817788959e-05
2.154285799999999806e+00 1.737368418179392412e-04 5.526238588112194436e-05
2.165057200000000126e+00 1.723172697909040104e-04 5.430575054820922472e-05
2.175882500000000164e+00 1.709007421723296493e-04 5.336598926112761336e-05
2.186761900000000036e+00 1.694890154717791750e-04 5.244074591393004816e-05
2.197695700000000141e+00 1.680811450641252821e-04 5.153202559869349432e-05
2.208684199999999986e+00 1.666782989184482813e-04 5.063964319734016371e-05
2.219727600000000134e+00 1.652805887620420662e-04 4.976341756139584469e-05
2.230826299999999929e+00 1.638880934437251971e-04 4.890103733317277237e-05
2.241980400000000095e+00 1.625014366082417564e-04 4.805235856205903173e-05
2.253190299999999979e+00 1.611206766736002390e-04 4.721933820431488497e-05
2.264456200000000141e+00 1.597458987896996309e-04 4.640180119780776296e-05
2.275778499999999926e+00 1.583776456017752920e-04 4.559748462063464174e-05
2.287157399999999896e+00 1.570159829076497079e-04 4.480624771820032013e-05
2.298593200000000003e+00 1.556609603342802345e-04 4.403001356255527087e-05
2.310086200000000201e+00 1.543130995996566180e-04 4.326655674047827235e-05
2.321636600000000161e+00 1.529719765102153909e-04 4.251574026081887263e-05
2.333244800000000119e+00 1.516380864211858007e-04 4.177945860554957365e-05
2.344911000000000190e+00 1.503114708829050199e-04 4.105552302489653087e-05
2.356635600000000164e+00 1.489925993857873132e-04 4.034379676962732310e-05
2.368418699999999877e+00 1.476810582671486314e-04 3.964414949186166088e-05
2.380260799999999843e+00 1.463772928437716639e-04 3.895644520919250796e-05
2.392162100000000180e+00 1.450813251085536872e-04 3.828055423855811012e-05
2.404122999999999788e+00 1.437931513429760173e-04 3.761634481063309685e-05
2.416143599999999836e+00 1.425128027922161335e-04 3.696369106326730509e-05
2.428224300000000113e+00 1.412407023488439564e-04 3.632246353667720434e-05
2.440365400000000129e+00 1.399768422673776857e-04 3.569253552659484705e-05
2.452567199999999836e+00 1.387212140156947760e-04 3.507378147279242988e-05
2.464830099999999913e+00 1.374733808386025598e-04 3.446415017824073417e-05
2.477154200000000195e+00 1.362341918496719423e-04 3.386738148761435195e-05
2.489539999999999864e+00 1.350036016735434207e-04 3.327950918128986206e-05
2.501987699999999926e+00 1.337811937270982454e-04 3.270233879261149804e-05
2.514497599999999888e+00 1.325669558361486247e-04 3.213575017710158707e-05
2.527070099999999986e+00 1.313616567918842847e-04 3.157774507167029421e-05
2.539705500000000171e+00 1.301644756307319799e-04 3.103010220617132106e-05
2.552404000000000117e+00 1.289761852610426108e-04 3.049084647589280541e-05
2.565166000000000057e+00 1.277963534797537759e-04 2.996173850711813296e-05
2.577991899999999781e+00 1.266249442391449481e-04 2.944266212444730159e-05
2.590881800000000013e+00 1.254623274231739000e-04 2.893167393839342184e-05
2.603836199999999934e+00 1.243084451863292104e-04 2.843050863598485626e-05
2.616855399999999943e+00 1.231632593899832878e-04 2.793724067382794378e-05
2.629939699999999991e+00 1.220263660153978136e-04 2.745359059260516163e-05
2.643089400000000033e+00 1.208984614526730769e-04 2.697765271315285382e-05
2.656304800000000021e+00 1.197791375991040329e-04 2.650934466042316012e-05
2.669586300000000190e+00 1.186687014723216045e-04 2.605036149259288509e-05
2.682934299999999883e+00 1.175667435871291321e-04 2.559882598032862616e-05
2.696348899999999826e+00 1.164735905793999127e-04 2.515465999277031171e-05
2.709830699999999926e+00 1.153891670790702675e-04 2.471953265619949077e-05
2.723379800000000017e+00 1.143134411700644709e-04 2.428985588977918954e-05
2.736996700000000171e+00 1.132460092551833367e-04 2.386904390855336928e-05
2.750681699999999896e+00 1.121878354832025478e-04 2.345526833291538472e-05
2.764435100000000034e+00 1.111378582981530533e-04 2.305016944511747076e-05
2.778257299999999930e+00 1.100970140185241343e-04 2.265022872136167957e-05
2.792148599999999981e+00 1.090645859521490363e-04 2.225879605747755529e-05
2.806109300000000140e+00 1.080408471275834831e-04 2.187238926189450058e-05
2.820139900000000033e+00 1.070257246368221311e-04 2.149432399913541399e-05
2.834240600000000221e+00 1.060191690783466494e-04 2.112282844769797376e-05
2.848411800000000049e+00 1.050214277700764644e-04 2.075616346161179233e-05
2.862653900000000196e+00 1.040324276325632673e-04 2.039759714622973289e-05
2.876967099999999888e+00 1.033683704934134859e-04 2.004373523404387521e-05
2.891351999999999922e+00 1.023935114167415092e-04 1.969452987782142791e-05
2.905808700000000133e+00 1.014269309973352693e-04 1.934993710591289510e-05
2.920337799999999984e+00 1.004688496677252441e-04 1.901153498395784133e-05
2.934939400000000198e+00 9.951951135090178740e-05 1.868087295211296400e-05
2.949614099999999794e+00 9.857882373316688592e-05 1.835463885635037001e-05
2.964362200000000058e+00 9.780213512547162647e-05 1.803278924630710589e-05
2.979184000000000054e+00 9.687784898459412077e-05 1.771687396981314026e-05
2.994079900000000016e+00 9.596312277602075730e-05 1.740682589893223733e-05
3.009050300000000178e+00 9.505142296193006923e-05 1.709311565114508065e-05
3.024095599999999884e+00 9.414310989689011415e-05 1.678052648056531913e-05
3.039216099999999976e+00 9.324182248651818026e-05 1.647374770107775557e-05
3.054412199999999800e+00 9.234752557193187032e-05 1.617115983855028815e-05
3.069684200000000196e+00 9.146018996510962352e-05 1.587426745230883571e-05
3.085032599999999903e+00 9.058004013497969378e-05 1.558146704333284648e-05
3.100457800000000042e+00 8.970703304385094017e-05 1.529639107185180269e-05
3.115960100000000121e+00 8.884113152028439439e-05 1.501574608237531792e-05
3.131539899999999932e+00 8.798229260085375567e-05 1.474054593575400758e-05
3.147197600000000151e+00 8.713072882907757575e-05 1.447027588608441462e-05
3.162933600000000123e+00 8.628638996080607154e-05 1.420503093048134650e-05
3.178748199999999802e+00 8.544923143506988090e-05 1.394445613527049222e-05
3.194641999999999982e+00 8.461919278447638194e-05 1.368864735833432534e-05
3.210615199999999891e+00 8.379623534453873354e-05 1.343769972586172374e-05
3.226668300000000045e+00 8.298030469196817055e-05 1.319155752584200074e-05
3.242801599999999951e+00 8.217183815230025984e-05 1.294987369609953375e-05
3.259015600000000124e+00 8.137005333633589232e-05 1.271274353519531173e-05
3.275310699999999908e+00 8.057561655093142361e-05 1.247997052626708639e-05
3.291687299999999983e+00 7.978823247476020213e-05 1.225164984960032150e-05
3.308145699999999856e+00 7.910375891179417080e-05 1.202744425618662408e-05
3.324686400000000042e+00 7.832982775530707576e-05 1.180488079702081494e-05
3.341309900000000166e+00 7.756255631988229204e-05 1.158636433315184573e-05
3.358016399999999901e+00 7.680190751757085606e-05 1.137213289860663022e-05
3.374806500000000042e+00 7.604804799583408763e-05 1.116185543442035845e-05
3.391680500000000098e+00 7.530070996892077170e-05 1.095548779971811355e-05
3.408638900000000138e+00 7.456006108531712041e-05 1.075298559050934869e-05
3.425682099999999952e+00 7.382604963882818472e-05 1.055430513593644701e-05
3.442810500000000218e+00 7.309862427832274523e-05 1.035940315616836674e-05
3.460024600000000117e+00 7.237772981933479632e-05 1.016809930675190852e-05
3.477324700000000046e+00 7.166331991425329976e-05 9.980353434512577375e-06
3.494711300000000076e+00 7.095534018595522549e-05 9.796125158509433670e-06
3.512184899999999832e+00 7.025394186564089282e-05 9.615374481535669091e-06
3.529745800000000155e+00 6.955887050082403943e-05 9.438062320315959391e-06
3.547394499999999784e+00 6.887027410048157964e-05 9.264015613833146201e-06
3.565131500000000120e+00 6.818809425828514217e-05 9.093197450178722567e-06
3.582957200000000064e+00 6.751207998243443969e-05 8.925703966940709848e-06
3.600871900000000014e+00 6.684238234597699021e-05 8.761233849471902744e-06
3.618876300000000157e+00 6.617893700637917330e-05 8.599883806511799693e-06
3.636970700000000001e+00 6.552169510088863016e-05 8.441488258014554521e-06
3.655155499999999780e+00 6.487060439935958816e-05 8.286143956179243983e-06
3.673431299999999844e+00 6.422541864885892269e-05 8.133686536632426156e-06
3.691798499999999983e+00 6.358646343231023814e-05 7.983954987231092193e-06
3.710257499999999986e+00 6.295368241864602481e-05 7.837174862276835547e-06
3.728808799999999923e+00 6.232665261891919147e-05 7.693057595836026282e-06
3.747452800000000028e+00 6.170568983905726234e-05 7.551700122641393958e-06
3.766190100000000207e+00 6.109055442979263034e-05 7.412944705442437984e-06
3.785020999999999969e+00 6.048120079888526983e-05 7.276762384846986643e-06
3.803946100000000108e+00 5.987774885153406235e-05 7.143123873618084119e-06
3.822965899999999806e+00 5.927996927796889493e-05 7.012000355042713827e-06
3.842080699999999904e+00 5.868798903987235594e-05 6.883240117532677164e-06
3.861291099999999865e+00 5.810174978344005182e-05 6.756939422412148988e-06
3.880597499999999922e+00 5.752103192688759345e-05 6.633070393412251498e-06
3.900000499999999981e+00 5.694578341734922639e-05 6.511361693236936173e-06
3.919500499999999832e+00 5.637628788319464255e-05 6.392031744261672105e-06
3.939097999999999988e+00 5.581216136511868225e-05 6.274932761171763449e-06
3.958793500000000076e+00 5.525335627367795958e-05 6.159919607826908042e-06
3.978587500000000166e+00 5.470014503902451353e-05 6.047088327699549893e-06
3.998480400000000046e+00 5.415215780312321536e-05 5.936414262189966507e-06
4.018472799999999623e+00 5.360965889453519985e-05 5.827754578211311539e-06
4.038565199999999855e+00 5.307228316920870585e-05 5.721086682937068235e-06
4.058758000000000088e+00 5.254014158651118711e-05 5.616505252060016017e-06
4.079051800000000227e+00 5.201318217561908425e-05 5.513753523484505081e-06
4.099447099999999899e+00 5.149135614227771588e-05 5.412927023235858619e-06
4.119944300000000226e+00 5.097461766700470489e-05 5.314004095494888737e-06
4.140544000000000224e+00 5.046291639949084288e-05 5.216963017712320168e-06
4.161246700000000409e+00 4.995620502418973111e-05 5.121668352407012030e-06
4.182052999999999798e+00 4.945457894611121673e-05 5.028100483093653400e-06
4.202963200000000121e+00 4.895770590914905900e-05 4.936353245158863981e-06
4.223978100000000069e+00 4.846582082667789249e-05 4.846293100932736207e-06
4.245097999999999594e+00 4.797859806291471680e-05 4.757901322508059824e-06
4.266323400000000099e+00 4.749627473773599344e-05 4.671159111653216421e-06
4.287655100000000274e+00 4.701865799704128959e-05 4.585936834689151934e-06
4.309093299999999793e+00 4.654584673818895261e-05 4.502438281900542275e-06
4.330638800000000010e+00 4.607751714713929306e-05 4.420314443927472104e-06
4.352292000000000272e+00 4.561389945718775213e-05 4.339768658647440603e-06
4.374053499999999595e+00 4.515494498866951814e-05 4.260674358523895041e-06
4.395923699999999990e+00 4.470034797750068486e-05 4.182907495379106521e-06
4.417903299999999867e+00 4.425032571857641692e-05 4.106668285013229005e-06
4.439992900000000020e+00 4.380470286275900470e-05 4.031832245149843579e-06
4.462192800000000403e+00 4.336356960614453710e-05 3.958383805405697115e-06
4.484503799999999707e+00 4.292675015018555546e-05 3.886307084710220431e-06
4.506926299999999941e+00 4.249420653966165870e-05 3.815481404873459556e-06
4.529460900000000123e+00 4.206602063020599901e-05 3.746102469536287446e-06
4.552108200000000160e+00 4.164202574906486633e-05 3.677944927524835587e-06
4.574868799999999958e+00 4.122230228832316325e-05 3.610995203297112362e-06
4.597743099999999750e+00 4.080669056267493660e-05 3.545343218689943522e-06
4.620731799999999723e+00 4.039514915056906756e-05 3.480871315105670979e-06
4.643835499999999783e+00 3.998775617896307592e-05 3.417668484066707163e-06
4.667054699999999556e+00 3.958447113237562449e-05 3.355516820169210420e-06
4.690389999999999837e+00 3.918513725425013233e-05 3.294607241408460975e-06
4.713841900000000251e+00 3.878971830702805906e-05 3.234724106550101857e-06
4.737411100000000097e+00 3.839828781507170980e-05 3.176056474670837647e-06
4.761098200000000169e+00 3.801080535628766413e-05 3.118390883663164263e-06
4.784903700000000093e+00 3.762712207976674382e-05 3.061815575741043628e-06
4.808828199999999775e+00 3.724731107127651644e-05 3.006318162761574886e-06
4.832872300000000010e+00 3.687133317624991511e-05 2.951788173313660992e-06
4.857036700000000096e+00 3.649904097204737354e-05 2.898312558662276300e-06
4.881321899999999658e+00 3.613050706940177487e-05 2.845782100448652392e-06
4.905728500000000381e+00 3.576558849929541134e-05 2.794283039064571509e-06
4.930257100000000392e+00 3.540435498411815895e-05 2.743707270539583273e-06
4.954908399999999880e+00 3.504676803922357204e-05 2.694044438203773688e-06
4.979682900000000245e+00 3.469269046863106797e-05 2.645284389412618885e-06
5.004581400000000180e+00 3.434218728727767749e-05 2.597416902679772328e-06
5.029604299999999917e+00 3.399522543166345109e-05 2.550432059960398255e-06
5.054752299999999643e+00 3.365166908291802395e-05 2.504319875161557655e-06
5.080026000000000153e+00 3.331168213944562362e-05 2.459070504564062571e-06
5.105426200000000136e+00 3.297503033036139331e-05 2.414674098308297333e-06
5.130953299999999828e+00 3.264168489977501135e-05 2.371028595871139831e-06
5.156608099999999695e+00 3.231180245978618388e-05 2.328217738251286484e-06
5.182391100000000250e+00 3.198515954808240719e-05 2.286232074170777417e-06
5.208303100000000185e+00 3.166181657368976319e-05 2.244970985899979909e-06
5.234344600000000014e+00 3.134174196644116451e-05 2.204517217621612399e-06
5.260516299999999923e+00 3.102481067259470649e-05 2.164771265422241964e-06
5.286818900000000099e+00 3.071117313594899585e-05 2.125725272498890142e-06
5.313252999999999560e+00 3.040061575307718907e-05 2.087460812240688713e-06
5.339819199999999988e+00 3.009319851161287019e-05 2.049880000554063663e-06
5.366518300000000075e+00 2.978880028753860709e-05 2.012975159659430216e-06
5.393350899999999726e+00 2.948756692289032695e-05 1.976738758891016244e-06
5.420317700000000016e+00 2.918929219936697487e-05 1.941163297931884362e-06
5.447419299999999964e+00 2.889411913661747347e-05 1.906241380368906173e-06
5.474656399999999756e+00 2.860184565543642994e-05 1.871965640594121098e-06
5.502029699999999579e+00 2.831252742601536744e-05 1.838328780614547860e-06
5.529539800000000227e+00 2.802613540125492477e-05 1.805237777265834534e-06
5.557187500000000391e+00 2.774255692736791413e-05 1.772857508090189760e-06
5.584973399999999977e+00 2.746192822151451006e-05 1.741009678349866211e-06
5.612898300000000340e+00 2.718413651796601198e-05 1.709773039657960214e-06
5.640962799999999611e+00 2.690907458429703722e-05 1.679056516156969568e-06
5.669167599999999752e+00 2.663679505673843606e-05 1.648938160033398658e-06
5.697513500000000342e+00 2.636726888362701343e-05 1.619327790955208914e-06
5.726001000000000118e+00 2.610047011965526548e-05 1.590302794915479791e-06
5.754630999999999830e+00 2.583636942743642762e-05 1.561856376812695470e-06
5.783404199999999662e+00 2.557493965340087134e-05 1.533817746277118299e-06
5.812321200000000410e+00 2.531615481468127681e-05 1.506346062502887161e-06
5.841382799999999875e+00 2.505998745483789368e-05 1.479434731936986009e-06
5.870589700000000022e+00 2.480641130563779212e-05 1.452915570446185868e-06
5.899942700000000428e+00 2.455539955224517586e-05 1.426945392922463100e-06
5.929442400000000113e+00 2.430685541516623943e-05 1.401437787778098442e-06
5.959089600000000431e+00 2.406089724823066620e-05 1.376387584348022044e-06
5.988884999999999792e+00 2.381742727942651706e-05 1.351789682587461574e-06
6.018829499999999832e+00 2.357634927967678488e-05 1.327638983800724450e-06
6.048923600000000178e+00 2.333778060284048128e-05 1.303930524597543097e-06
6.079168199999999800e+00 2.310162488960297819e-05 1.280581232755084945e-06
6.109564100000000053e+00 2.286778963514531912e-05 1.257742688685989215e-06
6.140111899999999956e+00 2.263638804782656626e-05 1.235331584443421179e-06
6.170812500000000256e+00 2.240732673670443851e-05 1.213266144300256980e-06
6.201666499999999971e+00 2.218051746453510999e-05 1.191619273652393123e-06
6.232674900000000129e+00 2.195606730131170094e-05 1.170233881863650053e-06
6.263838200000000356e+00 2.173388856030134000e-05 1.149031811689818779e-06
6.295157399999999903e+00 2.151389288141816733e-05 1.128162499998660816e-06
6.326633199999999846e+00 2.129612318413766185e-05 1.107772448532195048e-06
6.358266399999999763e+00 2.108055684131260752e-05 1.087631993990734716e-06
6.390057699999999841e+00 2.086711019993796608e-05 1.067961602358040857e-06
6.422007999999999939e+00 2.065582364421765304e-05 1.048460007827517816e-06
6.454118000000000244e+00 2.044661521423586856e-05 1.029346623279285048e-06
6.486388599999999727e+00 2.023952454755779506e-05 1.010543790712468560e-06
6.518820599999999743e+00 2.003447072334350827e-05 9.920481660355319837e-07
6.551414699999999591e+00 1.983149387978653120e-05 9.739288877733190307e-07
6.584171699999999738e+00 1.963057304290976841e-05 9.561815888523264463e-07
6.915365000000000428e+00 1.776588472142985183e-05 7.985279777471378102e-07
7.392525000000000013e+00 1.549814204892659302e-05 6.240889281335090695e-07
7.902608999999999995e+00 1.351592936544674567e-05 4.871398134028022463e-07
8.447889999999999233e+00 1.178316758627882043e-05 3.807350049838280690e-07
9.030794000000000210e+00 1.026884043053408240e-05 2.969777815220986684e-07
9.653919000000000139e+00 8.940861646986602185e-06 2.292355259625407916e-07
1.032004000000000055e+01 7.771976315715732711e-06 1.772186091281174966e-07
1.103212000000000081e+01 6.736365197277259569e-06 1.372163960435859694e-07
1.179334000000000060e+01 5.794815525379693819e-06 1.064163316398742328e-07
1.240464000000000055e+01 5.049802365363701043e-06 8.787763534266073402e-08
1.260707999999999984e+01 4.631588084628120057e-06 8.266456010344711287e-08
1.264513999999999960e+01 4.374401677726362136e-06 8.173270707210664818e-08
1.272109000000000023e+01 4.590700977450184873e-06 5.971178022899524640e-07
1.291095999999999933e+01 4.692208564627126133e-06 5.622756328098107332e-07
1.347696999999999967e+01 4.490830998401465089e-06 4.742907155633473661e-07
1.440687999999999924e+01 4.028630402095636603e-06 3.711418151836866580e-07
1.540094999999999992e+01 3.572192784308006962e-06 2.926877026605061124e-07
1.646361999999999881e+01 3.153446741009219736e-06 2.314828308940906048e-07
1.759960999999999842e+01 2.776399956444094350e-06 1.815167844911325006e-07
1.881398000000000081e+01 2.439594098823013090e-06 1.421092277432493305e-07
2.011214999999999975e+01 2.140813219193663596e-06 1.111147524348663310e-07
2.149988000000000099e+01 1.876861395607660606e-06 8.682276439572227878e-08
2.298338000000000036e+01 1.644353745572770783e-06 6.783638057973799085e-08
2.456923000000000101e+01 1.439978397468279904e-06 5.302733436889840901e-08
2.626450000000000173e+01 1.261931941127633967e-06 4.140675608117647100e-08
2.807676000000000016e+01 1.104430182361115102e-06 3.214375052604449102e-08
3.001405000000000101e+01 9.662700231242389415e-07 2.492230768568026306e-08
3.208502000000000010e+01 8.452404472879785467e-07 1.933191180622526435e-08
3.429889000000000010e+01 7.392841291483722028e-07 1.500275179353419620e-08
3.666550999999999760e+01 6.465650653249000181e-07 1.164751363439069400e-08
3.919543000000000177e+01 5.654512558278205698e-07 9.046602842139216452e-09
4.189992000000000161e+01 4.945044986062628778e-07 7.032390901601508756e-09
4.479100999999999999e+01 4.324581487141276027e-07 5.472016110114288372e-09
4.788159000000000276e+01 3.782021516032935580e-07 4.262674936418263908e-09
5.118542000000000058e+01 3.307597215232281058e-07 3.324800153653542596e-09
5.471721000000000146e+01 2.892778012397727637e-07 2.597005667560872112e-09
5.849269999999999925e+01 2.530040735736747757e-07 2.021196132147762401e-09
6.252870000000000061e+01 2.212807272504108883e-07 1.575916318220078774e-09
6.684318000000000382e+01 1.935401322500085510e-07 1.231597525276137087e-09
7.145535999999999888e+01 1.692821107202245136e-07 9.651439875564220599e-10
7.638577999999999690e+01 1.480688556926664641e-07 7.585236181712844860e-10
8.165640000000000498e+01 1.295184212287710795e-07 5.977445138084959560e-10
8.729068999999999789e+01 1.132946753655353829e-07 4.718873336842749675e-10
9.331373999999999569e+01 9.910605203812919230e-08 3.742153703252970258e-10
9.975239000000000544e+01 8.669636653122971128e-08 2.982425226995358302e-10
1.066353000000000009e+02 7.584257835084439921e-08 2.389872998816943400e-10
1.139930999999999983e+02 6.634939069341558728e-08 1.926460061721908114e-10
1.218586999999999989e+02 5.804571102848479782e-08 1.562760789613400020e-10
1.302668999999999926e+02 5.078253521823721120e-08 1.276349391145059571e-10
1.392553000000000054e+02 4.442907661178931716e-08 1.049776661676647594e-10
1.488640000000000043e+02 3.887113619361043826e-08 8.697372125007465852e-11
1.591356000000000108e+02 3.400912027917482212e-08 7.258929899539838851e-11
1.701159000000000106e+02 2.975578428070472938e-08 6.103293326360789654e-11
1.818539000000000101e+02 2.603483003047273813e-08 5.169154822446946298e-11
1.944018000000000086e+02 2.277945272735177126e-08 4.408785768330389632e-11
2.078155999999999892e+02 1.993134103057829416e-08 3.785552939340699894e-11
2.221547999999999945e+02 1.743955779033055707e-08 3.271406207484462822e-11
2.374834999999999923e+02 1.525945945797719043e-08 2.843629370196718121e-11
2.538699000000000012e+02 1.335200829174502076e-08 2.485112160072678939e-11
2.713869000000000256e+02 1.168306498984617633e-08 2.182364241883806371e-11
2.901125999999999863e+02 1.022285050342823544e-08 1.925030436218491100e-11
3.101304000000000087e+02 8.945192776397270035e-09 1.704525083426492649e-11
3.315294000000000096e+02 7.827264868654428708e-09 1.514342466669437235e-11
3.544048999999999978e+02 6.849091761472242478e-09 1.349242376724677244e-11
3.788587999999999738e+02 5.993196388760835664e-09 1.205284315759919961e-11
4.050000999999999749e+02 5.244271054794280979e-09 1.078928948586731477e-11
4.329451000000000249e+02 4.588961463490447136e-09 9.675358577647949805e-12
