1.067676000000000069e+00 3.865465108719171256e-04 2.637815622338172836e-05
1.141345000000000054e+00 3.357346225820858417e-04 2.051630316103262211e-05
1.220097999999999905e+00 2.912079831810532055e-04 1.597371571373379712e-05
1.304284999999999917e+00 2.521274057541142205e-04 1.244937443887216314e-05
1.394281000000000104e+00 2.176906116279794757e-04 9.712453957805790411e-06
1.490485999999999978e+00 1.870860649845139899e-04 7.585149921542585325e-06
1.593328999999999995e+00 1.593360497711198093e-04 5.929918680210340059e-06
1.703268999999999922e+00 1.325720936207051728e-04 4.640856748704480819e-06
1.802122000000000002e+00 1.036497265888806246e-04 3.775257094890080523e-06
1.820794999999999941e+00 9.317673092588580632e-05 3.635914414525036101e-06
1.829704999999999915e+00 8.417876889593838019e-05 3.571596027377827854e-06
1.837061000000000055e+00 6.409717856226937439e-05 3.519753199607971781e-06
1.848093999999999903e+00 8.249556653743007602e-05 4.119201897936223194e-05
1.875677999999999956e+00 9.699640005454724658e-05 3.948564068173686939e-05
1.946430000000000105e+00 1.032130442042956763e-04 3.538823325633484799e-05
2.080732999999999944e+00 9.951247407241952325e-05 2.809365367258670471e-05
2.224304000000000059e+00 9.142061054412251768e-05 2.203047927255368893e-05
2.377781000000000144e+00 8.234212542382280883e-05 1.721402788599216875e-05
2.541847999999999885e+00 7.341746583536238224e-05 1.351904112466203943e-05
2.717235000000000067e+00 6.510732801998328511e-05 1.063458273415777434e-05
2.904723999999999862e+00 5.753460442157460041e-05 8.366901533801697038e-06
3.105150000000000077e+00 5.072209439765786932e-05 6.558872679908402706e-06
3.319405999999999857e+00 4.460686577502047514e-05 5.127096411053642818e-06
3.548445000000000071e+00 3.916723344760711752e-05 4.008376000177839437e-06
3.793287999999999993e+00 3.446259151972280753e-05 3.121375023701605027e-06
4.055024000000000406e+00 3.018873751504369857e-05 2.419428713632496810e-06
4.334820999999999813e+00 2.642212925797505983e-05 1.875543539894533653e-06
4.633924000000000376e+00 2.311232229150925088e-05 1.454099433755010585e-06
4.953663999999999845e+00 2.020926910123055923e-05 1.127556945878452789e-06
5.295467000000000368e+00 1.766617293738726338e-05 8.744011140412553344e-07
5.660854999999999748e+00 1.544060312175764621e-05 6.781828716846180198e-07
6.051453000000000415e+00 1.349408054593369051e-05 5.260654342166739979e-07
6.469003999999999976e+00 1.179226164721465175e-05 4.081725257771206832e-07
6.915365000000000428e+00 1.030505337059559870e-05 3.167371594053068339e-07
7.392525000000000013e+00 9.005705928294646689e-06 2.458379454441492365e-07
7.902608999999999995e+00 7.870673600864142838e-06 1.908499546823425945e-07
8.447889999999999233e+00 6.879116150022833735e-06 1.473814354145794598e-07
9.030794000000000210e+00 6.012807412187752948e-06 1.135658796488190953e-07
9.653919000000000139e+00 5.254996666645037673e-06 8.700924163382894019e-08
1.032004000000000055e+01 4.592848924233443455e-06 6.668893471012473024e-08
1.103212000000000081e+01 4.014328556180951308e-06 5.113822561534271491e-08
1.179334000000000060e+01 3.508893247287437397e-06 3.923717731516781353e-08
1.260707999999999984e+01 3.067311193503224069e-06 3.012184858174192495e-08
1.347696999999999967e+01 2.681505552626162217e-06 2.314045679434893444e-08
1.440687999999999924e+01 2.344374383970315084e-06 1.779169419122093353e-08
1.540094999999999992e+01 2.049773387174722960e-06 1.369169830182441390e-08
1.646361999999999881e+01 1.792316551381268992e-06 1.054785190623256305e-08
1.759960999999999842e+01 1.567296909579603175e-06 8.135790820208940878e-09
1.881398000000000081e+01 1.370615138116425862e-06 6.284052120190823910e-09
2.011214999999999975e+01 1.198673242991654910e-06 4.861721801597475801e-09
2.149988000000000099e+01 1.048361847961895672e-06 3.768546301917809811e-09
2.298338000000000036e+01 9.169497450339538351e-07 2.927463745459034550e-09
2.456923000000000101e+01 8.020449778612436213e-07 2.279750115675173671e-09
2.626450000000000173e+01 7.015741497225438969e-07 1.780479136705790364e-09
2.807676000000000016e+01 6.137145187582280926e-07 1.389381899176244535e-09
3.001405000000000101e+01 5.368659124482623390e-07 1.087004588621066184e-09
3.208502000000000010e+01 4.696533105939384601e-07 8.544141851153640673e-10
3.429889000000000010e+01 4.108669496148479511e-07 6.751358116629065751e-10
3.666550999999999760e+01 3.594492225595694362e-07 5.365393196204119459e-10
3.919543000000000177e+01 3.144750326392944365e-07 4.291508710206028504e-10
4.189992000000000161e+01 2.751338008234221384e-07 3.446978644754628642e-10
4.479100999999999999e+01 2.407177412019805769e-07 2.790595112667222164e-10
4.788159000000000276e+01 2.106126902087627000e-07 2.278330053415610466e-10
5.118542000000000058e+01 1.842739986407691143e-07 1.876484302329171594e-10
5.471721000000000146e+01 1.612314798642187297e-07 1.559497559304934637e-10
5.849269999999999925e+01 1.410732947890899013e-07 1.307880080365037990e-10
6.252870000000000061e+01 1.234362895309948271e-07 1.106732734698680562e-10
6.684318000000000382e+01 1.080058196891750429e-07 9.447779366103384372e-11
7.145535999999999888e+01 9.450494667245417696e-08 8.133072329678828316e-11
7.638577999999999690e+01 8.269229167179495321e-08 7.056464196491957158e-11
8.165640000000000498e+01 7.235719151827962994e-08 6.166315626324925703e-11
8.729068999999999789e+01 6.331380326024311121e-08 5.423832217281910914e-11
9.331373999999999569e+01 5.540147886399541176e-08 4.798562346610200042e-11
9.975239000000000544e+01 4.847794753421169435e-08 4.267594497313891234e-11
1.066353000000000009e+02 4.241995932956649957e-08 3.812342298935476556e-11
1.139930999999999983e+02 3.711928513275723861e-08 3.418650911743626109e-11
1.218586999999999989e+02 3.248090674451680239e-08 3.075742704389949618e-11
1.302668999999999926e+02 2.842239456911635625e-08 2.774685168787191303e-11
1.392553000000000054e+02 2.487116048671011067e-08 2.508921559900605877e-11
1.488640000000000043e+02 2.176344997912043162e-08 2.272699320483651344e-11
1.591356000000000108e+02 1.904421666383544484e-08 2.061720872691652823e-11
1.701159000000000106e+02 1.666486454643921544e-08 1.872428936662641796e-11
1.818539000000000101e+02 1.458267035864294115e-08 1.702016869573286948e-11
1.944018000000000086e+02 1.276073030627705939e-08 1.548286270422995211e-11
2.078155999999999892e+02 1.116649050779173007e-08 1.408968812045786244e-11
2.221547999999999945e+02 9.771368363769864962e-09 1.282531873839578511e-11
2.374834999999999923e+02 8.550604218384459192e-09 1.167611220614099863e-11
2.538699000000000012e+02 7.482298996105970951e-09 1.062997559084024153e-11
2.713869000000000256e+02 6.547516784613083164e-09 9.677868241578611144e-12
2.901125999999999863e+02 5.729518108574182924e-09 8.809137544059978422e-12
3.101304000000000087e+02 5.013713326633434666e-09 8.015938980022738509e-12
3.315294000000000096e+02 4.387368184636262213e-09 7.293290215861279557e-12
3.544048999999999978e+02 3.839243337617860105e-09 6.633129056678735315e-12
3.788587999999999738e+02 3.359597227778492444e-09 6.030716993177026021e-12
4.050000999999999749e+02 2.939894271593859648e-09 5.480933126652313406e-12
4.329451000000000249e+02 2.572605616272025400e-09 4.979333923996025074e-12
