1.000000000000000000e+00 4.793564114727926428e-04 6.836673398139337993e-05
1.298597194388777520e+00 2.832430233403214004e-04 2.888261389477992934e-05
1.597194388777555041e+00 1.833849311256087228e-04 1.330890451898259744e-05
1.895791583166332783e+00 1.248368912113878050e-04 1.998559445020064824e-05
2.194388777555110082e+00 9.999172356160830556e-05 1.191772956902220608e-05
2.492985971943888046e+00 7.869381465059431123e-05 7.413012106304437704e-06
2.791583166332665567e+00 6.313283729732030870e-05 4.890257749471730804e-06
3.090180360721443087e+00 5.166476607216590003e-05 3.348605459837209917e-06
3.388777555110220607e+00 4.299481689981993974e-05 2.366754916484047863e-06
3.687374749498998128e+00 3.633448193194126853e-05 1.717971468769412279e-06
3.985971943887775648e+00 3.109157553262197158e-05 1.271724310583998432e-06
4.284569138276553169e+00 2.688390899338906353e-05 9.607088931964004037e-07
4.583166332665331133e+00 2.347037514583653539e-05 7.399776061416570330e-07
4.881763527054108209e+00 2.066499800746624040e-05 5.797505143224549594e-07
5.180360721442886174e+00 1.833241254584863818e-05 4.609673161694828580e-07
5.478957915831663250e+00 1.637257475484019597e-05 3.711833687290951575e-07
5.777555110220441215e+00 1.471034948240013512e-05 3.021159141049829138e-07
6.076152304609219179e+00 1.328850740728157683e-05 2.481398394760229298e-07
6.374749498997996255e+00 1.206319397401453543e-05 2.064069033259685286e-07
6.673346693386774220e+00 1.099972677351268145e-05 1.730583974540750114e-07
6.971943887775551296e+00 1.007073107874398574e-05 1.458548451457500164e-07
7.270541082164329261e+00 9.254750519299397845e-06 1.241526635207536939e-07
7.569138276553106337e+00 8.534055218130332250e-06 1.063023659612633954e-07
7.867735470941884302e+00 7.894293537918699256e-06 9.135938491844991578e-08
8.166332665330662266e+00 7.324036461266908244e-06 7.912668726647650621e-08
8.464929859719440230e+00 6.813258325622627631e-06 6.851517908657844293e-08
8.763527054108216419e+00 6.354276354861868593e-06 5.988913904076229833e-08
9.062124248496994383e+00 5.940012232619710685e-06 5.228984174926163416e-08
9.360721442885772348e+00 5.564951711868304417e-06 4.598123574895665540e-08
9.659318637274550312e+00 5.224202633696485987e-06 4.035004786462145977e-08
9.957915831663326500e+00 4.913913235716421654e-06 3.577886099403836142e-08
1.025651302605210446e+01 4.630375916713575333e-06 3.166384963346511026e-08
1.055511022044088243e+01 4.370743762058544868e-06 2.822956891491726123e-08
1.085370741482966039e+01 4.132316263723354739e-06 2.519137448385250368e-08
1.115230460921843836e+01 3.912876206671025143e-06 2.254004706001531553e-08
1.145090180360721455e+01 3.710492244705325727e-06 2.027709879343792847e-08
1.174949899799599251e+01 3.523365816854810080e-06 1.821215116363358649e-08
1.204809619238477048e+01 3.350102817159817187e-06 1.648201552333570965e-08
1.234669338677354844e+01 3.189293161332597834e-06 1.492173828384641052e-08
1.264529058116232463e+01 3.039769830067770822e-06 1.350617099151734906e-08
1.294388777555110259e+01 2.900572170432704527e-06 1.231737220170750749e-08
1.324248496993988056e+01 2.770696688834456471e-06 1.122085280707634097e-08
1.354108216432865852e+01 2.649345085678883092e-06 1.022878906121821179e-08
1.383967935871743649e+01 2.535827692369313573e-06 9.383737762833862516e-09
1.413827655310621267e+01 2.429435424471515447e-06 8.600196773271889361e-09
1.443687374749499064e+01 2.329590302517958822e-06 7.879778792117783419e-09
1.473547094188376860e+01 2.235810189699502947e-06 7.270255637411878932e-09
1.503406813627254657e+01 2.147568569682348781e-06 6.702458724731346254e-09
1.533266533066132453e+01 2.064437986990574991e-06 6.172946927019623629e-09
1.563126252505010072e+01 1.986064483637894525e-06 5.715805154084306471e-09
1.592985971943887868e+01 1.912070922652572875e-06 5.298896164552629034e-09
1.622845691382765665e+01 1.842128324209139158e-06 4.908518612627955840e-09
1.652705410821643284e+01 1.775953340696931466e-06 4.550113978912816321e-09
1.682565130260520903e+01 1.713298555611449072e-06 4.240570300829196515e-09
1.712424849699398877e+01 1.653895774624708904e-06 3.949661615274121084e-09
1.742284569138276495e+01 1.597523878909345521e-06 3.676033629678062971e-09
1.772144288577154470e+01 1.543990348164214161e-06 3.428618533067829632e-09
1.802004008016032088e+01 1.493112609115311090e-06 3.209716815044519206e-09
1.831863727454910062e+01 1.444704636157395022e-06 3.003149388337950842e-09
1.861723446893787681e+01 1.398609190693619956e-06 2.808076675532389015e-09
1.891583166332665300e+01 1.354687379447977076e-06 2.629813300593894439e-09
1.921442885771543274e+01 1.312810341530605877e-06 2.472582060025177135e-09
1.951302605210420893e+01 1.272842536155798630e-06 2.323669657896828189e-09
1.981162324649298867e+01 1.234669687442164599e-06 2.182543782801027195e-09
2.011022044088176486e+01 1.198185941903179113e-06 2.048712876064050540e-09
2.040881763527054105e+01 1.163306964332716663e-06 1.934121085184357580e-09
2.070741482965932079e+01 1.129927083092426184e-06 1.825317562095090860e-09
2.100601202404809698e+01 1.097961551730805291e-06 1.721874945587179302e-09
2.130460921843687672e+01 1.067331608197592907e-06 1.623473815025784166e-09
2.160320641282565290e+01 1.037967641321231622e-06 1.532960608321158857e-09
2.190180360721442909e+01 1.009804200237367687e-06 1.452525327983857094e-09
2.220040080160320883e+01 9.827702252198876626e-07 1.375833750116238263e-09
2.249899799599198502e+01 9.568061376722362824e-07 1.302674748579822989e-09
2.279759519038076476e+01 9.318562357460926483e-07 1.232851467746050157e-09
2.309619238476954095e+01 9.078712626992503293e-07 1.168624402916763951e-09
2.339478957915831714e+01 8.848039897171754374e-07 1.111176904423647276e-09
2.369338677354709688e+01 8.626038315163272850e-07 1.056235886607816223e-09
2.399198396793587307e+01 8.412278780128176215e-07 1.003668734851788010e-09
2.429058116232464926e+01 8.206358406721690494e-07 9.533512508527986095e-10
2.458917835671342900e+01 8.007902740831058971e-07 9.054780021096239015e-10
2.488777555110220518e+01 7.816607580616401984e-07 8.638542322434224859e-10
2.518637274549098493e+01 7.632079180003855929e-07 8.239381097631497641e-10
2.548496993987976111e+01 7.454002189821908590e-07 7.856445753582780814e-10
2.578356713426853730e+01 7.282079417478611413e-07 7.488936562961628956e-10
2.608216432865731704e+01 7.116030586854972739e-07 7.136101103918935177e-10
2.638076152304609323e+01 6.955607624919720096e-07 6.808200684577027577e-10
2.667935871743487297e+01 6.800568782376383957e-07 6.509930977287582850e-10
2.697795591182364916e+01 6.650651760822759992e-07 6.223125340982462802e-10
2.727655310621242535e+01 6.505633466039449582e-07 5.947249375332182416e-10
2.757515030060120509e+01 6.365302818574878846e-07 5.681798592547014723e-10
2.787374749498998128e+01 6.229459985592917170e-07 5.426296456691006975e-10
2.817234468937876102e+01 6.097923365108912174e-07 5.187876868836526414e-10
2.847094188376753721e+01 5.970521522103277442e-07 4.973985288169389140e-10
2.876953907815631339e+01 5.847067648450868495e-07 4.767809793401751933e-10
2.906813627254509314e+01 5.727400326182580194e-07 4.569012674285689266e-10
2.936673346693386932e+01 5.611366302835016216e-07 4.377273978484543151e-10
2.966533066132264906e+01 5.498820000766444646e-07 4.192290417442401609e-10
2.996392785571142525e+01 5.389623060531259103e-07 4.013774349536908752e-10
3.026252505010020144e+01 5.283661926997449982e-07 3.856248192159949833e-10
3.056112224448898118e+01 5.180796281070999756e-07 3.707008531125932058e-10
3.085971943887775737e+01 5.080903310531558985e-07 3.562794993746503505e-10
3.115831663326653356e+01 4.983869589460895141e-07 3.423402201346786796e-10
3.145691382765531330e+01 4.889587050243457582e-07 3.288634862867227706e-10
3.175551102204408949e+01 4.797952682668186957e-07 3.158307193961477471e-10
3.205410821643286567e+01 4.708868252560239937e-07 3.032242374466784071e-10
3.235270541082164186e+01 4.622255742487662866e-07 2.921558584839340840e-10
3.265130260521041805e+01 4.538011201944488407e-07 2.815677544800105046e-10
3.294989979959920134e+01 4.456047389637608650e-07 2.713137304503706201e-10
3.324849699398797753e+01 4.376282729302877233e-07 2.613809893073905023e-10
3.354709418837675372e+01 4.298639259315221639e-07 2.517573235369346235e-10
3.384569138276552991e+01 4.223042442187411823e-07 2.424310833345485926e-10
3.414428857715431320e+01 4.149420985679827824e-07 2.333911467182038422e-10
3.444288577154308939e+01 4.077712967669307825e-07 2.250612057289811039e-10
3.474148296593186558e+01 4.007853224669417372e-07 2.174402515292207955e-10
3.504008016032064177e+01 3.939772373319332803e-07 2.100452743246783812e-10
3.533867735470941795e+01 3.873410535274860963e-07 2.028681306554085315e-10
3.563727454909820125e+01 3.808710330415093098e-07 1.959010302591515793e-10
3.593587174348697744e+01 3.745616752805990147e-07 1.891365180903324644e-10
3.623446893787575362e+01 3.684077053789615755e-07 1.825674573902838414e-10
3.653306613226452981e+01 3.624040631735033014e-07 1.761870137393490135e-10
3.683166332665330600e+01 3.565464437235445044e-07 1.703425322276960599e-10
3.713026052104208929e+01 3.508300491921000757e-07 1.649400836978286972e-10
3.742885771543086548e+01 3.452499581913371768e-07 1.596876619276904308e-10
3.772745490981964167e+01 3.398018720922927363e-07 1.545802011904024535e-10
3.802605210420841786e+01 3.344816603885228967e-07 1.496128417268936675e-10
3.832464929859719405e+01 3.292853528671257135e-07 1.447809199110999311e-10
3.862324649298597734e+01 3.242091322018142195e-07 1.400799589547203189e-10
3.892184368737475353e+01 3.192493269422381736e-07 1.355056601181141872e-10
3.922044088176352972e+01 3.144024627453920047e-07 1.310882889318122169e-10
3.951903807615230590e+01 3.096657042258696733e-07 1.271590153807143330e-10
3.981763527054108209e+01 3.050351370437231777e-07 1.233324202846094067e-10
4.011623246492986539e+01 3.005076109404032896e-07 1.196052412644938964e-10
4.041482965931864157e+01 2.960800916100297943e-07 1.159743407976909637e-10
4.071342685370741776e+01 2.917496556154714717e-07 1.124367006039386884e-10
4.101202404809619395e+01 2.875134855625919787e-07 1.089894163216195210e-10
4.131062124248497014e+01 2.833688655177819641e-07 1.056296924571927973e-10
4.160921843687375343e+01 2.793131766548632582e-07 1.023548375919970033e-10
4.190781563126252962e+01 2.753439054949902849e-07 9.917111365122203655e-11
4.220641282565130581e+01 2.714590517542203928e-07 9.638830452470764229e-11
4.250501002004008200e+01 2.676558020853159322e-07 9.367362925759330249e-11
4.280360721442885819e+01 2.639318871133830074e-07 9.102505853464380578e-11
4.310220440881764148e+01 2.602851158029390305e-07 8.844063587933030981e-11
4.340080160320641767e+01 2.567133722350946596e-07 8.591847458089652604e-11
4.369939879759519386e+01 2.532146125383585009e-07 8.345675477050593432e-11
4.399799599198397004e+01 2.497868619647563497e-07 8.105372063830021005e-11
4.429659318637274623e+01 2.464282121034534703e-07 7.870767778369433390e-11
4.459519038076152952e+01 2.431368182245399542e-07 7.641699069170101718e-11
4.489378757515030571e+01 2.399110523818074994e-07 7.426132429067443295e-11
4.519238476953908190e+01 2.367493226131049479e-07 7.230852307960314531e-11
4.549098196392785809e+01 2.336496603339979441e-07 7.040042636220394433e-11
4.578957915831663428e+01 2.306104516866705453e-07 6.853578896407396490e-11
4.608817635270541047e+01 2.276301349260319156e-07 6.671340752213234249e-11
4.638677354709419376e+01 2.247071984134072465e-07 6.493211883375168066e-11
4.668537074148296995e+01 2.218401786997686101e-07 6.319079828087805521e-11
4.698396793587174614e+01 2.190276586939667858e-07 6.148835832528892572e-11
4.728256513026052232e+01 2.162682659116841099e-07 5.982374707135941551e-11
4.758116232464929851e+01 2.135606708010685817e-07 5.819594689291326547e-11
4.787975951903808181e+01 2.109035851412334767e-07 5.660397312092803114e-11
4.817835671342685799e+01 2.082959908027785906e-07 5.521118210458716545e-11
4.847695390781563418e+01 2.057364431496340635e-07 5.384930726042964177e-11
4.877555110220441037e+01 2.032237677387249046e-07 5.251654085693132924e-11
4.907414829659318656e+01 2.007568271446748256e-07 5.121212596572012598e-11
4.937274549098196985e+01 1.983345182343751885e-07 4.993532939371583406e-11
4.967134268537074604e+01 1.959557709337926500e-07 4.868544080765368275e-11
4.996993987975952223e+01 1.936195470462066867e-07 4.746177189577189408e-11
5.026853707414829842e+01 1.913248391194393211e-07 4.626365556487972780e-11
5.056713426853707460e+01 1.890706693597705506e-07 4.509044517111701915e-11
5.086573146292585790e+01 1.868560885903525206e-07 4.394151378280676704e-11
5.116432865731463409e+01 1.846801752520512860e-07 4.281625347388671529e-11
5.146292585170341027e+01 1.825422082614993015e-07 4.182279603348161758e-11
5.176152304609218646e+01 1.804411537001952529e-07 4.085751477936254972e-11
5.206012024048096265e+01 1.783761540081495800e-07 3.991156425058670780e-11
5.235871743486974594e+01 1.763463889948656481e-07 3.898447324890035995e-11
5.265731462925852213e+01 1.743510616596510285e-07 3.807578443211128271e-11
5.295591182364729832e+01 1.723893974092629276e-07 3.718505383462727076e-11
5.325450901803607451e+01 1.704606433061746260e-07 3.631185040709594025e-11
5.355310621242485070e+01 1.685640673461005256e-07 3.545575557428484687e-11
5.385170340681363399e+01 1.666989577634869697e-07 3.461636281038467071e-11
5.415030060120241018e+01 1.648646223637351575e-07 3.379327723095822838e-11
5.444889779559118637e+01 1.630603878809900282e-07 3.298611520079764168e-11
5.474749498997996255e+01 1.612856188531709415e-07 3.220296569306445124e-11
5.504609218436873874e+01 1.595398289567906520e-07 3.150897790293407840e-11
5.534468937875752204e+01 1.578222236023815196e-07 3.082805184039273981e-11
5.564328657314629822e+01 1.561321993888914529e-07 3.015988798512191823e-11
5.594188376753507441e+01 1.544691689765286733e-07 2.950419510691047023e-11
5.624048096192385060e+01 1.528325605764658960e-07 2.886068999553802812e-11
5.653907815631262679e+01 1.512218174593613201e-07 2.822909720079534198e-11
5.683767535070141008e+01 1.496363974819049046e-07 2.760914878221051022e-11
5.713627254509018627e+01 1.480757726306404893e-07 2.700058406807159898e-11
5.743486973947896246e+01 1.465394285823457427e-07 2.640314942335459105e-11
5.773346693386773865e+01 1.450268642802873334e-07 2.581659802618425217e-11
5.803206412825651483e+01 1.435375915256991898e-07 2.524068965247308319e-11
5.833066132264529813e+01 1.420711345838619398e-07 2.467519046839940150e-11
5.862925851703407432e+01 1.406270730998445175e-07 2.414672557288211987e-11
5.892785571142285050e+01 1.392049618245239985e-07 2.365921873168931218e-11
5.922645290581162669e+01 1.378043083311320326e-07 2.318029088311650789e-11
5.952505010020040288e+01 1.364246831160628571e-07 2.270975806895175720e-11
5.982364729458917907e+01 1.350656673682005995e-07 2.224744109342294174e-11
6.012224448897796236e+01 1.337268526510784488e-07 2.179316537800922721e-11
6.042084168336673855e+01 1.324078405960074861e-07 2.134676082135212005e-11
6.071943887775551474e+01 1.311082426057417846e-07 2.090806166406314903e-11
6.101803607214429093e+01 1.298276795682713502e-07 2.047690635823475359e-11
6.131663326653306711e+01 1.285657815803464379e-07 2.005313744146885140e-11
6.161523046092185041e+01 1.273221876803585389e-07 1.963660141524613963e-11
6.191382765531062660e+01 1.260965455902179423e-07 1.922714862746694878e-11
6.221242484969940278e+01 1.248885114658822034e-07 1.882463315900145711e-11
6.251102204408817897e+01 1.236977496562064990e-07 1.842891271409449244e-11
6.280961923847695516e+01 1.225240170023731758e-07 1.807870822876009205e-11
6.310821643286573845e+01 1.213669126879781617e-07 1.773671322024767946e-11
6.340681362725451464e+01 1.202261189376263356e-07 1.740034331690886140e-11
6.370541082164329083e+01 1.191013306509154334e-07 1.706948577562807261e-11
6.400400801603205991e+01 1.179922498279560897e-07 1.674403058214845893e-11
6.430260521042083610e+01 1.168985853719948047e-07 1.642387037327021568e-11
6.460120240480962650e+01 1.158200528984095098e-07 1.610890036160546350e-11
6.489979959919840269e+01 1.147563745498418346e-07 1.579901826279422555e-11
6.519839679358717888e+01 1.137072788172421132e-07 1.549412422509046464e-11
6.549699398797595506e+01 1.126725003666133216e-07 1.519412076123091584e-11
6.579559118236473125e+01 1.116517798712459980e-07 1.489891268250278171e-11
6.609418837675350744e+01 1.106448638492463520e-07 1.460840703492990486e-11
6.639278557114228363e+01 1.096515045061686736e-07 1.432251303750048535e-11
6.669138276553105982e+01 1.086714595825680637e-07 1.404114202236225032e-11
6.698997995991985022e+01 1.077045151919717439e-07 1.377865508677304978e-11
6.728857715430862640e+01 1.067504398713027348e-07 1.353507126004762630e-11
6.758717434869740259e+01 1.058089831330918610e-07 1.329524462266157096e-11
6.788577154308617878e+01 1.048799234419563896e-07 1.305910451187863806e-11
6.818436873747495497e+01 1.039630441028304914e-07 1.282658187048532852e-11
6.848296593186373116e+01 1.030581331346122112e-07 1.259760920380750753e-11
6.878156312625250735e+01 1.021649831476409991e-07 1.237212053805357599e-11
6.908016032064128353e+01 1.012833912248754386e-07 1.215005137993797695e-11
6.937875751503005972e+01 1.004131588066421196e-07 1.193133867754021105e-11
6.967735470941883591e+01 9.955409157883522947e-08 1.171592078235687093e-11
6.997595190380762631e+01 9.870599936444806881e-08 1.150373741250516436e-11
7.027454909819640250e+01 9.786869601832399291e-08 1.129472961703865122e-11
7.057314629258517868e+01 9.704199932501797618e-08 1.108883974133683374e-11
7.087174348697395487e+01 9.622573089966441558e-08 1.088601139353228971e-11
7.117034068136273106e+01 9.541971609174956884e-08 1.068618941193985917e-11
7.146893787575150725e+01 9.462378598882038809e-08 1.049026494535403205e-11
7.176753507014028344e+01 9.383781465575441517e-08 1.031689891713933856e-11
7.206613226452905963e+01 9.306159371778024161e-08 1.014604003513769079e-11
7.236472945891783581e+01 9.229496256832456593e-08 9.977644066855815779e-12
7.266332665330661200e+01 9.153776389403564862e-08 9.811667722893500796e-12
7.296192384769540240e+01 9.078984359408272457e-08 9.648068633243101301e-12
7.326052104208417859e+01 9.005105070175299236e-08 9.486805324275872209e-12
7.355911823647295478e+01 8.932123730827172087e-08 9.327837196392486387e-12
7.385771543086173097e+01 8.860025848877445494e-08 9.171124502316198183e-12
7.415631262525050715e+01 8.788797223036071179e-08 9.016628326007526548e-12
7.445490981963928334e+01 8.718423936216433054e-08 8.864310562180471339e-12
7.475350701402805953e+01 8.648892348737484308e-08 8.714133896400685101e-12
7.505210420841683572e+01 8.580189091714797978e-08 8.566061785746941927e-12
7.535070140280561191e+01 8.512301060634618992e-08 8.420058440017776505e-12
7.564929859719438809e+01 8.445215409105136684e-08 8.276088803466006565e-12
7.594789579158317849e+01 8.378919542779310594e-08 8.134118537044160518e-12
7.624649298597195468e+01 8.313401113444080008e-08 7.994114001144812757e-12
7.654509018036073087e+01 8.248650196240257267e-08 7.863814870275735827e-12
7.684368737474950706e+01 8.184654595091151495e-08 7.742038651006340770e-12
7.714228456913828325e+01 8.121400743834939771e-08 7.621908595277734312e-12
7.744088176352705943e+01 8.058877223917179771e-08 7.503397555636045102e-12
7.773947895791583562e+01 7.997072835659927057e-08 7.386478925776419300e-12
7.803807615230461181e+01 7.935976593246407997e-08 7.271126627825756013e-12
7.833667334669338800e+01 7.875577719839191693e-08 7.157315099970116928e-12
7.863527054108216419e+01 7.815865642827918253e-08 7.045019284416275722e-12
7.893386773547094037e+01 7.756829989202598365e-08 6.934214615677163607e-12
7.923246492985973077e+01 7.698460581048770476e-08 6.824877009171357550e-12
7.953106212424850696e+01 7.640747431160846861e-08 6.716982850127051741e-12
7.982965931863728315e+01 7.583680738769995751e-08 6.610508982781231563e-12
8.012825651302605934e+01 7.527250885383393735e-08 6.505432699865314582e-12
8.042685370741483553e+01 7.471448430731325308e-08 6.401731732368481894e-12
8.072545090180361171e+01 7.416264108819044514e-08 6.299384239570462745e-12
8.102404809619238790e+01 7.361688824080317598e-08 6.198368799335765573e-12
8.132264529058116409e+01 7.307713647629621178e-08 6.098664398661490807e-12
8.162124248496994028e+01 7.254329813610168957e-08 6.000250424471323594e-12
8.191983967935871647e+01 7.201530017319241942e-08 5.912176113040026291e-12
8.221843687374750687e+01 7.149304660268952347e-08 5.826422248075717193e-12
8.251703406813628305e+01 7.097645270050957316e-08 5.741752545149047466e-12
8.281563126252505924e+01 7.046543698565074539e-08 5.658150281293103500e-12
8.311422845691383543e+01 6.995991943815877131e-08 5.575599045393106484e-12
8.341282565130261162e+01 6.945982146780196383e-08 5.494082731328863788e-12
8.371142284569138781e+01 6.896506588352661403e-08 5.413585531291149613e-12
8.401002004008016399e+01 6.847557686367090544e-08 5.334091929267057481e-12
8.430861723446894018e+01 6.799127992691627652e-08 5.255586694689496366e-12
8.460721442885771637e+01 6.751210190395490968e-08 5.178054876246117827e-12
8.490581162324649256e+01 6.703797090985371971e-08 5.101481795843148040e-12
8.520440881763528296e+01 6.656881631709484349e-08 5.025853042719731983e-12
8.550300601202405915e+01 6.610456872927420824e-08 4.951154467708535096e-12
8.580160320641283533e+01 6.564515995543963605e-08 4.877372177638460878e-12
8.610020040080161152e+01 6.519052298505088231e-08 4.804492529875546421e-12
8.639879759519038771e+01 6.474059196354433670e-08 4.732502126998120498e-12
8.669739478957916390e+01 6.429530216848589573e-08 4.661387811602505140e-12
8.699599198396794009e+01 6.385458998629580766e-08 4.591136661235616726e-12
8.729458917835671627e+01 6.341839319499601268e-08 4.521831768807875522e-12
8.759318637274549246e+01 6.298667295133161614e-08 4.460553715959670123e-12
8.789178356713426865e+01 6.255934559325890371e-08 4.400002594624776532e-12
8.819038076152305905e+01 6.213635172555993646e-08 4.340167877106158207e-12
8.848897795591183524e+01 6.171763295345842737e-08 4.281039220097463744e-12
8.878757515030061143e+01 6.130313186246583642e-08 4.222606460873646084e-12
8.908617234468938761e+01 6.089279199870050712e-08 4.164859613572466589e-12
8.938476953907816380e+01 6.048655784966527286e-08 4.107788865564324060e-12
8.968336673346693999e+01 6.008437482547307751e-08 4.051384573908075815e-12
8.998196392785571618e+01 5.968618924050753421e-08 3.995637261890518705e-12
9.028056112224449237e+01 5.929194829550760943e-08 3.940537615647313506e-12
9.057915831663326856e+01 5.890160006006499078e-08 3.886076480863153846e-12
9.087775551102204474e+01 5.851509345552317334e-08 3.832244859549095583e-12
9.117635270541082093e+01 5.813237823826820621e-08 3.779033906894985941e-12
9.147494989979961133e+01 5.775340498340049131e-08 3.726434928195018156e-12
9.177354709418838752e+01 5.737812506877788698e-08 3.674439375844483434e-12
9.207214428857716371e+01 5.700649065942028962e-08 3.623038846405825135e-12
9.237074148296593989e+01 5.663845469226699784e-08 3.572225077742254789e-12
9.266933867735471608e+01 5.627397086127672134e-08 3.521989946217054250e-12
9.296793587174349227e+01 5.591299360286256479e-08 3.472325463956973852e-12
9.326653306613226846e+01 5.555547808165273568e-08 3.423223776177987775e-12
9.356513026052104465e+01 5.520138749173843955e-08 3.379016204229927510e-12
9.386372745490982084e+01 5.485067236955903951e-08 3.336110606003461156e-12
9.416232464929859702e+01 5.450328860118349471e-08 3.293680417411806144e-12
9.446092184368738742e+01 5.415919412948622219e-08 3.251719208262612773e-12
9.475951903807616361e+01 5.381834755893986367e-08 3.210220653559080294e-12
9.505811623246493980e+01 5.348070814316549599e-08 3.169178531469695003e-12
9.535671342685371599e+01 5.314623577275540094e-08 3.128586721343192666e-12
9.565531062124249218e+01 5.281489096336116150e-08 3.088439201767607075e-12
9.595390781563126836e+01 5.248663484404131412e-08 3.048730048672290000e-12
9.625250501002004455e+01 5.216142914586117864e-08 3.009453433471823308e-12
9.655110220440882074e+01 5.183923619073943282e-08 2.970603621250778788e-12
9.684969939879759693e+01 5.152001888053478103e-08 2.932174968988305015e-12
9.714829659318637312e+01 5.120374068636739664e-08 2.894161923821548900e-12
9.744689378757516351e+01 5.089036563816865307e-08 2.856559021346941749e-12
9.774549098196393970e+01 5.057985831445435233e-08 2.819360883958446323e-12
9.804408817635271589e+01 5.027218383231536321e-08 2.782562219221785449e-12
9.834268537074149208e+01 4.996730783762086466e-08 2.746157818283852460e-12
9.864128256513026827e+01 4.966519649542877475e-08 2.710142554316376928e-12
9.893987975951904446e+01 4.936581648059844850e-08 2.674511380993029830e-12
9.923847695390782064e+01 4.906913496860092627e-08 2.639259330999168407e-12
9.953707414829659683e+01 4.877511962652171008e-08 2.604381514573404461e-12
9.983567134268537302e+01 4.848374161190938541e-08 2.570891139472521641e-12
1.001342685370741492e+02 4.819497423505694419e-08 2.540369642809755354e-12
1.004328657314629396e+02 4.790877876475805406e-08 2.510165130756612021e-12
1.007314629258517158e+02 4.762512474997333884e-08 2.480273583021013220e-12
1.010300601202404920e+02 4.734398218899885643e-08 2.450691041000213272e-12
1.013286573146292682e+02 4.706532152153324494e-08 2.421413606663837229e-12
1.016272545090180444e+02 4.678911362090741294e-08 2.392437441460245107e-12
1.019258517034068205e+02 4.651532978647374330e-08 2.363758765245716294e-12
1.022244488977955967e+02 4.624394173615037686e-08 2.335373855235864430e-12
1.025230460921843729e+02 4.597492159911745245e-08 2.307279044978798502e-12
1.028216432865731491e+02 4.570824190866161739e-08 2.279470723349505475e-12
1.031202404809619253e+02 4.544387559516508287e-08 2.251945333564935467e-12
1.034188376753507015e+02 4.518179597923665656e-08 2.224699372219351233e-12
1.037174348697394919e+02 4.492197676498059017e-08 2.197729388339427386e-12
1.040160320641282681e+02 4.466439203340066111e-08 2.171031982458663166e-12
1.043146292585170443e+02 4.440901623593624565e-08 2.144603805710648298e-12
1.046132264529058205e+02 4.415582418812728676e-08 2.118441558940759865e-12
1.049118236472945966e+02 4.390479106340530436e-08 2.092541991835854411e-12
1.052104208416833728e+02 4.365589238700776138e-08 2.066901902071551356e-12
1.055090180360721490e+02 4.340910403001245043e-08 2.041518134476688490e-12
1.058076152304609252e+02 4.316440220348997534e-08 2.016387580214577144e-12
1.061062124248497014e+02 4.292176345277096605e-08 1.991507175980658409e-12
1.064048096192384776e+02 4.268116465182588924e-08 1.966873903216196875e-12
1.067034068136272680e+02 4.244258491924133275e-08 1.943073283345926428e-12
1.070020040080160442e+02 4.220600629348492158e-08 1.921487845911409907e-12
1.073006012024048204e+02 4.197140006365392467e-08 1.900112252408476662e-12
1.075991983967935965e+02 4.173874436539851086e-08 1.878944011064625919e-12
1.078977955911823727e+02 4.150801763649133328e-08 1.857980665911827711e-12
1.081963927855711489e+02 4.127919861183181515e-08 1.837219796179345250e-12
1.084949899799599251e+02 4.105226631854626924e-08 1.816659015698414494e-12
1.087935871743487013e+02 4.082720007118228295e-08 1.796295972318575328e-12
1.090921843687374775e+02 4.060397946699488731e-08 1.776128347335356284e-12
1.093907815631262537e+02 4.038258438132259750e-08 1.756153854929077732e-12
1.096893787575150441e+02 4.016299496305175657e-08 1.736370241614532215e-12
1.099879759519038203e+02 3.994519163016664121e-08 1.716775285701298370e-12
1.102865731462925964e+02 3.972915506538393338e-08 1.697366796764441268e-12
1.105851703406813726e+02 3.951486621186954598e-08 1.678142615125402854e-12
1.108837675350701488e+02 3.930230626903622110e-08 1.659100611342834725e-12
1.111823647294589250e+02 3.909145668841970380e-08 1.640238685713161979e-12
1.114809619238477012e+02 3.888229916963251866e-08 1.621554767780674597e-12
1.117795591182364774e+02 3.867481565639305282e-08 1.603046815856941161e-12
1.120781563126252536e+02 3.846898833262867508e-08 1.584712816549327411e-12
1.123767535070140298e+02 3.826479961865117035e-08 1.566550784298441741e-12
1.126753507014028202e+02 3.806223216740318593e-08 1.548558760924308488e-12
1.129739478957915964e+02 3.786126886077391616e-08 1.530734815181087279e-12
1.132725450901803725e+02 3.766189280598263565e-08 1.513077042320139714e-12
1.135711422845691487e+02 3.746408733202882395e-08 1.495583563661289900e-12
1.138697394789579249e+02 3.726783598620729327e-08 1.478252526172084969e-12
1.141683366733467011e+02 3.707312355059090410e-08 1.462152475152268279e-12
1.144669338677354773e+02 3.687993368256801933e-08 1.446949659823872623e-12
1.147655310621242535e+02 3.668824984250573548e-08 1.431885061819274227e-12
1.150641282565130297e+02 3.649805641749547058e-08 1.416957146126075320e-12
1.153627254509018059e+02 3.630933799642641395e-08 1.402164398363940823e-12
1.156613226452905963e+02 3.612207936686385236e-08 1.387505324457251721e-12
1.159599198396793724e+02 3.593626551198341375e-08 1.372978450313760336e-12
1.162585170340681486e+02 3.575188160756062611e-08 1.358582321509110995e-12
1.165571142284569248e+02 3.556891301901412393e-08 1.344315502977119049e-12
1.168557114228457010e+02 3.538734529850199945e-08 1.330176578705683048e-12
1.171543086172344772e+02 3.520716418206955818e-08 1.316164151438206259e-12
1.174529058116232534e+02 3.502835558684792943e-08 1.302276842380424757e-12
1.177515030060120296e+02 3.485090560830244014e-08 1.288513290912530799e-12
1.180501002004008058e+02 3.467480051752938860e-08 1.274872154306470521e-12
1.183486973947895819e+02 3.450002675860081455e-08 1.261352107448330936e-12
1.186472945891783581e+02 3.432657094595561784e-08 1.247951842565687594e-12
1.189458917835671485e+02 3.415441986183684039e-08 1.234670068959836161e-12
1.192444889779559247e+02 3.398356045377362917e-08 1.221505512742795430e-12
1.195430861723447009e+02 3.381397983210703310e-08 1.208456916578980998e-12
1.198416833667334771e+02 3.364566526755923022e-08 1.195523039431471653e-12
1.201402805611222533e+02 3.347860418884464998e-08 1.182702656312759217e-12
1.204388777555110295e+02 3.331278418032282505e-08 1.169994558039905099e-12
1.207374749498998057e+02 3.314819297969154343e-08 1.157397550994004419e-12
1.210360721442885819e+02 3.298481847571993683e-08 1.144910456883879526e-12
1.213346693386773580e+02 3.282264870602059208e-08 1.132532112513913466e-12
1.216332665330661342e+02 3.266167185485977249e-08 1.120261369555943010e-12
1.219318637274549246e+02 3.250187756747927129e-08 1.108412621281814887e-12
1.222304609218437008e+02 3.234325702226084612e-08 1.097633605468156095e-12
1.225290581162324770e+02 3.218579475495604047e-08 1.086946368203089679e-12
1.228276553106212532e+02 3.202947951585635830e-08 1.076349954634269006e-12
1.231262525050100294e+02 3.187430019149910899e-08 1.065843421934732383e-12
1.234248496993988056e+02 3.172024580269213979e-08 1.055425839124106021e-12
1.237234468937875818e+02 3.156730550257197300e-08 1.045096286892872995e-12
1.240220440881763579e+02 3.141546857469432910e-08 1.034853857429651221e-12
1.243206412825651341e+02 3.126472443115704209e-08 1.024697654251424331e-12
1.246192384769539103e+02 3.111506261075421597e-08 1.014626792036671921e-12
1.249178356713427007e+02 3.096647277716136394e-08 1.004640396461333736e-12
1.252164328657314769e+02 3.081894471715067692e-08 9.947376040375607474e-13
1.255150300601202531e+02 3.067246833883605732e-08 9.849175619551955581e-13
1.258136272545090293e+02 3.052703366994727614e-08 9.751794279259312549e-13
1.261122244488978055e+02 3.038263085613267117e-08 9.655223700300986150e-13
1.264108216432865817e+02 3.023925015928984360e-08 9.559455665660271462e-13
1.267094188376753578e+02 3.009688195592401545e-08 9.464482059019371461e-13
1.270080160320641340e+02 2.995551673553313487e-08 9.370294863303054273e-13
1.273066132264529102e+02 2.981514509901962312e-08 9.276886159246703772e-13
1.276052104208416864e+02 2.967575775712815800e-08 9.184248123988165751e-13
1.279038076152304768e+02 2.953734552890875242e-08 9.092373029683049403e-13
1.282024048096192530e+02 2.939989934020502885e-08 9.001253242142970121e-13
1.285010020040080292e+02 2.926341022216702473e-08 8.910881219496332785e-13
1.287995991983968054e+02 2.912786930978805882e-08 8.821249510871238481e-13
1.290981963927855816e+02 2.899326784046531784e-08 8.732350755100091597e-13
1.293967935871743578e+02 2.885959715258357107e-08 8.644177679445469045e-13
1.296953907815631339e+02 2.872684868412181434e-08 8.556723098346918408e-13
1.299939879759519101e+02 2.859501397128224140e-08 8.469979912188262944e-13
1.302925851703406863e+02 2.846408500660079866e-08 8.384724377442513839e-13
1.305911823647294625e+02 2.833405695786953654e-08 8.308443594921843046e-13
1.308897795591182387e+02 2.820491781141897396e-08 8.232770819187087138e-13
1.311883767535070149e+02 2.807665948345462043e-08 8.157700127485900628e-13
1.314869739478957911e+02 2.794927398186701876e-08 8.083225666918194401e-13
1.317855711422845673e+02 2.782275340498644445e-08 8.009341653463273577e-13
1.320841683366733434e+02 2.769708994035779500e-08 7.936042371022794987e-13
1.323827655310621196e+02 2.757227586353448114e-08 7.863322170478930367e-13
1.326813627254509242e+02 2.744830353689129693e-08 7.791175468767673652e-13
1.329799599198397004e+02 2.732516540845621905e-08 7.719596747967035912e-13
1.332785571142284766e+02 2.720285401076017245e-08 7.648580554399647283e-13
1.335771543086172528e+02 2.708136195970492119e-08 7.578121497749710359e-13
1.338757515030060290e+02 2.696068195344864440e-08 7.508214250193992032e-13
1.341743486973948052e+02 2.684080677130875727e-08 7.438853545546523583e-13
1.344729458917835814e+02 2.672172927268190770e-08 7.370034178416883825e-13
1.347715430861723576e+02 2.660344239598053630e-08 7.301751003381706835e-13
1.350701402805611337e+02 2.648593915758599997e-08 7.233998934169267867e-13
1.353687374749499099e+02 2.636921265081781547e-08 7.166772942856857639e-13
1.356673346693386861e+02 2.625325604491866585e-08 7.100068059080731959e-13
1.359659318637274623e+02 2.613806258405521585e-08 7.033879369258429666e-13
1.362645290581162385e+02 2.602362558633397215e-08 6.968202015823225662e-13
1.365631262525050147e+02 2.590993844283235704e-08 6.903031196470480716e-13
1.368617234468937909e+02 2.579699461664459537e-08 6.838362163415751735e-13
1.371603206412825671e+02 2.568478764194194133e-08 6.774190222664344434e-13
1.374589178356713433e+02 2.557331112304735456e-08 6.710510733292210449e-13
1.377575150300601194e+02 2.546255873352412911e-08 6.647319106737927390e-13
1.380561122244488956e+02 2.535252421527831309e-08 6.584610806105600247e-13
1.383547094188376718e+02 2.524320137767468425e-08 6.522381345478479203e-13
1.386533066132264764e+02 2.513458409666599677e-08 6.460626289243083803e-13
1.389519038076152526e+02 2.502666631393542000e-08 6.399341251423721407e-13
1.392505010020040288e+02 2.491944203605165943e-08 6.338521895027103069e-13
1.395490981963928050e+02 2.481290391593083954e-08 6.284470365369064228e-13
1.398476953907815812e+02 2.470704749417160706e-08 6.230924756023119251e-13
1.401462925851703574e+02 2.460186699019507896e-08 6.177777943202589986e-13
1.404448897795591336e+02 2.449735666179774914e-08 6.125026297301000224e-13
1.407434869739479097e+02 2.439351082762443720e-08 6.072666228710141786e-13
1.410420841683366859e+02 2.429032386639624105e-08 6.020694187299576783e-13
1.413406813627254621e+02 2.418779021614978881e-08 5.969106661903878529e-13
1.416392785571142383e+02 2.408590437348779998e-08 5.917900179817655546e-13
1.419378757515030145e+02 2.398466089284054216e-08 5.867071306298064835e-13
1.422364729458917907e+02 2.388405438573825626e-08 5.816616644074799242e-13
1.425350701402805669e+02 2.378407952009420922e-08 5.766532832867370222e-13
1.428336673346693431e+02 2.368473101949815278e-08 5.716816548909582988e-13
1.431322645290581193e+02 2.358600366252021129e-08 5.667464504481058651e-13
1.434308617234468954e+02 2.348789228202476512e-08 5.618473447445709447e-13
1.437294589178356716e+02 2.339039176449445226e-08 5.569840160797046878e-13
1.440280561122244478e+02 2.329349704936380148e-08 5.521561462210188495e-13
1.443266533066132240e+02 2.319720312836271237e-08 5.473634203600470399e-13
1.446252505010020002e+02 2.310150504486915671e-08 5.426055270688553402e-13
1.449238476953908048e+02 2.300639789327148505e-08 5.378821582571899646e-13
1.452224448897795810e+02 2.291187681833968016e-08 5.331930091302545975e-13
1.455210420841683572e+02 2.281793701460572264e-08 5.285377781471003408e-13
1.458196392785571334e+02 2.272457372575286359e-08 5.239161669796280701e-13
1.461182364729459096e+02 2.263178224401352980e-08 5.193278804721828023e-13
1.464168336673346857e+02 2.253955790957593083e-08 5.147726266017386617e-13
1.467154308617234619e+02 2.244789610999900412e-08 5.102501164386573787e-13
1.470140280561122381e+02 2.235679227963571453e-08 5.057600641080187074e-13
1.473126252505010143e+02 2.226624189906457620e-08 5.013021867515049888e-13
1.476112224448897905e+02 2.217624049452908873e-08 4.968762044898375382e-13
1.479098196392785667e+02 2.208678363738526987e-08 4.924818403857539517e-13
1.482084168336673429e+02 2.199786694355679502e-08 4.881188204075145168e-13
1.485070140280561191e+02 2.190948607299788231e-08 4.837868733929317711e-13
1.488056112224448952e+02 2.182163672916372831e-08 4.794857310139173512e-13
1.491042084168336714e+02 2.173431647572838793e-08 4.755798130054607412e-13
1.494028056112224476e+02 2.164751970979901690e-08 4.717895508704571379e-13
1.497014028056112238e+02 2.156124181889058963e-08 4.680257148933454465e-13
1.500000000000000000e+02 2.147547867547297066e-08 4.642880798747767259e-13
