1.000000000000000000e+00 2.568334663035939762e-04 2.980173760739630574e-05
1.298597194388777520e+00 1.527496863634436033e-04 1.347815114216289120e-05
1.597194388777555041e+00 1.006673093847912002e-04 6.163509613938765324e-06
1.895791583166332783e+00 7.116081899886647687e-05 3.238958529451070083e-06
2.194388777555110082e+00 5.291012288096064902e-05 1.864131168454708520e-06
2.492985971943888046e+00 4.084796132026157769e-05 1.163937091810277608e-06
2.791583166332665567e+00 3.249733611436271904e-05 7.522588653326977595e-07
3.090180360721443087e+00 2.647800786187022560e-05 5.166300602945363783e-07
3.388777555110220607e+00 2.197937854270065155e-05 3.589084268645478783e-07
3.687374749498998128e+00 1.853429685536775361e-05 2.595202258809370881e-07
3.985971943887775648e+00 1.584097688096052056e-05 1.901075956009692514e-07
4.284569138276553169e+00 1.369397698811220778e-05 1.424577353810582415e-07
4.583166332665331133e+00 1.195549571592394687e-05 1.089867582430575509e-07
4.881763527054108209e+00 1.052829799428335771e-05 8.491232366888072276e-08
5.180360721442886174e+00 9.342238273329763821e-06 6.718129100538071853e-08
5.478957915831663250e+00 8.345923887673347932e-06 5.382291404056511325e-08
5.777555110220441215e+00 7.500912563573985508e-06 4.355611993254389247e-08
6.076152304609219179e+00 6.778017254215695523e-06 3.552868845463797935e-08
6.374749498997996255e+00 6.154931077739962167e-06 2.948525360210039067e-08
6.673346693386774220e+00 5.613997659490083982e-06 2.465415342177753094e-08
6.971943887775551296e+00 5.141343283189197306e-06 2.066950981072534132e-08
7.270541082164329261e+00 4.726039872770722847e-06 1.757069689320775196e-08
7.569138276553106337e+00 4.359111429399061962e-06 1.501486135301394548e-08
7.867735470941884302e+00 4.033301501628035368e-06 1.285135936912996776e-08
8.166332665330662266e+00 3.742768221196997631e-06 1.116407575622899765e-08
8.464929859719440230e+00 3.482495174670598287e-06 9.651219623532627065e-09
8.763527054108216419e+00 3.248524662395424836e-06 8.478038736680046080e-09
9.062124248496994383e+00 3.037331995617471598e-06 7.400824340594270527e-09
9.360721442885772348e+00 2.846129546911395146e-06 6.546386852012520920e-09
9.659318637274550312e+00 2.672400397960351224e-06 5.747309189940196071e-09
9.957915831663326500e+00 2.514142041108943397e-06 5.129602046303092421e-09
1.025651302605210446e+01 2.369514822039972453e-06 4.547861438188426744e-09
1.055511022044088243e+01 2.237037248435484145e-06 4.076497800892627409e-09
1.085370741482966039e+01 2.115360877294538729e-06 3.651427773837508686e-09
1.115230460921843836e+01 2.003349927855128785e-06 3.278562471900102874e-09
1.145090180360721455e+01 1.900015626861313875e-06 2.967710619371056688e-09
1.174949899799599251e+01 1.804464505876061967e-06 2.672658502822506606e-09
1.204809619238477048e+01 1.715959672356606372e-06 2.436155645363145864e-09
1.234669338677354844e+01 1.633806390364243673e-06 2.218468258931803147e-09
1.264529058116232463e+01 1.557410388277405089e-06 2.015827060233077773e-09
1.294388777555110259e+01 1.486262110005979047e-06 1.854260901436005853e-09
1.324248496993988056e+01 1.419874937405296355e-06 1.699980867838922516e-09
1.354108216432865852e+01 1.357837417670748703e-06 1.558175773617229661e-09
1.383967935871743649e+01 1.299788026761419522e-06 1.442782762734177837e-09
1.413827655310621267e+01 1.245379497781481941e-06 1.332263900290977439e-09
1.443687374749499064e+01 1.194314980133019395e-06 1.228203891161444626e-09
1.473547094188376860e+01 1.146336022304108071e-06 1.144918669448074161e-09
1.503406813627254657e+01 1.101188670474719743e-06 1.064941764992845869e-09
1.533266533066132453e+01 1.058654459152169888e-06 9.880798935434544810e-10
1.563126252505010072e+01 1.018542801001171668e-06 9.243070546529669186e-10
1.592985971943887868e+01 9.806685760825424363e-07 8.658786613094437005e-10
1.622845691382765665e+01 9.448665438801374528e-07 8.096003866639169549e-10
1.652705410821643284e+01 9.109897979844140530e-07 7.573632916786378727e-10
1.682565130260520903e+01 8.789067730478363648e-07 7.142907548929452245e-10
1.712424849699398877e+01 8.484880004082274171e-07 6.727203381730369874e-10
1.742284569138276495e+01 8.196203527665001081e-07 6.325748103630136312e-10
1.772144288577154470e+01 7.922023136238850150e-07 5.965162918556541175e-10
1.802004008016032088e+01 7.661394542998229104e-07 5.655539454504387959e-10
1.831863727454910062e+01 7.413410931222752285e-07 5.356009830544948100e-10
1.861723446893787681e+01 7.177267468086735353e-07 5.066088368904126728e-10
1.891583166332665300e+01 6.952235529180531874e-07 4.801551005182028186e-10
1.921442885771543274e+01 6.737641184786907987e-07 4.576101472189619956e-10
1.951302605210420893e+01 6.532825678115670739e-07 4.357551801663247592e-10
1.981162324649298867e+01 6.337203847170496033e-07 4.145590013173778268e-10
2.011022044088176486e+01 6.150233651372061967e-07 3.939922655473535895e-10
2.040881763527054105e+01 5.971441072134943180e-07 3.773611062414971197e-10
2.070741482965932079e+01 5.800329297045278831e-07 3.612309540667214456e-10
2.100601202404809698e+01 5.636464480433209979e-07 3.455593771016465281e-10
2.130460921843687672e+01 5.479443146124360556e-07 3.303270937059057310e-10
2.160320641282565290e+01 5.328896573154376925e-07 3.163487625869044399e-10
2.190180360721442909e+01 5.184479960912134014e-07 3.043041205658290970e-10
2.220040080160320883e+01 5.045852713339351611e-07 2.925834813721845131e-10
2.249899799599198502e+01 4.912709506270655148e-07 2.811739449201189803e-10
2.279759519038076476e+01 4.784764880443013047e-07 2.700632869721597759e-10
2.309619238476954095e+01 4.661757709777719179e-07 2.598864525799552629e-10
2.339478957915831714e+01 4.543441133530144488e-07 2.510205586554944702e-10
2.369338677354709688e+01 4.429570536978854214e-07 2.423781305510022610e-10
2.399198396793587307e+01 4.319925946270051067e-07 2.339508246963546199e-10
2.429058116232464926e+01 4.214300825166560201e-07 2.257307077819498401e-10
2.458917835671342900e+01 4.112501896680822327e-07 2.177919899156302174e-10
2.488777555110220518e+01 4.014356665749404758e-07 2.111721020392039840e-10
2.518637274549098493e+01 3.919682041962717533e-07 2.047091784042777652e-10
2.548496993987976111e+01 3.828316311856824149e-07 1.983977017492375213e-10
2.578356713426853730e+01 3.740107071897372553e-07 1.922324103921299583e-10
2.608216432865731704e+01 3.654910592646275477e-07 1.862082836008631116e-10
2.638076152304609323e+01 3.572594158227582598e-07 1.806406972201018439e-10
2.667935871743487297e+01 3.493031105925364354e-07 1.756942455466058384e-10
2.697795591182364916e+01 3.416095716052012079e-07 1.708572904262745180e-10
2.727655310621242535e+01 3.341673550505046252e-07 1.661262358735618738e-10
2.757515030060120509e+01 3.269656333725706280e-07 1.614976416592729130e-10
2.787374749498998128e+01 3.199941558725560415e-07 1.569682149678725753e-10
2.817234468937876102e+01 3.132434136966522105e-07 1.527355448243352086e-10
2.847094188376753721e+01 3.067044121598548937e-07 1.490135426589760720e-10
2.876953907815631339e+01 3.003679867296683621e-07 1.453688013354446253e-10
2.906813627254509314e+01 2.942258559689721880e-07 1.417989399094941104e-10
2.936673346693386932e+01 2.882701573311855548e-07 1.383016742734257666e-10
2.966533066132264906e+01 2.824934219895745689e-07 1.348748122825339112e-10
2.996392785571142525e+01 2.768885514135946717e-07 1.315162491729480354e-10
3.026252505010020144e+01 2.714491358331897796e-07 1.286024537584794253e-10
3.056112224448898118e+01 2.661684671471898729e-07 1.258211995430923189e-10
3.085971943887775737e+01 2.610403633298619003e-07 1.230937678977544426e-10
3.115831663326653356e+01 2.560590038366183738e-07 1.204186114408850585e-10
3.145691382765531330e+01 2.512188430674272445e-07 1.177942415434950408e-10
3.175551102204408949e+01 2.465145949279527481e-07 1.152192255669319261e-10
3.205410821643286567e+01 2.419412183927269640e-07 1.126921842550149697e-10
3.235270541082164186e+01 2.374942205563959580e-07 1.105018755399703429e-10
3.265130260521041805e+01 2.331687186702846975e-07 1.083848199546763139e-10
3.294989979959920134e+01 2.289602925285809918e-07 1.063061345533268935e-10
3.324849699398797753e+01 2.248647550967636213e-07 1.042647855542197346e-10
3.354709418837675372e+01 2.208781048545625484e-07 1.022597759817395526e-10
3.384569138276552991e+01 2.169965160193125220e-07 1.002901440427840327e-10
3.414428857715431320e+01 2.132163293651724444e-07 9.835496158838118493e-11
3.444288577154308939e+01 2.095341509510844765e-07 9.656460478793917299e-11
3.474148296593186558e+01 2.059466315626072470e-07 9.492346441930699329e-11
3.504008016032064177e+01 2.024504449269052282e-07 9.331029430116670341e-11
3.533867735470941795e+01 1.990425170590419676e-07 9.172438542240528475e-11
3.563727454909820125e+01 1.957199022178130898e-07 9.016505253452675871e-11
3.593587174348697744e+01 1.924797765387287785e-07 8.863163316441467175e-11
3.623446893787575362e+01 1.893194320327577368e-07 8.712348667590721930e-11
3.653306613226452981e+01 1.862362709270168400e-07 8.563999337739292488e-11
3.683166332665330600e+01 1.832278974110990781e-07 8.427219468367291569e-11
3.713026052104208929e+01 1.802918943783443620e-07 8.299885662608681120e-11
3.742885771543086548e+01 1.774258853877751473e-07 8.174583525432608377e-11
3.772745490981964167e+01 1.746276632287953935e-07 8.051264817390635374e-11
3.802605210420841786e+01 1.718951070116393802e-07 7.929882814223308163e-11
3.832464929859719405e+01 1.692261781478097572e-07 7.810392247834055324e-11
3.862324649298597734e+01 1.666189165472004141e-07 7.692749250001016814e-11
3.892184368737475353e+01 1.640714370186551439e-07 7.576911298679889431e-11
3.922044088176352972e+01 1.615819369295099251e-07 7.463821943071589142e-11
3.951903807615230590e+01 1.591487786855311405e-07 7.363132316138370314e-11
3.981763527054108209e+01 1.567701592519910193e-07 7.263952856240541661e-11
4.011623246492986539e+01 1.544444608226417377e-07 7.166249841494552104e-11
4.041482965931864157e+01 1.521701251354131941e-07 7.069990546607456934e-11
4.071342685370741776e+01 1.499456508617988614e-07 6.975143206331326128e-11
4.101202404809619395e+01 1.477695911288073252e-07 6.881676980514135816e-11
4.131062124248497014e+01 1.456405511658391641e-07 6.789561920666366097e-11
4.160921843687375343e+01 1.435571860693454287e-07 6.698768937967108986e-11
4.190781563126252962e+01 1.415182012111276191e-07 6.609493753668690617e-11
4.220641282565130581e+01 1.395224344787051531e-07 6.529669955376020755e-11
4.250501002004008200e+01 1.375685837368731910e-07 6.450967679567618436e-11
4.280360721442885819e+01 1.356554834097386204e-07 6.373363455081416738e-11
4.310220440881764148e+01 1.337820081555241453e-07 6.296834461155788217e-11
4.340080160320641767e+01 1.319470712114211472e-07 6.221358505055798264e-11
4.369939879759519386e+01 1.301496228173377350e-07 6.146914000616720333e-11
4.399799599198397004e+01 1.283886487142740516e-07 6.073479947661261987e-11
4.429659318637274623e+01 1.266631687133142130e-07 6.001035912249266801e-11
4.459519038076152952e+01 1.249722353314643950e-07 5.929562007720868591e-11
4.489378757515030571e+01 1.233149529824932097e-07 5.861116732112548543e-11
4.519238476953908190e+01 1.216904532492694369e-07 5.797508656548936282e-11
4.549098196392785809e+01 1.200978396776463618e-07 5.734735612109463385e-11
4.578957915831663428e+01 1.185362832287009912e-07 5.672781262897042886e-11
4.608817635270541047e+01 1.170049816327717199e-07 5.611629696364218473e-11
4.638677354709419376e+01 1.155031583588846067e-07 5.551265409687391128e-11
4.668537074148296995e+01 1.140300616301724542e-07 5.491673296663964809e-11
4.698396793587174614e+01 1.125849634829554325e-07 5.432838635109128591e-11
4.728256513026052232e+01 1.111671588672839925e-07 5.374747074730153390e-11
4.758116232464929851e+01 1.097759647868705312e-07 5.317384625457314992e-11
4.787975951903808181e+01 1.084107194764487307e-07 5.260737646211397840e-11
4.817835671342685799e+01 1.070708433150367053e-07 5.209098951214321544e-11
4.847695390781563418e+01 1.057556518321253812e-07 5.158122797413305652e-11
4.877555110220441037e+01 1.044645420233644466e-07 5.107770781573287307e-11
4.907414829659318656e+01 1.031969295476280570e-07 5.058031510780654197e-11
4.937274549098196985e+01 1.019522476804392695e-07 5.008893867730691027e-11
4.967134268537074604e+01 1.007299466804698395e-07 4.960347002443532412e-11
4.996993987975952223e+01 9.952949318245871110e-08 4.912380324277109800e-11
5.026853707414829842e+01 9.835036961529879402e-08 4.864983494224770666e-11
5.056713426853707460e+01 9.719207364410518888e-08 4.818146417485773599e-11
5.086573146292585790e+01 9.605411763514276714e-08 4.771859236297489768e-11
5.116432865731463409e+01 9.493602814254888817e-08 4.726112323018576804e-11
5.146292585170341027e+01 9.383737275096145914e-08 4.683835153024869435e-11
5.176152304609218646e+01 9.275767902222306354e-08 4.642267828296133114e-11
5.206012024048096265e+01 9.169651111310256585e-08 4.601177332529178780e-11
5.235871743486974594e+01 9.065344761502209120e-08 4.560555507782185414e-11
5.265731462925852213e+01 8.962807903376610385e-08 4.520394381154184325e-11
5.295591182364729832e+01 8.862000738753534223e-08 4.480686159568193878e-11
5.325450901803607451e+01 8.762884582073339838e-08 4.441423224729877421e-11
5.355310621242485070e+01 8.665421823278422790e-08 4.402598128254834268e-11
5.385170340681363399e+01 8.569575892131728425e-08 4.364203586958025825e-11
5.415030060120241018e+01 8.475311223908710694e-08 4.326232478299036732e-11
5.444889779559118637e+01 8.382593226402714825e-08 4.288677835977197875e-11
5.474749498997996255e+01 8.291388503510263707e-08 4.251766468143441410e-11
5.504609218436873874e+01 8.201666290784044059e-08 4.217314120009032309e-11
5.534468937875752204e+01 8.113392442285837473e-08 4.183233528392132784e-11
5.564328657314629822e+01 8.026535951549022573e-08 4.149518708449288641e-11
5.594188376753507441e+01 7.941066637410073187e-08 4.116163803116619320e-11
5.624048096192385060e+01 7.856955117787687319e-08 4.083163079717712400e-11
5.653907815631262679e+01 7.774172784428728788e-08 4.050510926679023812e-11
5.683767535070141008e+01 7.692691778580375576e-08 4.018201850348802275e-11
5.713627254509018627e+01 7.612484967549982525e-08 3.986230471915757506e-11
5.743486973947896246e+01 7.533525922115710542e-08 3.954591524423852635e-11
5.773346693386773865e+01 7.455788894752881628e-08 3.923279849879726621e-11
5.803206412825651483e+01 7.379248798642527793e-08 3.892290396449426980e-11
5.833066132264529813e+01 7.303881187430232503e-08 3.861618215741228103e-11
5.862925851703407432e+01 7.229663307023879857e-08 3.832030644855456397e-11
5.892785571142285050e+01 7.156572099510310481e-08 3.803654546302510876e-11
5.922645290581162669e+01 7.084583642348634960e-08 3.775564570689564670e-11
5.952505010020040288e+01 7.013675863644715981e-08 3.747756412156802568e-11
5.982364729458917907e+01 6.943827240969223103e-08 3.720225850811590176e-11
6.012224448897796236e+01 6.875016785024766278e-08 3.692968750593701060e-11
6.042084168336673855e+01 6.807224023876678174e-08 3.665981057203838706e-11
6.071943887775551474e+01 6.740428987725268935e-08 3.639258796093263225e-11
6.101803607214429093e+01 6.674612194198460919e-08 3.612798070512475519e-11
6.131663326653306711e+01 6.609754634144522282e-08 3.586595059616889664e-11
6.161523046092185041e+01 6.545837757905577779e-08 3.560646016627594885e-11
6.191382765531062660e+01 6.482843462053465890e-08 3.534947267045351118e-11
6.221242484969940278e+01 6.420754076570068540e-08 3.509495206915996432e-11
6.251102204408817897e+01 6.359552352455343487e-08 3.484286301145586759e-11
6.280961923847695516e+01 6.299222592444845796e-08 3.460489829448920879e-11
6.310821643286573845e+01 6.239747260984968417e-08 3.436991994870984442e-11
6.340681362725451464e+01 6.181110229702485758e-08 3.413715473652856736e-11
6.370541082164329083e+01 6.123295818221478273e-08 3.390657153803847950e-11
6.400400801603205991e+01 6.066288711082338772e-08 3.367813981406623136e-11
6.430260521042083610e+01 6.010073947598137293e-08 3.345182959268827371e-11
6.460120240480962650e+01 5.954636912038506499e-08 3.322761145612142133e-11
6.489979959919840269e+01 5.899963324128852948e-08 3.300545652797504334e-11
6.519839679358717888e+01 5.846039229853500989e-08 3.278533646085368087e-11
6.549699398797595506e+01 5.792850992551648014e-08 3.256722342429871826e-11
6.579559118236473125e+01 5.740385284295557700e-08 3.235109009305849669e-11
6.609418837675350744e+01 5.688629077540756043e-08 3.213690963567625257e-11
6.639278557114228363e+01 5.637569637038540267e-08 3.192465570338605146e-11
6.669138276553105982e+01 5.587194512001388605e-08 3.171430241930710802e-11
6.698997995991985022e+01 5.537491919306190541e-08 3.151039773279808913e-11
6.728857715430862640e+01 5.488449957354354537e-08 3.131301078855243357e-11
6.758717434869740259e+01 5.440056576686813003e-08 3.111736793816271499e-11
6.788577154308617878e+01 5.392300391038809025e-08 3.092344616731295693e-11
6.818436873747495497e+01 5.345170262918210048e-08 3.073122286483002362e-11
6.848296593186373116e+01 5.298655297111562366e-08 3.054067581389481299e-11
6.878156312625250735e+01 5.252744834387014591e-08 3.035178318348224923e-11
6.908016032064128353e+01 5.207428445387439072e-08 3.016452352002344435e-11
6.937875751503005972e+01 5.162695924707058361e-08 2.997887573928304309e-11
6.967735470941883591e+01 5.118537285145434430e-08 2.979481911844544381e-11
6.997595190380762631e+01 5.074942752132707428e-08 2.961233328840366572e-11
7.027454909819640250e+01 5.031902758320287773e-08 2.943139822624490416e-11
7.057314629258517868e+01 4.989407938331409825e-08 2.925199424792652485e-11
7.087174348697395487e+01 4.947449123666214154e-08 2.907410200113759854e-11
7.117034068136273106e+01 4.906017337756096855e-08 2.889770245833985965e-11
7.146893787575150725e+01 4.865103839675578012e-08 2.872309649581047829e-11
7.176753507014028344e+01 4.824700983040283977e-08 2.855662412876145672e-11
7.206613226452905963e+01 4.784799312228383095e-08 2.839153127744838456e-11
7.236472945891783581e+01 4.745390572080160784e-08 2.822780086506333804e-11
7.266332665330661200e+01 4.706466676703749902e-08 2.806541609549499662e-11
7.296192384769540240e+01 4.668019705327262682e-08 2.790436044758484296e-11
7.326052104208417859e+01 4.630041898269030161e-08 2.774461766952388991e-11
7.355911823647295478e+01 4.592525653022077898e-08 2.758617177338584710e-11
7.385771543086173097e+01 4.555463520449242731e-08 2.742900702979288840e-11
7.415631262525050715e+01 4.518848201085247282e-08 2.727310796271034332e-11
7.445490981963928334e+01 4.482672541542448003e-08 2.711845934436651872e-11
7.475350701402805953e+01 4.446929531016840143e-08 2.696504619029449431e-11
7.505210420841683572e+01 4.411612297891182333e-08 2.681285375449204323e-11
7.535070140280561191e+01 4.376714106432161675e-08 2.666186752469673446e-11
7.564929859719438809e+01 4.342228353578660537e-08 2.651207321777301466e-11
7.594789579158317849e+01 4.308148565818176973e-08 2.636345677520789960e-11
7.624649298597195468e+01 4.274468396148793491e-08 2.621600435871278049e-11
7.654509018036073087e+01 4.241181829626002149e-08 2.607257127870318640e-11
7.684368737474950706e+01 4.208282732628997691e-08 2.593275149502701580e-11
7.714228456913828325e+01 4.175764936653118700e-08 2.579401412148063268e-11
7.744088176352705943e+01 4.143622572079327787e-08 2.565634663736613559e-11
7.773947895791583562e+01 4.111849881798533331e-08 2.551973671435356371e-11
7.803807615230461181e+01 4.080441218633569262e-08 2.538417221280058295e-11
7.833667334669338800e+01 4.049391042829791797e-08 2.524964117815634725e-11
7.863527054108216419e+01 4.018693919612274136e-08 2.511613183744733810e-11
7.893386773547094037e+01 3.988344516807555668e-08 2.498363259584290097e-11
7.923246492985973077e+01 3.958337602528027922e-08 2.485213203329852693e-11
7.953106212424850696e+01 3.928668042917048166e-08 2.472161890127472127e-11
7.982965931863728315e+01 3.899330799952964797e-08 2.459208211952937152e-11
8.012825651302605934e+01 3.870320929310365106e-08 2.446351077298210610e-11
8.042685370741483553e+01 3.841633578276770615e-08 2.433589410864826858e-11
8.072545090180361171e+01 3.813263983723160689e-08 2.420922153264100516e-11
8.102404809619238790e+01 3.785207470126811690e-08 2.408348260723972360e-11
8.132264529058116409e+01 3.757459447644786715e-08 2.395866704802299800e-11
8.162124248496994028e+01 3.730015410236721983e-08 2.383476472106453638e-11
8.191983967935871647e+01 3.702871325145344136e-08 2.371543320320046224e-11
8.221843687374750687e+01 3.676022503353316935e-08 2.359745613037453382e-11
8.251703406813628305e+01 3.649464626935109381e-08 2.348033288423653623e-11
8.281563126252505924e+01 3.623193507326621142e-08 2.336405422920196523e-11
8.311422845691383543e+01 3.597205031068276688e-08 2.324861106240581737e-11
8.341282565130261162e+01 3.571495158194811686e-08 2.313399441132706292e-11
8.371142284569138781e+01 3.546059920665146550e-08 2.302019543146399379e-11
8.401002004008016399e+01 3.520895420831264547e-08 2.290720540405909872e-11
8.430861723446894018e+01 3.495997829944996600e-08 2.279501573387234157e-11
8.460721442885771637e+01 3.471363386701613647e-08 2.268361794700149841e-11
8.490581162324649256e+01 3.446988395819216073e-08 2.257300368874867776e-11
8.520440881763528296e+01 3.422869226652920308e-08 2.246316472153143104e-11
8.550300601202405915e+01 3.399002311842840056e-08 2.235409292283784257e-11
8.580160320641283533e+01 3.375384145994972110e-08 2.224578028322426455e-11
8.610020040080161152e+01 3.352011284394029201e-08 2.213821890435467610e-11
8.639879759519038771e+01 3.328880341747374181e-08 2.203140099708074530e-11
8.669739478957916390e+01 3.305987990959178058e-08 2.192531887956149908e-11
8.699599198396794009e+01 3.283330961933964784e-08 2.181996497542183818e-11
8.729458917835671627e+01 3.260906042719252744e-08 2.171537297998695791e-11
8.759318637274549246e+01 3.238710244837465081e-08 2.161459492747927588e-11
8.789178356713426865e+01 3.216740286510537643e-08 2.151450162711822718e-11
8.819038076152305905e+01 3.194993114276738281e-08 2.141508612355104287e-11
8.848897795591183524e+01 3.173465726105608288e-08 2.131634155530550748e-11
8.878757515030061143e+01 3.152155170361896183e-08 2.121826115321136228e-11
8.908617234468938761e+01 3.131058544793786120e-08 2.112083823885340328e-11
8.938476953907816380e+01 3.110172995544727413e-08 2.102406622305559518e-11
8.968336673346693999e+01 3.089495716188262994e-08 2.092793860439551639e-11
8.998196392785571618e+01 3.069023946785243359e-08 2.083244896774832726e-11
9.028056112224449237e+01 3.048754972962823823e-08 2.073759098285965091e-11
9.057915831663326856e+01 3.028686125014695171e-08 2.064335840294667511e-11
9.087775551102204474e+01 3.008814777021948819e-08 2.054974506332685803e-11
9.117635270541082093e+01 2.989138345994090780e-08 2.045674488007353361e-11
9.147494989979961133e+01 2.969654291029628373e-08 2.036435184869791555e-11
9.177354709418838752e+01 2.950360112495766789e-08 2.027256004285674392e-11
9.207214428857716371e+01 2.931253351226668583e-08 2.018136361308514790e-11
9.237074148296593989e+01 2.912331587739858205e-08 2.009075678555405890e-11
9.266933867735471608e+01 2.893592441470242159e-08 2.000073386085167658e-11
9.296793587174349227e+01 2.875033570021343460e-08 1.991128921278830275e-11
9.326653306613226846e+01 2.856652668433286499e-08 1.982241728722436540e-11
9.356513026052104465e+01 2.838447743744083280e-08 1.973632182845422859e-11
9.386372745490982084e+01 2.820416336325751212e-08 1.965118767625354968e-11
9.416232464929859702e+01 2.802556197332523674e-08 1.956659346014912777e-11
9.446092184368738742e+01 2.784865164609328459e-08 1.948253405982033115e-11
9.475951903807616361e+01 2.767341110013396626e-08 1.939900441948513048e-11
9.505811623246493980e+01 2.749981938774230506e-08 1.931599954688658934e-11
9.535671342685371599e+01 2.732785588867582494e-08 1.923351451229813752e-11
9.565531062124249218e+01 2.715750030403085303e-08 1.915154444754768529e-11
9.595390781563126836e+01 2.698873265025208095e-08 1.907008454505983228e-11
9.625250501002004455e+01 2.682153325327195378e-08 1.898913005691595766e-11
9.655110220440882074e+01 2.665588274277677313e-08 1.890867629393173926e-11
9.684969939879759693e+01 2.649176204659628512e-08 1.882871862475171716e-11
9.714829659318637312e+01 2.632915238521393081e-08 1.874925247496060120e-11
9.744689378757516351e+01 2.616803526639449007e-08 1.867027332621084103e-11
9.774549098196393970e+01 2.600839247992662418e-08 1.859177671536632288e-11
9.804408817635271589e+01 2.585020609247717718e-08 1.851375823366151790e-11
9.834268537074149208e+01 2.569345844255468155e-08 1.843621352587614328e-11
9.864128256513026827e+01 2.553813213557959665e-08 1.835913828952468357e-11
9.893987975951904446e+01 2.538421003905828893e-08 1.828252827406063651e-11
9.923847695390782064e+01 2.523167527785871223e-08 1.820637928009513430e-11
9.953707414829659683e+01 2.508051122958503220e-08 1.813068715862963337e-11
9.983567134268537302e+01 2.493070178973673763e-08 1.805600875259329362e-11
1.001342685370741492e+02 2.478223124809845893e-08 1.798322166117736116e-11
1.004328657314629396e+02 2.463508301239959477e-08 1.791086737671413805e-11
1.007314629258517158e+02 2.448924142698721347e-08 1.783894205030861419e-11
1.010300601202404920e+02 2.434469106722075775e-08 1.776744187856784116e-11
1.013286573146292682e+02 2.420141673539348836e-08 1.769636310293051846e-11
1.016272545090180444e+02 2.405940345673777086e-08 1.762570200900837033e-11
1.019258517034068205e+02 2.391863647551217715e-08 1.755545492593910960e-11
1.022244488977955967e+02 2.377910125116838672e-08 1.748561822575074936e-11
1.025230460921843729e+02 2.364078345459619700e-08 1.741618832273700083e-11
1.028216432865731491e+02 2.350366896444475998e-08 1.734716167284359581e-11
1.031202404809619253e+02 2.336774386351820225e-08 1.727853477306519124e-11
1.034188376753507015e+02 2.323299443524408325e-08 1.721030416085285587e-11
1.037174348697394919e+02 2.309940716021286864e-08 1.714246641353161550e-11
1.040160320641282681e+02 2.296696871278681076e-08 1.707501814772821531e-11
1.043146292585170443e+02 2.283566595777676039e-08 1.700795601880856593e-11
1.046132264529058205e+02 2.270548594718522916e-08 1.694127672032487334e-11
1.049118236472945966e+02 2.257641591701418705e-08 1.687497698347223943e-11
1.052104208416833728e+02 2.244844328413643040e-08 1.680905357655451975e-11
1.055090180360721490e+02 2.232155564322847230e-08 1.674350330445913497e-11
1.058076152304609252e+02 2.219574076376426052e-08 1.667832300814094243e-11
1.061062124248497014e+02 2.207098658706785361e-08 1.661350956411472210e-11
1.064048096192384776e+02 2.194728122342401941e-08 1.654905988395620892e-11
1.067034068136272680e+02 2.182461325894620832e-08 1.648535595038926484e-11
1.070020040080160442e+02 2.170297186250755417e-08 1.642330698129127088e-11
1.073006012024048204e+02 2.158234458069090620e-08 1.636160335318632758e-11
1.075991983967935965e+02 2.146272017202789679e-08 1.630024219101998720e-11
1.078977955911823727e+02 2.134408755038379827e-08 1.623922065156357605e-11
1.081963927855711489e+02 2.122643578238912713e-08 1.617853592297507147e-11
1.084949899799599251e+02 2.110975408492033643e-08 1.611818522436715844e-11
1.087935871743487013e+02 2.099403182262913648e-08 1.605816580538244973e-11
1.090921843687374775e+02 2.087925850551889204e-08 1.599847494577570475e-11
1.093907815631262537e+02 2.076542378656726225e-08 1.593910995500277572e-11
1.096893787575150441e+02 2.065251745939427590e-08 1.588006817181640716e-11
1.099879759519038203e+02 2.054052945597446234e-08 1.582134696386853003e-11
1.102865731462925964e+02 2.042944984439232669e-08 1.576294372731906346e-11
1.105851703406813726e+02 2.031926882664025275e-08 1.570485588645100436e-11
1.108837675350701488e+02 2.020997673645785431e-08 1.564708089329180163e-11
1.111823647294589250e+02 2.010156403721179214e-08 1.558961622724077271e-11
1.114809619238477012e+02 1.999402131981538495e-08 1.553245939470253653e-11
1.117795591182364774e+02 1.988733930068707802e-08 1.547560792872632723e-11
1.120781563126252536e+02 1.978150881974687279e-08 1.541905938865103352e-11
1.123767535070140298e+02 1.967652083844997295e-08 1.536281135975597334e-11
1.126753507014028202e+02 1.957236643785693899e-08 1.530686145291711958e-11
1.129739478957915964e+02 1.946903681673943467e-08 1.525120730426888977e-11
1.132725450901803725e+02 1.936652328972083421e-08 1.519584657487118011e-11
1.135711422845691487e+02 1.926481728545116402e-08 1.514077695038172759e-11
1.138697394789579249e+02 1.916391034481531377e-08 1.508599614073358061e-11
1.141683366733467011e+02 1.906379435445677731e-08 1.503228393874531323e-11
1.144669338677354773e+02 1.896446100151886738e-08 1.497940106902121970e-11
1.147655310621242535e+02 1.886590198671350093e-08 1.492679338081521055e-11
1.150641282565130297e+02 1.876810928264146907e-08 1.487445873179769321e-11
1.153627254509018059e+02 1.867107496565728042e-08 1.482239500181930931e-11
1.156613226452905963e+02 1.857479121426406677e-08 1.477060009262466555e-11
1.159599198396793724e+02 1.847925030753746987e-08 1.471907192757042993e-11
1.162585170340681486e+02 1.838444462357770851e-08 1.466780845134776095e-11
1.165571142284569248e+02 1.829036663798948201e-08 1.461680762970908918e-11
1.168557114228457010e+02 1.819700892238898855e-08 1.456606744919899280e-11
1.171543086172344772e+02 1.810436414293750278e-08 1.451558591688924289e-11
1.174529058116232534e+02 1.801242505890104912e-08 1.446536106011785542e-11
1.177515030060120296e+02 1.792118452123567488e-08 1.441539092623217414e-11
1.180501002004008058e+02 1.783063547119761137e-08 1.436567358233575489e-11
1.183486973947895819e+02 1.774077093897805205e-08 1.431620711503920012e-11
1.186472945891783581e+02 1.765158404236190233e-08 1.426698963021463318e-11
1.189458917835671485e+02 1.756306798541010068e-08 1.421801925275397749e-11
1.192444889779559247e+02 1.747521605716497182e-08 1.416929412633081088e-11
1.195430861723447009e+02 1.738802163037821812e-08 1.412081241316576777e-11
1.198416833667334771e+02 1.730147816026105962e-08 1.407257229379553936e-11
1.201402805611222533e+02 1.721557918325606939e-08 1.402457196684519532e-11
1.204388777555110295e+02 1.713031831583035335e-08 1.397680964880400659e-11
1.207374749498998057e+02 1.704568925328953214e-08 1.392928357380451060e-11
1.210360721442885819e+02 1.696168576861219727e-08 1.388199199340492073e-11
1.213346693386773580e+02 1.687830171130448770e-08 1.383493317637464585e-11
1.216332665330661342e+02 1.679553100627418450e-08 1.378810540848310238e-11
1.219318637274549246e+02 1.671336786219994571e-08 1.374179220942143351e-11
1.222304609218437008e+02 1.663180678226296557e-08 1.369658195726743246e-11
1.225290581162324770e+02 1.655084126249029188e-08 1.365159205536597634e-11
1.228276553106212532e+02 1.647046551860864787e-08 1.360682089668566388e-11
1.231262525050100294e+02 1.639067383639786890e-08 1.356226688978410411e-11
1.234248496993988056e+02 1.631146057067530001e-08 1.351792845861939349e-11
1.237234468937875818e+02 1.623282014429734266e-08 1.347380404236425065e-11
1.240220440881763579e+02 1.615474704717770045e-08 1.342989209522288640e-11
1.243206412825651341e+02 1.607723583532221823e-08 1.338619108625045216e-11
1.246192384769539103e+02 1.600028112987981806e-08 1.334269949917516381e-11
1.249178356713427007e+02 1.592387761620937988e-08 1.329941583222289739e-11
1.252164328657314769e+02 1.584802004296209056e-08 1.325633859794434232e-11
1.255150300601202531e+02 1.577270322117908910e-08 1.321346632304462312e-11
1.258136272545090293e+02 1.569792202340409701e-08 1.317079754821530429e-11
1.261122244488978055e+02 1.562367138281075272e-08 1.312833082796884748e-11
1.264108216432865817e+02 1.554994629234427935e-08 1.308606473047534029e-11
1.267094188376753578e+02 1.547674180387744284e-08 1.304399783740160157e-11
1.270080160320641340e+02 1.540405302738018833e-08 1.300212874375250975e-11
1.273066132264529102e+02 1.533187513010307727e-08 1.296045605771458975e-11
1.276052104208416864e+02 1.526020333577397590e-08 1.291897840050179070e-11
1.279038076152304768e+02 1.518903292380787281e-08 1.287769440620339935e-11
1.282024048096192530e+02 1.511835922852962026e-08 1.283660272163413141e-11
1.285010020040080292e+02 1.504817763840918927e-08 1.279570200618625200e-11
1.287995991983968054e+02 1.497848359530947448e-08 1.275499093168379473e-11
1.290981963927855816e+02 1.490927259374612305e-08 1.271446818223879870e-11
1.293967935871743578e+02 1.484054018015938415e-08 1.267413245410952299e-11
1.296953907815631339e+02 1.477228195219765799e-08 1.263398245556062075e-11
1.299939879759519101e+02 1.470449355801254937e-08 1.259401690672524567e-11
1.302925851703406863e+02 1.463717072130727968e-08 1.255431419165416974e-11
1.305911823647294625e+02 1.457030943545979039e-08 1.251563742869879496e-11
1.308897795591182387e+02 1.450390522126737431e-08 1.247713713136121868e-11
1.311883767535070149e+02 1.443795392209563050e-08 1.243881209468396101e-11
1.314869739478957911e+02 1.437245142845375365e-08 1.240066112465503341e-11
1.317855711422845673e+02 1.430739367735421526e-08 1.236268303808390845e-11
1.320841683366733434e+02 1.424277665168284733e-08 1.232487666247921666e-11
1.323827655310621196e+02 1.417859637957865718e-08 1.228724083592810736e-11
1.326813627254509242e+02 1.411484893382341109e-08 1.224977440697716864e-11
1.329799599198397004e+02 1.405153043124098043e-08 1.221247623451503064e-11
1.332785571142284766e+02 1.398863703210588769e-08 1.217534518765650058e-11
1.335771543086172528e+02 1.392616493956118141e-08 1.213838014562828090e-11
1.338757515030060290e+02 1.386411039904543661e-08 1.210157999765617224e-11
1.341743486973948052e+02 1.380246969772858614e-08 1.206494364285383378e-11
1.344729458917835814e+02 1.374123916395656656e-08 1.202846999011299765e-11
1.347715430861723576e+02 1.368041516670455503e-08 1.199215795799515187e-11
1.350701402805611337e+02 1.361999411503864346e-08 1.195600647462464504e-11
1.353687374749499099e+02 1.355997245758584904e-08 1.192001447758325150e-11
1.356673346693386861e+02 1.350034668201222118e-08 1.188418091380602900e-11
1.359659318637274623e+02 1.344111331450903326e-08 1.184850473947868525e-11
1.362645290581162385e+02 1.338226891928680621e-08 1.181298491993617238e-11
1.365631262525050147e+02 1.332381009807706621e-08 1.177762042956269342e-11
1.368617234468937909e+02 1.326573348964173390e-08 1.174241025169296244e-11
1.371603206412825671e+02 1.320803576928992190e-08 1.170735337851480727e-11
1.374589178356713433e+02 1.315071364840216199e-08 1.167244881097297746e-11
1.377575150300601194e+02 1.309376387396175606e-08 1.163769555867427537e-11
1.380561122244488956e+02 1.303718322809324402e-08 1.160309263979384080e-11
1.383547094188376718e+02 1.298096852760789455e-08 1.156863908098273942e-11
1.386533066132264764e+02 1.292511662355592410e-08 1.153433391727664979e-11
1.389519038076152526e+02 1.286962440078556828e-08 1.150017619200580728e-11
1.392505010020040288e+02 1.281448877750865650e-08 1.146616495670604503e-11
1.395490981963928050e+02 1.275970700621853276e-08 1.143308901385623566e-11
1.398476953907815812e+02 1.270527577156159557e-08 1.140016718824156971e-11
1.401462925851703574e+02 1.265119208438034050e-08 1.136738564981653878e-11
1.404448897795591336e+02 1.259745299215039750e-08 1.133474350379542073e-11
1.407434869739479097e+02 1.254405557363413005e-08 1.130223986298587736e-11
1.410420841683366859e+02 1.249099693848368281e-08 1.126987384770860320e-11
1.413406813627254621e+02 1.243827422684982607e-08 1.123764458571795972e-11
1.416392785571142383e+02 1.238588460899658721e-08 1.120555121212360974e-11
1.419378757515030145e+02 1.233382528492155493e-08 1.117359286931315661e-11
1.422364729458917907e+02 1.228209348398174216e-08 1.114176870687575280e-11
1.425350701402805669e+02 1.223068646452496791e-08 1.111007788152666166e-11
1.428336673346693431e+02 1.217960151352656781e-08 1.107851955703277891e-11
1.431322645290581193e+02 1.212883594623147806e-08 1.104709290413907001e-11
1.434308617234468954e+02 1.207838710580143950e-08 1.101579710049593508e-11
1.437294589178356716e+02 1.202825236296743297e-08 1.098463133058749939e-11
1.440280561122244478e+02 1.197842911568704779e-08 1.095359478566072303e-11
1.443266533066132240e+02 1.192891478880689283e-08 1.092268666365552191e-11
1.446252505010020002e+02 1.187970683372981018e-08 1.089190616913559157e-11
1.449238476953908048e+02 1.183080272808696584e-08 1.086125251322023261e-11
1.452224448897795810e+02 1.178219997541455780e-08 1.083072491351693226e-11
1.455210420841683572e+02 1.173389610483525385e-08 1.080032259405479248e-11
1.458196392785571334e+02 1.168588867074412768e-08 1.077004478521877557e-11
1.461182364729459096e+02 1.163817525249910470e-08 1.073989072368479313e-11
1.464168336673346857e+02 1.159075345411583833e-08 1.070985965235553328e-11
1.467154308617234619e+02 1.154362090396690404e-08 1.067995082029709413e-11
1.470140280561122381e+02 1.149677525448528659e-08 1.065016348267640240e-11
1.473126252505010143e+02 1.145021418187202130e-08 1.062049690069938975e-11
1.476112224448897905e+02 1.140393538580806057e-08 1.059095034154989447e-11
1.479098196392785667e+02 1.135793658917013733e-08 1.056152307832932257e-11
1.482084168336673429e+02 1.131221553775063042e-08 1.053221438999706169e-11
1.485070140280561191e+02 1.126676999998141363e-08 1.050302356131156224e-11
1.488056112224448952e+02 1.122159776666153792e-08 1.047394988277215849e-11
1.491042084168336714e+02 1.117669672275835158e-08 1.044554850431829235e-11
1.494028056112224476e+02 1.113206464780679177e-08 1.041739549651987047e-11
1.497014028056112238e+02 1.108769938052920390e-08 1.038935479774440923e-11
1.500000000000000000e+02 1.104359879855209378e-08 1.036142573728871490e-11
