1.001660500000000065e+00 4.938467824989246392e-04 1.491883042971695159e-04
1.006668799999999919e+00 4.796773584395877662e-04 1.468835616229949867e-04
1.011702099999999938e+00 4.645355561309985355e-04 1.446127322947319237e-04
1.016760600000000014e+00 4.486809317027515374e-04 1.423827493534959550e-04
1.021844399999999986e+00 4.320174352663113098e-04 1.401858965646653914e-04
1.026953599999999911e+00 4.143922686983839902e-04 1.380218308335792884e-04
1.032088399999999906e+00 3.956026255646720555e-04 1.358901986796558453e-04
1.037248900000000029e+00 3.753695436810351054e-04 1.337978164076350518e-04
1.042435100000000059e+00 3.533036609945139675e-04 1.317371383981170388e-04
1.047647299999999948e+00 3.288520598327842638e-04 1.297078083211485782e-04
1.052885499999999919e+00 3.011685830173159981e-04 1.277095109597985265e-04
1.058149900000000088e+00 2.688764100194488728e-04 1.257419089819290206e-04
1.063440699999999906e+00 2.294729576289778123e-04 1.238046686728202486e-04
1.068757900000000038e+00 1.775877076579991676e-04 1.218835983512698700e-04
1.074101699999999937e+00 9.739301577054693105e-05 1.199923924413131014e-04
1.079472200000000104e+00 -1.511904474928978473e-04 1.181307362862116830e-04
1.080082200000000103e+00 -3.571608801547125969e-04 1.179266317912600103e-04
1.080317699999999936e+00 -3.631860261209621525e-04 4.716792458832414154e-04
1.084869499999999931e+00 4.198495667276131056e-05 4.646940192712017471e-04
1.090293900000000038e+00 1.103625505232414802e-04 4.565365566783078418e-04
1.095745399999999981e+00 1.305539407671893785e-04 4.485300247089051592e-04
1.101224100000000039e+00 1.121298879656831030e-04 4.406592579488374036e-04
1.105812999999999935e+00 -9.238121777370352514e-05 4.342077397162300402e-04
1.106186899999999973e+00 -9.403793722380008159e-05 6.554679546871085196e-04
1.106730200000000108e+00 4.980331478769219031e-06 6.543148886434076899e-04
1.112263900000000083e+00 1.796365202398422800e-04 6.427412940207340337e-04
1.117825199999999963e+00 2.422391668153568256e-04 6.313795400087441560e-04
1.123414300000000088e+00 2.838922744621874593e-04 6.202139987054809374e-04
1.129031399999999907e+00 3.153949329863460949e-04 6.092490445632400007e-04
1.134676500000000088e+00 3.406124627286952157e-04 5.984759714949392960e-04
1.140349899999999916e+00 3.614500489116000614e-04 5.878990751122088959e-04
1.146051699999999895e+00 3.790121257661016574e-04 5.775097011511126774e-04
1.151781900000000025e+00 3.940080985025867831e-04 5.673058331957216626e-04
1.157540800000000036e+00 4.069287004756212776e-04 5.572789132147563376e-04
1.163328499999999988e+00 4.181255432623466064e-04 5.474333862054700040e-04
1.169145199999999996e+00 4.278659774319892796e-04 5.377608477893787127e-04
1.174990900000000060e+00 4.363552083460573989e-04 5.282657595642119676e-04
1.180865899999999913e+00 4.437596216967322395e-04 5.189334877245700001e-04
1.186770199999999997e+00 4.502089526857111458e-04 5.097685572931063723e-04
1.192703999999999986e+00 4.558136488596143754e-04 5.007690745405827745e-04
1.198667600000000055e+00 4.606643277265622572e-04 4.919269339498898164e-04
1.204660899999999923e+00 4.648373346967303544e-04 4.832404950879673824e-04
1.210684199999999988e+00 4.683976051301206624e-04 4.747140956189249369e-04
1.216737600000000086e+00 4.714038154004710065e-04 4.663337554184308615e-04
1.222821300000000111e+00 4.739028579175022884e-04 4.581039167982413969e-04
1.228935399999999900e+00 4.759373992430106746e-04 4.500229167502603489e-04
1.235080100000000014e+00 4.775458977225958144e-04 4.420830626828656414e-04
1.241255500000000067e+00 4.787602307274611748e-04 4.342828106359678301e-04
1.247461799999999954e+00 4.796098398544902425e-04 4.266205948572764518e-04
1.253699099999999955e+00 4.801206539456551181e-04 4.191008165531314757e-04
1.259967599999999965e+00 4.803150879543722856e-04 4.117100727841451120e-04
1.266267400000000043e+00 4.802136399055991628e-04 4.044469616109083428e-04
1.272598799999999919e+00 4.798334605831362310e-04 3.973216901949352346e-04
1.278961800000000038e+00 4.791926824705661464e-04 3.903153360300123205e-04
1.285356600000000071e+00 4.783037047941406019e-04 3.834381347921146958e-04
1.291783300000000079e+00 4.771799037317995661e-04 3.766771599372126288e-04
1.298242300000000071e+00 4.758303539824453553e-04 3.700424998319558323e-04
1.304733499999999990e+00 4.742630505699878631e-04 3.635214259481013392e-04
1.311257099999999953e+00 4.724880052492765655e-04 3.571183356494066707e-04
1.317813399999999913e+00 4.705077164987210851e-04 3.508262390260104562e-04
1.324402499999999927e+00 4.683248496892985190e-04 3.446495298787438416e-04
1.331024500000000055e+00 4.659420887345195749e-04 3.385813514866087151e-04
1.337679599999999969e+00 4.633551025717358657e-04 3.326204900558726689e-04
1.344368000000000007e+00 4.605575569830017146e-04 3.267602245478626669e-04
1.351089900000000066e+00 4.575412204025333576e-04 3.210104297691217571e-04
1.357845299999999922e+00 4.542871906317856351e-04 3.153589623234250060e-04
1.364634499999999973e+00 4.507683326931405518e-04 3.098101470343604799e-04
1.371457699999999891e+00 4.469466597522953164e-04 3.043574153470745506e-04
1.378314999999999957e+00 4.427585979108904137e-04 2.990051051522528728e-04
1.385206600000000066e+00 4.381010178521647729e-04 2.937467217043815892e-04
1.392132600000000053e+00 4.327969613372109484e-04 2.885759084384194404e-04
1.399093300000000095e+00 4.265069366031178154e-04 2.834969885406971057e-04
1.406088699999999969e+00 4.184423457164140902e-04 2.785142499933289319e-04
1.413119199999999909e+00 4.059828815819302764e-04 2.736318044558910985e-04
1.418740899999999971e+00 3.777677534321635991e-04 2.698072225011871259e-04
1.420184799999999914e+00 3.619577959673174385e-04 3.145351676774428497e-04
1.420859199999999989e+00 3.765773988726854333e-04 3.139942382330674448e-04
1.427285700000000102e+00 4.033445742972968716e-04 3.089000333214506609e-04
1.434422099999999922e+00 4.108094755023936344e-04 3.033649100351325147e-04
1.441594199999999937e+00 4.140987987645780317e-04 2.979389735878955033e-04
1.448802200000000040e+00 4.155551143675504386e-04 2.926107208969050562e-04
1.456046200000000068e+00 4.159388179547335415e-04 2.873790756235497274e-04
1.463326499999999974e+00 4.155922197085458458e-04 2.822429312971122756e-04
1.470643099999999981e+00 4.146969804484192178e-04 2.772012499359677870e-04
1.477996300000000041e+00 4.133546163014497612e-04 2.722479249115376961e-04
1.485386300000000048e+00 4.116178165305563034e-04 2.673869691780218446e-04
1.492813200000000062e+00 4.095030221201020545e-04 2.626819646921693154e-04
1.500277300000000036e+00 4.071008720634249197e-04 2.581704542830828343e-04
1.507778700000000027e+00 4.043964438605974826e-04 2.537416235791438153e-04
1.515317599999999931e+00 4.013049932361931671e-04 2.494043314853904058e-04
1.522894200000000087e+00 3.976387811784959305e-04 2.451477628211485085e-04
1.530508600000000108e+00 3.928570284888376280e-04 2.409758652855401484e-04
1.538161200000000006e+00 3.837278307265501519e-04 2.368828037840765692e-04
1.539502799999999949e+00 3.794839061659520201e-04 2.361751536517541427e-04
1.541897099999999909e+00 3.786713539443988213e-04 2.513028148691244480e-04
1.545852000000000004e+00 3.853404036352989248e-04 2.490664108944550068e-04
1.553581199999999995e+00 3.880661103751666965e-04 2.447708128576277817e-04
1.561349099999999934e+00 3.883207347481663842e-04 2.405545514208858146e-04
1.569155899999999937e+00 3.876735514268255878e-04 2.364214585057355272e-04
1.577001700000000062e+00 3.865317382829613663e-04 2.323705900768893685e-04
1.584886699999999982e+00 3.850644176010514612e-04 2.283916324206369797e-04
1.592811100000000035e+00 3.833581727799181783e-04 2.244884412819048527e-04
1.600775199999999954e+00 3.814638824717695581e-04 2.206601383027032655e-04
1.608778999999999959e+00 3.794130403250504219e-04 2.169012828391467728e-04
1.616822900000000063e+00 3.772183422584496283e-04 2.132202455366157738e-04
1.624907000000000101e+00 3.749165951168079787e-04 2.096846218911421734e-04
1.633031600000000028e+00 3.725447000724097543e-04 2.062152379858651625e-04
1.641196700000000064e+00 3.701028359159497152e-04 2.028158877049091350e-04
1.649402699999999999e+00 3.675902794457106535e-04 1.994812347150988615e-04
1.657649699999999893e+00 3.650080277257147354e-04 1.962105531832745986e-04
1.665937999999999919e+00 3.623502654461716608e-04 1.929986461457398298e-04
1.674267699999999914e+00 3.596093201197705274e-04 1.898492985664807203e-04
1.682638999999999996e+00 3.567675650342845735e-04 1.867617916293449717e-04
1.691052199999999894e+00 3.537906610037303066e-04 1.837266271958634374e-04
1.699507499999999949e+00 3.506083578488673204e-04 1.807475968125241334e-04
1.708004999999999995e+00 3.470437096964322683e-04 1.778284206514021851e-04
1.716544999999999987e+00 3.424180439316853704e-04 1.749554275071356704e-04
1.720353599999999927e+00 3.389110740531238301e-04 1.736969228267543422e-04
1.725127800000000100e+00 3.374362283725292067e-04 1.803642175117883893e-04
1.725246400000000069e+00 3.375349415741087859e-04 1.803260153390218493e-04
1.733753399999999889e+00 3.391401538500168011e-04 1.774855062824682184e-04
1.742422200000000032e+00 3.382655783647975974e-04 1.746565161680728050e-04
1.751134299999999921e+00 3.368027822436114437e-04 1.718767083076998790e-04
1.759889899999999896e+00 3.350668824459416975e-04 1.691455382500622721e-04
1.768689399999999967e+00 3.331722471679468773e-04 1.664624475438305064e-04
1.777532799999999913e+00 3.311744714033254978e-04 1.638227469062796546e-04
1.786420499999999967e+00 3.291034692152061550e-04 1.612301037297953691e-04
1.795352599999999965e+00 3.269797675469341878e-04 1.586840022360487762e-04
1.804329400000000083e+00 3.248154006927455304e-04 1.561798011695978100e-04
1.813350999999999935e+00 3.226207699915614757e-04 1.537211465650413814e-04
1.822417799999999977e+00 3.204070379787141783e-04 1.513115813576062900e-04
1.831529900000000044e+00 3.181807192653237260e-04 1.489383938292222341e-04
1.840687500000000032e+00 3.159462136799179440e-04 1.466092646714789254e-04
1.849890899999999894e+00 3.137059053930560523e-04 1.442956126113327151e-04
1.859140400000000026e+00 3.114512813716183029e-04 1.419973558748635568e-04
1.868436100000000044e+00 3.091843538886711882e-04 1.397342832849372840e-04
1.877778299999999900e+00 3.069099485253502357e-04 1.375099685969164733e-04
1.887167199999999934e+00 3.046292469389619002e-04 1.353239862919617222e-04
1.896603000000000039e+00 3.023457034269956133e-04 1.331720025321423610e-04
1.906085999999999947e+00 3.000608989550187654e-04 1.310575431560792657e-04
1.915616500000000055e+00 2.977757940658622864e-04 1.289763138219412726e-04
1.925194499999999920e+00 2.954925310311689170e-04 1.269279750723054903e-04
1.934820500000000054e+00 2.932124666002049770e-04 1.249121570299420274e-04
1.944494600000000073e+00 2.909359311736426745e-04 1.229323353260342955e-04
1.954217099999999929e+00 2.886648181499595098e-04 1.209805096759184915e-04
1.963988199999999962e+00 2.863999027878144014e-04 1.190601742518047191e-04
1.973808100000000065e+00 2.841419326281843316e-04 1.171747503398541603e-04
1.983677200000000029e+00 2.818920989764900939e-04 1.153163548154386862e-04
1.993595500000000076e+00 2.796521833297116802e-04 1.134884455293315621e-04
2.003563499999999831e+00 2.774222069539748325e-04 1.116869733684335442e-04
2.013581299999999796e+00 2.751987160363421336e-04 1.098969347448351707e-04
2.023649199999999926e+00 2.729803681216533100e-04 1.081329415567656744e-04
2.033767500000000172e+00 2.707678847955914399e-04 1.063983698220329353e-04
2.043936299999999928e+00 2.685630090821748825e-04 1.046929057894943740e-04
2.054155999999999871e+00 2.663663551584972609e-04 1.030126109587803482e-04
2.064426800000000117e+00 2.641775918904396437e-04 1.013572260058247308e-04
2.074748899999999896e+00 2.619983320917438556e-04 9.973006978342260692e-05
2.085122699999999885e+00 2.598286433764856389e-04 9.812726603690866633e-05
2.095548299999999919e+00 2.576686655968528751e-04 9.655210772353752142e-05
2.106025999999999954e+00 2.555194209369345644e-04 9.500076399003381210e-05
2.116556200000000221e+00 2.533804771633308100e-04 9.347648351640011990e-05
2.127138899999999833e+00 2.512528907770039026e-04 9.197548922696799118e-05
2.137774600000000191e+00 2.491371047117114934e-04 9.049405405503214289e-05
2.148463500000000082e+00 2.470327138451706940e-04 8.904234905979814790e-05
2.159205800000000064e+00 2.449402188862071427e-04 8.760972325883748543e-05
2.170001800000000092e+00 2.438323979403261236e-04 8.617889155764644940e-05
2.180851899999999954e+00 2.417531928640963442e-04 8.476692800441820491e-05
2.191756100000000096e+00 2.396843577426928547e-04 8.337704212230550606e-05
2.202714900000000142e+00 2.376254822053694546e-04 8.201235816945809528e-05
2.213728500000000210e+00 2.362122306380853929e-04 8.066589239139500668e-05
2.224797099999999972e+00 2.341701810492940626e-04 7.932746186669625030e-05
2.235921100000000106e+00 2.321374942151318351e-04 7.801030534593951223e-05
2.247100699999999840e+00 2.301151021808321294e-04 7.671419747761723702e-05
2.258336200000000016e+00 2.281026585717347633e-04 7.543562599387774515e-05
2.269627900000000142e+00 2.261002337999808609e-04 7.418095319851276742e-05
2.280975999999999893e+00 2.241079152461265009e-04 7.294665774066144497e-05
2.292380899999999944e+00 2.221269332165850977e-04 7.173251558142345826e-05
2.303842799999999968e+00 2.201573340187067227e-04 7.053831109977317499e-05
2.315361999999999920e+00 2.181991421892087333e-04 6.936382740900034355e-05
2.326938800000000196e+00 2.162523804441370792e-04 6.820884960350635752e-05
2.338573499999999861e+00 2.143178290668832351e-04 6.707633739573714182e-05
2.350266400000000200e+00 2.123951086857163667e-04 6.595971867868956773e-05
2.362017699999999998e+00 2.104846157438545714e-04 6.486197563195375342e-05
2.373827799999999932e+00 2.085866942669278271e-04 6.378289820252793245e-05
2.385696999999999957e+00 2.067013258921508289e-04 6.271917109511329050e-05
2.397625399999999907e+00 2.048285254065746093e-04 6.167683146292438697e-05
2.409613600000000133e+00 2.029682204414983196e-04 6.065254428028429606e-05
2.421661600000000192e+00 2.011211483165221102e-04 5.964305352407788837e-05
2.433769900000000153e+00 1.992868808753595956e-04 5.864210469512049157e-05
2.445938799999999969e+00 1.974653845851146437e-04 5.765570468138536995e-05
2.458168500000000201e+00 1.956562974502489189e-04 5.668974235900092366e-05
2.470459299999999914e+00 1.938602744638733585e-04 5.573797218467098108e-05
2.482811599999999785e+00 1.920765798309491054e-04 5.480323317159145434e-05
2.495225700000000213e+00 1.903061876604761110e-04 5.388236154885012717e-05
2.507701799999999981e+00 1.885483955055340015e-04 5.297817390937539198e-05
2.520240300000000211e+00 1.868038040082873631e-04 5.209048094165668241e-05
2.532841499999999968e+00 1.850720316288801174e-04 5.121909722351634573e-05
2.545505700000000093e+00 1.833533503141077233e-04 5.036092425691642948e-05
2.558233299999999932e+00 1.816476873398334641e-04 4.951582150639717225e-05
2.571024400000000210e+00 1.799550125168173156e-04 4.868654130167499321e-05
2.583879599999999943e+00 1.782758468053756136e-04 4.787289868472484783e-05
2.596798999999999857e+00 1.766095249028839240e-04 4.707186268891846753e-05
2.609782899999999906e+00 1.749562922743250323e-04 4.628329988727971278e-05
2.622831899999999994e+00 1.733163423831107601e-04 4.550990161683202373e-05
2.635946000000000122e+00 1.716893393836168473e-04 4.475149996775471613e-05
2.649125699999999917e+00 1.700757805675120755e-04 4.400231836324633867e-05
2.662371400000000055e+00 1.684752749734092110e-04 4.326784235277349573e-05
2.675683199999999928e+00 1.668877717216280378e-04 4.254790630154883454e-05
2.689061699999999888e+00 1.653137314133555484e-04 4.183681975272785403e-05
2.702507000000000215e+00 1.637525174414511777e-04 4.113999323218032653e-05
2.716019499999999809e+00 1.622048863765655367e-04 4.045452866640178240e-05
2.729599599999999793e+00 1.606698898978831417e-04 3.978030211495955698e-05
2.743247600000000119e+00 1.591482812904354853e-04 3.911989688532297712e-05
2.756963799999999853e+00 1.576399614834185980e-04 3.847046114034103031e-05
2.770748600000000117e+00 1.561445502199075466e-04 3.782919667186127808e-05
2.784602399999999811e+00 1.546624825566448886e-04 3.720135312120755928e-05
2.798525399999999941e+00 1.531933998037887440e-04 3.658412378166018837e-05
2.812517999999999851e+00 1.517374572646915392e-04 3.597739146315094859e-05
2.826580600000000221e+00 1.502945410769936292e-04 3.538104008598832670e-05
2.840713500000000113e+00 1.491288122830247231e-04 3.479495589219953411e-05
2.854917100000000207e+00 1.477113027193638947e-04 3.421382720880918808e-05
2.869191700000000012e+00 1.463067380149335808e-04 3.364279171836225717e-05
2.883537599999999923e+00 1.449152610785570930e-04 3.308173826473186980e-05
2.897955300000000012e+00 1.435367386037568666e-04 3.253055440315202353e-05
2.912445099999999787e+00 1.421715484511025583e-04 3.198913102865790273e-05
2.927007300000000090e+00 1.408202922798038178e-04 3.145482513314288382e-05
2.941642400000000102e+00 1.394835250660234353e-04 3.093260966547570461e-05
2.956350599999999940e+00 1.381620414867824843e-04 3.041732228188150715e-05
2.971132299999999837e+00 1.368589336925792629e-04 2.991139129366087300e-05
2.985987999999999865e+00 1.355818147766373689e-04 2.941471018333487614e-05
3.000917900000000138e+00 1.343871282996542658e-04 2.892470398654925436e-05
3.015922499999999840e+00 1.330934468133025109e-04 2.841178373264459153e-05
3.031002099999999810e+00 1.318076885634901680e-04 2.790814717405733217e-05
3.046157099999999840e+00 1.305309852879976327e-04 2.741612572816985564e-05
3.061387900000000162e+00 1.292639799504083755e-04 2.693073258869870009e-05
3.076694900000000121e+00 1.280072885658402456e-04 2.645431326885182248e-05
3.092078299999999835e+00 1.268648949953474160e-04 2.598436852117223084e-05
3.107538700000000098e+00 1.256278447097504251e-04 2.552321950424655888e-05
3.123076399999999975e+00 1.244009370946522436e-04 2.506839159192596040e-05
3.138691800000000143e+00 1.231838998539638744e-04 2.462218525681433346e-05
3.154385299999999948e+00 1.219770953394506909e-04 2.418450236528366061e-05
3.170157199999999786e+00 1.207802572054116514e-04 2.375524643458318101e-05
3.186008000000000173e+00 1.195935213097458374e-04 2.333432034199244852e-05
3.201938000000000173e+00 1.184170308450821187e-04 2.291931216034579204e-05
3.217947699999999855e+00 1.172505052335796134e-04 2.251292793947651350e-05
3.234037400000000062e+00 1.160942826955025899e-04 2.211392050264271355e-05
3.250207599999999974e+00 1.149478851836821270e-04 2.172197814067836205e-05
3.266458699999999826e+00 1.138116366424927372e-04 2.133747657761975739e-05
3.282791000000000015e+00 1.126852746946025097e-04 2.095987979642385850e-05
3.299204899999999885e+00 1.115691102702130337e-04 2.058911063728600691e-05
3.315700899999999951e+00 1.104626774112010270e-04 2.022509202690579691e-05
3.332279400000000003e+00 1.093660937465392683e-04 1.986752557796408260e-05
3.348940799999999829e+00 1.082794698738982650e-04 1.951678265817343640e-05
3.365685599999999944e+00 1.072025365582954693e-04 1.917212366382420178e-05
3.382514000000000021e+00 1.061355961046640697e-04 1.883392131871129151e-05
3.399426500000000129e+00 1.050780191679636294e-04 1.850188370754205039e-05
3.416423700000000174e+00 1.040302601862246756e-04 1.817572343472214936e-05
3.433505799999999830e+00 1.029922490894790972e-04 1.785559240352348442e-05
3.450673300000000054e+00 1.019992985190447670e-04 1.754077711321024643e-05
3.467926700000000029e+00 1.009799966148732252e-04 1.723079150024066020e-05
3.485266300000000150e+00 9.997002949864345711e-05 1.692664971025020334e-05
3.502692699999999881e+00 9.896931113864315037e-05 1.662786091701511538e-05
3.520206099999999783e+00 9.797777897602577416e-05 1.633457756522968494e-05
3.537807200000000041e+00 9.699534287910771774e-05 1.604652663486788803e-05
3.555496199999999885e+00 9.602194122551256292e-05 1.576365084681915216e-05
3.573273700000000108e+00 9.505765358049306571e-05 1.548589161992806141e-05
3.591140000000000221e+00 9.410224788953560054e-05 1.521339883738383448e-05
3.609095700000000129e+00 9.315580209233860444e-05 1.494570076049631568e-05
3.627141200000000065e+00 9.221824123889836805e-05 1.468274435758761292e-05
3.645276899999999820e+00 9.128933467198298377e-05 1.442468059727789622e-05
3.663503299999999907e+00 9.036916298270541764e-05 1.417104889665343325e-05
3.681820800000000116e+00 8.945765305047453117e-05 1.392220370039445790e-05
3.700229900000000072e+00 8.855487915928380444e-05 1.367788994070760823e-05
3.718731099999999845e+00 8.766045993154449392e-05 1.343785705092683231e-05
3.737324699999999833e+00 8.677448207486623843e-05 1.320225666523554507e-05
3.756011399999999778e+00 8.589700823621778661e-05 1.297084038998580262e-05
3.774791399999999797e+00 8.502782762618772726e-05 1.274356253369761357e-05
3.793665400000000076e+00 8.416685736260766035e-05 1.252037609492786224e-05
3.812633700000000125e+00 8.331417618513594758e-05 1.230123585138012953e-05
3.831696899999999850e+00 8.246956159650726669e-05 1.208609599952422339e-05
3.850855399999999928e+00 8.163294629435707632e-05 1.187471912980134000e-05
3.870109600000000150e+00 8.080440206785571508e-05 1.166725547980149058e-05
3.889460199999999812e+00 7.998384605672729131e-05 1.146346942584116213e-05
3.908907500000000201e+00 7.917107698272327434e-05 1.126332056400922320e-05
3.928452000000000055e+00 7.836616034609077673e-05 1.106676824956340565e-05
3.948094300000000167e+00 7.756888662261903226e-05 1.087377193438565243e-05
3.967834700000000048e+00 7.677932794615980271e-05 1.068410528001284992e-05
3.987673899999999882e+00 7.599740556229639019e-05 1.049791705321454479e-05
4.055024000000000406e+00 7.384354968757040878e-05 9.897418523843792891e-06
4.334820999999999813e+00 6.429132889399680640e-05 7.833323886209123609e-06
4.633924000000000376e+00 5.592293023306981099e-05 6.209645243142699346e-06
4.953663999999999845e+00 4.858002656875340841e-05 4.904177930324577705e-06
5.295467000000000368e+00 4.210686929122537395e-05 3.872368179143511367e-06
5.660854999999999748e+00 3.637085840282017847e-05 3.064338743817878571e-06
6.051453000000000415e+00 3.120130757501889541e-05 2.429944582951095561e-06
6.469003999999999976e+00 2.617252325936228818e-05 1.923172063918654295e-06
6.581876000000000282e+00 2.462532205860115762e-05 1.810043480128529201e-06
6.682618999999999865e+00 2.245698105853627180e-05 1.716140347430604341e-06
6.709483999999999781e+00 2.062569735820171549e-05 1.691907460306372464e-06
6.749780999999999587e+00 2.200318405684461410e-05 4.834479396846632568e-06
6.850524000000000058e+00 2.271741486443035890e-05 4.547206337406590921e-06
6.915365000000000428e+00 2.263133708700207356e-05 4.373568989177792208e-06
7.165563999999999822e+00 2.138665770310167882e-05 3.796121200866002879e-06
7.275241000000000291e+00 2.032861257456471490e-05 3.585001204883227202e-06
7.304488000000000092e+00 1.951019867585370709e-05 3.531743925823232581e-06
7.348359000000000307e+00 2.001886499396630985e-05 4.795780019295773254e-06
7.392525000000000013e+00 2.016850453306627983e-05 4.685330721829317897e-06
7.458035999999999888e+00 2.011726668842223485e-05 4.527779656734762944e-06
7.582063999999999915e+00 1.974113219087570402e-05 4.248314424671330643e-06
7.698115999999999737e+00 1.912514553941744598e-05 4.009242225517612355e-06
7.729063000000000017e+00 1.871442176425655324e-05 3.950279656934961746e-06
7.775483999999999618e+00 1.887021929201629551e-05 4.467641057985731599e-06
7.891536000000000328e+00 1.874207645698354737e-05 4.241357064705286914e-06
7.902608999999999995e+00 1.871658938016214211e-05 4.220580058758059081e-06
8.447889999999999233e+00 1.706332485540807911e-05 3.347598496729692609e-06
9.030794000000000210e+00 1.527762577571203714e-05 2.645560631839023979e-06
9.653919000000000139e+00 1.356049802645752257e-05 2.074232519954829210e-06
1.032004000000000055e+01 1.197578895573339377e-05 1.625596238024154054e-06
1.103212000000000081e+01 1.054250352085422291e-05 1.274051560268684619e-06
1.179334000000000060e+01 9.261396335129002172e-06 9.995550276551144965e-07
1.260707999999999984e+01 8.124523461118794858e-06 7.849653753376510219e-07
1.347696999999999967e+01 7.128475140678140980e-06 6.170355081493156387e-07
1.440687999999999924e+01 6.242523230917656583e-06 4.835045529264876058e-07
1.540094999999999992e+01 5.466338812632229041e-06 3.786069203387151590e-07
1.646361999999999881e+01 4.783813998034194724e-06 2.957861505510983105e-07
1.759960999999999842e+01 4.182462046483236474e-06 2.312867768150632303e-07
1.881398000000000081e+01 3.655704498540994447e-06 1.810667673454256387e-07
2.011214999999999975e+01 3.194732729969633046e-06 1.419218527433048006e-07
2.149988000000000099e+01 2.791567638230054794e-06 1.113724050481073815e-07
2.298338000000000036e+01 2.439098922409302179e-06 8.750681042415603941e-08
2.456923000000000101e+01 2.131034390784743873e-06 6.883404544230023386e-08
2.626450000000000173e+01 1.861869054634781411e-06 5.421009063533925296e-08
2.807676000000000016e+01 1.626718970545615869e-06 4.245032328057988216e-08
3.001405000000000101e+01 1.420878671567397141e-06 3.317433380720328762e-08
3.208502000000000010e+01 1.240795605484251157e-06 2.591098021450833752e-08
3.429889000000000010e+01 1.083213801588026201e-06 2.022472460863610872e-08
3.666550999999999760e+01 9.451766527513248701e-07 1.576901343683163101e-08
3.919543000000000177e+01 8.240269581330437073e-07 1.230719578825908954e-08
4.189992000000000161e+01 7.171123762710279745e-07 9.622340843966407660e-09
4.479100999999999999e+01 6.204334073521379353e-07 7.537598758159143837e-09
4.589752000000000010e+01 5.846334873234683411e-07 6.896946011219148894e-09
4.660002999999999673e+01 5.558685628322515196e-07 6.526921608863469528e-09
4.678737000000000279e+01 5.380314159521478355e-07 6.432598376451335736e-09
4.706837000000000160e+01 5.449984243323988866e-07 3.234771870147748441e-08
4.777089000000000141e+01 5.408208556269365439e-07 3.071181573695308929e-08
4.788159000000000276e+01 5.392839879161538063e-07 3.046261314649534607e-08
5.118542000000000058e+01 4.828107917007667991e-07 2.404774792994495267e-08
5.471721000000000146e+01 4.262762407691740976e-07 1.892257312198138644e-08
5.849269999999999925e+01 3.749511829604014834e-07 1.487635675486016494e-08
6.252870000000000061e+01 3.292038790408613976e-07 1.169072218288211534e-08
6.684318000000000382e+01 2.887138555960013964e-07 9.181131692225139420e-09
7.145535999999999888e+01 2.530212377964867979e-07 7.213657819337622607e-09
7.638577999999999690e+01 2.216332060619822609e-07 5.671044602434774814e-09
8.165640000000000498e+01 1.940777170443068690e-07 4.455436379285759812e-09
8.729068999999999789e+01 1.698993336618795340e-07 3.493314002505880634e-09
9.331373999999999569e+01 1.487021107099652344e-07 2.741787184119597421e-09
9.975239000000000544e+01 1.301899784431501442e-07 2.147101812229974456e-09
1.066353000000000009e+02 1.139124952778815894e-07 1.683236247641644499e-09
1.139930999999999983e+02 9.966174733442420298e-08 1.321661118169233399e-09
1.218586999999999989e+02 8.718902328962330696e-08 1.039568311073904061e-09
1.302668999999999926e+02 7.627484728943420271e-08 8.193134495857277870e-10
1.392553000000000054e+02 6.672556297970064472e-08 6.471896963362784347e-10
1.488640000000000043e+02 5.837116082837959274e-08 5.124626420683709951e-10
1.591356000000000108e+02 5.106283805113076668e-08 4.069551665508320009e-10
1.701159000000000106e+02 4.466978039362397780e-08 3.241767291875357817e-10
1.818539000000000101e+02 3.907735250485717940e-08 2.591361363768726267e-10
1.944018000000000086e+02 3.418545716235529972e-08 2.079347412126965855e-10
2.078155999999999892e+02 2.990625961092787641e-08 1.676901157891858676e-10
2.221547999999999945e+02 2.616325458277795325e-08 1.360428288311802702e-10
2.374834999999999923e+02 2.288917389990645070e-08 1.108783755643587667e-10
2.538699000000000012e+02 2.002513113061182638e-08 9.080971077007097254e-11
2.713869000000000256e+02 1.751974539092988083e-08 7.475350809995094383e-11
2.901125999999999863e+02 1.532805666134213416e-08 6.186479430740366577e-11
3.101304000000000087e+02 1.341075734837571972e-08 5.147681601457981770e-11
3.315294000000000096e+02 1.173343498700330639e-08 4.306729515776099352e-11
3.544048999999999978e+02 1.026603397619442522e-08 3.623024557199202647e-11
3.788587999999999738e+02 8.982249749172983169e-09 3.064472682298242349e-11
4.050000999999999749e+02 7.859102696814824331e-09 2.605615780221714157e-11
4.329451000000000249e+02 6.876473870549526695e-09 2.226815983294684794e-11
