1.067676000000000069e+00 9.342571619336279345e-04 4.593457659479606024e-04
1.141345000000000054e+00 8.375965354763194488e-04 3.690669798327348935e-04
1.220097999999999905e+00 7.466704282942574324e-04 2.964396963281589370e-04
1.304284999999999917e+00 6.625667326375524711e-04 2.373525146442019020e-04
1.394281000000000104e+00 5.855532744672517107e-04 1.898011655706524246e-04
1.490485999999999978e+00 5.160853860063313939e-04 1.518246922625882112e-04
1.593328999999999995e+00 4.537481557690572326e-04 1.213997451372322248e-04
1.703268999999999922e+00 3.982124210141596804e-04 9.708222314704541419e-05
1.820794999999999941e+00 3.489656654343115658e-04 7.762606783094610607e-05
1.946430000000000105e+00 3.054816417368762835e-04 6.209517667285496942e-05
2.080732999999999944e+00 2.670352461255522786e-04 4.932087008403100329e-05
2.224304000000000059e+00 2.330492805842801864e-04 3.920448640015347078e-05
2.377781000000000144e+00 2.031176932722200950e-04 3.121704775365147949e-05
2.541847999999999885e+00 1.767997823921653769e-04 2.489705516737281195e-05
2.717235000000000067e+00 1.536807226066420635e-04 1.988836467540941412e-05
2.904723999999999862e+00 1.333672227955144988e-04 1.589696210269089636e-05
3.105150000000000077e+00 1.154088414733270973e-04 1.252697217962657279e-05
3.319405999999999857e+00 9.922286795069241723e-05 9.768041961862877092e-06
3.548445000000000071e+00 8.430694475395657380e-05 7.631314484116801311e-06
3.793287999999999993e+00 6.895390898446839922e-05 5.965604991545487632e-06
3.850223999999999869e+00 6.451576400213849193e-05 5.647798986476655804e-06
3.909155999999999853e+00 5.677239413183803789e-05 5.341864850162538656e-06
3.924870999999999999e+00 4.970339626214686303e-05 5.263850117676523425e-06
3.948443999999999843e+00 5.550675411062354922e-05 1.780342972799889116e-05
4.007375999999999827e+00 5.904591944995867577e-05 1.672101723005492893e-05
4.055024000000000406e+00 5.891062029182040705e-05 1.590532574202423318e-05
4.072977999999999987e+00 5.857221968782251354e-05 1.561094154207611780e-05
4.135318999999999967e+00 5.569762243598545625e-05 1.465448801327116201e-05
4.151944000000000301e+00 5.263505848556146628e-05 1.442655989844257988e-05
4.176879999999999704e+00 5.525805985394876787e-05 1.969446132462855431e-05
4.239221999999999824e+00 5.683210583325269823e-05 1.856498206438630491e-05
4.334820999999999813e+00 5.622684306276336540e-05 1.700569197390712663e-05
4.375405999999999906e+00 5.556735681682359063e-05 1.640443785298091719e-05
4.442376999999999576e+00 5.374941270895478300e-05 1.549428119657280265e-05
4.460236000000000089e+00 5.231825615673165938e-05 1.526420862501842610e-05
4.487023999999999901e+00 5.315440927644406112e-05 1.726239175715363203e-05
4.553994000000000320e+00 5.323555414653420944e-05 1.637519643078308906e-05
4.633924000000000376e+00 5.247115010064734477e-05 1.540218888719036274e-05
4.953663999999999845e+00 4.806211865006044750e-05 1.222587202230570739e-05
5.295467000000000368e+00 4.323841540013109703e-05 9.702251494156324021e-06
5.660854999999999748e+00 3.854815972876678430e-05 7.661850425882021676e-06
6.051453000000000415e+00 3.416533843983798565e-05 6.034125993305467310e-06
6.469003999999999976e+00 3.015824620631637660e-05 4.746269255907900470e-06
6.915365000000000428e+00 2.654732571477711188e-05 3.733177462400307221e-06
7.392525000000000013e+00 2.332361387513974372e-05 2.938021577156238506e-06
7.902608999999999995e+00 2.049569612149065731e-05 2.313968107845570786e-06
8.447889999999999233e+00 1.797968136646264977e-05 1.820472231484821901e-06
9.030794000000000210e+00 1.576471493173891859e-05 1.428829758696333225e-06
9.653919000000000139e+00 1.379550433808486397e-05 1.110931045468232284e-06
1.032004000000000055e+01 1.206231321326200177e-05 8.647775131163388337e-07
1.103212000000000081e+01 1.054190538411666171e-05 6.739373455220622611e-07
1.179334000000000060e+01 9.210345428648699100e-06 5.257504108289079356e-07
1.260707999999999984e+01 8.045389704915471520e-06 4.106760892812456661e-07
1.347696999999999967e+01 7.026886817245789843e-06 3.211605961211940464e-07
1.440687999999999924e+01 6.136747875417971125e-06 2.512801791534540192e-07
1.540094999999999992e+01 5.358940906769926267e-06 1.967839973584773526e-07
1.646361999999999881e+01 4.679400374461428312e-06 1.543178740719628988e-07
1.759960999999999842e+01 4.085715858955050232e-06 1.209154708779985449e-07
1.881398000000000081e+01 3.566746140533331926e-06 9.462285683372527227e-08
2.011214999999999975e+01 3.112912927287869940e-06 7.391710509567813829e-08
2.149988000000000099e+01 2.715673742619371176e-06 5.770813609843533992e-08
2.298338000000000036e+01 2.367589569129494568e-06 4.512062507383105154e-08
2.456923000000000101e+01 2.061733745639405272e-06 3.533456166073956563e-08
2.626450000000000173e+01 1.790801146119634083e-06 2.771101556553235081e-08
2.807676000000000016e+01 1.541627747669827462e-06 2.156200595463955930e-08
2.861609999999999943e+01 1.466419478278421619e-06 2.006175578914122571e-08
2.905409999999999826e+01 1.384497620991649091e-06 1.894163499571002753e-08
2.917089999999999961e+01 1.328081754026561605e-06 1.865645787386789255e-08
2.934609999999999985e+01 1.357739843999918311e-06 1.065401343685070797e-07
2.978409999999999869e+01 1.358021778220497682e-06 1.008801141385641386e-07
3.001405000000000101e+01 1.346932631587727012e-06 9.805830769478288334e-08
3.208502000000000010e+01 1.210894293112821898e-06 7.683500661692954652e-08
3.429889000000000010e+01 1.071508969842290049e-06 6.033354941046535819e-08
3.666550999999999760e+01 9.438491671186022088e-07 4.741555867903584438e-08
3.919543000000000177e+01 8.295587703527073878e-07 3.720385925517253155e-08
4.189992000000000161e+01 7.280335134131983151e-07 2.912394839111826069e-08
4.479100999999999999e+01 6.383208533768863950e-07 2.279441890227745489e-08
4.788159000000000276e+01 5.592950256611486465e-07 1.783661609549082463e-08
5.118542000000000058e+01 4.898242825037668597e-07 1.395896198874523393e-08
5.471721000000000146e+01 4.288401548976113459e-07 1.092755607597276837e-08
5.849269999999999925e+01 3.756012670855572547e-07 8.558256821131856125e-09
6.252870000000000061e+01 3.286911098804406281e-07 6.679576551382126927e-09
6.684318000000000382e+01 2.875918289691949077e-07 5.217699520915859147e-09
7.145535999999999888e+01 2.516060927589351410e-07 4.079676962049977953e-09
7.638577999999999690e+01 2.201091809462359839e-07 3.193473286209990896e-09
8.165640000000000498e+01 1.925547565909909092e-07 2.499364660668134065e-09
8.729068999999999789e+01 1.684363517930058404e-07 1.952665047878656559e-09
9.331373999999999569e+01 1.473347911554937805e-07 1.528176403578871863e-09
9.975239000000000544e+01 1.288754876477264528e-07 1.198372111152381665e-09
1.066353000000000009e+02 1.127293600648995573e-07 9.418740441795597746e-10
1.139930999999999983e+02 9.860691629237943211e-08 7.422043862792230022e-10
1.218586999999999989e+02 8.625472207703773705e-08 5.865493864438850732e-10
1.302668999999999926e+02 7.545149398994558368e-08 4.649799234283617041e-10
1.392553000000000054e+02 6.600235535150725307e-08 3.698879493479668375e-10
1.488640000000000043e+02 5.773775559134632638e-08 2.954304451401104883e-10
1.591356000000000108e+02 5.050909069863253807e-08 2.370214238138362507e-10
1.701159000000000106e+02 4.418633902799579708e-08 1.910820350893507244e-10
1.818539000000000101e+02 3.865589029135885636e-08 1.548593746245515895e-10
1.944018000000000086e+02 3.381832326757188390e-08 1.262017628747320049e-10
2.078155999999999892e+02 2.958671164673399356e-08 1.034606828781928313e-10
2.221547999999999945e+02 2.588504079498026069e-08 8.533766120479787372e-11
2.374834999999999923e+02 2.264692754043548607e-08 7.083733220132881627e-11
2.538699000000000012e+02 1.981416237796151637e-08 5.918210686338377175e-11
2.713869000000000256e+02 1.733601501345857797e-08 4.975939019197054628e-11
2.901125999999999863e+02 1.516804724617790932e-08 4.210233952512203604e-11
3.101304000000000087e+02 1.327132623107881172e-08 3.584567423965742466e-11
3.315294000000000096e+02 1.161194904691431802e-08 3.069858628951008588e-11
3.544048999999999978e+02 1.016017512797981523e-08 2.643800492952281583e-11
3.788587999999999738e+02 8.889997049578346751e-09 2.288810535362343685e-11
4.050000999999999749e+02 7.778669643825304633e-09 1.991008921279723570e-11
4.329451000000000249e+02 6.806337492902877115e-09 1.739559607239586506e-11
