1.067676000000000069e+00 3.457143456245271576e-04 6.959483413363625208e-05
1.141345000000000054e+00 3.012985934683943558e-04 5.503623508168923548e-05
1.220097999999999905e+00 2.618256187160539032e-04 4.344829726810551173e-05
1.304284999999999917e+00 2.268635099434699372e-04 3.435317059712720568e-05
1.394281000000000104e+00 1.959051402814147012e-04 2.720389562689740063e-05
1.490485999999999978e+00 1.683829216633067247e-04 2.156141443292510713e-05
1.593328999999999995e+00 1.436346913478687515e-04 1.710453007515926700e-05
1.703268999999999922e+00 1.207602154013211312e-04 1.358994376420499133e-05
1.820794999999999941e+00 9.767929300126764163e-05 1.081357809453976037e-05
1.900808000000000053e+00 7.772011947847752111e-05 9.339692926109345689e-06
1.929902000000000006e+00 6.174588771471934572e-05 8.869980825704117309e-06
1.937659999999999938e+00 4.610900375291827967e-05 8.750047773569496302e-06
1.946430000000000105e+00 5.661797655505089189e-05 3.739604784154322608e-05
1.949297999999999975e+00 5.955731012617455688e-05 3.719136899801261633e-05
1.966663999999999968e+00 6.667764414858963712e-05 3.598221406733505436e-05
1.978391999999999928e+00 6.785661029653070107e-05 3.519487991174066044e-05
1.996766000000000041e+00 6.590195745100962076e-05 3.400355009038709322e-05
2.004792999999999825e+00 5.979939725579199052e-05 3.349841771587026552e-05
2.016833999999999794e+00 6.739465489428077152e-05 4.594854452142604467e-05
2.046936000000000089e+00 7.417147797884467392e-05 4.350278994872801720e-05
2.080732999999999944e+00 7.650074802568631704e-05 4.098103341755334448e-05
2.171974000000000071e+00 7.576879388862767196e-05 3.509812916228499522e-05
2.205219000000000040e+00 7.312181286419979919e-05 3.323901786701785404e-05
2.214084000000000163e+00 7.046741170037073643e-05 3.276476687135200392e-05
2.224304000000000059e+00 7.221246622646796060e-05 3.706646053405520042e-05
2.227381999999999973e+00 7.265422398300652555e-05 3.688777335216763815e-05
2.260625999999999802e+00 7.394729266305741895e-05 3.502718594263614109e-05
2.377781000000000144e+00 7.177192177080681976e-05 2.939503255059917110e-05
2.541847999999999885e+00 6.619995871450292128e-05 2.337416422887895678e-05
2.717235000000000067e+00 5.995213579837090502e-05 1.854106008940048712e-05
2.904723999999999862e+00 5.374069662853221403e-05 1.470167880932676910e-05
3.105150000000000077e+00 4.787205537602285738e-05 1.159608855287552269e-05
3.319405999999999857e+00 4.239256959251032071e-05 9.114998701669758507e-06
3.548445000000000071e+00 3.740320799734010292e-05 7.170952726715500028e-06
3.793287999999999993e+00 3.292181671838284314e-05 5.646785125621189419e-06
4.055024000000000406e+00 2.903984103794245278e-05 4.431010051677974221e-06
4.334820999999999813e+00 2.546738284846585958e-05 3.464625677826601782e-06
4.633924000000000376e+00 2.232993097084313636e-05 2.705430368296962139e-06
4.953663999999999845e+00 1.953600626138146253e-05 2.112045320260904710e-06
5.295467000000000368e+00 1.707898152839080935e-05 1.649409628352514808e-06
5.660854999999999748e+00 1.492311114478195888e-05 1.288587543081216332e-06
6.051453000000000415e+00 1.303463989578669210e-05 1.007847632522948085e-06
6.469003999999999976e+00 1.138244256794773373e-05 7.891048562525168581e-07
6.915365000000000428e+00 9.938136961596713865e-06 6.183943688638998978e-07
7.392525000000000013e+00 8.676229553990511001e-06 4.850375323768548067e-07
7.902608999999999995e+00 7.574092069374899287e-06 3.808881145282479739e-07
8.447889999999999233e+00 6.611953375348873737e-06 2.993612471075925327e-07
9.030794000000000210e+00 5.772218469261964797e-06 2.340981000010315554e-07
9.653919000000000139e+00 5.037277408854642936e-06 1.814709604688506676e-07
1.032004000000000055e+01 4.393952117491559939e-06 1.402906729972815805e-07
1.103212000000000081e+01 3.831024265989400202e-06 1.086097159932383013e-07
1.179334000000000060e+01 3.338287258497160082e-06 8.420413433720826373e-08
1.260707999999999984e+01 2.906356162430510253e-06 6.538297799295765905e-08
1.347696999999999967e+01 2.526311513044164302e-06 5.084590175871171246e-08
1.440687999999999924e+01 2.188469455672085217e-06 3.960170409939717012e-08
1.540094999999999992e+01 1.874605554979007716e-06 3.089442383879466948e-08
1.578251000000000026e+01 1.748825481277939557e-06 2.821657006987005613e-08
1.602408000000000143e+01 1.630573915506844223e-06 2.667447367846494993e-08
1.608849999999999980e+01 1.538674491372156087e-06 2.628434267537417211e-08
1.618512000000000128e+01 1.599934805702716605e-06 1.793756539784231524e-07
1.642669000000000068e+01 1.623077770906659418e-06 1.691741629133738204e-07
1.646361999999999881e+01 1.621347187800868179e-06 1.676872108316428140e-07
1.759960999999999842e+01 1.481755736677746100e-06 1.301262085005341323e-07
1.881398000000000081e+01 1.318055155796443467e-06 1.023031204280517244e-07
2.011214999999999975e+01 1.164620693430967010e-06 8.073367976494605831e-08
2.149988000000000099e+01 1.025908729380711665e-06 6.359298238945102530e-08
2.298338000000000036e+01 9.017874385876783949e-07 4.986198334639267252e-08
2.456923000000000101e+01 7.915572670658516908e-07 3.905818289812755275e-08
2.626450000000000173e+01 6.941437373330693400e-07 3.058777302028448638e-08
2.807676000000000016e+01 6.083151078322014225e-07 2.387839118282317050e-08
3.001405000000000101e+01 5.327734230801245007e-07 1.862628339302418258e-08
3.208502000000000010e+01 4.664419683921662806e-07 1.453476911152732925e-08
3.429889000000000010e+01 4.086101369337484426e-07 1.127886134118708797e-08
3.666550999999999760e+01 3.575184214377104471e-07 8.753542742491811442e-09
3.919543000000000177e+01 3.127596718079627324e-07 6.798304028203838044e-09
4.189992000000000161e+01 2.735736606404605862e-07 5.282672583159040224e-09
4.479100999999999999e+01 2.392805408949733802e-07 4.107787048789236121e-09
4.788159000000000276e+01 2.092773222482490831e-07 3.196437484313521612e-09
5.118542000000000058e+01 1.830323153603823686e-07 2.488415915416372607e-09
5.471721000000000146e+01 1.600773599813684717e-07 1.939450867642976044e-09
5.849269999999999925e+01 1.400019501906296509e-07 1.513506614619149704e-09
6.252870000000000061e+01 1.224464092063920827e-07 1.182873085939844744e-09
6.684318000000000382e+01 1.070944675590993096e-07 9.260252382888257861e-10
7.145535999999999888e+01 9.367021636384361828e-08 7.252560212626404253e-10
7.638577999999999690e+01 8.193017255963873963e-08 5.677905832851392823e-10
8.165640000000000498e+01 7.166378701272303767e-08 4.453348477986589225e-10
8.729068999999999789e+01 6.268400304837185956e-08 3.497196762589281100e-10
9.331373999999999569e+01 5.483071470188566390e-08 2.755930885982452989e-10
9.975239000000000544e+01 4.796242968247696216e-08 2.180493285699314090e-10
1.066353000000000009e+02 4.195569918904757152e-08 1.732857360111302297e-10
1.139930999999999983e+02 3.670212242484634765e-08 1.383919122709903836e-10
1.218586999999999989e+02 3.210724690892636261e-08 1.111194912036905344e-10
1.302668999999999926e+02 2.808833861043465366e-08 8.974257064925190655e-11
1.392553000000000054e+02 2.457304793522414449e-08 7.293301393960839200e-11
1.488640000000000043e+02 2.149812113163553797e-08 5.966574628658407657e-11
1.591356000000000108e+02 1.880839180699910394e-08 4.914953843537941114e-11
1.701159000000000106e+02 1.645549637517016240e-08 4.077431199758554351e-11
1.818539000000000101e+02 1.439723590468357660e-08 3.406898364021728849e-11
1.944018000000000086e+02 1.259659151692365282e-08 2.867036908373531183e-11
2.078155999999999892e+02 1.102131477765721901e-08 2.429924877308465318e-11
2.221547999999999945e+02 9.643201059565431691e-09 2.073409993289874104e-11
2.374834999999999923e+02 8.437489182583588272e-09 1.780762428939427436e-11
2.538699000000000012e+02 7.382626137478404363e-09 1.538596011369731816e-11
2.713869000000000256e+02 6.459697026898644430e-09 1.336972944122244271e-11
2.901125999999999863e+02 5.652219805755367696e-09 1.167627050431288515e-11
3.101304000000000087e+02 4.945717261991557218e-09 1.024482801704188208e-11
3.315294000000000096e+02 4.327547946812259932e-09 9.024953145245391316e-12
3.544048999999999978e+02 3.786684611996761533e-09 7.979404888342057446e-12
3.788587999999999738e+02 3.313436724713669235e-09 7.076605340928360927e-12
4.050000999999999749e+02 2.899347911592566612e-09 6.292477857947685251e-12
4.329451000000000249e+02 2.537022812995133626e-09 5.607647979624576048e-12
