1.001660500000000065e+00 1.807857688450184184e-03 5.497747803112656333e-04
1.006668799999999919e+00 1.791055721556207526e-03 5.407380386753252296e-04
1.011702099999999938e+00 1.774188459808582596e-03 5.318590597884943370e-04
1.016760600000000014e+00 1.757368272654886987e-03 5.231360527612685532e-04
1.021844399999999986e+00 1.740611760411055935e-03 5.145511716763317067e-04
1.026953599999999911e+00 1.723934885612891498e-03 5.061189947679708588e-04
1.032088399999999906e+00 1.707341865987652271e-03 4.978377803011164700e-04
1.037248900000000029e+00 1.690833524318683615e-03 4.897058522466925983e-04
1.042435100000000059e+00 1.674414497255740210e-03 4.817057888888653353e-04
1.047647299999999948e+00 1.658084788928922831e-03 4.738360849725164309e-04
1.052885499999999919e+00 1.641852259481174680e-03 4.661110366966238856e-04
1.058149900000000088e+00 1.625713565094432603e-03 4.585134072216459633e-04
1.063440699999999906e+00 1.609672267450719266e-03 4.510572748281841239e-04
1.068757900000000038e+00 1.593725672112651821e-03 4.437102570871736444e-04
1.074101699999999937e+00 1.577880551699432270e-03 4.365018741458567201e-04
1.079472200000000104e+00 1.562137119563226191e-03 4.294152964588980603e-04
1.084869499999999931e+00 1.546492311648845841e-03 4.224491993733922330e-04
1.090293900000000038e+00 1.530949056975292955e-03 4.156021929735376447e-04
1.095745399999999981e+00 1.515507806024958505e-03 4.088730166335308430e-04
1.101224100000000039e+00 1.500168699153014203e-03 4.022454184406223433e-04
1.106730200000000108e+00 1.484931588102712460e-03 3.957480826430977345e-04
1.112263900000000083e+00 1.469799418301115466e-03 3.893498573598094922e-04
1.117825199999999963e+00 1.454772462517210305e-03 3.830644846603065341e-04
1.123414300000000088e+00 1.439844375034622518e-03 3.768906847222149134e-04
1.129031399999999907e+00 1.425024079644859496e-03 3.708125971833827546e-04
1.134676500000000088e+00 1.410305753365599657e-03 3.648437717058901656e-04
1.140349899999999916e+00 1.395688938079431589e-03 3.589684819746337971e-04
1.146051699999999895e+00 1.381176587115519631e-03 3.532001203160359628e-04
1.151781900000000025e+00 1.366765980337475081e-03 3.475232199258458990e-04
1.157540800000000036e+00 1.352459500071366127e-03 3.419509860566512520e-04
1.163328499999999988e+00 1.338257055661506035e-03 3.364680842837943311e-04
1.169145199999999996e+00 1.324152707873980017e-03 3.310735364787147843e-04
1.174990900000000060e+00 1.310152286609435595e-03 3.257804528214420332e-04
1.180865899999999913e+00 1.296252466850103188e-03 3.205597286781892855e-04
1.186770199999999997e+00 1.282453414537884509e-03 3.154384435707629358e-04
1.192703999999999986e+00 1.268754840348708564e-03 3.104016314403566790e-04
1.198667600000000055e+00 1.255153576362819188e-03 3.054483332102697537e-04
1.204660899999999923e+00 1.241652676648464246e-03 3.005777011334130524e-04
1.210684199999999988e+00 1.228249007309646862e-03 2.957887926908613638e-04
1.216737600000000086e+00 1.214885595451531365e-03 2.910807245004454614e-04
1.222821300000000111e+00 1.201676644099777683e-03 2.864525968172161184e-04
1.228935399999999900e+00 1.188564586396179470e-03 2.819035418202729616e-04
1.235080100000000014e+00 1.175544137415322115e-03 2.774326761759521266e-04
1.241255500000000067e+00 1.162617856592319332e-03 2.730258730336372814e-04
1.247461799999999954e+00 1.149785539586384211e-03 2.686956715326947417e-04
1.253699099999999955e+00 1.137044720882627712e-03 2.644412331363270004e-04
1.259967599999999965e+00 1.124392836944399735e-03 2.602617053929493136e-04
1.266267400000000043e+00 1.111832369220346669e-03 2.561432524047545039e-04
1.272598799999999919e+00 1.099358242098034044e-03 2.520981589726485465e-04
1.278961800000000038e+00 1.086973110906291722e-03 2.481127524964264839e-04
1.285356600000000071e+00 1.074674534329903963e-03 2.441992213578748037e-04
1.291783300000000079e+00 1.062458024690450488e-03 2.403567685424214898e-04
1.298242300000000071e+00 1.050327866286835657e-03 2.365718572004765167e-04
1.304733499999999990e+00 1.038277714998096530e-03 2.328439317099343221e-04
1.311257099999999953e+00 1.026307671381838753e-03 2.291849511026845180e-04
1.317813399999999913e+00 1.014419877138675839e-03 2.255941100051579186e-04
1.324402499999999927e+00 1.002607950060448909e-03 2.220457638122404047e-04
1.331024500000000055e+00 9.908700738136234313e-04 2.185642854021463909e-04
1.337679599999999969e+00 9.792107722366109185e-04 2.151365889765010557e-04
1.344368000000000007e+00 9.676216639731478365e-04 2.117743536636474083e-04
1.351089900000000066e+00 9.561030890289792068e-04 2.084524346506302960e-04
1.357845299999999922e+00 9.446556491740263576e-04 2.051947481013499251e-04
1.364634499999999973e+00 9.332733278210687735e-04 2.019884614566170363e-04
1.371457699999999891e+00 9.219565931547655732e-04 1.988330194372238695e-04
1.378314999999999957e+00 9.107040092690987538e-04 1.957278862535294719e-04
1.385206600000000066e+00 8.995120654492040971e-04 1.926844110965653860e-04
1.392132600000000053e+00 8.883775174874100015e-04 1.896782182938348675e-04
1.399093300000000095e+00 8.773244019304560042e-04 1.867324894143165283e-04
1.406088699999999969e+00 8.663005922801473137e-04 1.838231082215260382e-04
1.413119199999999909e+00 8.553284447972965771e-04 1.809730177842586477e-04
1.420184799999999914e+00 8.444033333540192738e-04 1.781583451384187509e-04
1.427285700000000102e+00 8.335243423667059327e-04 1.753902915224945255e-04
1.434422099999999922e+00 8.226850143700900533e-04 1.726798315959284760e-04
1.441594199999999937e+00 8.118865324654953594e-04 1.700034275416860332e-04
1.448802200000000040e+00 8.011209180462117510e-04 1.673721210440211294e-04
1.456046200000000068e+00 7.903860518969740411e-04 1.647854256647667828e-04
1.463326499999999974e+00 7.796796986750379908e-04 1.622315767014636417e-04
1.470643099999999981e+00 7.689929602402913872e-04 1.597326830690203134e-04
1.477996300000000041e+00 7.583240118589436220e-04 1.572657846829488189e-04
1.485386300000000048e+00 7.476677563979832386e-04 1.548416604894909440e-04
1.492813200000000062e+00 7.370177036554218745e-04 1.524598443040159953e-04
1.500277300000000036e+00 7.263674519955598020e-04 1.501088710305521084e-04
1.507778700000000027e+00 7.157110796121387728e-04 1.477993746886347728e-04
1.515317599999999931e+00 7.050395014703611908e-04 1.455308906371924663e-04
1.522894200000000087e+00 6.943456848757868002e-04 1.432921391556481552e-04
1.530508600000000108e+00 6.836197390292074070e-04 1.410936004734234927e-04
1.538161200000000006e+00 6.728503291807205614e-04 1.389348033467757205e-04
1.545852000000000004e+00 6.620301829933312922e-04 1.368046588857721685e-04
1.553581199999999995e+00 6.511426782530997963e-04 1.347134870468498816e-04
1.561349099999999934e+00 6.401734090080646788e-04 1.326502849229019754e-04
1.569155899999999937e+00 6.291087020612603315e-04 1.306252735627456074e-04
1.577001700000000062e+00 6.179263465020067535e-04 1.286275793001505742e-04
1.584886699999999982e+00 6.066080775400494850e-04 1.266673241378332856e-04
1.592811100000000035e+00 5.951243804365066682e-04 1.247337366497545150e-04
1.600775199999999954e+00 5.834484534737553740e-04 1.228368335629284266e-04
1.608778999999999959e+00 5.715445500446824376e-04 1.209659686943124725e-04
1.616822900000000063e+00 5.593694156098169513e-04 1.191310545455311049e-04
1.624907000000000101e+00 5.468717406864867427e-04 1.173012653822735370e-04
1.633031600000000028e+00 5.339865139810641642e-04 1.154968184135631227e-04
1.641196700000000064e+00 5.206375082456462080e-04 1.137174708621174128e-04
1.649402699999999999e+00 5.067219615949027870e-04 1.119729434527958048e-04
1.657649699999999893e+00 4.921110221629156458e-04 1.102628415454825599e-04
1.665937999999999919e+00 4.766287514491532188e-04 1.085669797795865140e-04
1.674267699999999914e+00 4.600343254977282787e-04 1.069049481844304043e-04
1.682638999999999996e+00 4.419778930928476958e-04 1.052763545091839169e-04
1.691052199999999894e+00 4.219312046479023665e-04 1.036613169212588715e-04
1.699507499999999949e+00 3.990536505704277864e-04 1.020791316298974214e-04
1.708004999999999995e+00 3.717039153171860610e-04 1.005197750384513361e-04
1.716544999999999987e+00 3.365025009179701599e-04 9.899260464182116630e-05
1.725127800000000100e+00 2.834061177736904211e-04 9.747813623155323704e-05
1.733753399999999889e+00 1.283809071507137735e-04 9.599530041577839965e-05
1.734787700000000044e+00 1.930388940041342623e-05 9.582409239708206041e-05
1.735412299999999908e+00 1.520880855324946897e-05 3.289260618682737433e-04
1.742422200000000032e+00 2.441140471079675115e-04 3.243970936717657967e-04
1.751134299999999921e+00 2.926896427813484411e-04 3.188877640855940156e-04
1.759889899999999896e+00 3.127141690932041347e-04 3.134720470085947943e-04
1.768689399999999967e+00 3.192893429512703540e-04 3.081581979276792373e-04
1.777532799999999913e+00 3.141410843241384241e-04 3.029265587343370290e-04
1.786420499999999967e+00 2.880910922903998539e-04 2.977854509035047018e-04
1.792617200000000022e+00 1.835167858735958226e-04 2.942743701869314781e-04
1.793782800000000011e+00 1.826757929012414719e-04 4.372392571533755446e-04
1.795352599999999965e+00 2.443557106335652045e-04 4.359116690200198112e-04
1.804329400000000083e+00 3.280223992282036891e-04 4.284556245121974387e-04
1.813350999999999935e+00 3.615140857317949898e-04 4.211175179393746438e-04
1.822417799999999977e+00 3.833528053830869884e-04 4.139141304810662540e-04
1.831529900000000044e+00 3.994542365892927950e-04 4.068349763018211406e-04
1.840687500000000032e+00 4.119966190146746735e-04 3.998786896091595941e-04
1.849890899999999894e+00 4.220549130910547465e-04 3.930438952439666163e-04
1.859140400000000026e+00 4.302543624524321399e-04 3.863203691112583236e-04
1.868436100000000044e+00 4.369949370125586464e-04 3.797069360926046892e-04
1.877778299999999900e+00 4.425530237027958461e-04 3.732111643259499031e-04
1.887167199999999934e+00 4.471282015035870695e-04 3.668230167284954415e-04
1.896603000000000039e+00 4.508712514539421818e-04 3.605500163588042941e-04
1.906085999999999947e+00 4.538979463853153105e-04 3.543735718052480111e-04
1.915616500000000055e+00 4.563021802235203077e-04 3.483184550336506464e-04
1.925194499999999920e+00 4.581581246260753694e-04 3.423576368292619064e-04
1.934820500000000054e+00 4.595279129717387838e-04 3.365071006904461564e-04
1.944494600000000073e+00 4.604615741536755664e-04 3.307486779222312758e-04
1.954217099999999929e+00 4.610033211772785974e-04 3.250982386539451948e-04
1.963988199999999962e+00 4.611899462068559013e-04 3.195377854860100572e-04
1.973808100000000065e+00 4.610511040277675480e-04 3.140830563796518098e-04
1.983677200000000029e+00 4.606144096061029741e-04 3.087162091553521666e-04
1.993595500000000076e+00 4.599028963363580979e-04 3.034446008740344924e-04
2.003563499999999831e+00 4.589348100769951558e-04 2.982589073130803288e-04
2.013581299999999796e+00 4.577280130920630434e-04 2.931664048011610479e-04
2.023649199999999926e+00 4.562959767352094847e-04 2.881660425938463834e-04
2.033767500000000172e+00 4.546499255369311162e-04 2.832405768295262341e-04
2.043936299999999928e+00 4.527971921019209134e-04 2.784134298740661181e-04
2.054155999999999871e+00 4.507457227577629896e-04 2.736593807021753949e-04
2.064426800000000117e+00 4.484979653779373244e-04 2.689936319064863699e-04
2.074748899999999896e+00 4.460537210506001615e-04 2.644072497926109439e-04
2.085122699999999885e+00 4.434084271949012058e-04 2.598914422590043708e-04
2.095548299999999919e+00 4.405535870226589927e-04 2.554612087603094534e-04
2.106025999999999954e+00 4.374724430212166646e-04 2.511077459100531043e-04
2.116556200000000221e+00 4.341378730346196076e-04 2.468301884226134697e-04
2.127138899999999833e+00 4.305063516469090617e-04 2.426199797421417070e-04
2.137774600000000191e+00 4.265050160393829125e-04 2.384917889908832783e-04
2.148463500000000082e+00 4.220119028487052709e-04 2.344293435789827299e-04
2.159205800000000064e+00 4.167942340150219949e-04 2.304319460479972552e-04
2.170001800000000092e+00 4.103406783011843495e-04 2.265140801398043318e-04
2.180851899999999954e+00 4.011519385540032690e-04 2.226521476546644237e-04
2.191756100000000096e+00 3.780609666444873776e-04 2.188681567660147396e-04
2.196369499999999864e+00 3.774863707875609846e-04 2.550173876306613082e-04
2.202714900000000142e+00 3.921699625486128014e-04 2.524276588083991112e-04
2.213728500000000210e+00 3.999543196117164327e-04 2.480085178996408986e-04
2.224797099999999972e+00 4.030462595973663387e-04 2.436715438984936451e-04
2.235921100000000106e+00 4.043381744095952903e-04 2.394084246216554731e-04
2.247100699999999840e+00 4.046450240222383265e-04 2.352183576158728786e-04
2.258336200000000016e+00 4.043124107173928631e-04 2.310932407593796955e-04
2.269627900000000142e+00 4.035106287163474207e-04 2.270033454880278161e-04
2.280975999999999893e+00 4.023424925488270601e-04 2.229773257817253438e-04
2.292380899999999944e+00 4.008726695677655781e-04 2.190288672377720374e-04
2.303842799999999968e+00 3.991339461099853068e-04 2.151713951029481922e-04
2.315361999999999920e+00 3.972101295661735454e-04 2.115105600733818367e-04
2.326938800000000196e+00 3.951578006232803306e-04 2.079162294350415420e-04
2.338573499999999861e+00 3.929795589012516203e-04 2.043735635668555528e-04
2.350266400000000200e+00 3.906745124806290941e-04 2.008890419837141878e-04
2.362017699999999998e+00 3.882494716573931708e-04 1.974690177629673151e-04
2.373827799999999932e+00 3.857055514076832611e-04 1.941127527547302132e-04
2.385696999999999957e+00 3.830392187214140846e-04 1.908195242314505167e-04
2.397625399999999907e+00 3.802405552273514593e-04 1.875886317303044140e-04
2.409613600000000133e+00 3.772874192847875752e-04 1.844193417093846488e-04
2.421661600000000192e+00 3.741352982328294318e-04 1.813109740827820832e-04
2.433769900000000153e+00 3.706948149854535522e-04 1.782560465195752290e-04
2.445938799999999969e+00 3.667445456586444189e-04 1.752539698206678894e-04
2.458168500000000201e+00 3.615000857513241779e-04 1.723108699729863458e-04
2.465737499999999915e+00 3.552764376274509519e-04 1.705256597556247368e-04
2.470459299999999914e+00 3.522835249037448743e-04 1.813578568011467603e-04
2.471662400000000037e+00 3.540556408944112014e-04 1.810495921658366778e-04
2.482811599999999785e+00 3.579132586489951391e-04 1.782390383731064084e-04
2.495225700000000213e+00 3.578847307531523702e-04 1.751797779813897029e-04
2.507701799999999981e+00 3.568453962964807146e-04 1.721794035654691346e-04
2.520240300000000211e+00 3.553425955234800035e-04 1.692241595990222759e-04
2.532841499999999968e+00 3.535609130860604792e-04 1.663330903568187150e-04
2.545505700000000093e+00 3.515879939290526075e-04 1.634860184400103284e-04
2.558233299999999932e+00 3.494700869645549690e-04 1.606953570459872911e-04
2.571024400000000210e+00 3.472326737484516136e-04 1.579476514100589478e-04
2.583879599999999943e+00 3.448892761932281976e-04 1.552551836611153994e-04
2.596798999999999857e+00 3.424457007794485001e-04 1.526490521738208277e-04
2.609782899999999906e+00 3.399457951877740518e-04 1.501218363546481295e-04
2.622831899999999994e+00 3.373898792177882603e-04 1.476473886278124577e-04
2.635946000000000122e+00 3.347690779868394860e-04 1.452188578457501282e-04
2.649125699999999917e+00 3.320682306356172457e-04 1.428419338848870891e-04
2.662371400000000055e+00 3.292566315032210739e-04 1.405036273780869743e-04
2.675683199999999928e+00 3.262685275013064165e-04 1.382035326789192214e-04
2.689061699999999888e+00 3.229193802676172701e-04 1.359473489285053160e-04
2.702507000000000215e+00 3.182410472390247895e-04 1.337345861007241236e-04
2.702773500000000162e+00 3.181006596923772567e-04 1.336909182617700099e-04
2.713226399999999927e+00 3.162893875337851528e-04 1.379672805638396734e-04
2.716019499999999809e+00 3.166297559978207892e-04 1.375038719155964194e-04
2.729599599999999793e+00 3.161875361258536187e-04 1.352865415510390171e-04
2.743247600000000119e+00 3.147717606317144458e-04 1.331118959756027586e-04
2.756963799999999853e+00 3.130393852317800516e-04 1.309734712644335043e-04
2.770748600000000117e+00 3.111476723425759356e-04 1.288649221046390015e-04
2.784602399999999811e+00 3.091613519549807473e-04 1.267977766568314569e-04
2.798525399999999941e+00 3.071123923026110878e-04 1.247656763388515307e-04
2.812517999999999851e+00 3.050213369994238559e-04 1.227623748455746388e-04
2.826580600000000221e+00 3.028993235344603729e-04 1.207934046090302743e-04
2.840713500000000113e+00 3.007556742396963988e-04 1.188525885415892496e-04
2.854917100000000207e+00 2.985974636988197395e-04 1.169511782646247944e-04
2.869191700000000012e+00 2.964296630397136455e-04 1.150714890914258573e-04
2.883537599999999923e+00 2.942556778287154051e-04 1.132247536946049895e-04
2.897955300000000012e+00 2.920787495482273367e-04 1.114049140974665764e-04
2.912445099999999787e+00 2.899029441426261445e-04 1.096173515466102266e-04
2.927007300000000090e+00 2.877308319843370401e-04 1.078560785015122351e-04
2.941642400000000102e+00 2.855657334127393340e-04 1.061264177678889067e-04
2.956350599999999940e+00 2.834113369903946966e-04 1.044224473962134171e-04
2.971132299999999837e+00 2.812715825926529237e-04 1.027438977943477105e-04
2.985987999999999865e+00 2.791528132717712297e-04 1.010960165019234128e-04
3.000917900000000138e+00 2.771024458201093899e-04 9.946748216022563329e-05
3.015922499999999840e+00 2.749645872109659876e-04 9.778162562687080272e-05
3.031002099999999810e+00 2.727801437370448094e-04 9.612095470044488763e-05
3.046157099999999840e+00 2.705863723376048815e-04 9.449061464817069681e-05
3.061387900000000162e+00 2.683900561879187623e-04 9.288488121385001894e-05
3.076694900000000121e+00 2.661948873974150781e-04 9.130885112936787244e-05
3.092078299999999835e+00 2.640032511373427600e-04 8.975686526193257775e-05
3.107538700000000098e+00 2.618157885075196264e-04 8.823396616645339506e-05
3.123076399999999975e+00 2.596339554419347696e-04 8.673455035724911310e-05
3.138691800000000143e+00 2.574583594024251526e-04 8.526361857521878417e-05
3.154385299999999948e+00 2.552907420295973573e-04 8.381562240975764090e-05
3.170157199999999786e+00 2.531308880621758908e-04 8.239032046212283703e-05
3.186008000000000173e+00 2.509796931214042085e-04 8.099263982179603536e-05
3.201938000000000173e+00 2.488384240330172273e-04 7.961712025895197357e-05
3.217947699999999855e+00 2.467067874751334607e-04 7.826352205983591907e-05
3.234037400000000062e+00 2.445837999207834605e-04 7.693161260574193092e-05
3.250207599999999974e+00 2.424703009958826248e-04 7.562115651212744974e-05
3.266458699999999826e+00 2.403667539080724678e-04 7.433192295620453605e-05
3.282791000000000015e+00 2.382736185797356115e-04 7.306870454012479390e-05
3.299204899999999885e+00 2.361913224289608252e-04 7.182620529820087020e-05
3.315700899999999951e+00 2.341202617750499210e-04 7.060419861597660150e-05
3.332279400000000003e+00 2.320608310582870720e-04 6.940246214816412230e-05
3.348940799999999829e+00 2.300134085096674130e-04 6.822077552422973535e-05
3.365685599999999944e+00 2.279780047231483233e-04 6.706381386374907683e-05
3.382514000000000021e+00 2.259550039971494953e-04 6.592154931096014334e-05
3.399426500000000129e+00 2.239447343213595335e-04 6.480353221232008193e-05
3.416423700000000174e+00 2.219471682197049923e-04 6.370465102165420019e-05
3.433505799999999830e+00 2.199629794283173992e-04 6.262469922414150704e-05
3.450673300000000054e+00 2.179921313993088828e-04 6.155869153716418457e-05
3.467926700000000029e+00 2.160349057930043622e-04 6.051599329869064662e-05
3.485266300000000150e+00 2.147455171890165395e-04 5.946796495821090933e-05
3.502692699999999881e+00 2.128076887736208721e-04 5.843827323579056594e-05
3.520206099999999783e+00 2.108813131555812214e-04 5.742671871771294368e-05
3.537807200000000041e+00 2.089663806271135319e-04 5.642843815929025875e-05
3.555496199999999885e+00 2.070632427034680063e-04 5.545257353467157504e-05
3.573273700000000108e+00 2.051724896079991833e-04 5.448963256381540780e-05
3.591140000000000221e+00 2.037103935572765433e-04 5.354407821678842770e-05
3.609095700000000129e+00 2.018405536217264572e-04 5.260201726703554124e-05
3.627141200000000065e+00 1.999819358227111884e-04 5.167708971914919039e-05
3.645276899999999820e+00 1.981351415058218166e-04 5.076910390740243184e-05
3.663503299999999907e+00 1.962998797806805027e-04 4.987786848795190106e-05
3.681820800000000116e+00 1.944764458509827738e-04 4.900319524027198654e-05
3.700229900000000072e+00 1.926656711108192465e-04 4.814489629574196300e-05
3.718731099999999845e+00 1.908672441952504199e-04 4.730278554262916331e-05
3.737324699999999833e+00 1.890817073853473616e-04 4.647227237822113840e-05
3.756011399999999778e+00 1.873087245516636920e-04 4.566201091427483894e-05
3.774791399999999797e+00 1.855485580801144354e-04 4.486302804964907050e-05
3.793665400000000076e+00 1.838016752096916092e-04 4.407955034276351744e-05
3.812633700000000125e+00 1.820677701747426699e-04 4.331140206580000508e-05
3.831696899999999850e+00 1.803470402264510219e-04 4.255496550374664080e-05
3.850855399999999928e+00 1.786394327410899458e-04 4.181354129646097678e-05
3.870109600000000150e+00 1.769451503176224113e-04 4.108525403836642373e-05
3.889460199999999812e+00 1.752641044790645680e-04 4.036995512474344844e-05
3.908907500000000201e+00 1.735964941915265237e-04 3.966792305990341996e-05
3.928452000000000055e+00 1.719419934261630541e-04 3.897858827510613719e-05
3.948094300000000167e+00 1.703010150919436806e-04 3.830138995868831079e-05
3.967834700000000048e+00 1.686734919021818182e-04 3.763661035901168120e-05
3.987673899999999882e+00 1.670590814632096869e-04 3.698410761501622648e-05
4.055024000000000406e+00 1.626321452103240820e-04 3.487779083503980031e-05
4.334820999999999813e+00 1.426594944557862152e-04 2.764454041583214544e-05
4.633924000000000376e+00 1.251715866494505737e-04 2.184794372717415207e-05
4.953663999999999845e+00 1.095763909788915921e-04 1.727587148981430049e-05
5.295467000000000368e+00 9.575882023822312745e-05 1.364886992875291325e-05
5.660854999999999748e+00 8.362619999545414600e-05 1.079416815297169885e-05
6.051453000000000415e+00 7.294838407953295543e-05 8.547092676334378100e-06
6.469003999999999976e+00 6.358476481727554444e-05 6.779452334985927025e-06
6.915365000000000428e+00 5.537758303021237435e-05 5.385950163401892920e-06
7.392525000000000013e+00 4.818061582031065544e-05 4.286071474544099235e-06
7.902608999999999995e+00 4.185431712923520819e-05 3.405402057164679071e-06
8.447889999999999233e+00 3.625507837544615213e-05 2.704430793496770949e-06
9.030794000000000210e+00 3.122610081960005977e-05 2.144167819833283900e-06
9.653919000000000139e+00 2.619544336186189500e-05 1.680395321441060968e-06
9.683477999999999142e+00 2.591774951789652508e-05 1.661568505024038688e-06
9.831694000000000599e+00 2.399852837752745397e-05 1.571294318594413236e-06
9.871218999999999966e+00 2.247101482046727044e-05 1.548310994102723211e-06
9.930505000000000138e+00 2.353315224223966504e-05 4.095430266410111427e-06
1.007872000000000057e+01 2.397615353491314163e-05 3.846873723099960940e-06
1.032004000000000055e+01 2.342076447483109768e-05 3.481349595547006719e-06
1.091338000000000008e+01 2.106700946711321336e-05 2.799433955354618253e-06
1.103212000000000081e+01 2.042715124443457154e-05 2.687009816918806170e-06
1.108042000000000016e+01 2.006921940731857062e-05 2.643028706028415508e-06
1.112495999999999974e+01 1.941236752345306679e-05 2.603566259384153206e-06
1.119177999999999962e+01 1.970177150693259234e-05 3.533336533700982844e-06
1.135881999999999969e+01 1.958039331712028628e-05 3.344877202841158390e-06
1.144786999999999999e+01 1.937089848163043413e-05 3.250060223131690583e-06
1.162308999999999948e+01 1.878502184009916062e-05 3.073765246061413318e-06
1.166981999999999964e+01 1.843800859243541998e-05 3.029123956041606271e-06
1.173991000000000007e+01 1.851095163150814340e-05 3.427874793090196487e-06
1.179334000000000060e+01 1.848105087141967110e-05 3.373923714836000606e-06
1.191512999999999955e+01 1.829564260436045378e-05 3.255083626632616376e-06
1.260707999999999984e+01 1.682048489679169331e-05 2.673885587394988671e-06
1.347696999999999967e+01 1.498942858554865780e-05 2.111656601380474973e-06
1.440687999999999924e+01 1.326627955601098803e-05 1.664734710372323752e-06
1.540094999999999992e+01 1.169690922738073738e-05 1.309717984118686836e-06
1.646361999999999881e+01 1.028668454058364419e-05 1.029623743023934931e-06
1.759960999999999842e+01 9.030850196099858806e-06 8.097217027163392646e-07
1.881398000000000081e+01 7.918899162204834412e-06 6.372222150590471158e-07
2.011214999999999975e+01 6.943976871774297789e-06 5.017227482115618687e-07
2.149988000000000099e+01 6.079919213474812088e-06 3.948783469446194891e-07
2.298338000000000036e+01 5.323535746890785385e-06 3.109485272810394095e-07
2.456923000000000101e+01 4.659356526996112306e-06 2.446516309626043928e-07
2.626450000000000173e+01 4.075549031678854418e-06 1.926376529180989213e-07
2.807676000000000016e+01 3.564448987495633338e-06 1.506791994192546565e-07
3.001405000000000101e+01 3.115966457847106303e-06 1.177100696577698793e-07
3.208502000000000010e+01 2.723398396128590348e-06 9.207180973588041432e-08
3.429889000000000010e+01 2.380010883293246051e-06 7.211596463337605678e-08
3.666550999999999760e+01 2.079743659693157817e-06 5.655915649706156563e-08
3.919543000000000177e+01 1.817230121582275054e-06 4.441268144673116809e-08
4.189992000000000161e+01 1.587734673258794983e-06 3.492656158362151109e-08
4.479100999999999999e+01 1.387077808780014211e-06 2.746476413560779670e-08
4.788159000000000276e+01 1.211567300508253162e-06 2.161321270253218152e-08
5.118542000000000058e+01 1.057978740958535342e-06 1.700298032854069786e-08
5.471721000000000146e+01 9.233892692997662907e-07 1.335225030606515437e-08
5.849269999999999925e+01 8.051295120952030494e-07 1.050280749606648454e-08
6.252870000000000061e+01 7.002765388921310025e-07 8.273355387009401283e-09
6.606807000000000585e+01 6.187317532878801235e-07 6.805389910262355656e-09
6.684318000000000382e+01 5.986508725650842306e-07 6.530754462375021684e-09
6.707931999999999562e+01 5.907833658026706860e-07 6.450286382779377801e-09
6.734897999999999740e+01 5.748586576890686604e-07 6.359628190261056848e-09
6.775347999999999615e+01 5.791985639660216742e-07 2.801763651514836180e-08
6.876473000000000013e+01 5.720936063379765098e-07 2.661841252679355595e-08
7.145535999999999888e+01 5.372750769001210908e-07 2.329176964189631130e-08
7.638577999999999690e+01 4.748415194915294474e-07 1.837634869275984250e-08
8.165640000000000498e+01 4.176814538203799391e-07 1.448331579221826974e-08
8.729068999999999789e+01 3.666747440190930133e-07 1.141060022032802180e-08
9.331373999999999569e+01 3.215460111799610432e-07 8.970324227030662022e-09
9.975239000000000544e+01 2.817661211289828673e-07 7.056362135186562646e-09
1.066353000000000009e+02 2.467905456476995919e-07 5.556066814432131207e-09
1.139930999999999983e+02 2.160862377363344029e-07 4.379336568870397315e-09
1.218586999999999989e+02 1.891579612205122922e-07 3.455622228476460607e-09
1.302668999999999926e+02 1.655588813120493454e-07 2.730304099738670107e-09
1.392553000000000054e+02 1.449410533346886390e-07 2.157106982135526395e-09
1.488640000000000043e+02 1.268278961044860627e-07 1.704084572795226574e-09
1.591356000000000108e+02 1.109698475290345786e-07 1.348704028249077503e-09
1.701159000000000106e+02 9.708990209012273697e-08 1.069778190668796001e-09
1.818539000000000101e+02 8.494319743989190511e-08 8.505779814957441423e-10
1.944018000000000086e+02 7.431463328045310469e-08 6.780598988831097204e-10
2.078155999999999892e+02 6.501511194282880925e-08 5.421158694313350343e-10
2.221547999999999945e+02 5.687915060574479682e-08 4.348253917681346198e-10
2.374834999999999923e+02 4.976127466926254870e-08 3.499846547101003064e-10
2.538699000000000012e+02 4.353430155691602792e-08 2.827803806259530226e-10
2.713869000000000256e+02 3.808677667820293933e-08 2.294113849638538655e-10
2.901125999999999863e+02 3.332103848548346837e-08 1.869277615110480678e-10
3.101304000000000087e+02 2.915198161217056247e-08 1.536639260381193976e-10
3.315294000000000096e+02 2.550510943230100675e-08 1.269371596060269463e-10
3.544048999999999978e+02 2.231482501157534921e-08 1.053264084736562145e-10
3.788587999999999738e+02 1.952386163990517026e-08 8.780320228323913675e-11
4.050000999999999749e+02 1.708219617319519575e-08 7.353127122497174324e-11
4.329451000000000249e+02 1.494607407326509157e-08 6.186624948299801192e-11
