1.001660500000000065e+00 7.271054468118086063e-04 1.849264811303083348e-04
1.006668799999999919e+00 7.176290302847191868e-04 1.820624920268900217e-04
1.011702099999999938e+00 7.081599271572990495e-04 1.792384825582478576e-04
1.016760600000000014e+00 6.987019848854031899e-04 1.764620187396489983e-04
1.021844399999999986e+00 6.892487676632089860e-04 1.737325828781280705e-04
1.026953599999999911e+00 6.797961569662237455e-04 1.710496616272005584e-04
1.032088399999999906e+00 6.703441316118785315e-04 1.683969945471821227e-04
1.037248900000000029e+00 6.608888360054533326e-04 1.657977979699420750e-04
1.042435100000000059e+00 6.514247435398334927e-04 1.632358911132784007e-04
1.047647299999999948e+00 6.419462063810676272e-04 1.607108627069000833e-04
1.052885499999999919e+00 6.324520847842155999e-04 1.582300642657912914e-04
1.058149900000000088e+00 6.229353218802595590e-04 1.557929923521754511e-04
1.063440699999999906e+00 6.133910861439797763e-04 1.533915132612197760e-04
1.068757900000000038e+00 6.038131299860980848e-04 1.510252763556334981e-04
1.074101699999999937e+00 5.941934106511220694e-04 1.487014648497739331e-04
1.079472200000000104e+00 5.845243682226149455e-04 1.464045625032199636e-04
1.084869499999999931e+00 5.747987981924344110e-04 1.441567803157012349e-04
1.090293900000000038e+00 5.650060173608419892e-04 1.419351728877057408e-04
1.095745399999999981e+00 5.551361452428213699e-04 1.397543372956778964e-04
1.101224100000000039e+00 5.451778875997102987e-04 1.376064429196964675e-04
1.106730200000000108e+00 5.351151129117600897e-04 1.354911344290423141e-04
1.112263900000000083e+00 5.249358952635472435e-04 1.334080602284204843e-04
1.117825199999999963e+00 5.146204625256120243e-04 1.313641600063990245e-04
1.123414300000000088e+00 5.041497439926613837e-04 1.293517516313013227e-04
1.129031399999999907e+00 4.935021718672568010e-04 1.273633014973804946e-04
1.134676500000000088e+00 4.826489863344966802e-04 1.254129134589789603e-04
1.140349899999999916e+00 4.715608006715621371e-04 1.234930128098794778e-04
1.146051699999999895e+00 4.601982654275383342e-04 1.215678523959977359e-04
1.151781900000000025e+00 4.485173632249509867e-04 1.196799524404663022e-04
1.157540800000000036e+00 4.364661622729769483e-04 1.178218531334512901e-04
1.163328499999999988e+00 4.239808793267065717e-04 1.159862594772290069e-04
1.169145199999999996e+00 4.109831487162309178e-04 1.141868438561811607e-04
1.174990900000000060e+00 3.973732387136108546e-04 1.124162915191359683e-04
1.180865899999999913e+00 3.830246819112169843e-04 1.106742761440060766e-04
1.186770199999999997e+00 3.677723701445654854e-04 1.089605029468457785e-04
1.192703999999999986e+00 3.513931154686553366e-04 1.072678527513174233e-04
1.198667600000000055e+00 3.335713720567121620e-04 1.056096587879375978e-04
1.204660899999999923e+00 3.138746949508326766e-04 1.039720600455239051e-04
1.210684199999999988e+00 2.916053990614897559e-04 1.023682597304102001e-04
1.216737600000000086e+00 2.656213393007381238e-04 1.007845190695208076e-04
1.222821300000000111e+00 2.338078201421298747e-04 9.922728126528561571e-05
1.228935399999999900e+00 1.914486879433426872e-04 9.769625995356761791e-05
1.235080100000000014e+00 1.235552683580021260e-04 9.618458879038775558e-05
1.241044800000000059e+00 -2.041596958057761231e-04 9.475396119298915335e-05
1.241255500000000067e+00 -2.988093642251415070e-04 3.696687397017276301e-04
1.241355100000000045e+00 -2.089005432654202890e-04 3.695605844565805773e-04
1.247461799999999954e+00 1.068310013738314897e-04 3.631820011172522665e-04
1.253699099999999955e+00 1.543874252277989607e-04 3.568089579021247165e-04
1.259967599999999965e+00 1.714120759506198622e-04 3.505483363146358680e-04
1.266267400000000043e+00 1.674218415676038344e-04 3.443989023415339494e-04
1.272598799999999919e+00 1.174560164544195411e-04 3.383593787102439818e-04
1.274729699999999966e+00 4.972028772381433944e-06 3.363541448906752214e-04
1.275270300000000079e+00 3.791056215459698434e-06 5.066063791130001560e-04
1.278961800000000038e+00 1.595104798568696487e-04 5.013982952330629447e-04
1.285356600000000071e+00 2.250316420332782342e-04 4.925359244734272808e-04
1.291783300000000079e+00 2.618159109409079780e-04 4.838373560010366292e-04
1.298242300000000071e+00 2.880558488066427628e-04 4.752881427421116762e-04
1.304733499999999990e+00 3.084231198215638017e-04 4.668929607906685433e-04
1.311257099999999953e+00 3.249164841885358542e-04 4.586500711285887042e-04
1.317813399999999913e+00 3.386081214629319512e-04 4.505515557564091986e-04
1.324402499999999927e+00 3.501511873221894869e-04 4.425958369975139411e-04
1.331024500000000055e+00 3.599827538264850223e-04 4.347813496372438229e-04
1.337679599999999969e+00 3.684107582361525806e-04 4.271065089652681108e-04
1.344368000000000007e+00 3.756616860438506417e-04 4.195697455522263541e-04
1.351089900000000066e+00 3.819078828166126336e-04 4.121634950870741517e-04
1.357845299999999922e+00 3.872876374394076211e-04 4.048923475242845356e-04
1.364634499999999973e+00 3.919087453824814343e-04 3.977487941837744767e-04
1.371457699999999891e+00 3.958615425376447029e-04 3.907314113407437035e-04
1.378314999999999957e+00 3.992174152065688301e-04 3.838447079313244488e-04
1.385206600000000066e+00 4.020407513097345249e-04 3.770754734770231497e-04
1.392132600000000053e+00 4.043826799615944136e-04 3.704224371683644684e-04
1.399093300000000095e+00 4.062891890261760043e-04 3.638958935813982050e-04
1.406088699999999969e+00 4.077983571333622858e-04 3.574828975653265915e-04
1.413119199999999909e+00 4.089435377017816369e-04 3.511821358462754311e-04
1.420184799999999914e+00 4.097550788748221835e-04 3.449924087779261878e-04
1.427285700000000102e+00 4.102579959035344164e-04 3.389124765357876337e-04
1.434422099999999922e+00 4.104754547976596996e-04 3.329411109946884390e-04
1.441594199999999937e+00 4.104267736082104000e-04 3.270770955907379611e-04
1.448802200000000040e+00 4.101306664883507067e-04 3.213192251864840205e-04
1.456046200000000068e+00 4.096002430629270804e-04 3.156607508693778474e-04
1.463326499999999974e+00 4.088521405564436760e-04 3.101005505446293104e-04
1.470643099999999981e+00 4.078946847126385384e-04 3.046430978457570537e-04
1.477996300000000041e+00 4.067397707736443825e-04 2.992817142955229407e-04
1.485386300000000048e+00 4.053951010640070613e-04 2.940098632944933158e-04
1.492813200000000062e+00 4.038672783992126739e-04 2.888374645049273737e-04
1.500277300000000036e+00 4.021597839888808911e-04 2.837579535306382784e-04
1.507778700000000027e+00 4.002761769395593865e-04 2.787649229456393781e-04
1.515317599999999931e+00 3.982171222572350152e-04 2.738627796025677654e-04
1.522894200000000087e+00 3.959778035709318484e-04 2.690451685664886584e-04
1.530508600000000108e+00 3.935546726783602321e-04 2.643164786027171992e-04
1.538161200000000006e+00 3.909351932639947838e-04 2.596651121694214443e-04
1.545852000000000004e+00 3.881013443789954978e-04 2.551007712809115545e-04
1.553581199999999995e+00 3.850269348030009673e-04 2.506172412994879485e-04
1.561349099999999934e+00 3.816683768944686972e-04 2.462136055994632727e-04
1.569155899999999937e+00 3.779560702662037013e-04 2.418889726516825834e-04
1.577001700000000062e+00 3.737732595341966926e-04 2.376373251128430751e-04
1.584886699999999982e+00 3.689035705299607468e-04 2.334629868687816353e-04
1.592811100000000035e+00 3.628827312236926794e-04 2.293650891897523823e-04
1.600775199999999954e+00 3.544077782653234942e-04 2.253326121160479430e-04
1.608778999999999959e+00 3.356557158946763008e-04 2.213749772208432930e-04
1.609861100000000045e+00 3.287288110898699918e-04 2.208478819145427859e-04
1.612738900000000086e+00 3.276905939675804169e-04 2.571180553287882907e-04
1.616822900000000063e+00 3.431206816574227086e-04 2.547660650176072038e-04
1.624907000000000101e+00 3.521616675523022593e-04 2.501804255974964474e-04
1.633031600000000028e+00 3.557569711959555664e-04 2.456838199690972993e-04
1.641196700000000064e+00 3.573951950449051292e-04 2.412653635358047866e-04
1.649402699999999999e+00 3.579787395789248562e-04 2.369290867198714176e-04
1.657649699999999893e+00 3.578825005516098859e-04 2.326740759964710675e-04
1.665937999999999919e+00 3.572958132155555915e-04 2.284896492165948043e-04
1.674267699999999914e+00 3.563250443649838015e-04 2.243799042644040794e-04
1.682638999999999996e+00 3.550330953069757317e-04 2.203440091906184030e-04
1.691052199999999894e+00 3.534489768882114044e-04 2.163907302038947796e-04
1.699507499999999949e+00 3.516365105211556293e-04 2.126481099037484429e-04
1.708004999999999995e+00 3.496527775283118011e-04 2.089754157351456879e-04
1.716544999999999987e+00 3.474847897113263976e-04 2.053813050704006676e-04
1.725127800000000100e+00 3.451122331803052092e-04 2.018507206861224065e-04
1.733753399999999889e+00 3.424922293050420901e-04 1.983923475756525930e-04
1.742422200000000032e+00 3.395311669196600184e-04 1.950006632261655525e-04
1.751134299999999921e+00 3.359984913223676688e-04 1.916749173012259123e-04
1.759889899999999896e+00 3.310773649989356862e-04 1.884143546086639682e-04
1.766050700000000084e+00 3.233642686186691674e-04 1.861616305771701327e-04
1.768689399999999967e+00 3.205327701771135455e-04 1.983116601656379277e-04
1.769349199999999955e+00 3.225450142770856809e-04 1.980495489702503622e-04
1.777532799999999913e+00 3.283266123923506835e-04 1.948719531956876621e-04
1.786420499999999967e+00 3.290548353917814237e-04 1.914979177738689465e-04
1.795352599999999965e+00 3.286276717127394227e-04 1.881888178794675426e-04
1.804329400000000083e+00 3.276706847780529587e-04 1.849394023936725404e-04
1.813350999999999935e+00 3.263956552505065719e-04 1.817579710093905978e-04
1.822417799999999977e+00 3.249006408775452427e-04 1.786303426402582775e-04
1.831529900000000044e+00 3.232397220749679196e-04 1.755648071301934524e-04
1.840687500000000032e+00 3.214439884779406458e-04 1.725562385140822158e-04
1.849890899999999894e+00 3.195314246694944084e-04 1.696039852660107276e-04
1.859140400000000026e+00 3.175119202291637336e-04 1.667379756167021985e-04
1.868436100000000044e+00 3.154308333847504310e-04 1.639658238766450947e-04
1.877778299999999900e+00 3.132945275141861812e-04 1.612473966419443016e-04
1.887167199999999934e+00 3.111031510539498043e-04 1.585820801825808379e-04
1.896603000000000039e+00 3.088544936988784988e-04 1.559649848388290313e-04
1.906085999999999947e+00 3.065440717323020215e-04 1.533998235580394723e-04
1.915616500000000055e+00 3.041629321943415407e-04 1.508817521993369235e-04
1.925194499999999920e+00 3.016939132001659985e-04 1.484144755616659261e-04
1.934820500000000054e+00 2.991014739441936457e-04 1.459889897310351911e-04
1.944494600000000073e+00 2.963095878294040478e-04 1.436090221949855414e-04
1.954217099999999929e+00 2.931039564696254142e-04 1.412740510060541061e-04
1.963988199999999962e+00 2.882778582287474326e-04 1.389794319434439697e-04
1.964253599999999933e+00 2.880584213799487281e-04 1.389193148637866168e-04
1.970746300000000062e+00 2.866728038191651150e-04 1.439704394567412797e-04
1.973808100000000065e+00 2.874297745176920219e-04 1.432452173401044520e-04
1.983677200000000029e+00 2.873366796371863881e-04 1.409443070550049008e-04
1.993595500000000076e+00 2.862493721121942784e-04 1.386790482307099853e-04
2.003563499999999831e+00 2.848243129054543504e-04 1.364571497976384436e-04
2.013581299999999796e+00 2.832254221204998632e-04 1.342740930423745409e-04
2.023649199999999926e+00 2.815204798830066519e-04 1.321254301487384867e-04
2.033767500000000172e+00 2.797445325595217746e-04 1.300187751279612209e-04
2.043936299999999928e+00 2.779184899567464979e-04 1.279457082344110275e-04
2.054155999999999871e+00 2.760557730598544516e-04 1.259058590260659326e-04
2.064426800000000117e+00 2.741643127665555199e-04 1.239028063586578856e-04
2.074748899999999896e+00 2.722537493298673853e-04 1.219439674674514286e-04
2.085122699999999885e+00 2.703328156793070565e-04 1.200132302535997334e-04
2.095548299999999919e+00 2.684050954599405598e-04 1.181141895221622066e-04
2.106025999999999954e+00 2.664657496372180951e-04 1.162195088765817080e-04
2.116556200000000221e+00 2.645149149565873101e-04 1.143522604116295217e-04
2.127138899999999833e+00 2.625556849587111518e-04 1.125159923194233577e-04
2.137774600000000191e+00 2.605904494670859429e-04 1.107141522477133217e-04
2.148463500000000082e+00 2.586220523378649633e-04 1.089387932125970523e-04
2.159205800000000064e+00 2.566513886702001838e-04 1.071934038832661614e-04
2.170001800000000092e+00 2.546806714644540468e-04 1.054776534476743001e-04
2.180851899999999954e+00 2.527102013676875642e-04 1.037874861244077239e-04
2.191756100000000096e+00 2.507421547601897767e-04 1.021263519237415498e-04
2.202714900000000142e+00 2.487771839778712339e-04 1.004939192576109649e-04
2.213728500000000210e+00 2.468159870489024655e-04 9.888620570740095739e-05
2.224797099999999972e+00 2.448596722013008016e-04 9.730660399282971566e-05
2.235921100000000106e+00 2.429088332726562648e-04 9.575116444472301465e-05
2.247100699999999840e+00 2.409640864072133128e-04 9.421963488491024265e-05
2.258336200000000016e+00 2.390260042322706329e-04 9.271535659539384769e-05
2.269627900000000142e+00 2.370959734047562058e-04 9.123086859159921841e-05
2.280975999999999893e+00 2.351741080820551010e-04 8.977665846664686510e-05
2.292380899999999944e+00 2.332612960220261885e-04 8.834174196717892657e-05
2.303842799999999968e+00 2.313576207405240465e-04 8.692240659772906993e-05
2.315361999999999920e+00 2.294591319859052778e-04 8.551851470495835884e-05
2.326938800000000196e+00 2.275671984367120203e-04 8.413690893134928952e-05
2.338573499999999861e+00 2.256823505904680322e-04 8.278082197720318446e-05
2.350266400000000200e+00 2.238050994934764621e-04 8.144305482713228126e-05
2.362017699999999998e+00 2.219359559785586929e-04 8.012686525494660140e-05
2.373827799999999932e+00 2.200753742255804788e-04 7.883201666797443486e-05
2.385696999999999957e+00 2.182238095759379457e-04 7.755827811745313134e-05
2.397625399999999907e+00 2.163809877366117791e-04 7.630542710221379353e-05
2.409613600000000133e+00 2.145480370143961933e-04 7.507322706882510509e-05
2.421661600000000192e+00 2.127243141847363786e-04 7.386146260832319294e-05
2.433769900000000153e+00 2.109109285814939224e-04 7.266656823460398149e-05
2.445938799999999969e+00 2.091079019202265619e-04 7.149169280425525931e-05
2.458168500000000201e+00 2.073149153027519138e-04 7.033662018051746771e-05
2.470459299999999914e+00 2.055327015995349490e-04 6.919784630760608896e-05
2.482811599999999785e+00 2.045268290823034209e-04 6.807847272489383767e-05
2.495225700000000213e+00 2.027588907722473448e-04 6.696201494835669389e-05
2.507701799999999981e+00 2.010004397500787245e-04 6.586469709790369832e-05
2.520240300000000211e+00 1.992515017357867138e-04 6.478630562707932150e-05
2.532841499999999968e+00 1.975127870804604610e-04 6.372342572556413546e-05
2.545505700000000093e+00 1.957843138035124256e-04 6.267589818402328334e-05
2.558233299999999932e+00 1.945568931061154015e-04 6.164356275481424415e-05
2.571024400000000210e+00 1.928440787228898187e-04 6.061995127699300605e-05
2.583879599999999943e+00 1.911402805640999368e-04 5.961442350664676641e-05
2.596798999999999857e+00 1.894462161190371241e-04 5.862678308328062428e-05
2.609782899999999906e+00 1.877622291558647574e-04 5.765371924728114378e-05
2.622831899999999994e+00 1.860882939052064036e-04 5.669817023222135000e-05
2.635946000000000122e+00 1.844247786742132518e-04 5.575686622951535597e-05
2.649125699999999917e+00 1.827719664648915984e-04 5.483271989638761873e-05
2.662371400000000055e+00 1.811295351729703723e-04 5.392248671856887356e-05
2.675683199999999928e+00 1.794981154230654416e-04 5.302906018509353202e-05
2.689061699999999888e+00 1.778776502504677876e-04 5.214922530467405850e-05
2.702507000000000215e+00 1.762684434902879102e-04 5.128584809162982952e-05
2.716019499999999809e+00 1.746701632779130335e-04 5.043575073575235976e-05
2.729599599999999793e+00 1.730833549135622263e-04 4.960176633121922733e-05
2.743247600000000119e+00 1.715079816004646174e-04 4.878075190453691446e-05
2.756963799999999853e+00 1.699440058926333572e-04 4.797257027800776007e-05
2.770748600000000117e+00 1.683916576120915659e-04 4.717415312071993982e-05
2.784602399999999811e+00 1.668506009668762962e-04 4.638540776460852751e-05
2.798525399999999941e+00 1.653210840762108489e-04 4.560914718407587060e-05
2.812517999999999851e+00 1.638027759707400574e-04 4.484812398082866361e-05
2.826580600000000221e+00 1.622958949056563238e-04 4.409928910834165630e-05
2.840713500000000113e+00 1.608006598273644099e-04 4.336537077294758439e-05
2.854917100000000207e+00 1.593172675080096058e-04 4.264335147132139193e-05
2.869191700000000012e+00 1.578453932747923339e-04 4.193027341158264693e-05
2.883537599999999923e+00 1.563852398660164412e-04 4.123450015191821834e-05
2.897955300000000012e+00 1.549369781062221233e-04 4.054741312406379735e-05
2.912445099999999787e+00 1.535005373820101378e-04 3.987171807388188201e-05
2.927007300000000090e+00 1.520765999779148561e-04 3.921006589775755271e-05
2.941642400000000102e+00 1.506645555197886504e-04 3.855952997868001582e-05
2.956350599999999940e+00 1.492653212967641116e-04 3.791724415479854113e-05
2.971132299999999837e+00 1.478787809920124310e-04 3.728859422385339057e-05
2.985987999999999865e+00 1.465055332236334410e-04 3.667069859040407074e-05
3.000917900000000138e+00 1.451466562625187702e-04 3.606073500708991742e-05
3.015922499999999840e+00 1.438012619682214085e-04 3.542631627421173146e-05
3.031002099999999810e+00 1.424617252332021906e-04 3.480267583017180401e-05
3.046157099999999840e+00 1.411292835391081640e-04 3.419236083552581361e-05
3.061387900000000162e+00 1.398044376192642230e-04 3.358990931133484700e-05
3.076694900000000121e+00 1.384883495731961613e-04 3.300052310854970468e-05
3.092078299999999835e+00 1.371808033969350901e-04 3.242142360132869674e-05
3.107538700000000098e+00 1.358826684137755660e-04 3.185510758556789497e-05
3.123076399999999975e+00 1.345937023704563010e-04 3.129622408908900699e-05
3.138691800000000143e+00 1.333140988673433126e-04 3.074728717182587882e-05
3.154385299999999948e+00 1.320442584068360205e-04 3.021076004565294073e-05
3.170157199999999786e+00 1.307843582730924001e-04 2.968137247771339583e-05
3.186008000000000173e+00 1.295341267763357640e-04 2.916415023347246270e-05
3.201938000000000173e+00 1.282937365734317505e-04 2.865387626271195223e-05
3.217947699999999855e+00 1.270635432476973823e-04 2.815552737646290121e-05
3.234037400000000062e+00 1.260558413404453629e-04 2.765891757126438683e-05
3.250207599999999974e+00 1.248443611431165369e-04 2.716905011836371695e-05
3.266458699999999826e+00 1.236422913035509219e-04 2.668834370989206967e-05
3.282791000000000015e+00 1.224495942329697216e-04 2.621669543684869655e-05
3.299204899999999885e+00 1.212662244396590244e-04 2.575400247789060498e-05
3.315700899999999951e+00 1.200925202137200030e-04 2.530016218268958547e-05
3.332279400000000003e+00 1.189280372768024508e-04 2.485263686886546034e-05
3.348940799999999829e+00 1.177733053597722433e-04 2.441621220744843621e-05
3.365685599999999944e+00 1.166280651214366267e-04 2.398520307885752755e-05
3.382514000000000021e+00 1.154924617146333484e-04 2.356292035996299431e-05
3.399426500000000129e+00 1.143664259032262022e-04 2.314806788414382481e-05
3.416423700000000174e+00 1.132500666580703275e-04 2.274103729834713446e-05
3.433505799999999830e+00 1.121431480199195502e-04 2.234126827337263465e-05
3.450673300000000054e+00 1.110457826409476059e-04 2.194867929430723672e-05
3.467926700000000029e+00 1.099580766047943597e-04 2.156342376976705971e-05
3.485266300000000150e+00 1.088797880869471946e-04 2.118495348989141470e-05
3.502692699999999881e+00 1.078110143512113017e-04 2.081342388500314990e-05
3.520206099999999783e+00 1.067516974987144340e-04 2.044852753080607773e-05
3.537807200000000041e+00 1.057831735639571926e-04 2.008995934056635781e-05
3.555496199999999885e+00 1.047425792965593925e-04 1.973468183035980908e-05
3.573273700000000108e+00 1.037108702735401437e-04 1.938585049241508569e-05
3.591140000000000221e+00 1.026881609278589328e-04 1.904339379267850981e-05
3.609095700000000129e+00 1.016743769417146199e-04 1.870723922891133779e-05
3.627141200000000065e+00 1.006694560437153995e-04 1.837709216891723351e-05
3.645276899999999820e+00 9.967333622370822346e-05 1.805288581261549498e-05
3.663503299999999907e+00 9.868611053930875505e-05 1.773455346059030547e-05
3.681820800000000116e+00 9.770787157421077112e-05 1.742225005357895805e-05
3.700229900000000072e+00 9.673822963867623301e-05 1.711524847121129259e-05
3.718731099999999845e+00 9.577743014961562153e-05 1.681414546361731247e-05
3.737324699999999833e+00 9.482525508701765827e-05 1.651822256110580932e-05
3.756011399999999778e+00 9.388177746500714588e-05 1.622785402270197216e-05
3.774791399999999797e+00 9.294693920416702195e-05 1.594254777674841366e-05
3.793665400000000076e+00 9.202065778124421717e-05 1.566267488523360177e-05
3.812633700000000125e+00 9.110287106554534626e-05 1.538753521764742350e-05
3.831696899999999850e+00 9.019364934615354331e-05 1.511750026059635120e-05
3.850855399999999928e+00 8.929277735271118409e-05 1.485251262464181946e-05
3.870109600000000150e+00 8.840018958250051679e-05 1.459209579218198545e-05
3.889460199999999812e+00 8.751594952980536028e-05 1.433640729389239385e-05
3.908907500000000201e+00 8.663999324485708404e-05 1.408539474459124197e-05
3.928452000000000055e+00 8.577224821679583632e-05 1.383879877875089553e-05
3.948094300000000167e+00 8.494394911840563017e-05 1.359595294526824922e-05
3.967834700000000048e+00 8.409237428327835510e-05 1.335722778911937542e-05
3.987673899999999882e+00 8.324852040218885720e-05 1.312257742879941382e-05
4.055024000000000406e+00 8.097213618392010799e-05 1.236576311203960754e-05
4.334820999999999813e+00 7.062303813178409835e-05 9.768197925643580626e-06
4.633924000000000376e+00 6.154372594518115532e-05 7.728149526549366982e-06
4.953663999999999845e+00 5.358711056407829929e-05 6.123856254441977407e-06
5.295467000000000368e+00 4.661564880367376369e-05 4.859919530908358298e-06
5.660854999999999748e+00 4.049737234369794300e-05 3.845805114379473522e-06
6.051453000000000415e+00 3.509966270761901666e-05 3.040714863253916529e-06
6.469003999999999976e+00 3.030397164420924503e-05 2.408761748182562989e-06
6.915365000000000428e+00 2.594179377892950647e-05 1.912180768979700959e-06
7.363719999999999821e+00 2.166376007065906977e-05 1.535405312658590930e-06
7.392525000000000013e+00 2.131255844832089666e-05 1.514703939912738007e-06
7.476429999999999687e+00 1.985400708850139636e-05 1.456216744703398070e-06
7.506485999999999770e+00 1.835023760731898141e-05 1.436107186778730880e-06
7.551569999999999894e+00 1.945909615322446933e-05 3.997652697425017948e-06
7.664279999999999760e+00 2.000633945408545076e-05 3.760026689375962072e-06
7.902608999999999995e+00 1.937991599056165519e-05 3.314539764574016888e-06
8.086567999999999756e+00 1.851297635956908918e-05 3.040419966373387310e-06
8.210342000000000695e+00 1.760446035895612163e-05 2.875311432446290003e-06
8.243349000000000260e+00 1.693398412848232852e-05 2.833557825438285414e-06
8.292858000000000729e+00 1.732033071275207846e-05 3.847986691376749610e-06
8.416631999999999891e+00 1.734964395352090786e-05 3.636844575607957977e-06
8.447889999999999233e+00 1.728828093526898644e-05 3.585901597129664245e-06
8.533839999999999648e+00 1.706348301650283136e-05 3.450828904081710607e-06
8.664460000000000051e+00 1.653896548150369153e-05 3.258232019225491809e-06
8.699291999999999803e+00 1.619950516745883380e-05 3.211769972341895767e-06
8.751540000000000319e+00 1.631421302899288678e-05 3.630070494096012976e-06
8.882160000000000721e+00 1.618287320727065625e-05 3.448425883549104636e-06
9.030794000000000210e+00 1.587052674881824819e-05 3.254280155058587602e-06
9.653919000000000139e+00 1.434631321118663094e-05 2.572113455046302746e-06
1.032004000000000055e+01 1.279043279893970189e-05 2.019922069466968667e-06
1.103212000000000081e+01 1.132291170109452849e-05 1.580042140360004341e-06
1.179334000000000060e+01 9.980721164272197545e-06 1.237622996529970307e-06
1.260707999999999984e+01 8.776017748140612474e-06 9.710838174069753628e-07
1.347696999999999967e+01 7.703831991480669539e-06 7.627772556313294430e-07
1.440687999999999924e+01 6.754825080362015559e-06 5.998043437586825823e-07
1.540094999999999992e+01 5.924143675795628944e-06 4.714057491394727053e-07
1.646361999999999881e+01 5.186422812115893767e-06 3.700152256081359507e-07
1.759960999999999842e+01 4.542916276886481299e-06 2.900382380116482210e-07
1.881398000000000081e+01 3.973231172857772822e-06 2.270573994771832745e-07
2.011214999999999975e+01 3.473785045618864246e-06 1.779548459709756004e-07
2.149988000000000099e+01 3.036471090265058223e-06 1.396422030287445883e-07
2.298338000000000036e+01 2.653849172861381233e-06 1.097064016895615039e-07
2.456923000000000101e+01 2.319258042080535914e-06 8.629221496956504916e-08
2.626450000000000173e+01 2.026839042548891090e-06 6.796015438842126210e-08
2.807676000000000016e+01 1.771349333518944905e-06 5.319101275863947424e-08
3.001405000000000101e+01 1.547589132026575001e-06 4.158742827779699300e-08
3.208502000000000010e+01 1.351904786572478572e-06 3.256351497381070796e-08
3.429889000000000010e+01 1.180789933569359873e-06 2.548532988722935756e-08
3.666550999999999760e+01 1.031116066357368502e-06 1.994993116179134418e-08
3.919543000000000177e+01 9.001234547908629354e-07 1.559429882756634961e-08
4.189992000000000161e+01 7.853190579901042377e-07 1.218816999044724277e-08
4.479100999999999999e+01 6.844257808016327089e-07 9.536575693247671760e-09
4.788159000000000276e+01 5.949513906214071699e-07 7.475820572559433914e-09
5.095579000000000036e+01 5.163663872991273367e-07 5.967963662969936470e-09
5.118542000000000058e+01 5.100638524457008485e-07 5.872023341917626080e-09
5.173572000000000060e+01 4.915962646790674603e-07 5.650101246054921037e-09
5.194371000000000294e+01 4.765958544651436047e-07 5.569168898670373518e-09
5.225567999999999813e+01 4.819776131795074594e-07 2.698811783344824023e-08
5.303560999999999837e+01 4.776037915805828279e-07 2.562361436781318594e-08
5.471721000000000146e+01 4.552373638550516579e-07 2.296778576312250040e-08
5.849269999999999925e+01 4.035121820080923597e-07 1.809807099891322079e-08
6.252870000000000061e+01 3.553854602783989808e-07 1.424309375283077401e-08
6.684318000000000382e+01 3.122198425666334717e-07 1.120869370968975710e-08
7.145535999999999888e+01 2.739286661519486548e-07 8.815425173800886869e-09
7.638577999999999690e+01 2.401292924495378481e-07 6.935498715110188368e-09
8.165640000000000498e+01 2.103884397875648505e-07 5.452556176027772385e-09
8.729068999999999789e+01 1.842509779487140604e-07 4.277271090997271851e-09
9.331373999999999569e+01 1.613085055898884449e-07 3.358385043052334357e-09
9.975239000000000544e+01 1.411924634339810330e-07 2.639691325442092902e-09
1.066353000000000009e+02 1.236218789456528090e-07 2.074180062329783379e-09
1.139930999999999983e+02 1.081728522385596077e-07 1.628230759380772951e-09
1.218586999999999989e+02 9.464490154540693309e-08 1.280183802617141132e-09
1.302668999999999926e+02 8.280370891720098893e-08 1.008245986485021544e-09
1.392553000000000054e+02 7.244095304203833272e-08 7.957010378051271505e-10
1.488640000000000043e+02 6.337343715764846662e-08 6.293571073033208256e-10
1.591356000000000108e+02 5.544013310854649614e-08 4.990517258666100170e-10
1.701159000000000106e+02 4.849981687417357539e-08 3.968406754191357817e-10
1.818539000000000101e+02 4.242836131120664179e-08 3.165461431795370298e-10
1.944018000000000086e+02 3.711713756617291037e-08 2.533677037077943054e-10
2.078155999999999892e+02 3.247099409833431616e-08 2.035709806061379695e-10
2.221547999999999945e+02 2.840673172331234488e-08 1.642314546975909148e-10
2.374834999999999923e+02 2.485149675160810927e-08 1.334166756050181138e-10
2.538699000000000012e+02 2.174167842288896812e-08 1.089437883579728305e-10
2.713869000000000256e+02 1.902136872232553405e-08 8.937822204244324504e-11
2.901125999999999863e+02 1.664167439164851636e-08 7.369263132679984722e-11
3.101304000000000087e+02 1.455991541442946484e-08 6.106818101545025293e-11
3.315294000000000096e+02 1.273876764469488078e-08 5.086860518609114918e-11
3.544048999999999978e+02 1.114554679091210457e-08 4.259735994511910097e-11
3.788587999999999738e+02 9.751707928754879048e-09 3.585921768630511724e-11
4.050000999999999749e+02 8.532293909176583842e-09 3.034274658358976839e-11
4.329451000000000249e+02 7.465433477404436825e-09 2.580350886926586236e-11
