1.067676000000000069e+00 1.587157106268285685e-03 4.636923057762254441e-04
1.141345000000000054e+00 1.395130440422656312e-03 3.676144024915958732e-04
1.220097999999999905e+00 1.222739665315120952e-03 2.919019933620640560e-04
1.304284999999999917e+00 1.069591607114755115e-03 2.321481771715623609e-04
1.394281000000000104e+00 9.340236683655576402e-04 1.849139412198540732e-04
1.490485999999999978e+00 8.144976831698332769e-04 1.475375530797928142e-04
1.593328999999999995e+00 7.093663849594062688e-04 1.179258913629749604e-04
1.703268999999999922e+00 6.170597404374097246e-04 9.439990380795956011e-05
1.820794999999999941e+00 5.357401259814157735e-04 7.514577000827580937e-05
1.946430000000000105e+00 4.637825638743712261e-04 5.977351829517150251e-05
2.080732999999999944e+00 3.999069783325087581e-04 4.760659371752190783e-05
2.224304000000000059e+00 3.426589104907081895e-04 3.795849341293163826e-05
2.377781000000000144e+00 2.899523858695884026e-04 3.027183670301358752e-05
2.541847999999999885e+00 2.367036532155969290e-04 2.417236928448101050e-05
2.623362000000000194e+00 2.037998311969687075e-04 2.174184115254694879e-05
2.663514999999999855e+00 1.719086482010069702e-04 2.066263280459760477e-05
2.674223000000000017e+00 1.415709959628128338e-04 2.038684721675581719e-05
2.690284000000000120e+00 1.672370611943661280e-04 7.504638091904229343e-05
2.717235000000000067e+00 1.815371677368650134e-04 7.222671808196369210e-05
2.730437999999999921e+00 1.834348899332237175e-04 7.089261612938116896e-05
2.737335999999999991e+00 1.837911601899803017e-04 7.020827705908718244e-05
2.779234000000000204e+00 1.766338776898399834e-04 6.622268818006336768e-05
2.790407000000000082e+00 1.640977247833447889e-04 6.521341635845144655e-05
2.807166000000000050e+00 1.772909701922949970e-04 8.875621213930849531e-05
2.849063999999999819e+00 1.876074785800438752e-04 8.405791258363430986e-05
2.904723999999999862e+00 1.896693671020844381e-04 7.836527265186648335e-05
2.981650000000000134e+00 1.861339346360973317e-04 7.146877628567091815e-05
3.027287999999999979e+00 1.801085019186363773e-04 6.770027588419350701e-05
3.039458000000000215e+00 1.745181543671292393e-04 6.671993349270206538e-05
3.057713000000000125e+00 1.786733492169748246e-04 7.507889252155534854e-05
3.105150000000000077e+00 1.805290739365667137e-04 7.110735877788334721e-05
3.319405999999999857e+00 1.700681137537177342e-04 5.612296722230151433e-05
3.548445000000000071e+00 1.547587696500191839e-04 4.422519933665394482e-05
3.793287999999999993e+00 1.388579323299485844e-04 3.480504433892677281e-05
4.055024000000000406e+00 1.236001223585079243e-04 2.739492870766029365e-05
4.334820999999999813e+00 1.094397606470935366e-04 2.155415041357214179e-05
4.633924000000000376e+00 9.655762588060770731e-05 1.696880103191176161e-05
4.953663999999999845e+00 8.498228064567983913e-05 1.336384391021800521e-05
5.295467000000000368e+00 7.466579464629809497e-05 1.053045273079449622e-05
5.660854999999999748e+00 6.571403117357107722e-05 8.264712140705730311e-06
6.051453000000000415e+00 5.757621022201033748e-05 6.473901007854845048e-06
6.469003999999999976e+00 5.044022446788405022e-05 5.065754511713464858e-06
6.915365000000000428e+00 4.411721327239927768e-05 3.967304043372218952e-06
7.392525000000000013e+00 3.856801163207276069e-05 3.110495177463398479e-06
7.902608999999999995e+00 3.370632012257421321e-05 2.441377273630016405e-06
8.447889999999999233e+00 2.945195024033517533e-05 1.916727843840285161e-06
9.030794000000000210e+00 2.573433444885683127e-05 1.502278975830260494e-06
9.653919000000000139e+00 2.247871331177476000e-05 1.169428640824470001e-06
1.032004000000000055e+01 1.962821247585616651e-05 9.114386600103363667e-07
1.103212000000000081e+01 1.713618917041165191e-05 7.108742204300840700e-07
1.179334000000000060e+01 1.495877672372945904e-05 5.547048787628407018e-07
1.260707999999999984e+01 1.305573066479322566e-05 4.318982927781159058e-07
1.347696999999999967e+01 1.139223912326573594e-05 3.360792409544617373e-07
1.440687999999999924e+01 9.937219866907122501e-06 2.610765649088011664e-07
1.540094999999999992e+01 8.663863679655913757e-06 2.031083595093424575e-07
1.646361999999999881e+01 7.548081863513438925e-06 1.582412704418638895e-07
1.759960999999999842e+01 6.567251684243171580e-06 1.234711192113645411e-07
1.881398000000000081e+01 5.697417661831671454e-06 9.648044776563473000e-08
2.011214999999999975e+01 4.896539644290356823e-06 7.551168685000450489e-08
2.062312000000000012e+01 4.575289171287036437e-06 6.889276676336368627e-08
2.093878000000000128e+01 4.292720350428543528e-06 6.517729637302817843e-08
2.102296000000000120e+01 4.084460570192770654e-06 6.423088221796818939e-08
2.114921999999999969e+01 4.210724358671212446e-06 4.015933914409413215e-07
2.146488000000000085e+01 4.241339101483176195e-06 3.796605032720134851e-07
2.149988000000000099e+01 4.236531761225630440e-06 3.773220223837156883e-07
2.298338000000000036e+01 3.849596986841539336e-06 2.948468937162207544e-07
2.456923000000000101e+01 3.417446262240348549e-06 2.321423392574368714e-07
2.626450000000000173e+01 3.016156117670104255e-06 1.828834744312141596e-07
2.807676000000000016e+01 2.654585242829999116e-06 1.432554966693455195e-07
3.001405000000000101e+01 2.331600912538663581e-06 1.118826419029321634e-07
3.208502000000000010e+01 2.045348424667877890e-06 8.741437949324441393e-08
3.429889000000000010e+01 1.792749749955047593e-06 6.832149730152337039e-08
3.666550999999999760e+01 1.570440855059950984e-06 5.342110121407067132e-08
3.919543000000000177e+01 1.375148846374339565e-06 4.178936153833910566e-08
4.189992000000000161e+01 1.203814060648857507e-06 3.270936276723260500e-08
4.479100999999999999e+01 1.054397505169801063e-06 2.543550751099428956e-08
4.788159000000000276e+01 9.225606721873384089e-07 1.978427743113861802e-08
5.118542000000000058e+01 8.070909230564574683e-07 1.539967569629380050e-08
5.471721000000000146e+01 7.060053390900567416e-07 1.199696105422509280e-08
5.849269999999999925e+01 6.175445793235542477e-07 9.354786258799514846e-09
6.252870000000000061e+01 5.401501785667242677e-07 7.301486433862668971e-09
6.684318000000000382e+01 4.724465478188122378e-07 5.704283384563164840e-09
7.145535999999999888e+01 4.132279834564485760e-07 4.460849831268631007e-09
7.638577999999999690e+01 3.614345656878782793e-07 3.494241753925862323e-09
8.165640000000000498e+01 3.161422832998084702e-07 2.738878234037044775e-09
8.729068999999999789e+01 2.765262953641834126e-07 2.145758441292644160e-09
9.331373999999999569e+01 2.418757146817682526e-07 1.684428317624985279e-09
9.975239000000000544e+01 2.115699367851778243e-07 1.324897705617571864e-09
1.066353000000000009e+02 1.850647353974178414e-07 1.045620903583093122e-09
1.139930999999999983e+02 1.618838800413422591e-07 8.283101929545660276e-10
1.218586999999999989e+02 1.416096092796789434e-07 6.588950823505174343e-10
1.302668999999999926e+02 1.238778726299983617e-07 5.265742609616436040e-10
1.392553000000000054e+02 1.083691196578669757e-07 4.229462952851053346e-10
1.488640000000000043e+02 9.480380831279829382e-08 3.415917659762634367e-10
1.591356000000000108e+02 8.293858841876620707e-08 2.775122114850777072e-10
1.701159000000000106e+02 7.255990998759889535e-08 2.268581195550072611e-10
1.818539000000000101e+02 6.348126534286511278e-08 1.866655758846915062e-10
1.944018000000000086e+02 5.553957561128077494e-08 1.546327737157812314e-10
2.078155999999999892e+02 4.859226972379758014e-08 1.289766820533373693e-10
2.221547999999999945e+02 4.251473471469428819e-08 1.083174205760929918e-10
2.374834999999999923e+02 3.719781529453976322e-08 9.158414860539726876e-11
2.538699000000000012e+02 3.254628123415738714e-08 7.794523389073284165e-11
2.713869000000000256e+02 2.847682474410684144e-08 6.675994030625420129e-11
2.901125999999999863e+02 2.491648090119979802e-08 5.752297326321141316e-11
3.101304000000000087e+02 2.180152192593222510e-08 4.983321992153040459e-11
3.315294000000000096e+02 1.907616328150239755e-08 4.339617999133680676e-11
3.544048999999999978e+02 1.669161467761587996e-08 3.796668221189363905e-11
3.788587999999999738e+02 1.460530836169076920e-08 3.335378586734696560e-11
4.050000999999999749e+02 1.277982621003758541e-08 2.940792368419543352e-11
4.329451000000000249e+02 1.118258729732750757e-08 2.601069655852794682e-11
