1.000969999999999915e+00 7.902998423469104888e-04 5.000067580852520129e-04
1.004993999999999943e+00 7.748519652554380910e-04 4.933931210743017996e-04
1.011030000000000095e+00 7.805881316277045326e-04 5.060722586993956617e-04
1.026119999999999921e+00 7.754718345273430794e-04 4.820190027297409472e-04
1.067676000000000069e+00 7.407123417608873096e-04 4.230444384860137445e-04
1.141345000000000054e+00 6.726062999507775040e-04 3.398585613998165653e-04
1.220097999999999905e+00 6.041795457914064717e-04 2.730795231164835266e-04
1.304284999999999917e+00 5.392183847388428352e-04 2.194998312244588726e-04
1.394281000000000104e+00 4.792161923601788659e-04 1.763193166958536545e-04
1.490485999999999978e+00 4.242833729419606963e-04 1.411762238231383730e-04
1.593328999999999995e+00 3.743312099093574108e-04 1.128713389769589128e-04
1.703268999999999922e+00 3.293811408083506119e-04 9.026659139331770542e-05
1.820794999999999941e+00 2.893325795606080560e-04 7.222636211314365201e-05
1.946430000000000105e+00 2.537014529191001762e-04 5.782844205478205750e-05
2.080732999999999944e+00 2.222880481063937703e-04 4.631469488193903526e-05
2.224304000000000059e+00 1.944851448471535777e-04 3.706881145585051642e-05
2.377781000000000144e+00 1.699952076058819633e-04 2.957839424127582884e-05
2.541847999999999885e+00 1.483767967553808326e-04 2.353068368531294975e-05
2.717235000000000067e+00 1.293058491992288360e-04 1.875123689607312535e-05
2.904723999999999862e+00 1.125512888478070691e-04 1.496856359236979616e-05
3.105150000000000077e+00 9.800228155474086751e-05 1.184787831542304881e-05
3.319405999999999857e+00 8.499090950085094525e-05 9.297674734077361188e-06
3.548445000000000071e+00 7.335633434059871149e-05 7.273648312712901929e-06
3.793287999999999993e+00 6.284173225641442970e-05 5.689146860240495977e-06
4.055024000000000406e+00 5.290616260817470560e-05 4.458668267996505842e-06
4.254571999999999576e+00 4.466713882726141806e-05 3.745479200556961759e-06
4.319693000000000005e+00 3.963284682631271574e-05 3.545438380556812634e-06
4.334820999999999813e+00 3.622351019421131613e-05 3.501018644030884830e-06
4.337058999999999997e+00 3.509521953794756972e-05 3.494535101659714066e-06
4.363107000000000291e+00 3.877511640327193683e-05 1.150241070374709804e-05
4.428227999999999831e+00 4.097626098432955436e-05 1.079995723014531698e-05
4.519759999999999778e+00 4.038514004290881553e-05 9.901121020992562918e-06
4.588940000000000019e+00 3.836828015999573682e-05 9.305145538184658139e-06
4.607388000000000261e+00 3.638309767828337666e-05 9.160759139818432597e-06
4.633924000000000376e+00 3.794727411940914557e-05 1.252036473073112176e-05
4.635060000000000180e+00 3.799604455688597226e-05 1.250801315803567874e-05
4.704240000000000421e+00 3.887077992462135815e-05 1.178835051948596593e-05
4.840416000000000274e+00 3.798235679003251260e-05 1.053287159826663420e-05
4.914503999999999984e+00 3.674725926661340594e-05 9.946458778934107666e-06
4.934261000000000230e+00 3.580698750813095422e-05 9.798379163255570146e-06
4.953663999999999845e+00 3.615071923567402706e-05 1.117009753141612658e-05
4.963896000000000086e+00 3.632325757743677398e-05 1.108775876914598507e-05
5.037983999999999796e+00 3.631461069863518073e-05 1.051756334999278342e-05
5.295467000000000368e+00 3.433094146983346751e-05 8.833919279659561242e-06
5.660854999999999748e+00 3.103598731547287782e-05 7.023701624531587868e-06
6.051453000000000415e+00 2.774498754271960386e-05 5.557853765094300675e-06
6.469003999999999976e+00 2.463337992510990617e-05 4.382337263438969448e-06
6.915365000000000428e+00 2.177059047846243421e-05 3.448745289244097927e-06
7.392525000000000013e+00 1.918006379989322085e-05 2.713368015206432785e-06
7.902608999999999995e+00 1.686135040820117343e-05 2.135790864592777638e-06
8.447889999999999233e+00 1.480150166923566796e-05 1.682807080309819097e-06
9.030794000000000210e+00 1.300263754918657041e-05 1.323303634353627307e-06
9.653919000000000139e+00 1.139973210950785618e-05 1.031786608748194506e-06
1.032004000000000055e+01 9.983350136954991910e-06 8.034204395950996546e-07
1.103212000000000081e+01 8.730357938434701520e-06 6.256430246026185136e-07
1.179334000000000060e+01 7.630912530584376920e-06 4.876592463441473475e-07
1.260707999999999984e+01 6.667802937294288777e-06 3.805373912399020219e-07
1.347696999999999967e+01 5.825051599598763999e-06 2.972988627623115437e-07
1.440687999999999924e+01 5.088110640019945181e-06 2.325470889928696532e-07
1.540094999999999992e+01 4.444013271839948895e-06 1.821117393152757373e-07
1.646361999999999881e+01 3.881163582008594450e-06 1.426804258912184583e-07
1.759960999999999842e+01 3.389366748167055839e-06 1.118905218375060918e-07
1.881398000000000081e+01 2.959687003870032627e-06 8.785586861941008804e-08
2.011214999999999975e+01 2.584169531486695262e-06 6.885380065720921569e-08
2.149988000000000099e+01 2.255832375941737461e-06 5.395148225469522294e-08
2.298338000000000036e+01 1.968545737740605881e-06 4.214360674519472875e-08
2.456923000000000101e+01 1.716914168202372230e-06 3.296624654526932483e-08
2.626450000000000173e+01 1.496073907548571849e-06 2.582777869656939612e-08
2.807676000000000016e+01 1.301310408761485791e-06 2.008449804783634747e-08
3.001405000000000101e+01 1.125561144104573148e-06 1.560007413154419801e-08
3.117752000000000123e+01 1.024726809394560292e-06 1.351876707128696815e-08
3.165473000000000070e+01 9.688708128066959152e-07 1.276951190682695266e-08
3.178199000000000041e+01 9.311332409663507208e-07 1.257893717742087881e-08
3.197287000000000035e+01 9.500643492145147717e-07 7.067245813589322091e-08
3.208502000000000010e+01 9.536952370592406940e-07 6.978364837339465391e-08
3.245007999999999981e+01 9.486804670492527379e-07 6.698693581671477142e-08
3.429889000000000010e+01 8.731027567566352565e-07 5.482240843509046799e-08
3.666550999999999760e+01 7.739449331873225618e-07 4.305588533232163580e-08
3.919543000000000177e+01 6.821435033878797269e-07 3.381412164058832986e-08
4.189992000000000161e+01 5.996967652485989499e-07 2.654397101502940190e-08
4.479100999999999999e+01 5.263905015093891054e-07 2.078095821210330260e-08
4.788159000000000276e+01 4.615729585456928300e-07 1.626879450621450931e-08
5.118542000000000058e+01 4.044581024592015023e-07 1.273769365745939111e-08
5.471721000000000146e+01 3.542400804233929656e-07 9.975248917087152550e-09
5.849269999999999925e+01 3.101508292134979341e-07 7.814578816273662422e-09
6.252870000000000061e+01 2.714835810770062664e-07 6.125334691096663222e-09
6.684318000000000382e+01 2.377355323943664718e-07 4.790712564137604286e-09
7.145535999999999888e+01 2.080198110265010489e-07 3.746345459227331452e-09
7.638577999999999690e+01 1.819989481837205833e-07 2.932554591590955501e-09
8.165640000000000498e+01 1.592250793925008734e-07 2.294927466642437244e-09
8.729068999999999789e+01 1.392911055932367929e-07 1.792601676905626548e-09
9.331373999999999569e+01 1.218459922002409069e-07 1.402408603607003456e-09
9.975239000000000544e+01 1.065830580524850938e-07 1.099114670455662637e-09
1.066353000000000009e+02 9.323112929460570975e-08 8.631401840172168670e-10
1.139930999999999983e+02 8.155201715106265838e-08 6.794171153037285071e-10
1.218586999999999989e+02 7.133635464941045751e-08 5.361931062599083250e-10
1.302668999999999926e+02 6.240143570211686667e-08 4.244306742399189962e-10
1.392553000000000054e+02 5.458631509244094174e-08 3.370666236296730187e-10
1.488640000000000043e+02 4.775079926597827228e-08 2.686843053886426361e-10
1.591356000000000108e+02 4.177218537093073713e-08 2.150412523833718349e-10
1.701159000000000106e+02 3.654276430582174450e-08 1.728729634129565610e-10
1.818539000000000101e+02 3.196872003617836868e-08 1.396497465075828386e-10
1.944018000000000086e+02 2.796769416072663696e-08 1.134005224961246768e-10
2.078155999999999892e+02 2.446790625294569126e-08 9.259340711563232347e-11
2.221547999999999945e+02 2.140646939363077279e-08 7.604743008071728060e-11
2.374834999999999923e+02 1.872838777580477374e-08 6.283305704782860885e-11
2.538699000000000012e+02 1.638563072247401915e-08 5.224254817333433646e-11
2.713869000000000256e+02 1.433615849439440811e-08 4.370870345924176235e-11
2.901125999999999863e+02 1.254319468679569710e-08 3.680253458026835059e-11
3.101304000000000087e+02 1.097463587388654871e-08 3.117859164722156058e-11
3.315294000000000096e+02 9.602341595833278096e-09 2.657601466255637413e-11
3.544048999999999978e+02 8.401740384823912212e-09 2.278284335760959251e-11
3.788587999999999738e+02 7.351337819746478839e-09 1.963956736821628795e-11
4.050000999999999749e+02 6.432317768191697326e-09 1.701658709414326141e-11
4.329451000000000249e+02 5.628243462907674375e-09 1.481508429573741832e-11
