1.067676000000000069e+00 1.094944262591529723e-03 6.121060576026284613e-04
1.141345000000000054e+00 9.916375098009578160e-04 5.055814578555719880e-04
1.144835999999999965e+00 9.868113612200226249e-04 5.011055498879530504e-04
1.162358999999999920e+00 9.613312757200461346e-04 4.791509446974330923e-04
1.167032000000000069e+00 9.519433897230669857e-04 4.735131588984574933e-04
1.174040999999999890e+00 9.467500744850494221e-04 4.719448411260881797e-04
1.191564000000000068e+00 9.280207545345584182e-04 4.518096989229628099e-04
1.220097999999999905e+00 8.953004145196635181e-04 4.211098879110507513e-04
1.302910000000000013e+00 8.029733254605248612e-04 3.457214254047996085e-04
1.304284999999999917e+00 8.014670216341606519e-04 3.446312154861743966e-04
1.322851999999999917e+00 7.802106406272694798e-04 3.302998807035773302e-04
1.328170000000000073e+00 7.717750010147255649e-04 3.263438705509334671e-04
1.336146999999999974e+00 7.674231273846926797e-04 3.267800472826054960e-04
1.356090000000000018e+00 7.512271003394346055e-04 3.122020625943371336e-04
1.394281000000000104e+00 7.179841931487007710e-04 2.860735914323336328e-04
1.490485999999999978e+00 6.389829970191776825e-04 2.313161834636782424e-04
1.593328999999999995e+00 5.654567716615464985e-04 1.874129983511657626e-04
1.703268999999999922e+00 4.985778221070041568e-04 1.519411160490441275e-04
1.820794999999999941e+00 4.382514817052352864e-04 1.232346519887662863e-04
1.946430000000000105e+00 3.842150624618798863e-04 1.001037255370895550e-04
2.080732999999999944e+00 3.360774217887009183e-04 8.147595997174918907e-05
2.224304000000000059e+00 2.933040812877222496e-04 6.645501452685976325e-05
2.377781000000000144e+00 2.553156153800817895e-04 5.430568296296882846e-05
2.541847999999999885e+00 2.214531772530780283e-04 4.443972101134677021e-05
2.717235000000000067e+00 1.910945992991343767e-04 3.641982119364646058e-05
2.904723999999999862e+00 1.633272101789039340e-04 2.968007640053415058e-05
3.105150000000000077e+00 1.362538783751558388e-04 2.379322318471533852e-05
3.265359999999999818e+00 1.108146346814047354e-04 1.996138087705931686e-05
3.315339999999999954e+00 9.490939161150793333e-05 1.893622375614712819e-05
3.319405999999999857e+00 9.225914896086034195e-05 1.885599549164769414e-05
3.328667999999999960e+00 8.059262559250134897e-05 1.867486813874976896e-05
3.348660000000000192e+00 9.147697340585811822e-05 4.373166069946854976e-05
3.398639999999999883e+00 9.755321915460312169e-05 4.236508432361702316e-05
3.420983999999999803e+00 9.715097453005576368e-05 4.177456334068620957e-05
3.473345999999999822e+00 9.047574769218856214e-05 4.045351030460670426e-05
3.487309000000000214e+00 8.128202090494060549e-05 4.011278676438196077e-05
3.508253999999999984e+00 9.120544532011939454e-05 5.775673587737271660e-05
3.548445000000000071e+00 9.841838902200901549e-05 5.538489793794306636e-05
3.560616000000000003e+00 9.943890348096974519e-05 5.468009674030958184e-05
3.793287999999999993e+00 1.003744210590579525e-04 4.311870414820247009e-05
3.965177999999999869e+00 9.422878966643035564e-05 3.649544074445869969e-05
4.025870000000000282e+00 9.001323359569246541e-05 3.445709272419584021e-05
4.042054000000000258e+00 8.662308176594983285e-05 3.393358577734792832e-05
4.055024000000000406e+00 8.765235005844489841e-05 3.926518288151877782e-05
4.066330999999999918e+00 8.884500691188090577e-05 3.886643977289231376e-05
4.127022000000000190e+00 8.958829420687885374e-05 3.681801875609410236e-05
4.334820999999999813e+00 8.520374892908465963e-05 3.080025674064831636e-05
4.633924000000000376e+00 7.685828114809777859e-05 2.429756788639019999e-05
4.733792000000000222e+00 7.392767084951530089e-05 2.251520893785640678e-05
4.806248000000000076e+00 7.147243986860301766e-05 2.132891036169749080e-05
4.825569999999999915e+00 7.029753620347418096e-05 2.102653691108024361e-05
4.854551999999999978e+00 7.024372389525366145e-05 2.191304032491367436e-05
4.927007999999999832e+00 6.902459673034233979e-05 2.081481178661301250e-05
4.953663999999999845e+00 6.846562815934699626e-05 2.042922618115163160e-05
5.078654000000000224e+00 6.566499509403615645e-05 1.874200089399046277e-05
5.156388999999999889e+00 6.370903298120642565e-05 1.778336781752965764e-05
5.177118000000000109e+00 6.289518413843277320e-05 1.753869004926207211e-05
5.208211999999999620e+00 6.264537980086002679e-05 1.793023905829797083e-05
5.285946000000000033e+00 6.140824720178144356e-05 1.705071961997190952e-05
5.295467000000000368e+00 6.123891481850072280e-05 1.694638235890205094e-05
5.660854999999999748e+00 5.470754417351725182e-05 1.350074194629272493e-05
6.051453000000000415e+00 4.848694279076561900e-05 1.075970232167519869e-05
6.469003999999999976e+00 4.281462726494495569e-05 8.576433741193036328e-06
6.915365000000000428e+00 3.777212016425337496e-05 6.819979270519580498e-06
7.392525000000000013e+00 3.322691752568250975e-05 5.414282785353941721e-06
7.902608999999999995e+00 2.914740094471447552e-05 4.305812398970403089e-06
8.447889999999999233e+00 2.557155893655326350e-05 3.427332431636451030e-06
9.030794000000000210e+00 2.241409039296661973e-05 2.722420486734165342e-06
9.653919000000000139e+00 1.959859154914250949e-05 2.140623158208993343e-06
1.032004000000000055e+01 1.712575610077679612e-05 1.683215490462850042e-06
1.103212000000000081e+01 1.494643375415786322e-05 1.324907777013467989e-06
1.179334000000000060e+01 1.302985165055253327e-05 1.044798875311447854e-06
1.260707999999999984e+01 1.134714215347738616e-05 8.255468253131137768e-07
1.347696999999999967e+01 9.866915796266659150e-06 6.530639764518458309e-07
1.440687999999999924e+01 8.556283145329728629e-06 5.173402400992835601e-07
1.540094999999999992e+01 7.365397143498544260e-06 4.094437128807904504e-07
1.597428999999999988e+01 6.694502765943734248e-06 3.603072716541636265e-07
1.621880000000000166e+01 6.291984780497235782e-06 3.417437117827026511e-07
1.628399999999999892e+01 6.005654271466061856e-06 3.370081478978760203e-07
1.638179999999999836e+01 6.166756711215300707e-06 7.867548435245201954e-07
1.646361999999999881e+01 6.208251582367097558e-06 7.729585196299946597e-07
1.662631000000000014e+01 6.187396853350190270e-06 7.464406896429977090e-07
1.759960999999999842e+01 5.687286659226752147e-06 6.089333036696237010e-07
1.881398000000000081e+01 4.999601546137508022e-06 4.768516121121679768e-07
1.929934000000000083e+01 4.722015897810919935e-06 4.342287099453134058e-07
1.959472999999999843e+01 4.513825611446330175e-06 4.106395116067603019e-07
1.967351000000000028e+01 4.395702302536316056e-06 4.046296652734990969e-07
1.979166999999999987e+01 4.424382755487091972e-06 5.553247155607811040e-07
2.006266000000000105e+01 4.368766366002583202e-06 5.288881295225152052e-07
2.008706000000000103e+01 4.360628879151784554e-06 5.265906047194205249e-07
2.011214999999999975e+01 4.351976109517238609e-06 5.242404899662547552e-07
2.036974000000000018e+01 4.243351033579762326e-06 5.008593006586742089e-07
2.045163000000000153e+01 4.178997044288707795e-06 4.937118108080551311e-07
2.057445999999999842e+01 4.176462732763601547e-06 5.567793533451618718e-07
2.088154000000000110e+01 4.107028986428395097e-06 5.289775858520085681e-07
2.149988000000000099e+01 3.923172770771537840e-06 4.779195987484060769e-07
2.298338000000000036e+01 3.487376720583621474e-06 3.781011777309743049e-07
2.456923000000000101e+01 3.079601815942607950e-06 2.990536995732604032e-07
2.626450000000000173e+01 2.711343264037192806e-06 2.366829383405776703e-07
2.807676000000000016e+01 2.383059990289520542e-06 1.862364855371813468e-07
3.001405000000000101e+01 2.090766125080627160e-06 1.463777572108722743e-07
3.208502000000000010e+01 1.832520842359097961e-06 1.151771631728159056e-07
3.429889000000000010e+01 1.606079844775655713e-06 9.053122289504219546e-08
3.666550999999999760e+01 1.405933550406029376e-06 7.120334272682634816e-08
3.919543000000000177e+01 1.230298092474061854e-06 5.607558694551499216e-08
4.189992000000000161e+01 1.077066176979707259e-06 4.406974311758055203e-08
4.479100999999999999e+01 9.420188202790163802e-07 3.459659879782259579e-08
4.788159000000000276e+01 8.237422800577918952e-07 2.719220028648060529e-08
5.118542000000000058e+01 7.202262569975111650e-07 2.139765321600857799e-08
5.471721000000000146e+01 6.296630417050415931e-07 1.685915514437907409e-08
5.849269999999999925e+01 5.504526201317196952e-07 1.330051098716005825e-08
6.252870000000000061e+01 4.811799898400662977e-07 1.050707971718981069e-08
6.684318000000000382e+01 4.206026555414842248e-07 8.311569276226738471e-09
7.145535999999999888e+01 3.676277718358209620e-07 6.582524535838258391e-09
7.638577999999999690e+01 3.212916268973701128e-07 5.214187663506416633e-09
8.165640000000000498e+01 2.807597908986389192e-07 4.127954860236573797e-09
8.729068999999999789e+01 2.452610166352106471e-07 3.255835389682531531e-09
9.331373999999999569e+01 2.141192416760235470e-07 2.566439876882050177e-09
9.975239000000000544e+01 1.866838144660188858e-07 2.026422297240136730e-09
1.066353000000000009e+02 1.619084202837218760e-07 1.603989803267582104e-09
1.074578999999999951e+02 1.590418437209762222e-07 1.561739636620001542e-09
1.091025999999999954e+02 1.525546619652576169e-07 1.481485108235811060e-09
1.095413000000000068e+02 1.492855758119892861e-07 1.460903904723773700e-09
1.101992000000000047e+02 1.496175567719558784e-07 5.415488248929127989e-09
1.118439000000000050e+02 1.470392538758368471e-07 5.144703232463501797e-09
1.139930999999999983e+02 1.424176353990793593e-07 4.816414571141791527e-09
1.218586999999999989e+02 1.257750063634249867e-07 3.821108518522629241e-09
1.302668999999999926e+02 1.105349648287280940e-07 3.030285498411766591e-09
1.392553000000000054e+02 9.697584335775076488e-08 2.403055594816564525e-09
1.488640000000000043e+02 8.500402417118629078e-08 1.906903969288261753e-09
1.591356000000000108e+02 7.447010516324777470e-08 1.513973346494307573e-09
1.701159000000000106e+02 6.521707064578283913e-08 1.202433667398841605e-09
1.818539000000000101e+02 5.709879157632472804e-08 9.562882818318961079e-10
1.944018000000000086e+02 4.998183081668414311e-08 7.616111106842808207e-10
2.078155999999999892e+02 4.374599002400740542e-08 6.075780713012937285e-10
2.221547999999999945e+02 3.828438143202471403e-08 4.856325027986427434e-10
2.374834999999999923e+02 3.350212932129215937e-08 3.891469337852803492e-10
2.538699000000000012e+02 2.931587857084054365e-08 3.126379600432656602e-10
2.713869000000000256e+02 2.565179393657989454e-08 2.518027515417832330e-10
2.901125999999999863e+02 2.244511812606022568e-08 2.033595687361722035e-10
3.101304000000000087e+02 1.963892845410302682e-08 1.647253060475017004e-10
3.315294000000000096e+02 1.718337465679841239e-08 1.338628709043563370e-10
3.544048999999999978e+02 1.503475348512007739e-08 1.091548273014753773e-10
3.788587999999999738e+02 1.315476853331701527e-08 8.933649385774932741e-11
4.050000999999999749e+02 1.150984410916678918e-08 7.340320361575185918e-11
4.329451000000000249e+02 1.007062099489757074e-08 6.055707195948968103e-11
