1.067676000000000069e+00 7.475762811532504337e-04 1.996588350396602128e-04
1.141345000000000054e+00 6.578275908766568906e-04 1.571370479333839974e-04
1.220097999999999905e+00 5.774673121297752790e-04 1.236267068610649592e-04
1.304284999999999917e+00 5.060507511225816350e-04 9.726659821398803000e-05
1.394281000000000104e+00 4.429165230136377827e-04 7.654434950341164920e-05
1.490485999999999978e+00 3.872993843927714308e-04 6.025578993408739866e-05
1.593328999999999995e+00 3.384364049993009247e-04 4.745470631054326583e-05
1.703268999999999922e+00 2.956300166519709944e-04 3.739367253020720294e-05
1.820794999999999941e+00 2.581444011009313049e-04 2.948173625556568423e-05
1.946430000000000105e+00 2.253246969190906060e-04 2.309816306004875821e-05
2.080732999999999944e+00 1.965746173803723082e-04 1.810709373197709999e-05
2.224304000000000059e+00 1.714465244590980151e-04 1.421325887999293051e-05
2.377781000000000144e+00 1.494969093547233508e-04 1.112812847569517463e-05
2.541847999999999885e+00 1.303149252006491115e-04 8.713172850229195519e-06
2.717235000000000067e+00 1.135647935499358986e-04 6.829510215903858588e-06
2.904723999999999862e+00 9.894446402932592990e-05 5.358580340762712591e-06
3.105150000000000077e+00 8.618426832476003491e-05 4.168958450248430600e-06
3.319405999999999857e+00 7.499583732298630630e-05 3.217862431265383807e-06
3.548445000000000071e+00 6.518435646618669194e-05 2.487050163358072202e-06
3.793287999999999993e+00 5.656738286734662755e-05 1.924557117615990252e-06
4.055024000000000406e+00 4.896205621457507841e-05 1.491147060770949521e-06
4.334820999999999813e+00 4.216285289726134152e-05 1.156921866542278545e-06
4.633924000000000376e+00 3.581492285831727783e-05 8.987307239739191482e-07
4.867072000000000287e+00 3.046984319238939717e-05 7.470151031474426535e-07
4.941568000000000183e+00 2.716353537231043931e-05 7.055685282168630314e-07
4.953663999999999845e+00 2.584690943883280063e-05 6.991254955212234752e-07
4.961433999999999678e+00 2.408072386585573130e-05 6.950241916992948321e-07
4.991232000000000113e+00 2.668082207864120250e-05 6.262144269544477130e-06
5.065728000000000009e+00 2.843933767751861705e-05 5.914950505577519387e-06
5.295467000000000368e+00 2.807685575289244076e-05 4.999734694405123608e-06
5.660854999999999748e+00 2.565559284135347979e-05 3.927044314829097313e-06
6.051453000000000415e+00 2.297572374860711283e-05 3.097762414855272502e-06
6.469003999999999976e+00 2.041286313528182188e-05 2.446141901964723119e-06
6.915365000000000428e+00 1.805074768181789532e-05 1.919173308213337035e-06
7.392525000000000013e+00 1.590943803632813972e-05 1.504029234139355001e-06
7.902608999999999995e+00 1.399154211504477690e-05 1.177899550488408979e-06
8.447889999999999233e+00 1.228633356113003701e-05 9.222815566109496748e-07
9.030794000000000210e+00 1.077810007749090509e-05 7.213406000528535641e-07
9.653919000000000139e+00 9.447010333820936323e-06 5.622167311125214595e-07
1.032004000000000055e+01 8.289345501236827210e-06 4.366020152508484722e-07
1.103212000000000081e+01 7.255538320984234833e-06 3.380121851774118769e-07
1.179334000000000060e+01 6.347795448430164017e-06 2.616717806742715100e-07
1.260707999999999984e+01 5.552013839678263610e-06 2.026216934063672304e-07
1.347696999999999967e+01 4.855059269537383809e-06 1.569444742576072083e-07
1.440687999999999924e+01 4.245081896209599780e-06 1.215959418497294470e-07
1.540094999999999992e+01 3.711457644451755751e-06 9.424029028915774704e-08
1.646361999999999881e+01 3.244789617628966188e-06 7.306274074210519939e-08
1.759960999999999842e+01 2.836772688304192950e-06 5.666468222854719354e-08
1.881398000000000081e+01 2.480105156040978020e-06 4.396949688485119567e-08
2.011214999999999975e+01 2.168336150027832348e-06 3.413141490917793743e-08
2.149988000000000099e+01 1.895853676873086642e-06 2.651148553397154927e-08
2.298338000000000036e+01 1.657653589676920481e-06 2.047945876955177442e-08
2.456923000000000101e+01 1.449401616960901050e-06 1.583235715536654891e-08
2.626450000000000173e+01 1.267351926494396007e-06 1.224968305722270740e-08
2.807676000000000016e+01 1.108276187729338732e-06 9.437974547812533312e-09
3.001405000000000101e+01 9.691417513648764955e-07 7.268029275241218225e-09
3.208502000000000010e+01 8.475003972572765131e-07 5.605257180590913829e-09
3.429889000000000010e+01 7.411598051755506304e-07 4.330325777351458354e-09
3.666550999999999760e+01 6.481857941213497768e-07 3.352023309469101247e-09
3.919543000000000177e+01 5.669027066586894504e-07 2.600824024539151791e-09
4.189992000000000161e+01 4.958325022772060742e-07 2.023182234549536222e-09
4.479100999999999999e+01 4.336917856740401039e-07 1.578677980212644218e-09
4.788159000000000276e+01 3.793507811106134433e-07 1.236169566328482988e-09
5.118542000000000058e+01 3.318336027811218370e-07 9.718172420739034779e-10
5.471721000000000146e+01 2.902762835453005338e-07 7.674505027633827720e-10
5.849269999999999925e+01 2.539325295184747038e-07 6.090953810075165238e-10
6.252870000000000061e+01 2.221461796490315283e-07 4.861165021029894478e-10
6.684318000000000382e+01 1.943431449344513017e-07 3.903472600388533936e-10
7.145535999999999888e+01 1.700244516296193717e-07 3.155224846944350029e-10
7.638577999999999690e+01 1.487521913799541106e-07 2.568642396014999986e-10
8.165640000000000498e+01 1.301443100437822497e-07 2.104979316846492485e-10
8.729068999999999789e+01 1.138662178559395930e-07 1.735370864787882562e-10
9.331373999999999569e+01 9.962596322011124526e-08 1.442868633227271836e-10
9.975239000000000544e+01 8.716778054876822759e-08 1.209859529729621254e-10
1.066353000000000009e+02 7.626818919498365170e-08 1.023056095360331075e-10
1.139930999999999983e+02 6.673274590859556078e-08 8.721453979555503387e-11
1.218586999999999989e+02 5.838989314488493703e-08 7.493553073773428346e-11
1.302668999999999926e+02 5.109085330808308843e-08 6.485148401177738922e-11
1.392553000000000054e+02 4.470440985984121947e-08 5.650646987495916359e-11
1.488640000000000043e+02 3.911676213815564210e-08 4.953721676738194221e-11
1.591356000000000108e+02 3.422772091013957916e-08 4.366854779428848397e-11
1.701159000000000106e+02 2.995002642784221980e-08 3.868287639405664469e-11
1.818539000000000101e+02 2.620704821183807605e-08 3.441011271910031547e-11
1.944018000000000086e+02 2.293205896998049267e-08 3.072593069554629168e-11
2.078155999999999892e+02 2.006640449776208011e-08 2.752054543422063367e-11
2.221547999999999945e+02 1.755887511075173677e-08 2.471387201287996180e-11
2.374834999999999923e+02 1.536481714625922396e-08 2.224161598237640775e-11
2.538699000000000012e+02 1.344491432303930090e-08 2.005435729430293191e-11
2.713869000000000256e+02 1.176497099477669240e-08 1.810961540081578134e-11
2.901125999999999863e+02 1.029498149539698930e-08 1.637097248592679808e-11
3.101304000000000087e+02 9.008701134581569770e-09 1.481310090850176726e-11
3.315294000000000096e+02 7.883097424023099912e-09 1.341272536939647910e-11
3.544048999999999978e+02 6.898197624146382374e-09 1.215100476226704622e-11
3.788587999999999738e+02 6.036322211130574142e-09 1.101188930188275460e-11
4.050000999999999749e+02 5.282177170813590511e-09 9.981697139757377640e-12
4.329451000000000249e+02 4.622230997575227547e-09 9.048861026343289275e-12
