1.000121100000000096e+00 1.310395634139392695e-03 5.651059079806150564e-04
1.005121699999999896e+00 1.301294316126853359e-03 5.565356429757924378e-04
1.010147300000000081e+00 1.291912919289467344e-03 5.480947834289965357e-04
1.015198000000000045e+00 1.282329274669414404e-03 5.397935431317697026e-04
1.020273999999999903e+00 1.272590196446159345e-03 5.316073417483722441e-04
1.025375399999999937e+00 1.262738734451474042e-03 5.235579265102397470e-04
1.030502299999999982e+00 1.252802688929968320e-03 5.156210242922584872e-04
1.035654800000000098e+00 1.242797580446286000e-03 5.077728278902333406e-04
1.040833099999999956e+00 1.232747078907770041e-03 5.000463439727024020e-04
1.046037200000000000e+00 1.222665616106034196e-03 4.924291124510157954e-04
1.051267399999999963e+00 1.212564222879904162e-03 4.849422700272586163e-04
1.056523799999999902e+00 1.202458330784213604e-03 4.775732771099680182e-04
1.061806400000000039e+00 1.192354446699459393e-03 4.703098714407730305e-04
1.067115400000000047e+00 1.182262649369827988e-03 4.631619356457771842e-04
1.072451000000000043e+00 1.172186342219888036e-03 4.561172499099137509e-04
1.077813200000000027e+00 1.162135491787328213e-03 4.491965890506748960e-04
1.083202299999999951e+00 1.152110805799104118e-03 4.423659811550597698e-04
1.088618300000000039e+00 1.142119732225854419e-03 4.356569507539774771e-04
1.094061399999999962e+00 1.132164980014246361e-03 4.290359141283190758e-04
1.099531700000000001e+00 1.122251365651230539e-03 4.225340500314591361e-04
1.105029400000000050e+00 1.112379360451480658e-03 4.161181183784888040e-04
1.110554500000000111e+00 1.102551781001688026e-03 4.098084621663860574e-04
1.116107299999999913e+00 1.092774626050757375e-03 4.035933397553267878e-04
1.121687799999999902e+00 1.083044636792322019e-03 3.974718076517657684e-04
1.127296300000000029e+00 1.073367618584873413e-03 3.914532381732098811e-04
1.132932800000000073e+00 1.063742182116944905e-03 3.855261851044611320e-04
1.138597400000000093e+00 1.054172395268467835e-03 3.796793814707649238e-04
1.144290400000000041e+00 1.044658103881411244e-03 3.739324891328642546e-04
1.150011899999999976e+00 1.035201348111458846e-03 3.682742086136256464e-04
1.155761899999999898e+00 1.025802449295387274e-03 3.627036425010673505e-04
1.161540699999999982e+00 1.016437888732367673e-03 3.572198059340046827e-04
1.167348400000000064e+00 1.007159930095560992e-03 3.518117288269809141e-04
1.173185200000000039e+00 9.979430764261523496e-04 3.464986421841037881e-04
1.179051099999999908e+00 9.887857623575976775e-04 3.412596127326720076e-04
1.184946400000000066e+00 9.796894192821274140e-04 3.361037499627551233e-04
1.190871100000000071e+00 9.706559073836863727e-04 3.310302006077686849e-04
1.196825400000000039e+00 9.616866787938125076e-04 3.260282515574867718e-04
1.202809599999999923e+00 9.527779483922204718e-04 3.211068899445736939e-04
1.208823600000000109e+00 9.439349705934099027e-04 3.162653102906452644e-04
1.214867700000000106e+00 9.351539703942170038e-04 3.114929427247934844e-04
1.220942100000000030e+00 9.264590336516402048e-04 3.067890620795340789e-04
1.227046800000000104e+00 9.178045429767172280e-04 3.021529997022120474e-04
1.233182000000000000e+00 9.092099519872058784e-04 2.975745210254687485e-04
1.239347900000000058e+00 9.006797810713431697e-04 2.930814820871305727e-04
1.245544699999999949e+00 8.922090137967023148e-04 2.886446208069142947e-04
1.251772399999999896e+00 8.838008178021004684e-04 2.842821903764951265e-04
1.258031200000000016e+00 8.754564158283460826e-04 2.799933623581145163e-04
1.264321400000000040e+00 8.671722977423992418e-04 2.757587220018824594e-04
1.270642999999999967e+00 8.589514784395925733e-04 2.715962588289073422e-04
1.276996199999999915e+00 8.507921251490084069e-04 2.674959718870865153e-04
1.283381200000000000e+00 8.426954017428678898e-04 2.634571996126806414e-04
1.289798100000000058e+00 8.346610916429937545e-04 2.594884099916864814e-04
1.296247099999999985e+00 8.266874068277145233e-04 2.555707019754801797e-04
1.302728300000000061e+00 8.187770176104649774e-04 2.517216124047924023e-04
1.309242000000000017e+00 8.109265865200767634e-04 2.479313816593846603e-04
1.315788200000000074e+00 8.031402459378528041e-04 2.441904933341732409e-04
1.322367099999999907e+00 7.954134139708635793e-04 2.405162115689075475e-04
1.328978999999999910e+00 7.877484021521711632e-04 2.368989303622632300e-04
1.335623900000000086e+00 7.801437067995073372e-04 2.333292806920444519e-04
1.342302000000000106e+00 7.726016618675997198e-04 2.298242779714158781e-04
1.349013500000000088e+00 7.651191836358721106e-04 2.263657806142914332e-04
1.355758599999999925e+00 7.576959278181116895e-04 2.229619807451826930e-04
1.362537399999999899e+00 7.503342664477677827e-04 2.196123017352644570e-04
1.369350000000000067e+00 7.430325961435983772e-04 2.163161713403571385e-04
1.376196799999999998e+00 7.357890410777131020e-04 2.130644437954652259e-04
1.383077799999999913e+00 7.286060040153257474e-04 2.098651898900759372e-04
1.389993199999999929e+00 7.214818156015932607e-04 2.067178367339253444e-04
1.396943100000000104e+00 7.144174393209955579e-04 2.036218314779268148e-04
1.403927799999999948e+00 7.074111315826392280e-04 2.005682340044016387e-04
1.410947500000000021e+00 7.004625203534986825e-04 1.975649337791697991e-04
1.418002200000000101e+00 6.935726338946960039e-04 1.946031262862154328e-04
1.425092199999999920e+00 6.867397738220995095e-04 1.916823731880105898e-04
1.432217700000000038e+00 6.799647498541891823e-04 1.888104521255275312e-04
1.439378800000000069e+00 6.732449204843505598e-04 1.859786804976487368e-04
1.446575699999999909e+00 6.665811077105377206e-04 1.831866457808191775e-04
1.453808599999999895e+00 6.599718018519323739e-04 1.804339392760763764e-04
1.461077600000000087e+00 6.534190274891198396e-04 1.777282040435792772e-04
1.468382999999999994e+00 6.469200547341145318e-04 1.750609104646501726e-04
1.475724899999999895e+00 6.404757545516795436e-04 1.724396293847139494e-04
1.483103499999999908e+00 6.340857656116930191e-04 1.698559316180019596e-04
1.490518999999999927e+00 6.277497287575867571e-04 1.673173045036749850e-04
1.497971600000000070e+00 6.214672869553754817e-04 1.648075684875665605e-04
1.505461500000000008e+00 6.152380852447421940e-04 1.623498552082783264e-04
1.512988800000000023e+00 6.090618512031980300e-04 1.599202829450345356e-04
1.520553700000000008e+00 6.029382302609075832e-04 1.575263138291956315e-04
1.528156499999999918e+00 5.968678269188082246e-04 1.551752484490229829e-04
1.535797300000000032e+00 5.908493154082819108e-04 1.528589688771296682e-04
1.543476300000000023e+00 5.848823474067850903e-04 1.505771100714120732e-04
1.551193700000000009e+00 5.789655718744491329e-04 1.482687584562875863e-04
1.558949600000000046e+00 5.730937744244261672e-04 1.459871879665237038e-04
1.566744399999999926e+00 5.672676263937678981e-04 1.437321323769733818e-04
1.574578100000000092e+00 5.614861024022159766e-04 1.415182781865789794e-04
1.582451000000000052e+00 5.557499258867555246e-04 1.393451503568683420e-04
1.590363299999999924e+00 5.500579423044080684e-04 1.372049049309073177e-04
1.598315099999999989e+00 5.444119408989305615e-04 1.350898575579084673e-04
1.606306599999999918e+00 5.388107523001751985e-04 1.330143920629304447e-04
1.614338199999999945e+00 5.332531118099411056e-04 1.309780412828984240e-04
1.622409900000000071e+00 5.277408140102406815e-04 1.289659018337287980e-04
1.630521899999999969e+00 5.222718058350898874e-04 1.269633455619068182e-04
1.638674500000000034e+00 5.168440429778003824e-04 1.249775199250637969e-04
1.646867899999999940e+00 5.114565084659626702e-04 1.230225669117581810e-04
1.655102199999999968e+00 5.061091617776425269e-04 1.210910714912542244e-04
1.663377700000000070e+00 5.008018351725696026e-04 1.191969232802364597e-04
1.671694599999999920e+00 4.955344210277343262e-04 1.173396936407216116e-04
1.680053100000000077e+00 4.903059523825939198e-04 1.155049809506401317e-04
1.688453399999999993e+00 4.851180372134232467e-04 1.136995266247352716e-04
1.696895599999999948e+00 4.799689113821932885e-04 1.119299420475568431e-04
1.705380099999999954e+00 4.748591981235773330e-04 1.101820297917200178e-04
1.713907000000000069e+00 4.697871871813018643e-04 1.084624414916936734e-04
1.722476600000000024e+00 4.647543786369140342e-04 1.067776812175390543e-04
1.731088900000000042e+00 4.597591403615666219e-04 1.051137915817377204e-04
1.739744399999999969e+00 4.548020296105502588e-04 1.034773040788603026e-04
1.748443100000000028e+00 4.498814635367493061e-04 1.018679330555136495e-04
1.757185299999999950e+00 4.449988922046587293e-04 1.002853773792102850e-04
1.765971200000000074e+00 4.401518772043706189e-04 9.872934457757432856e-05
1.774801099999999909e+00 4.353410902947567568e-04 9.719953926763385957e-05
1.783675099999999958e+00 4.305657486916780394e-04 9.568909733579279849e-05
1.792593499999999951e+00 4.258257503009158624e-04 9.421092633184182058e-05
1.801556500000000005e+00 4.211202940472384693e-04 9.275161175259833313e-05
1.810564199999999957e+00 4.164493878965276120e-04 9.131097635760395575e-05
1.819617100000000098e+00 4.118113913206246043e-04 8.990172907604944321e-05
1.828715099999999927e+00 4.072151134026834535e-04 8.851067243191260592e-05
1.837858699999999956e+00 4.026429780566751849e-04 8.714400336548367755e-05
1.847048000000000023e+00 3.981030722263693283e-04 8.579509966367814954e-05
1.856283300000000080e+00 3.935939558289948078e-04 8.447643342671878679e-05
1.865564699999999965e+00 3.891164092302459420e-04 8.316876813951416803e-05
1.874892500000000073e+00 3.846683437676994845e-04 8.189081038940266828e-05
1.884266999999999914e+00 3.802497925699031378e-04 8.062350741825020277e-05
1.893688299999999991e+00 3.758601901922434068e-04 7.938539069570392460e-05
1.903156700000000034e+00 3.714989107967482966e-04 7.816376738979271914e-05
1.912672499999999998e+00 3.671640294004854203e-04 7.695847073332759316e-05
1.922235899999999997e+00 3.628556957090031372e-04 7.577544750459666437e-05
1.931847099999999928e+00 3.585734036290350317e-04 7.460836906033327994e-05
1.941506299999999907e+00 3.543153822699328425e-04 7.346312457889713637e-05
1.951213800000000109e+00 3.500811629582479406e-04 7.233344594278470676e-05
1.960969900000000044e+00 3.458696669000090171e-04 7.122516188150723260e-05
1.970774699999999990e+00 3.416805499827370004e-04 7.013207556106410467e-05
1.980628599999999961e+00 3.375115295560216747e-04 6.905995585737247826e-05
1.990531800000000073e+00 3.333623126764833082e-04 6.800266549486337631e-05
2.000484399999999940e+00 3.292314439744843798e-04 6.696005906047049932e-05
2.010486799999999796e+00 3.251174290788123953e-04 6.593782207595552908e-05
2.020539299999999816e+00 3.210194608208551321e-04 6.492990717388535645e-05
2.030641999999999836e+00 3.169350716597190798e-04 6.393617310719476284e-05
2.040795199999999809e+00 3.128635742814899054e-04 6.296222647962850612e-05
2.050999200000000133e+00 3.088031650440426867e-04 6.199638728827259928e-05
2.061254200000000036e+00 3.047515786062084337e-04 6.105568868982985903e-05
2.071560400000000080e+00 3.007066457077813828e-04 6.012281793013194759e-05
2.081918200000000052e+00 2.966662336654388404e-04 5.920899518760342682e-05
2.092327800000000071e+00 2.926283610801407942e-04 5.830838818081918558e-05
2.102789500000000089e+00 2.885900143676807376e-04 5.742085900556273531e-05
2.113303399999999943e+00 2.845478243170874739e-04 5.654627640624572123e-05
2.123869899999999866e+00 2.804990240979324972e-04 5.568450211110519382e-05
2.134489299999999812e+00 2.764399383955764276e-04 5.484090249761962960e-05
2.145161700000000060e+00 2.723655302940261374e-04 5.400815234820660935e-05
2.155887499999999957e+00 2.682719462214872789e-04 5.318886508342890912e-05
2.166666999999999899e+00 2.641648027207192141e-04 5.238289408836297150e-05
2.177500300000000166e+00 2.600154080904673939e-04 5.158902047167307318e-05
2.188387800000000105e+00 2.558269502087862882e-04 5.080818686138937056e-05
2.199329699999999832e+00 2.515925811576783769e-04 5.003918509181145213e-05
2.210326400000000024e+00 2.473007684909185188e-04 4.928241849491394146e-05
2.221378000000000075e+00 2.429410358390624209e-04 4.853775918569469002e-05
2.232484900000000216e+00 2.384989398473903353e-04 4.779508135969267034e-05
2.243647300000000122e+00 2.339563866547210793e-04 4.705911598968918504e-05
2.254865600000000025e+00 2.292917438236286238e-04 4.633553715011124499e-05
2.266139900000000207e+00 2.244782540427293861e-04 4.562317621201835880e-05
2.277470600000000012e+00 2.194804630035877867e-04 4.492242676176303476e-05
2.288857900000000001e+00 2.142524702540888237e-04 4.423316429239949708e-05
2.300302199999999964e+00 2.087315553549806484e-04 4.355526151522595008e-05
2.311803700000000017e+00 2.028282784999368743e-04 4.288300959006279597e-05
2.323362799999999950e+00 1.964103339954320583e-04 4.221687232201446475e-05
2.334979600000000044e+00 1.892676111024807007e-04 4.156183470874797332e-05
2.346654500000000088e+00 1.810366343477401408e-04 4.091727292471122055e-05
2.358387800000000034e+00 1.709980991505777000e-04 4.028357174329434448e-05
2.370179700000000000e+00 1.573582130110035774e-04 3.966011800621755307e-05
2.382030600000000220e+00 1.326380643550805903e-04 3.904729188045594923e-05
2.388654999999999973e+00 7.565148281545513520e-05 3.870994999764897901e-05
2.389945200000000103e+00 7.431668292225307481e-05 1.110552763823463438e-04
2.393940699999999921e+00 1.191904822686323936e-04 1.104089065244251780e-04
2.405910399999999782e+00 1.458922025646941631e-04 1.085127157853504187e-04
2.417940000000000200e+00 1.550951963563489372e-04 1.066472248168229785e-04
2.430029699999999959e+00 1.592370169023899493e-04 1.048121070172218923e-04
2.442179799999999901e+00 1.604863591576946818e-04 1.030070341396381904e-04
2.454390699999999814e+00 1.592710590687731478e-04 1.012316767499609415e-04
2.466662700000000097e+00 1.547923052371385209e-04 9.948571272097900980e-05
2.478995999999999977e+00 1.414469688084898263e-04 9.777356291106955070e-05
2.484394299999999944e+00 1.119390612416542040e-04 9.703653939994823425e-05
2.485805800000000065e+00 1.114982283641862668e-04 1.412000263368098929e-04
2.491391000000000133e+00 1.433229996304073478e-04 1.400870530009694468e-04
2.503847899999999793e+00 1.601568172282946418e-04 1.376457363360806922e-04
2.516367199999999915e+00 1.682932560658913874e-04 1.352532326776065394e-04
2.528948999999999891e+00 1.736232525058882970e-04 1.328950610720950611e-04
2.541593799999999792e+00 1.774709407831286665e-04 1.305847185067366876e-04
2.554301699999999897e+00 1.803692961626989595e-04 1.283124675049199497e-04
2.567073199999999833e+00 1.825943297977345662e-04 1.260824590435015782e-04
2.579908599999999996e+00 1.843099739916534028e-04 1.238896653709439626e-04
2.592808199999999896e+00 1.856236966626746460e-04 1.217336818442112003e-04
2.605772200000000094e+00 1.866090993892038322e-04 1.196186177119462965e-04
2.618801100000000215e+00 1.873204821594340850e-04 1.175395155400934855e-04
2.631895099999999932e+00 1.877990511012524568e-04 1.155004473079587144e-04
2.645054500000000086e+00 1.880765723575470653e-04 1.134920784845279895e-04
2.658279799999999859e+00 1.881785245702360444e-04 1.115229139070301524e-04
2.671571199999999813e+00 1.881251289661341913e-04 1.095881140887549314e-04
2.684929100000000179e+00 1.879328594340992208e-04 1.076829226186773290e-04
2.698353700000000188e+00 1.876159933100312856e-04 1.058157351040199621e-04
2.711845499999999909e+00 1.871853222377348723e-04 1.039817762404460726e-04
2.725404699999999902e+00 1.866513230705678014e-04 1.021763727374644615e-04
2.739031699999999958e+00 1.860205522611152950e-04 1.004077922025248959e-04
2.752726899999999866e+00 1.853003241093563013e-04 9.866707369927909708e-05
2.766490500000000186e+00 1.844949042391279097e-04 9.695816916130334847e-05
2.780323000000000100e+00 1.836080903782531478e-04 9.527649223218234221e-05
2.794224600000000169e+00 1.826417626233360245e-04 9.362595811448672773e-05
2.808195700000000183e+00 1.815962175345898566e-04 9.200621303955779627e-05
2.822236699999999932e+00 1.804705748310470861e-04 9.041274644481111405e-05
2.836347899999999811e+00 1.792598441555268921e-04 8.884941593977310520e-05
2.850529600000000219e+00 1.779569031213574040e-04 8.731176141238170354e-05
2.864782299999999893e+00 1.765481659606729160e-04 8.580359846908896116e-05
2.879106199999999838e+00 1.750110571300081169e-04 8.432051685743402795e-05
2.893501699999999843e+00 1.733063267720828327e-04 8.286224211888347545e-05
2.907969200000000143e+00 1.713594869353434163e-04 8.142850236055719927e-05
2.922509100000000082e+00 1.690116557501985790e-04 8.001902822506957373e-05
2.937121600000000221e+00 1.658136810769369606e-04 7.863355821552847928e-05
2.951807200000000186e+00 1.591096984321646937e-04 7.727580253132419980e-05
2.953643399999999808e+00 1.569819965189332288e-04 7.710851000261454281e-05
2.959556599999999982e+00 1.565275367164139348e-04 8.978812248594205845e-05
2.966566199999999931e+00 1.613067823738139586e-04 8.901792108157255022e-05
2.981399099999999969e+00 1.642933382542665635e-04 8.741331350174780745e-05
2.996306099999999972e+00 1.653333946710400552e-04 8.583814462370458701e-05
3.011287600000000175e+00 1.660007281745573776e-04 8.426868844596646754e-05
3.026343999999999923e+00 1.660499468101351043e-04 8.272824260619650988e-05
3.041475800000000174e+00 1.657917592044564758e-04 8.122033700617521592e-05
3.056683099999999875e+00 1.653448707839357294e-04 7.974459736325289897e-05
3.071966600000000103e+00 1.647631934302063491e-04 7.829681497848454312e-05
3.087326399999999804e+00 1.640768625735291837e-04 7.688048231574185236e-05
3.102762999999999938e+00 1.633028025783368135e-04 7.549144060157121834e-05
3.118276799999999849e+00 1.624628082913201781e-04 7.415949930752033031e-05
3.133868200000000215e+00 1.615763855850752885e-04 7.284643482291506037e-05
3.149537599999999937e+00 1.606476849079861561e-04 7.155951044332565256e-05
3.165285299999999857e+00 1.596809726417703636e-04 7.029842643318087779e-05
3.181111700000000209e+00 1.586808406026247716e-04 6.905919263689459916e-05
3.197017199999999892e+00 1.576500674632825021e-04 6.784524005587804689e-05
3.213002299999999867e+00 1.565913339976100381e-04 6.665261832157147296e-05
3.229067300000000085e+00 1.555067908755253052e-04 6.548109276141748990e-05
3.245212700000000172e+00 1.543962081230444098e-04 6.432680876348542969e-05
3.261438699999999802e+00 1.532591839756785679e-04 6.319319169168408122e-05
3.277745900000000212e+00 1.520950886077131398e-04 6.208000688347687691e-05
3.294134699999999860e+00 1.509026860553396401e-04 6.098702581083518306e-05
3.310605300000000195e+00 1.496784005081686075e-04 5.991047915675513355e-05
3.327158400000000071e+00 1.484165895582881039e-04 5.885724752083029129e-05
3.343794100000000213e+00 1.471056403460208051e-04 5.782354960857030978e-05
3.360513099999999920e+00 1.457243136574531354e-04 5.680566591578691807e-05
3.377315700000000032e+00 1.442251536820954197e-04 5.580690835941826957e-05
3.394202299999999894e+00 1.424711408108644318e-04 5.482706023199977589e-05
3.410712999999999884e+00 1.397074266347207250e-04 5.388694586628060254e-05
3.411173300000000186e+00 1.395637754046863334e-04 5.386246486577078268e-05
3.420686900000000197e+00 1.390637255554807745e-04 5.706605737116724359e-05
3.428229099999999807e+00 1.397053245161280317e-04 5.661173088496610569e-05
3.445370299999999997e+00 1.396645407867370698e-04 5.560082145281339386e-05
3.462597099999999983e+00 1.391166412011541850e-04 5.460535286264993701e-05
3.479910100000000117e+00 1.383808069056073674e-04 5.362853394078169347e-05
3.497309700000000188e+00 1.375427049364781335e-04 5.267015392294774735e-05
3.514796200000000148e+00 1.366379544549631980e-04 5.172666495751958147e-05
3.532370199999999905e+00 1.356847195902368547e-04 5.080123071810996495e-05
3.550032100000000135e+00 1.346930194707108436e-04 4.989364587916201411e-05
3.567782199999999904e+00 1.336675763623969835e-04 4.900041748955001614e-05
3.585621100000000006e+00 1.326093556208446790e-04 4.812793911375740959e-05
3.603549199999999786e+00 1.315243478883818353e-04 4.728573633560553162e-05
3.621567000000000203e+00 1.304146348004144387e-04 4.646044752612033430e-05
3.639674799999999877e+00 1.292709347586049799e-04 4.565187874821792328e-05
3.657873200000000047e+00 1.280738524796504608e-04 4.485662423970990302e-05
3.676162600000000058e+00 1.267731392279678327e-04 4.407773407784916459e-05
3.694543400000000144e+00 1.251319656409036424e-04 4.331501809805034226e-05
3.696210199999999890e+00 1.249269495838665654e-04 4.324466150703965781e-05
3.711989599999999889e+00 1.240735869360259480e-04 4.448733627458413613e-05
3.713016099999999931e+00 1.240923136081691005e-04 4.444657834625430451e-05
3.731581199999999932e+00 1.237741222313022802e-04 4.368742068773726734e-05
3.750239099999999937e+00 1.230846117263455523e-04 4.294097844315977839e-05
3.768990300000000016e+00 1.222864931719115265e-04 4.221022745779071149e-05
3.787835199999999958e+00 1.214361596294707008e-04 4.149498431533855307e-05
3.806774400000000114e+00 1.205554571414765559e-04 4.078889663957771316e-05
3.825808299999999829e+00 1.196559961195255476e-04 4.009801424576400037e-05
3.844937299999999780e+00 1.187442042603049051e-04 3.941910465166219014e-05
3.864161999999999875e+00 1.178228555749926190e-04 3.874595731250314335e-05
3.883482799999999902e+00 1.168944755598720495e-04 3.808457910591485010e-05
3.902900199999999931e+00 1.159614916433851793e-04 3.743483930620832218e-05
3.922414700000000032e+00 1.150254560434603912e-04 3.679660838435122995e-05
3.942026799999999831e+00 1.140878647131642797e-04 3.617273640127083913e-05
3.961736900000000006e+00 1.131498563612852665e-04 3.555712545277569587e-05
3.981545600000000018e+00 1.122122117664093015e-04 3.495559073082189089e-05
4.001453299999999658e+00 1.112758458217902329e-04 3.436209587402693237e-05
4.021460600000000163e+00 1.103411801079819880e-04 3.377947984869574064e-05
4.041567900000000435e+00 1.094087803146379985e-04 3.321052592843355038e-05
4.061775700000000100e+00 1.084791859587607219e-04 3.264928802536989694e-05
4.082084599999999952e+00 1.075526210982233517e-04 3.209856449880234708e-05
4.102495000000000225e+00 1.066297432999956216e-04 3.155537493072141012e-05
4.123007499999999936e+00 1.057106057897868532e-04 3.102533837123036970e-05
4.143622599999999601e+00 1.047955469111016137e-04 3.050262798249387362e-05
4.164340700000000339e+00 1.038848970386423924e-04 2.998999012024474144e-05
4.185162400000000282e+00 1.029786877584083050e-04 2.948450344192975040e-05
4.206088199999999944e+00 1.020772276723575617e-04 2.899167848876905474e-05
4.227118599999999837e+00 1.011808131610714812e-04 2.850580519472496437e-05
4.248254199999999869e+00 1.002894560696619231e-04 2.802681225106880573e-05
4.269495499999999666e+00 9.940330476341189137e-05 2.755737962002212447e-05
4.290842999999999741e+00 9.852250134553629636e-05 2.709630234162711609e-05
4.312297199999999719e+00 9.764731179722427876e-05 2.664321503853368057e-05
4.333858700000000397e+00 9.677772909595145799e-05 2.619775797665738158e-05
4.355527999999999622e+00 9.591400507911130235e-05 2.576038693203484134e-05
4.377305599999999686e+00 9.505612850827737618e-05 2.533047479155776412e-05
4.399192099999999606e+00 9.420420829582531184e-05 2.490793913612669123e-05
4.421188100000000176e+00 9.335871917287645290e-05 2.449269831583642223e-05
4.443293999999999855e+00 9.251951220027492331e-05 2.408414404551896009e-05
4.465510499999999716e+00 9.168558207358437379e-05 2.367878544655351668e-05
4.487838100000000274e+00 9.085693057065743615e-05 2.328026507603813306e-05
4.510277199999999986e+00 9.003368155548865167e-05 2.288850879833382611e-05
4.532828600000000208e+00 8.921581982826864586e-05 2.250344109750261398e-05
4.555492799999999676e+00 8.840369131125630096e-05 2.212524642163367391e-05
4.578270200000000401e+00 8.759728525758104687e-05 2.175333585260390292e-05
4.601161600000000185e+00 8.679646101112589447e-05 2.138763979577364564e-05
4.624167400000000150e+00 8.600166280882806452e-05 2.102834509031673420e-05
4.647288200000000202e+00 8.521263734432297154e-05 2.067538053342797766e-05
4.670524699999999640e+00 8.442946904420839491e-05 2.032817237316643613e-05
4.693877299999999586e+00 8.365235842577371209e-05 1.998690922571426807e-05
4.717346700000000226e+00 8.288116040305457588e-05 1.965152508178749717e-05
4.740933400000000297e+00 8.211595650543138754e-05 1.932195538184981764e-05
4.764638099999999987e+00 8.135692345323938476e-05 1.899788890619220536e-05
4.788461299999999810e+00 8.079748147736996939e-05 1.867632362099650540e-05
4.812403599999999670e+00 8.004875989008673027e-05 1.835578000989953151e-05
4.836465600000000364e+00 7.930508156758290226e-05 1.804014848670069466e-05
4.860647900000000021e+00 7.856654088198814379e-05 1.773010188517848746e-05
4.884951199999999716e+00 7.783332583325260285e-05 1.742533732280535588e-05
4.909375899999999682e+00 7.710542503224399350e-05 1.712603664789532872e-05
4.933922800000000386e+00 7.638291341009365671e-05 1.683213807960935881e-05
4.958592399999999678e+00 7.566587124019812430e-05 1.654334467097490455e-05
4.983385400000000409e+00 7.507662683862600624e-05 1.625724363279282438e-05
5.008302300000000429e+00 7.436932951101372241e-05 1.597404896319724573e-05
5.033343799999999924e+00 7.366714940324187828e-05 1.569630212876651406e-05
5.058510499999999688e+00 7.297016490765423770e-05 1.542324460879084504e-05
5.083803099999999908e+00 7.227835401851390054e-05 1.515505579726821512e-05
5.109222100000000211e+00 7.159179289145399029e-05 1.489168175686049439e-05
5.134768199999999894e+00 7.091054810909842919e-05 1.463306843804885495e-05
5.160442100000000032e+00 7.023468262517348784e-05 1.437916229700948617e-05
5.186244300000000251e+00 6.956408147083470374e-05 1.412968444836793155e-05
5.212175499999999850e+00 6.889889470512101564e-05 1.388481094552136977e-05
5.238236399999999904e+00 6.823900108995747851e-05 1.364404139777852097e-05
5.264427600000000318e+00 6.758454728984822867e-05 1.340777717293090485e-05
5.290749700000000111e+00 6.693550028711210697e-05 1.317552349415529861e-05
5.317203400000000357e+00 6.629173913450762002e-05 1.294767787039476830e-05
5.343789499999999748e+00 6.565339798945057578e-05 1.272375034129453306e-05
5.370508400000000293e+00 6.502044664702560960e-05 1.250369834886301621e-05
5.397360899999999795e+00 6.439276220237066610e-05 1.228769629017426177e-05
5.424347700000000216e+00 6.377047425743717624e-05 1.207548197196665578e-05
5.451469499999999968e+00 6.315354340302840885e-05 1.186722867462044835e-05
5.478726799999999564e+00 6.254185455008853833e-05 1.166246330101129890e-05
5.506120499999999751e+00 6.193544629234130829e-05 1.146136053009661919e-05
5.533651100000000156e+00 6.133436342327369933e-05 1.126409199504238314e-05
5.561319300000000077e+00 6.073848692683483127e-05 1.106998057339650845e-05
5.589125899999999980e+00 6.014793120825986066e-05 1.087962236149761417e-05
5.617071600000000053e+00 5.956250057968495899e-05 1.069234729011676806e-05
5.645156899999999922e+00 5.898231338856247487e-05 1.050853844961843091e-05
5.673382700000000334e+00 5.840724842556844489e-05 1.032815629276097346e-05
5.701749600000000306e+00 5.783734285042712100e-05 1.015075035899326217e-05
5.730258400000000307e+00 5.727255342476719155e-05 9.976493054447836174e-06
5.758909599999999962e+00 5.671284326824319250e-05 9.805553522811611238e-06
5.787704200000000299e+00 5.615816588968699694e-05 9.637487723068467461e-06
5.816642700000000055e+00 5.560862792147752308e-05 9.472264592949121824e-06
5.845725899999999697e+00 5.506404179991351963e-05 9.310254536768599253e-06
5.874954599999999694e+00 5.452443619663309584e-05 9.151020866389570165e-06
5.904329299999999670e+00 5.398984290222171527e-05 8.994533359543150153e-06
5.933850999999999765e+00 5.352680757477271540e-05 8.839178381793277099e-06
5.963520199999999605e+00 5.300157792937731753e-05 8.685934272062319545e-06
5.993337799999999937e+00 5.248102936064346139e-05 8.535367414635866158e-06
6.023304500000000061e+00 5.196499284725709196e-05 8.387448203409085567e-06
6.053421000000000163e+00 5.145363473725836275e-05 8.242147294822594426e-06
6.083688200000000101e+00 5.094678375844942001e-05 8.099435339307773111e-06
6.114106600000000391e+00 5.044453955492277434e-05 7.959475820245815464e-06
6.144677100000000003e+00 4.994679805271581591e-05 7.821854896605502658e-06
6.175400500000000292e+00 4.945358655381812554e-05 7.686737135293494539e-06
6.206277499999999669e+00 4.896493173498406884e-05 7.553905317240334080e-06
6.237308900000000378e+00 4.848067007041414989e-05 7.423710829879904566e-06
6.268495399999999940e+00 4.800089095459197843e-05 7.295561408622073550e-06
6.299837899999999991e+00 4.752555426913609142e-05 7.169807861067289125e-06
6.331337099999999829e+00 4.705462332505674515e-05 7.046423122179087129e-06
6.362993799999999922e+00 4.658806023947129066e-05 6.925011218782314985e-06
6.394808799999999849e+00 4.612582748390021774e-05 6.805918174240069883e-06
6.426782799999999796e+00 4.566788929937834728e-05 6.688934934641330480e-06
6.458916699999999622e+00 4.521426533012082110e-05 6.574037890398465566e-06
6.491211299999999795e+00 4.476485998050008135e-05 6.461203753770350660e-06
6.523667399999999894e+00 4.431975070025979507e-05 6.350409447961630865e-06
6.556285700000000105e+00 4.387878714510205156e-05 6.241453120929960507e-06
6.589067100000000288e+00 4.344198814311672199e-05 6.134492873584693471e-06
6.622012500000000301e+00 4.300931558070270467e-05 6.029506145746920630e-06
6.655122500000000052e+00 4.258079018227927775e-05 5.926294435724649972e-06
6.688398099999999680e+00 4.215631757173519262e-05 5.825013673836578941e-06
6.721840099999999651e+00 4.173586201928712727e-05 5.725467318646970430e-06
6.755449300000000434e+00 4.131944109037601835e-05 5.627636301894853451e-06
6.789226600000000111e+00 4.090701691867366945e-05 5.531674578626284109e-06
6.823172699999999757e+00 4.049855443093721373e-05 5.437216772945769535e-06
6.857288600000000400e+00 4.011447579951922548e-05 5.344246746223734822e-06
6.891574999999999562e+00 3.971372439220028787e-05 5.252578374933945323e-06
6.926032900000000048e+00 3.931672366280132840e-05 5.162537390981077200e-06
6.960663099999999659e+00 3.892349168891047278e-05 5.074274373872293967e-06
6.995466399999999751e+00 3.853404482584164088e-05 4.987433196947527926e-06
7.030443700000000185e+00 3.814829885288691038e-05 4.901998531248126972e-06
7.065595899999999929e+00 3.776622028767373317e-05 4.818287528196735010e-06
7.100923899999999733e+00 3.738782392839395599e-05 4.735949486657990428e-06
7.136428500000000064e+00 3.701307657549651969e-05 4.655134101205992108e-06
7.172110700000000172e+00 3.664189628584771542e-05 4.575660387570889684e-06
7.207971200000000245e+00 3.627429946963252165e-05 4.497676746650949346e-06
7.244011099999999814e+00 3.591025085411230357e-05 4.421004058125377610e-06
7.280231099999999955e+00 3.554971953304199582e-05 4.345305559682767081e-06
7.316632300000000200e+00 3.519262581238702376e-05 4.271053139627763240e-06
7.353215500000000127e+00 3.483902920247967765e-05 4.198070683520364679e-06
7.389981500000000203e+00 3.448880884644503464e-05 4.126344276481249269e-06
7.426931399999999961e+00 3.414942660466073048e-05 4.055859960336541453e-06
7.464066100000000148e+00 3.380592026796855857e-05 3.986446718025709063e-06
7.501386400000000343e+00 3.346574040668230015e-05 3.918249872243192995e-06
7.538893400000000078e+00 3.312885458188012655e-05 3.851255833031253884e-06
7.576587800000000428e+00 3.279523422204466628e-05 3.785606303759355625e-06
7.614470800000000317e+00 3.246480498798450046e-05 3.720977192325497281e-06
7.652543099999999932e+00 3.213758139657080053e-05 3.657357788241348166e-06
7.690805799999999692e+00 3.181353230462479170e-05 3.594737279843099210e-06
7.729259899999999739e+00 3.149262776403925421e-05 3.533408808437259686e-06
7.767906199999999650e+00 3.117479969379159774e-05 3.473055067512928846e-06
7.806745699999999566e+00 3.086009923583788947e-05 3.413665601639379933e-06
7.845779399999999626e+00 3.054841759167303247e-05 3.355529343484803678e-06
7.885008299999999970e+00 3.023980493607787774e-05 3.298333754198826248e-06
7.924433399999999850e+00 2.993419315274629806e-05 3.242068681313424689e-06
7.964055499999999732e+00 2.963155557614793767e-05 3.186871568196546927e-06
8.003875799999999430e+00 2.933186281282840722e-05 3.132583469639978649e-06
8.043895199999999690e+00 2.903508801373157948e-05 3.079340515239770046e-06
8.084114700000000653e+00 2.874124084797641113e-05 3.026985507976624789e-06
8.124535200000000401e+00 2.845025725271438727e-05 2.975508799590867292e-06
8.165157900000000524e+00 2.816210906313060958e-05 2.925044511457619024e-06
8.205983700000000880e+00 2.787680640606490836e-05 2.875437945047433774e-06
8.247013600000000721e+00 2.759428645419494930e-05 2.826679684474935578e-06
8.288248700000000468e+00 2.731455779456994239e-05 2.778760364712887260e-06
8.329689899999999980e+00 2.703759437318061277e-05 2.731670772836882842e-06
8.371338400000000846e+00 2.676336845269932456e-05 2.685401679527477911e-06
8.413195099999999371e+00 2.649182038091235698e-05 2.639944037233609457e-06
8.455261000000000138e+00 2.622299290709767403e-05 2.595288846062825218e-06
8.497537299999999405e+00 2.595682468317827004e-05 2.551427126518038761e-06
8.540024999999999977e+00 2.569329039036696792e-05 2.508350042796658023e-06
9.030794000000000210e+00 2.295032865982905317e-05 2.067812491979633859e-06
9.653919000000000139e+00 1.998453348372935409e-05 1.626161426628109906e-06
1.032004000000000055e+01 1.736661870183206234e-05 1.281374628096579330e-06
1.103212000000000081e+01 1.504586914383959748e-05 1.008421258363267851e-06
1.179334000000000060e+01 1.294317255033548325e-05 7.941666289373068806e-07
1.240435000000000088e+01 1.132171584930378641e-05 6.636519022778322141e-07
1.259421000000000035e+01 1.057216100041376390e-05 6.289519216182305124e-07
1.260707999999999984e+01 1.048305752630283623e-05 6.266893935290194338e-07
1.264484000000000030e+01 1.001004233449404162e-05 6.201011059746035063e-07
1.272078999999999915e+01 1.036068699275681970e-05 1.529736637688489941e-06
1.291065000000000040e+01 1.046083710215639953e-05 1.448584458355659119e-06
1.347696999999999967e+01 9.881083874255437065e-06 1.236475051886885171e-06
1.440687999999999924e+01 8.648715056585372051e-06 9.661288177907187886e-07
1.462440999999999924e+01 8.257412994406015334e-06 9.141053321988719327e-07
1.468319999999999936e+01 8.015612238465903372e-06 9.006900071118083220e-07
1.477139000000000024e+01 8.099508713370302338e-06 1.226921627856584994e-06
1.499186000000000085e+01 8.014248126564525170e-06 1.162124170155146861e-06
1.503977000000000075e+01 7.976991904245403538e-06 1.148585838135464689e-06
1.526997000000000071e+01 7.741869744006000259e-06 1.086521012164825077e-06
1.533135000000000048e+01 7.611921329644163997e-06 1.070683856136883980e-06
1.540094999999999992e+01 7.623566653261447943e-06 1.215876218474518019e-06
1.542342999999999975e+01 7.624468010344518172e-06 1.209688850595670029e-06
1.565362999999999971e+01 7.516383946334345653e-06 1.148396629358125782e-06
1.646361999999999881e+01 6.950128193273316199e-06 9.616052534673465425e-07
1.759960999999999842e+01 6.177647505516298558e-06 7.584424619672659796e-07
1.881398000000000081e+01 5.457630078766312513e-06 5.982626302352058256e-07
2.011214999999999975e+01 4.806046865469757996e-06 4.717129265161221685e-07
2.149988000000000099e+01 4.223344924047259977e-06 3.718790716619699964e-07
2.298338000000000036e+01 3.706113988306442860e-06 2.933785350433813517e-07
2.456923000000000101e+01 3.249206341291032663e-06 2.316294899013495598e-07
2.626450000000000173e+01 2.849074794159859477e-06 1.828968476920729819e-07
2.807676000000000016e+01 2.495101857835479320e-06 1.434962099419797228e-07
3.001405000000000101e+01 2.184531143724364370e-06 1.124178708632098466e-07
3.208502000000000010e+01 1.911620804343434715e-06 8.792628537638798811e-08
3.429889000000000010e+01 1.671666085891503791e-06 6.878779084820579622e-08
3.666550999999999760e+01 1.461513125136514364e-06 5.387667180790377484e-08
3.919543000000000177e+01 1.277597258774526991e-06 4.225439259900825524e-08
4.189992000000000161e+01 1.116716332500496091e-06 3.318016980867934264e-08
4.479100999999999999e+01 9.760283785970875846e-07 2.608823799108638262e-08
4.788159000000000276e+01 8.530159231236898706e-07 2.053936802900334216e-08
5.118542000000000058e+01 7.454663108054956949e-07 1.619291127751092915e-08
5.471721000000000146e+01 6.514337045797430122e-07 1.278353052950445025e-08
5.849269999999999925e+01 5.691981961066257867e-07 1.008583561679015078e-08
6.252870000000000061e+01 4.972549803437189241e-07 7.970984095039860030e-09
6.684318000000000382e+01 4.342793447729348204e-07 6.300538805821961714e-09
7.145535999999999888e+01 3.790676673394334979e-07 4.973387868693216915e-09
7.638577999999999690e+01 3.304812339686660360e-07 3.932722426826887929e-09
8.165640000000000498e+01 2.870542322665048004e-07 3.108772664778077358e-09
8.381980000000000075e+01 2.703921355058786654e-07 2.831591124570807089e-09
8.510275000000000034e+01 2.587971544404053716e-07 2.682535236228043601e-09
8.544486999999999455e+01 2.525691916819583702e-07 2.644587282068400842e-09
8.595806000000000324e+01 2.538472550260570183e-07 1.067828154961149905e-08
8.729068999999999789e+01 2.498665367175572191e-07 1.011914620201987226e-08
9.331373999999999569e+01 2.221621198961013104e-07 8.008467279498718660e-09
9.975239000000000544e+01 1.955937274206861263e-07 6.332430836218784787e-09
1.066353000000000009e+02 1.717605458200881832e-07 5.002677568587846840e-09
1.139930999999999983e+02 1.506417886963922984e-07 3.953130382932323439e-09
1.218586999999999989e+02 1.320225575211432923e-07 3.124981053657506486e-09
1.302668999999999926e+02 1.156472115839631495e-07 2.468209866227855133e-09
1.392553000000000054e+02 1.012670367161221931e-07 1.951242914736574650e-09
1.488640000000000043e+02 8.865299083581110729e-08 1.544281326786930334e-09
1.591356000000000108e+02 7.759661818745534676e-08 1.223929149453396228e-09
1.701159000000000106e+02 6.791056664443679358e-08 9.715577499859379395e-10
1.818539000000000101e+02 5.942820510957001518e-08 7.724265660522804354e-10
1.944018000000000086e+02 5.200163389028412063e-08 6.150053289669794307e-10
2.078155999999999892e+02 4.550074671902058334e-08 4.908006075424524271e-10
2.221547999999999945e+02 3.981124039714438936e-08 3.926409677629038677e-10
2.374834999999999923e+02 3.483231710515631703e-08 3.149810292995789429e-10
2.538699000000000012e+02 3.047565642180062700e-08 2.534386015398120379e-10
2.713869000000000256e+02 2.666368825777710956e-08 2.045854138929773208e-10
2.901125999999999863e+02 2.332843870431628607e-08 1.657341259580287746e-10
3.101304000000000087e+02 2.041040258327092533e-08 1.347711319940122959e-10
3.315294000000000096e+02 1.785743746662821331e-08 1.100329160385196396e-10
3.544048999999999978e+02 1.562388046459626423e-08 9.021924434166929409e-11
3.788587999999999738e+02 1.366977470339484217e-08 7.429928825121712433e-11
4.050000999999999749e+02 1.196017022973161138e-08 6.147330507273741333e-11
4.329451000000000249e+02 1.046445636571981578e-08 5.109725708214937115e-11
