1.001660500000000065e+00 9.417442902283088349e-04 2.542821707730343202e-04
1.006668799999999919e+00 9.320986586367150653e-04 2.502127881518377756e-04
1.011702099999999938e+00 9.225048070382074099e-04 2.462139693264176442e-04
1.016760600000000014e+00 9.129208910189185941e-04 2.422849136638710143e-04
1.021844399999999986e+00 9.033749090306226678e-04 2.384248524592636528e-04
1.026953599999999911e+00 8.938655364027300486e-04 2.346151153261421391e-04
1.032088399999999906e+00 8.843956364576056450e-04 2.308819200712856261e-04
1.037248900000000029e+00 8.749681382771227730e-04 2.272066540274610743e-04
1.042435100000000059e+00 8.655839179907686429e-04 2.235887286994532239e-04
1.047647299999999948e+00 8.562454128986132481e-04 2.200362729959368156e-04
1.052885499999999919e+00 8.469513240397321969e-04 2.165398442304354457e-04
1.058149900000000088e+00 8.377041760403318221e-04 2.130988278025366673e-04
1.063440699999999906e+00 8.285023480296265517e-04 2.097126156699834199e-04
1.068757900000000038e+00 8.193486046115814117e-04 2.063892487082533383e-04
1.074101699999999937e+00 8.102413253750137805e-04 2.031194397772224556e-04
1.079472200000000104e+00 8.011830369593156160e-04 1.999026166807939253e-04
1.084869499999999931e+00 7.921703272519937597e-04 1.967382118966786017e-04
1.090293900000000038e+00 7.832054112384512039e-04 1.936256270341176389e-04
1.095745399999999981e+00 7.742889398576290440e-04 1.905643234435322930e-04
1.101224100000000039e+00 7.654176168903977125e-04 1.875453983158601476e-04
1.106730200000000108e+00 7.565918787084303801e-04 1.845850288256634770e-04
1.112263900000000083e+00 7.478139996240070007e-04 1.816742641558351137e-04
1.117825199999999963e+00 7.390790991255535933e-04 1.788125832201902497e-04
1.123414300000000088e+00 7.303894848367774046e-04 1.759912513980150790e-04
1.129031399999999907e+00 7.217419867260049674e-04 1.732179917235993516e-04
1.134676500000000088e+00 7.131373732979204337e-04 1.704922955723518654e-04
1.140349899999999916e+00 7.045742483128013310e-04 1.678136132109793639e-04
1.146051699999999895e+00 6.960515217061880641e-04 1.651734068753872087e-04
1.151781900000000025e+00 6.875682676396187472e-04 1.625792841123295453e-04
1.157540800000000036e+00 6.791232436246996337e-04 1.600227660575947531e-04
1.163328499999999988e+00 6.706867239587053576e-04 1.575113743333570533e-04
1.169145199999999996e+00 6.623121625013593441e-04 1.550445978330697392e-04
1.174990900000000060e+00 6.539715020971118703e-04 1.526141306477674250e-04
1.180865899999999913e+00 6.456637387793202594e-04 1.502273614753979372e-04
1.186770199999999997e+00 6.373833640187835875e-04 1.478760698387752439e-04
1.192703999999999986e+00 6.291313201984261548e-04 1.455598777366859799e-04
1.198667600000000055e+00 6.209052328271002022e-04 1.432860704377049140e-04
1.204660899999999923e+00 6.127016655087135681e-04 1.410465657079979472e-04
1.210684199999999988e+00 6.045200473214879747e-04 1.388485797709068301e-04
1.216737600000000086e+00 5.963554030750440639e-04 1.366840899206369438e-04
1.222821300000000111e+00 5.882074664990835991e-04 1.345527365356953033e-04
1.228935399999999900e+00 5.800700282232921058e-04 1.324541743722458390e-04
1.235080100000000014e+00 5.719430542119957822e-04 1.303880502910603235e-04
1.241255500000000067e+00 5.638206781680869329e-04 1.283614331871313341e-04
1.247461799999999954e+00 5.556986683416001395e-04 1.263664943842798686e-04
1.253699099999999955e+00 5.475745313221394963e-04 1.244029010078821198e-04
1.259967599999999965e+00 5.394429262131281155e-04 1.224703130393281947e-04
1.266267400000000043e+00 5.312988378055663857e-04 1.205684033448417672e-04
1.272598799999999919e+00 5.231373150809641567e-04 1.186968286734279491e-04
1.278961800000000038e+00 5.149496837513616336e-04 1.168624670042961894e-04
1.285356600000000071e+00 5.067316474995409202e-04 1.150505750760426582e-04
1.291783300000000079e+00 4.984750840900544324e-04 1.132680626364278780e-04
1.298242300000000071e+00 4.901706515902370118e-04 1.115145904121048702e-04
1.304733499999999990e+00 4.818084618586840210e-04 1.097898657595741272e-04
1.311257099999999953e+00 4.733801817546324196e-04 1.080935723189926500e-04
1.317813399999999913e+00 4.648725263181054351e-04 1.064253887477838130e-04
1.324402499999999927e+00 4.562716426993962079e-04 1.047850132344266369e-04
1.331024500000000055e+00 4.475630085838453831e-04 1.031721463144740262e-04
1.337679599999999969e+00 4.387262941640433984e-04 1.015796091014455077e-04
1.344368000000000007e+00 4.297420714532064088e-04 1.000140424002796932e-04
1.351089900000000066e+00 4.205855171824570836e-04 9.846153496979024623e-05
1.357845299999999922e+00 4.112268225629235325e-04 9.692200777126943191e-05
1.364634499999999973e+00 4.016299317449808387e-04 9.541557560800510132e-05
1.371457699999999891e+00 3.917543459258269003e-04 9.392843493619178414e-05
1.378314999999999957e+00 3.815481422520183787e-04 9.246707410578069650e-05
1.385206600000000066e+00 3.709484701933245016e-04 9.102456672305451308e-05
1.392132600000000053e+00 3.598751663529795204e-04 8.961394355565062875e-05
1.399093300000000095e+00 3.482245021842649891e-04 8.822167136868801403e-05
1.406088699999999969e+00 3.358614215918250510e-04 8.684758070523702000e-05
1.413119199999999909e+00 3.225979196302122473e-04 8.549798576863386053e-05
1.420184799999999914e+00 3.081825619596123599e-04 8.417262283314648713e-05
1.427285700000000102e+00 2.922057230288092671e-04 8.287121819431442292e-05
1.434422099999999922e+00 2.740610335314376945e-04 8.158709019734738358e-05
1.441594199999999937e+00 2.526822221606649771e-04 8.032644464786621867e-05
1.448802200000000040e+00 2.259641947898741112e-04 7.908266815517535180e-05
1.456046200000000068e+00 1.886635352113118940e-04 7.785559684581261960e-05
1.463326499999999974e+00 1.187553255335942323e-04 7.665762533359864531e-05
1.467479800000000001e+00 -8.112722206470871433e-05 7.598323853249346104e-05
1.467920200000000008e+00 -8.472949814380129540e-05 2.834641246495975373e-04
1.470643099999999981e+00 8.515070334653217590e-05 2.816137252665421920e-04
1.477996300000000041e+00 1.611406104777312112e-04 2.766850425903789076e-04
1.485386300000000048e+00 1.875190526886272833e-04 2.718417589804846771e-04
1.492813200000000062e+00 1.981861218809164544e-04 2.670891062566951510e-04
1.500277300000000036e+00 1.976202981756002540e-04 2.624199075018233723e-04
1.507778700000000027e+00 1.805730282995382573e-04 2.578332518214898313e-04
1.514168399999999970e+00 7.841291379309125141e-05 2.540063200449781838e-04
1.515031699999999981e+00 7.766405827250348832e-05 3.807559552696291151e-04
1.515317599999999931e+00 9.870952207575760457e-05 3.805020670852610762e-04
1.522894200000000087e+00 2.072860497080989317e-04 3.737966274296541003e-04
1.530508600000000108e+00 2.407883716824771672e-04 3.672145994471618692e-04
1.538161200000000006e+00 2.623342885810727473e-04 3.607485635936963256e-04
1.545852000000000004e+00 2.782767824462487874e-04 3.543972765960391519e-04
1.553581199999999995e+00 2.908107581260078968e-04 3.481476202599620299e-04
1.561349099999999934e+00 3.009901350352598326e-04 3.420161489230324342e-04
1.569155899999999937e+00 3.094178006088936701e-04 3.359897980081184322e-04
1.577001700000000062e+00 3.164769886556536519e-04 3.300732623375841738e-04
1.584886699999999982e+00 3.224299843714675297e-04 3.242595049283732828e-04
1.592811100000000035e+00 3.274653317930073309e-04 3.185473886515407713e-04
1.600775199999999954e+00 3.317253410950660370e-04 3.129415115249647582e-04
1.608778999999999959e+00 3.353181063085834950e-04 3.074292792075597556e-04
1.616822900000000063e+00 3.383319314863444211e-04 3.020210070117785011e-04
1.624907000000000101e+00 3.408356282991543474e-04 2.967042150450709538e-04
1.633031600000000028e+00 3.428886486897213108e-04 2.914835147260812437e-04
1.641196700000000064e+00 3.445374404993652401e-04 2.863578654705124186e-04
1.649402699999999999e+00 3.458233288843836880e-04 2.813205900092400290e-04
1.657649699999999893e+00 3.467813475298434978e-04 2.763707320789848473e-04
1.665937999999999919e+00 3.474403104444442067e-04 2.715128296756324079e-04
1.674267699999999914e+00 3.478257042490004902e-04 2.667403684989618786e-04
1.682638999999999996e+00 3.479597064597881369e-04 2.620524007697113940e-04
1.691052199999999894e+00 3.478621271799488615e-04 2.574425342705498180e-04
1.699507499999999949e+00 3.475490022608652171e-04 2.529207416012043937e-04
1.708004999999999995e+00 3.470359050609703286e-04 2.484806508510927262e-04
1.716544999999999987e+00 3.463339485319727397e-04 2.441159765198334637e-04
1.725127800000000100e+00 3.454546900992420499e-04 2.398258794691961605e-04
1.733753399999999889e+00 3.444071719330717000e-04 2.356148736281487026e-04
1.742422200000000032e+00 3.431992704008882903e-04 2.314767641925084450e-04
1.751134299999999921e+00 3.418357779981977891e-04 2.274160129683383232e-04
1.759889899999999896e+00 3.403220939540121579e-04 2.234212954255439059e-04
1.768689399999999967e+00 3.386582948515495166e-04 2.195022740259828945e-04
1.777532799999999913e+00 3.368461469375976349e-04 2.156529418107935121e-04
1.786420499999999967e+00 3.348822637826834097e-04 2.118673527571034447e-04
1.795352599999999965e+00 3.327607537072505071e-04 2.081550724364433064e-04
1.804329400000000083e+00 3.304696472705454945e-04 2.045050595413515934e-04
1.813350999999999935e+00 3.279913516029520732e-04 2.009166481711396304e-04
1.822417799999999977e+00 3.252986254049898551e-04 1.973941905278594003e-04
1.831529900000000044e+00 3.223450475556800202e-04 1.939369573216062322e-04
1.840687500000000032e+00 3.190563922970297297e-04 1.905392187896357275e-04
1.849890899999999894e+00 3.152992603347001452e-04 1.872003117283663697e-04
1.859140400000000026e+00 3.108052659215998883e-04 1.839195795123420838e-04
1.868436100000000044e+00 3.049154919429847787e-04 1.807013128035536383e-04
1.877778299999999900e+00 2.950766974368061344e-04 1.775349991429384675e-04
1.882408199999999976e+00 2.831525680056662126e-04 1.759943460428998292e-04
1.886591799999999930e+00 2.821941843373017051e-04 2.049169076107848963e-04
1.887167199999999934e+00 2.844776818689734961e-04 2.046887592820208722e-04
1.896603000000000039e+00 2.977159554833531279e-04 2.009892613939353288e-04
1.906085999999999947e+00 3.016637579472723567e-04 1.973649239652862288e-04
1.915616500000000055e+00 3.034015621920099770e-04 1.937956673371227061e-04
1.925194499999999920e+00 3.040796081878090478e-04 1.902904904184566813e-04
1.934820500000000054e+00 3.041152581781040426e-04 1.868486514333151521e-04
1.944494600000000073e+00 3.037077113690819785e-04 1.834741841505968562e-04
1.954217099999999929e+00 3.029670020698110801e-04 1.801568986737800871e-04
1.963988199999999962e+00 3.019575182588872444e-04 1.769008550461254460e-04
1.973808100000000065e+00 3.007142429020741542e-04 1.737007079416949789e-04
1.983677200000000029e+00 2.992644658801502534e-04 1.706346333919607266e-04
1.993595500000000076e+00 2.976911315506307874e-04 1.676731923281327141e-04
2.003563499999999831e+00 2.959996903310366614e-04 1.647737020050027152e-04
2.013581299999999796e+00 2.941904851182347005e-04 1.619263156245637377e-04
2.023649199999999926e+00 2.922599453841374104e-04 1.591395339849564132e-04
2.033767500000000172e+00 2.901980708622703452e-04 1.564035971544726800e-04
2.043936299999999928e+00 2.879816841976523979e-04 1.537224437830540227e-04
2.054155999999999871e+00 2.855635565904330480e-04 1.510954285984768752e-04
2.064426800000000117e+00 2.828399049307777800e-04 1.485174732786315914e-04
2.074748899999999896e+00 2.795233560839073691e-04 1.459880256365325821e-04
2.085122699999999885e+00 2.741664088245242595e-04 1.435065244466251838e-04
2.087438399999999916e+00 2.716392593155265230e-04 1.429640791855906021e-04
2.092161400000000171e+00 2.707737080059640549e-04 1.517965123279230004e-04
2.095548299999999919e+00 2.730741365834630672e-04 1.509368419630330456e-04
2.106025999999999954e+00 2.746495581811743696e-04 1.483302589361498768e-04
2.116556200000000221e+00 2.744339837570917724e-04 1.457675909640186219e-04
2.127138899999999833e+00 2.736297118322759633e-04 1.432570214290455912e-04
2.137774600000000191e+00 2.725151315878773426e-04 1.407893258392102650e-04
2.148463500000000082e+00 2.712011945767164953e-04 1.383725972252838172e-04
2.159205800000000064e+00 2.697445191100872569e-04 1.359977272808788370e-04
2.170001800000000092e+00 2.681762224457633764e-04 1.336684887293544395e-04
2.180851899999999954e+00 2.665146909069949490e-04 1.313801354162096101e-04
2.191756100000000096e+00 2.647677339347695750e-04 1.291364250633251598e-04
2.202714900000000142e+00 2.629517596220015685e-04 1.269827516996608350e-04
2.213728500000000210e+00 2.610938680275459484e-04 1.248722341878280313e-04
2.224797099999999972e+00 2.591900492690078360e-04 1.228043765294435413e-04
2.235921100000000106e+00 2.572368942617780604e-04 1.207745635765908375e-04
2.247100699999999840e+00 2.552266710055421444e-04 1.187864620128891390e-04
2.258336200000000016e+00 2.531452295261282770e-04 1.168314401472765563e-04
2.269627900000000142e+00 2.509639025215466357e-04 1.149131874921882813e-04
2.280975999999999893e+00 2.486186902782513714e-04 1.130312898610539240e-04
2.292380899999999944e+00 2.459213164423330769e-04 1.111853268444373252e-04
2.302209400000000183e+00 2.425740757962979071e-04 1.096242421672558048e-04
2.303842799999999968e+00 2.416170037812476548e-04 1.093709004634904792e-04
2.311390400000000067e+00 2.411614834561383943e-04 1.132506658530690538e-04
2.315361999999999920e+00 2.415705002192421462e-04 1.126155686894733795e-04
2.326938800000000196e+00 2.411906167946155854e-04 1.107946904255586269e-04
2.338573499999999861e+00 2.401469697223223806e-04 1.090048704331897747e-04
2.350266400000000200e+00 2.388622544355533056e-04 1.072418535436751771e-04
2.362017699999999998e+00 2.374508940354832034e-04 1.055131491746579822e-04
2.373827799999999932e+00 2.359610889811436063e-04 1.038144841663283597e-04
2.385696999999999957e+00 2.344191015569689228e-04 1.021416707531413130e-04
2.397625399999999907e+00 2.328394820066929526e-04 1.004982797447715088e-04
2.409613600000000133e+00 2.312325908673645825e-04 9.888397069203466792e-05
2.421661600000000192e+00 2.296042214841283256e-04 9.729463412284600980e-05
2.433769900000000153e+00 2.279625702690237182e-04 9.573755319498192370e-05
2.445938799999999969e+00 2.263140311011192947e-04 9.420859301033684323e-05
2.458168500000000201e+00 2.246583304764592436e-04 9.268873764036150275e-05
2.470459299999999914e+00 2.229933195561681998e-04 9.118911948113585198e-05
2.482811599999999785e+00 2.213217561928340084e-04 8.971694152597451441e-05
2.495225700000000213e+00 2.196459486867822640e-04 8.826452407379902691e-05
2.507701799999999981e+00 2.179674110683345995e-04 8.683900786957955383e-05
2.520240300000000211e+00 2.162875698737544525e-04 8.543643641162499086e-05
2.532841499999999968e+00 2.146074613580720397e-04 8.405656265180040481e-05
2.545505700000000093e+00 2.129287930727653691e-04 8.269914172313764936e-05
2.558233299999999932e+00 2.112521431405131849e-04 8.136392773932646968e-05
2.571024400000000210e+00 2.095781196827950109e-04 8.005426312922912899e-05
2.583879599999999943e+00 2.079075724161743969e-04 7.876272918086858841e-05
2.596798999999999857e+00 2.062414004785171218e-04 7.749269035567754073e-05
2.609782899999999906e+00 2.045797656259455981e-04 7.624038894149698538e-05
2.622831899999999994e+00 2.029237777733006881e-04 7.501264858885867918e-05
2.635946000000000122e+00 2.012732783732208187e-04 7.380221854681471498e-05
2.649125699999999917e+00 1.996290197475264450e-04 7.261238839195698492e-05
2.662371400000000055e+00 1.979914179011658839e-04 7.143947555896997534e-05
2.675683199999999928e+00 1.963609175328779059e-04 7.029018631145577149e-05
2.689061699999999888e+00 1.947378736096411732e-04 6.915398042170252976e-05
2.702507000000000215e+00 1.931226994851115142e-04 6.803755031210924939e-05
2.716019499999999809e+00 1.915157496357944506e-04 6.694067480692390078e-05
2.729599599999999793e+00 1.899161349186701106e-04 6.585639728738497075e-05
2.743247600000000119e+00 1.883233195101352065e-04 6.478460373183105687e-05
2.756963799999999853e+00 1.867376931453914777e-04 6.373518704273588558e-05
2.770748600000000117e+00 1.851596172526757641e-04 6.269792707237806619e-05
2.784602399999999811e+00 1.835897347804506024e-04 6.167931556943092805e-05
2.798525399999999941e+00 1.820281044760646127e-04 6.067914658982730570e-05
2.812517999999999851e+00 1.804747565595361770e-04 5.969394210905968923e-05
2.826580600000000221e+00 1.789302932119743905e-04 5.872354435503961438e-05
2.840713500000000113e+00 1.773950210944196459e-04 5.777103608384301229e-05
2.854917100000000207e+00 1.758686595025738127e-04 5.683299310557857453e-05
2.869191700000000012e+00 1.743517848983030345e-04 5.590926409135006902e-05
2.883537599999999923e+00 1.728446744998428744e-04 5.499969897409827309e-05
2.897955300000000012e+00 1.713472968807543259e-04 5.410731828321758735e-05
2.912445099999999787e+00 1.698601841716651994e-04 5.322877003537462913e-05
2.927007300000000090e+00 1.683830438692181578e-04 5.236704994214718079e-05
2.941642400000000102e+00 1.675058524846272719e-04 5.151258509589916383e-05
2.956350599999999940e+00 1.660461196045580985e-04 5.066843793160637368e-05
2.971132299999999837e+00 1.645973096597664123e-04 4.983760574458507024e-05
2.985987999999999865e+00 1.631601212136093841e-04 4.902302346670402492e-05
3.000917900000000138e+00 1.617411054485075870e-04 4.821837839851514303e-05
3.015922499999999840e+00 1.603666644395439146e-04 4.737784004013633268e-05
3.031002099999999810e+00 1.593436520643316432e-04 4.655357349388770705e-05
3.046157099999999840e+00 1.579385846046649884e-04 4.573331717842834198e-05
3.061387900000000162e+00 1.565369104254200915e-04 4.492908100519514227e-05
3.076694900000000121e+00 1.551399957013404089e-04 4.413769202107104304e-05
3.092078299999999835e+00 1.537489348522225088e-04 4.336198900307117795e-05
3.107538700000000098e+00 1.523640290798937869e-04 4.259882891152503914e-05
3.123076399999999975e+00 1.509860673245730887e-04 4.185102224969910898e-05
3.138691800000000143e+00 1.496153330029118900e-04 4.111546130918312237e-05
3.154385299999999948e+00 1.482523285019097050e-04 4.039492858892342606e-05
3.170157199999999786e+00 1.468970895372985550e-04 3.968634977480680752e-05
3.186008000000000173e+00 1.455500828041745827e-04 3.899247972254113264e-05
3.201938000000000173e+00 1.442113272888452687e-04 3.831027585954457568e-05
3.217947699999999855e+00 1.428810436863110821e-04 3.763960945301749535e-05
3.234037400000000062e+00 1.415594607337803692e-04 3.698035531224414001e-05
3.250207599999999974e+00 1.402467796678959309e-04 3.633521622821751790e-05
3.266458699999999826e+00 1.389429865475571061e-04 3.570121079255602698e-05
3.282791000000000015e+00 1.376482876007083928e-04 3.507821732450647955e-05
3.299204899999999885e+00 1.363626606893307254e-04 3.446611410457177068e-05
3.315700899999999951e+00 1.350864916158359857e-04 3.386477948610006939e-05
3.332279400000000003e+00 1.338195387131308541e-04 3.327409399606097565e-05
3.348940799999999829e+00 1.325617723885631088e-04 3.269668500672544211e-05
3.365685599999999944e+00 1.313137613937565094e-04 3.212692901193474674e-05
3.382514000000000021e+00 1.300750724854083859e-04 3.156475263324772852e-05
3.399426500000000129e+00 1.288458592215539224e-04 3.101278521629355741e-05
3.416423700000000174e+00 1.276258674606756366e-04 3.047091055814554091e-05
3.433505799999999830e+00 1.264154638517065853e-04 2.993901712749507632e-05
3.450673300000000054e+00 1.252143995711616506e-04 2.941432686559029567e-05
3.467926700000000029e+00 1.240226242346295627e-04 2.890207052595313180e-05
3.485266300000000150e+00 1.228404789077986543e-04 2.839682213344590301e-05
3.502692699999999881e+00 1.216677081555416384e-04 2.790113538339324321e-05
3.520206099999999783e+00 1.205044618672394108e-04 2.741490338398828752e-05
3.537807200000000041e+00 1.193508479776292911e-04 2.693801626360591196e-05
3.555496199999999885e+00 1.182064580503985001e-04 2.647036903955933725e-05
3.573273700000000108e+00 1.170717681389654978e-04 2.600928124013732000e-05
3.591140000000000221e+00 1.159463649402170746e-04 2.555699193568212614e-05
3.609095700000000129e+00 1.148305334166016572e-04 2.511314488416601669e-05
3.627141200000000065e+00 1.137240355752863530e-04 2.467713777146418711e-05
3.645276899999999820e+00 1.126271576871719181e-04 2.424938823971998275e-05
3.663503299999999907e+00 1.115394837158044080e-04 2.382904899393472478e-05
3.681820800000000116e+00 1.104612937397824281e-04 2.341628825604941539e-05
3.700229900000000072e+00 1.093925140400158066e-04 2.301102085405929066e-05
3.718731099999999845e+00 1.083329059292065488e-04 2.261291513732698448e-05
3.737324699999999833e+00 1.072827413930489433e-04 2.222213843795318376e-05
3.756011399999999778e+00 1.062419319128703058e-04 2.183836186292052145e-05
3.774791399999999797e+00 1.053825804790029473e-04 2.145931630024893445e-05
3.793665400000000076e+00 1.043595217481350202e-04 2.108228928339885334e-05
3.812633700000000125e+00 1.033448180002529608e-04 2.071234194184478437e-05
3.831696899999999850e+00 1.023385688805920018e-04 2.034891329510476755e-05
3.850855399999999928e+00 1.013407244380441281e-04 1.999217011481975044e-05
3.870109600000000150e+00 1.003513876397475328e-04 1.964179983666710660e-05
3.889460199999999812e+00 9.937048863596698088e-05 1.929773020574843841e-05
3.908907500000000201e+00 9.839812861388740528e-05 1.896012689411519849e-05
3.928452000000000055e+00 9.743424424502336535e-05 1.862844828371918872e-05
3.948094300000000167e+00 9.647876777698069842e-05 1.830262810205425286e-05
3.967834700000000048e+00 9.553164664640656425e-05 1.798283382723787227e-05
3.987673899999999882e+00 9.459295322912290545e-05 1.766899646809064612e-05
4.055024000000000406e+00 9.208878913427589953e-05 1.665600103252870505e-05
4.334820999999999813e+00 8.058677290868244026e-05 1.315733620561651817e-05
4.633924000000000376e+00 7.041129277672557990e-05 1.039672909593343973e-05
4.953663999999999845e+00 6.144370580279262268e-05 8.218352663271474775e-06
5.295467000000000368e+00 5.357270568456703037e-05 6.506391687421665808e-06
5.660854999999999748e+00 4.667304910618123734e-05 5.158900556127373179e-06
6.051453000000000415e+00 4.062688861300374374e-05 4.096837138046143957e-06
6.469003999999999976e+00 3.532496490547242651e-05 3.254434956526964062e-06
6.915365000000000428e+00 3.065608391641084059e-05 2.576315056036027901e-06
7.392525000000000013e+00 2.651638490290383879e-05 2.042456044117604314e-06
7.902608999999999995e+00 2.277786056871688227e-05 1.622051530032988162e-06
8.447889999999999233e+00 1.902718811699550448e-05 1.288009250561830902e-06
8.475039999999999907e+00 1.880715921498114936e-05 1.273792560823884908e-06
8.604760000000000630e+00 1.733713868786162715e-05 1.208424178151452223e-06
8.639352000000000587e+00 1.613986703664006776e-05 1.191877611357843646e-06
8.691240000000000521e+00 1.700581505744125480e-05 3.209585437603320975e-06
8.820959999999999468e+00 1.739109611479868294e-05 2.992257309731354254e-06
9.030794000000000210e+00 1.695969424596762058e-05 2.728859816276289190e-06
9.424561000000000632e+00 1.565718952997084229e-05 2.364971638366050840e-06
9.568813999999999709e+00 1.490771850530802873e-05 2.247635635273407488e-06
9.607281999999999655e+00 1.437836524118061439e-05 2.217387668523108374e-06
9.653919000000000139e+00 1.461855938903956667e-05 3.016402927348964618e-06
9.664982999999999436e+00 1.466114788889765860e-05 3.003626002291223069e-06
9.809236999999999540e+00 1.464604805596772030e-05 2.842745297941154614e-06
9.913385999999999143e+00 1.445907135215403339e-05 2.731623895900749016e-06
1.006512000000000029e+01 1.403323785745079449e-05 2.576518820157971962e-06
1.010557999999999979e+01 1.376339324976765133e-05 2.536903180164317940e-06
1.016628000000000043e+01 1.384258056396933788e-05 2.858321835012473752e-06
1.032004000000000055e+01 1.371118327881729004e-05 2.704713224832435843e-06
1.103212000000000081e+01 1.244109439884917720e-05 2.101207822887697405e-06
1.179334000000000060e+01 1.106894511879392271e-05 1.646600845629119781e-06
1.260707999999999984e+01 9.793521665315585466e-06 1.297651935632352137e-06
1.347696999999999967e+01 8.634442340652395505e-06 1.020459005797678519e-06
1.440687999999999924e+01 7.593493205052308555e-06 8.021740362161962314e-07
1.540094999999999992e+01 6.666665329821878573e-06 6.307441766150191911e-07
1.646361999999999881e+01 5.845996986471391930e-06 4.962154127113684569e-07
1.759960999999999842e+01 5.126947314230566912e-06 3.903340465569595144e-07
1.881398000000000081e+01 4.488806778400587223e-06 3.066012355299077152e-07
2.011214999999999975e+01 3.930027517576494263e-06 2.409166378817658966e-07
2.149988000000000099e+01 3.439204806322096033e-06 1.890891763984545784e-07
2.298338000000000036e+01 3.007447836261776471e-06 1.485496807505104135e-07
2.456923000000000101e+01 2.629431903074839995e-06 1.168422226328967908e-07
2.626450000000000173e+01 2.298842524963682520e-06 9.200863575386525196e-08
2.807676000000000016e+01 2.009650193660997471e-06 7.199010790451537159e-08
3.001405000000000101e+01 1.756233044285217409e-06 5.626198496459204716e-08
3.208502000000000010e+01 1.534570323704052638e-06 4.402687031192360781e-08
3.429889000000000010e+01 1.340755023960314017e-06 3.449606865349595267e-08
3.666550999999999760e+01 1.171313823821596093e-06 2.706804032328649994e-08
3.919543000000000177e+01 1.023171344890124294e-06 2.123830534467849091e-08
4.189992000000000161e+01 8.935991238264542847e-07 1.667186366829496442e-08
4.479100999999999999e+01 7.802126605197205010e-07 1.307635957487962287e-08
4.788159000000000276e+01 6.808562560280103682e-07 1.024408325614662512e-08
5.118542000000000058e+01 5.935647241821889118e-07 8.036262635752216099e-09
5.471721000000000146e+01 5.162234360712070122e-07 6.314622785191726151e-09
5.820181000000000182e+01 4.491245288311956033e-07 5.061440805605686063e-09
5.849269999999999925e+01 4.431582308417414173e-07 4.972129476745647338e-09
5.909264999999999901e+01 4.282422086560505668e-07 4.794515153884883741e-09
5.933021000000000100e+01 4.159785872858238626e-07 4.726496725512783691e-09
5.968654999999999688e+01 4.198529750974106248e-07 2.182444100611626844e-08
6.057739000000000118e+01 4.153357275293365346e-07 2.072629660133949826e-08
6.252870000000000061e+01 3.950873357553094371e-07 1.855596272322087609e-08
6.684318000000000382e+01 3.498101674560919883e-07 1.463303543624064456e-08
7.145535999999999888e+01 3.079215611835450699e-07 1.152541283098679442e-08
7.638577999999999690e+01 2.704342624191253711e-07 9.080499011482657719e-09
8.165640000000000498e+01 2.372400508379245851e-07 7.147329342778920221e-09
8.729068999999999789e+01 2.079340857208725828e-07 5.611289550239485567e-09
9.331373999999999569e+01 1.821473230370052583e-07 4.409119520985319867e-09
9.975239000000000544e+01 1.594986584281530472e-07 3.467633701381501523e-09
1.066353000000000009e+02 1.396298848951682048e-07 2.730123437780981402e-09
1.139930999999999983e+02 1.222134739847910034e-07 2.151862475735558380e-09
1.218586999999999989e+02 1.069994857426956702e-07 1.695808778109797695e-09
1.302668999999999926e+02 9.362831481257698090e-08 1.335194809326711523e-09
1.392553000000000054e+02 8.192058394869450885e-08 1.053093329051055585e-09
1.488640000000000043e+02 7.167271343647775901e-08 8.321751782443636908e-10
1.591356000000000108e+02 6.270453184160441638e-08 6.590803888430771157e-10
1.701159000000000106e+02 5.485726672860680083e-08 5.232692933418795038e-10
1.818539000000000101e+02 4.799140117106558438e-08 4.165693873026027569e-10
1.944018000000000086e+02 4.198468339521311580e-08 3.326219828492936362e-10
2.078155999999999892e+02 3.672974399722401806e-08 2.664795092616642028e-10
2.221547999999999945e+02 3.213271232187860945e-08 2.142658139399896760e-10
2.374834999999999923e+02 2.811121453053300983e-08 1.729636651461841713e-10
2.538699000000000012e+02 2.459315525490188020e-08 1.402189675688244093e-10
2.713869000000000256e+02 2.151566239596928170e-08 1.145554651657002023e-10
2.901125999999999863e+02 1.882367858086208511e-08 9.408669204205318862e-11
3.101304000000000087e+02 1.646879097598397524e-08 7.763319042498068743e-11
3.315294000000000096e+02 1.440873678057457552e-08 6.436512369244222442e-11
3.544048999999999978e+02 1.260653731473523635e-08 5.362546893934523830e-11
3.788587999999999738e+02 1.102991098008237751e-08 4.489967950126043635e-11
4.050000999999999749e+02 9.650571630446611483e-09 3.777847816668096274e-11
4.329451000000000249e+02 8.443812204789708998e-09 3.194385864907875141e-11
