1.024002000000000079e+00 1.793961062806925192e-03 1.113081889792509127e-03
1.039674999999999905e+00 1.728906519313933542e-03 1.064982971657235482e-03
1.043854999999999977e+00 1.686254992743254667e-03 1.052601128402052676e-03
1.050124000000000057e+00 1.704132049378579697e-03 1.098585901633880851e-03
1.065798000000000023e+00 1.696587733984859271e-03 1.054375643380405783e-03
1.067676000000000069e+00 1.694075410198590554e-03 1.049237725966779486e-03
1.141345000000000054e+00 1.563343102144700708e-03 8.695806470294795880e-04
1.220097999999999905e+00 1.418227965676611144e-03 7.178704250623901351e-04
1.247147999999999923e+00 1.369881110683543370e-03 6.738161643824946371e-04
1.266237000000000057e+00 1.334083727852547344e-03 6.440273054239687009e-04
1.271327000000000096e+00 1.320943627166678170e-03 6.363764457919248796e-04
1.278963000000000072e+00 1.313599062434251275e-03 6.344531105876758358e-04
1.298051999999999984e+00 1.287218232763233947e-03 6.069697156489909772e-04
1.304284999999999917e+00 1.278014975844835120e-03 5.983343935344397979e-04
1.394281000000000104e+00 1.146108140001353458e-03 4.886169982317353213e-04
1.411983999999999906e+00 1.120916976518999139e-03 4.702367600399145922e-04
1.433596000000000092e+00 1.088836177184935054e-03 4.490384879300722337e-04
1.439359000000000055e+00 1.077124011213189281e-03 4.435939072131399991e-04
1.448004000000000069e+00 1.070654903561423909e-03 4.439749208398463521e-04
1.469616000000000033e+00 1.047469314569693518e-03 4.246263436448848971e-04
1.490485999999999978e+00 1.023723373991051273e-03 4.069964942607610264e-04
1.593328999999999995e+00 9.129674750537439439e-04 3.307708553129326003e-04
1.703268999999999922e+00 8.088049307257153464e-04 2.674331349692272812e-04
1.820794999999999941e+00 7.134273891776042988e-04 2.166283943663833945e-04
1.946430000000000105e+00 6.273734975927087619e-04 1.756597620739904398e-04
2.080732999999999944e+00 5.503057661803001507e-04 1.426361088540742405e-04
2.224304000000000059e+00 4.820957546738561606e-04 1.158574182047883438e-04
2.377781000000000144e+00 4.209331704680735931e-04 9.429081373469767337e-05
2.541847999999999885e+00 3.664875865872058137e-04 7.690622645231765734e-05
2.717235000000000067e+00 3.180819837383741869e-04 6.281560926802417578e-05
2.904723999999999862e+00 2.747151190282508260e-04 5.141297606567809945e-05
3.105150000000000077e+00 2.358723586323715289e-04 4.137457563036136388e-05
3.319405999999999857e+00 1.968226764251020274e-04 3.275218169675649116e-05
3.480665999999999816e+00 1.633191938715811283e-04 2.777817970438656501e-05
3.533942000000000139e+00 1.429279697683423392e-04 2.635843589927588690e-05
3.548445000000000071e+00 1.250102415129489871e-04 2.598867362678025089e-05
3.569459000000000160e+00 1.369072933514240125e-04 5.491800681916027250e-05
3.622733999999999899e+00 1.418449742849753348e-04 5.484518448013523653e-05
3.653048000000000073e+00 1.403655762698278792e-04 5.484677838865776570e-05
3.708962000000000092e+00 1.315945672350444314e-04 5.494992657417490864e-05
3.723872000000000071e+00 1.212124617140264183e-04 5.499671601748899952e-05
3.746237999999999957e+00 1.315702748979535105e-04 7.488941405038422334e-05
3.793287999999999993e+00 1.394530809450359062e-04 7.333290243144479281e-05
3.802151999999999976e+00 1.401504374174681504e-04 7.302388990586124943e-05
4.055024000000000406e+00 1.425023029063034457e-04 6.156346101627498016e-05
4.217331999999999859e+00 1.360843359617008082e-04 5.325560631263279512e-05
4.281882999999999662e+00 1.305699762588529225e-04 5.012804263652394856e-05
4.299096999999999724e+00 1.259545829570499903e-04 4.932122046230367698e-05
4.324917000000000122e+00 1.290691645994294576e-04 5.597920026917406120e-05
4.334820999999999813e+00 1.296834065820957752e-04 5.548371653481720174e-05
4.389467999999999925e+00 1.301973285786892141e-04 5.281990865415580748e-05
4.633924000000000376e+00 1.230689623376992421e-04 4.252925882961252680e-05
4.953663999999999845e+00 1.104524991482955373e-04 3.300386003777383559e-05
5.078555999999999848e+00 1.053918368652667761e-04 3.010705852694680647e-05
5.156289000000000122e+00 1.018179577886043458e-04 2.848107470929499827e-05
5.177018000000000342e+00 1.001663598056437240e-04 2.806830149907508511e-05
5.208110999999999713e+00 9.999803097668835076e-05 2.925878334856640953e-05
5.285843999999999987e+00 9.812137959497129174e-05 2.776598611925922675e-05
5.295467000000000368e+00 9.784344295975488633e-05 2.758879662576251173e-05
5.437039999999999651e+00 9.350382629079619090e-05 2.515649958821278338e-05
5.520260000000000389e+00 9.066627978764479629e-05 2.386682424605512151e-05
5.542451999999999934e+00 8.951586057139753524e-05 2.353788484091516706e-05
5.575739999999999696e+00 8.910738951367753698e-05 2.407179262557491292e-05
5.660854999999999748e+00 8.721623832310644792e-05 2.286409256146751707e-05
6.051453000000000415e+00 7.773061592296051832e-05 1.826171532610450937e-05
6.469003999999999976e+00 6.880606085377256040e-05 1.461374769448246992e-05
6.915365000000000428e+00 6.072803921866954996e-05 1.169486528479922418e-05
7.392525000000000013e+00 5.357115618252282615e-05 9.324438641029205612e-06
7.902608999999999995e+00 4.712748248867724418e-05 7.411501330677326144e-06
8.447889999999999233e+00 4.134894777962856070e-05 5.900825996439215561e-06
9.030794000000000210e+00 3.629756273374673472e-05 4.685688376878837404e-06
9.653919000000000139e+00 3.177157225645635782e-05 3.681086442106882800e-06
1.032004000000000055e+01 2.777097112000309422e-05 2.898362510341150798e-06
1.103212000000000081e+01 2.426214611458723562e-05 2.282060175074802526e-06
1.179334000000000060e+01 2.117258157390244279e-05 1.798253955626418715e-06
1.260707999999999984e+01 1.845627874641286460e-05 1.419603362521611835e-06
1.347696999999999967e+01 1.607120939340900008e-05 1.122832794634729672e-06
1.440687999999999924e+01 1.397189128541895568e-05 8.893751497765043975e-07
1.540094999999999992e+01 1.210873926392556944e-05 7.052953455433637983e-07
1.646361999999999881e+01 1.039150460925200294e-05 5.587056710633576124e-07
1.682297000000000153e+01 9.801436321717300342e-06 5.182003428819174081e-07
1.708046999999999827e+01 9.222104520620281868e-06 4.915437884449850491e-07
1.714912999999999954e+01 8.813940008398246813e-06 4.847442019949124365e-07
1.725213000000000108e+01 9.039229039299066779e-06 1.122125706221977575e-06
1.750963000000000136e+01 9.060527127221537812e-06 1.064394147680870678e-06
1.759960999999999842e+01 9.015194694662394286e-06 1.045137436098819116e-06
1.881398000000000081e+01 8.100678765617163612e-06 8.218025788303234702e-07
2.011214999999999975e+01 7.098649134895944689e-06 6.436827081666027321e-07
2.052864999999999895e+01 6.775299720510778652e-06 5.971282872023495874e-07
2.084286000000000172e+01 6.478691799356166251e-06 5.648230203681083902e-07
2.092664999999999864e+01 6.312817355383461449e-06 5.565865010702093394e-07
2.105234000000000094e+01 6.349586571403884623e-06 7.658317745278825784e-07
2.132225000000000037e+01 6.273831624268802854e-06 7.318545021668242552e-07
2.136655000000000015e+01 6.253730327360924495e-06 7.264592114011232565e-07
2.149988000000000099e+01 6.186486967658913521e-06 7.105581998044723041e-07
2.164861000000000146e+01 6.094830305786995037e-06 6.933371075889655408e-07
2.173564000000000007e+01 6.004333265118507656e-06 6.835060688770321953e-07
2.186618999999999957e+01 5.998171011889760251e-06 7.704713838825425046e-07
2.219255000000000067e+01 5.895710734034553352e-06 7.321950060476175931e-07
2.298338000000000036e+01 5.573904668106442079e-06 6.484058116882226527e-07
2.456923000000000101e+01 4.947664141209232723e-06 5.133163859214247366e-07
2.626450000000000173e+01 4.366646614316527472e-06 4.063758321589524937e-07
2.807676000000000016e+01 3.843180559893893559e-06 3.203155705662272544e-07
3.001405000000000101e+01 3.375350973040557461e-06 2.518603664419370953e-07
3.208502000000000010e+01 2.960534260123458066e-06 1.982167722947438025e-07
3.429889000000000010e+01 2.594468209881788912e-06 1.561602992599596420e-07
3.666550999999999760e+01 2.273595239714429428e-06 1.228076241072389863e-07
3.919543000000000177e+01 1.990149981674232033e-06 9.670174152740063236e-08
4.189992000000000161e+01 1.742167227015106662e-06 7.624606302209285284e-08
4.479100999999999999e+01 1.524541397996967206e-06 5.996595766689612982e-08
4.788159000000000276e+01 1.333396426094678558e-06 4.712982552042042394e-08
5.118542000000000058e+01 1.166010462786258100e-06 3.708895485011236929e-08
5.471721000000000146e+01 1.019518279976456263e-06 2.922198309759775645e-08
5.849269999999999925e+01 8.913572606815754594e-07 2.305252215801603236e-08
6.252870000000000061e+01 7.792589195106032667e-07 1.820921166316733886e-08
6.684318000000000382e+01 6.812228273295412842e-07 1.440270760033093289e-08
7.145535999999999888e+01 5.954885705397973632e-07 1.140787442700352945e-08
7.638577999999999690e+01 5.205124492830896177e-07 9.043468516930692179e-09
8.165640000000000498e+01 4.549643238582659844e-07 7.158069951707502885e-09
8.729068999999999789e+01 3.975505679221673655e-07 5.646967720852136826e-09
9.331373999999999569e+01 3.472592224646207434e-07 4.461428210360950245e-09
9.975239000000000544e+01 3.031333323898131438e-07 3.522296018211095966e-09
1.066353000000000009e+02 2.641987725833545974e-07 2.786367064246671541e-09
1.132939999999999969e+02 2.317390488261352649e-07 2.257092486243188266e-09
1.139930999999999983e+02 2.282743737956910771e-07 2.209538062921310182e-09
1.150280999999999949e+02 2.223795504717294490e-07 2.141744069820186883e-09
1.154904999999999973e+02 2.177266483921525857e-07 2.112230088172846165e-09
1.161841000000000008e+02 2.180944234487044474e-07 7.659508233545397359e-09
1.179181999999999988e+02 2.142376922653003906e-07 7.276451120752234387e-09
1.218586999999999989e+02 2.023389936384772334e-07 6.493504663025580222e-09
1.302668999999999926e+02 1.783398570914580697e-07 5.153239170934127317e-09
1.392553000000000054e+02 1.566330463246707778e-07 4.089111072236393387e-09
1.488640000000000043e+02 1.373751538486651236e-07 3.246157529962645604e-09
1.591356000000000108e+02 1.203929439454145434e-07 2.578980079999761426e-09
1.701159000000000106e+02 1.054601754145784022e-07 2.049972973595880992e-09
1.818539000000000101e+02 9.234864699140090027e-08 1.630774516996328337e-09
1.944018000000000086e+02 8.084844774878108653e-08 1.299097804670494293e-09
2.078155999999999892e+02 7.076855035451973609e-08 1.036458553070573543e-09
2.221547999999999945e+02 6.193794066415050289e-08 8.284289461569083053e-10
2.374834999999999923e+02 5.420424487360910745e-08 6.634277976900890147e-10
2.538699000000000012e+02 4.743310151858626154e-08 5.328677568374852290e-10
2.713869000000000256e+02 4.150606780927878239e-08 4.291010868668398550e-10
2.901125999999999863e+02 3.631846194404310734e-08 3.464349308991410368e-10
3.101304000000000087e+02 3.177853056105569037e-08 2.804803346825600210e-10
3.315294000000000096e+02 2.780562849555260057e-08 2.277769719738677595e-10
3.544048999999999978e+02 2.432917896050580157e-08 1.855802774094265558e-10
3.788587999999999738e+02 2.128724091469260670e-08 1.517364113413820790e-10
4.050000999999999749e+02 1.862557541342838502e-08 1.245293669594400630e-10
4.329451000000000249e+02 1.629671688562869080e-08 1.026098193305084541e-10
