1.067676000000000069e+00 9.790662046935505285e-04 2.987474142338557444e-04
1.141345000000000054e+00 8.648218046978786364e-04 2.352137348399311321e-04
1.220097999999999905e+00 7.613586213523924548e-04 1.851589000289408798e-04
1.304284999999999917e+00 6.686888290824088109e-04 1.457208138104502699e-04
1.394281000000000104e+00 5.862556912597747258e-04 1.146796544889516458e-04
1.490485999999999978e+00 5.133018297273819319e-04 9.026617462583808786e-05
1.593328999999999995e+00 4.490555756824825490e-04 7.107658006897194989e-05
1.703268999999999922e+00 3.925016857678936583e-04 5.598426679859725769e-05
1.820794999999999941e+00 3.428909241294518279e-04 4.412340417484169090e-05
1.946430000000000105e+00 2.994422518398731983e-04 3.479311364952651365e-05
2.080732999999999944e+00 2.614567894419392541e-04 2.742797139639402429e-05
2.224304000000000059e+00 2.281929723946811873e-04 2.150012462263368562e-05
2.377781000000000144e+00 1.990823255606508145e-04 1.687456560379198346e-05
2.541847999999999885e+00 1.736513554003867813e-04 1.325104350553409282e-05
2.717235000000000067e+00 1.514317098521842156e-04 1.037885035989990632e-05
2.904723999999999862e+00 1.320340899648891387e-04 8.137681930956979856e-06
3.105150000000000077e+00 1.151305099645326695e-04 6.329353097750452899e-06
3.319405999999999857e+00 1.002857503443969331e-04 4.886552508889941126e-06
3.548445000000000071e+00 8.729074839716821166e-05 3.777262690510989354e-06
3.793287999999999993e+00 7.591619638632744369e-05 2.923514482397851227e-06
4.055024000000000406e+00 6.594713864768509987e-05 2.265482469431260463e-06
4.334820999999999813e+00 5.717910664545219673e-05 1.757816639238030695e-06
4.633924000000000376e+00 4.940514887565092131e-05 1.365700056907434971e-06
4.953663999999999845e+00 4.235040716256122096e-05 1.062539433024328472e-06
5.295467000000000368e+00 3.518483975409956429e-05 8.277847252658173673e-07
5.355798000000000059e+00 3.362131482095675447e-05 7.935398740833491175e-07
5.437774000000000107e+00 3.013058686268275596e-05 7.498820397545684751e-07
5.459634999999999572e+00 2.691493291994916150e-05 7.387638124666285878e-07
5.492424999999999891e+00 2.959420743836299047e-05 6.520024384387791782e-06
5.574402000000000079e+00 3.136649431492067886e-05 6.153891128789261560e-06
5.660854999999999748e+00 3.151671983616879556e-05 5.795383137577701618e-06
6.051453000000000415e+00 2.936014319222701361e-05 4.525946500466164432e-06
6.469003999999999976e+00 2.641005391035165640e-05 3.566772795295818193e-06
6.915365000000000428e+00 2.350539103190516191e-05 2.818045244074054997e-06
7.392525000000000013e+00 2.081151076891331393e-05 2.218307080651680321e-06
7.902608999999999995e+00 1.835768314013818818e-05 1.740165418963072225e-06
8.447889999999999233e+00 1.615398221331563116e-05 1.363957999370978395e-06
9.030794000000000210e+00 1.419338131255822552e-05 1.067850056205310478e-06
9.653919000000000139e+00 1.245423507663854753e-05 8.330092899203531061e-07
1.032004000000000055e+01 1.091721396797010239e-05 6.498547607476540864e-07
1.103212000000000081e+01 9.580170016834583106e-06 5.065072043218853538e-07
1.179334000000000060e+01 8.387143910573566628e-06 3.922677833464309790e-07
1.260707999999999984e+01 7.338930250284785592e-06 3.036720034817751668e-07
1.347696999999999967e+01 6.419607892474200973e-06 2.351491326643490229e-07
1.440687999999999924e+01 5.614247385974218134e-06 1.821404550090416776e-07
1.540094999999999992e+01 4.909208731226685452e-06 1.411209734239461491e-07
1.646361999999999881e+01 4.292352596103746467e-06 1.093760144708288991e-07
1.759960999999999842e+01 3.752828705444516256e-06 8.480279772459964181e-08
1.881398000000000081e+01 3.281062203198252744e-06 6.577541953553065457e-08
2.011214999999999975e+01 2.868621108380264288e-06 5.104207389129895012e-08
2.149988000000000099e+01 2.508080488995126196e-06 3.962743742269800000e-08
2.298338000000000036e+01 2.192943498708473000e-06 3.078249864608920745e-08
2.456923000000000101e+01 1.917494374031554079e-06 2.385451937952067218e-08
2.626450000000000173e+01 1.676707986253881540e-06 1.845443620557301135e-08
2.807676000000000016e+01 1.466155413228282557e-06 1.421868808435319014e-08
3.001405000000000101e+01 1.282049216968222594e-06 1.094977041271186851e-08
3.208502000000000010e+01 1.121094100629606299e-06 8.442863392430223083e-09
3.429889000000000010e+01 9.803877904757137505e-07 6.519780517437854209e-09
3.666550999999999760e+01 8.573782545088707507e-07 5.043741520607339524e-09
3.919543000000000177e+01 7.498347515327648383e-07 3.909802888647936203e-09
4.189992000000000161e+01 6.558087210139066002e-07 3.037914577158353395e-09
4.479100999999999999e+01 5.735980641920693458e-07 2.367001721931977520e-09
4.788159000000000276e+01 5.017124634360383717e-07 1.849988964491401568e-09
5.118542000000000058e+01 4.388547701242991542e-07 1.450982259064189299e-09
5.471721000000000146e+01 3.838839218539879906e-07 1.142710529145235768e-09
5.849269999999999925e+01 3.358116820510975281e-07 9.040751286583373068e-10
6.252870000000000061e+01 2.937669332867527947e-07 7.188748473969719194e-10
6.684318000000000382e+01 2.569952511788550467e-07 5.748564857161117366e-10
7.145535999999999888e+01 2.248322182266103320e-07 4.625148181833324498e-10
7.638577999999999690e+01 1.966986552301725999e-07 3.746079005597574265e-10
8.165640000000000498e+01 1.720921912006157382e-07 3.052691732544433191e-10
8.729068999999999789e+01 1.505639326804513076e-07 2.501440491712011897e-10
9.331373999999999569e+01 1.317316709915153791e-07 2.066582433783356236e-10
9.975239000000000544e+01 1.152568892091687168e-07 1.721676537811464289e-10
1.066353000000000009e+02 1.008438205560019773e-07 1.446322415663312907e-10
1.139930999999999983e+02 8.823432545585241518e-08 1.225096089288910819e-10
1.218586999999999989e+02 7.720271487192969536e-08 1.046041258600614192e-10
1.302668999999999926e+02 6.755106823224783380e-08 8.998992067621343953e-11
1.392553000000000054e+02 5.910677860259446858e-08 7.796932219337350102e-11
1.488640000000000043e+02 5.171845439663222302e-08 6.800023397257170267e-11
1.591356000000000108e+02 4.525412114604807267e-08 5.965621922219778511e-11
1.701159000000000106e+02 3.959796051252278384e-08 5.261634997468560558e-11
1.818539000000000101e+02 3.464917188290055709e-08 4.662124900225968307e-11
1.944018000000000086e+02 3.031900089368328852e-08 4.148475939675594898e-11
2.078155999999999892e+02 2.653007003385226976e-08 3.704046305895575809e-11
2.221547999999999945e+02 2.321477127809943175e-08 3.317617826749480322e-11
2.374834999999999923e+02 2.031383596971956454e-08 2.978840973552542107e-11
2.538699000000000012e+02 1.777555564711878563e-08 2.680186275224335727e-11
2.713869000000000256e+02 1.555444911376956354e-08 2.415894608134592319e-11
2.901125999999999863e+02 1.361093266601887315e-08 2.180788345217708580e-11
3.101304000000000087e+02 1.191025506468756274e-08 1.970632374931894735e-11
3.315294000000000096e+02 1.042212328042305379e-08 1.782393575667730084e-11
3.544048999999999978e+02 9.119967988162093841e-09 1.613238774016428331e-11
3.788587999999999738e+02 7.980506193103024516e-09 1.460865637982258495e-11
4.050000999999999749e+02 6.983437854807883257e-09 1.323346601997245832e-11
4.329451000000000249e+02 6.110942707855730995e-09 1.199067530792328932e-11
