1.001660500000000065e+00 2.114535519822555512e-03 6.673631063990636322e-04
1.006668799999999919e+00 2.096911174997186794e-03 6.566656900989591671e-04
1.011702099999999938e+00 2.078436337431072145e-03 6.461146891236882765e-04
1.016760600000000014e+00 2.059830615381531230e-03 6.357647667682569947e-04
1.021844399999999986e+00 2.041172383739790330e-03 6.255763713341710693e-04
1.026953599999999911e+00 2.022512238685777921e-03 6.155663393029954305e-04
1.032088399999999906e+00 2.003865728915107600e-03 6.057141934383155311e-04
1.037248900000000029e+00 1.985260383677581002e-03 5.959081115771638773e-04
1.042435100000000059e+00 1.966682952125110937e-03 5.861116010913485158e-04
1.047647299999999948e+00 1.948147415028972460e-03 5.764704838797076120e-04
1.052885499999999919e+00 1.929668348246118843e-03 5.670012519895257369e-04
1.058149900000000088e+00 1.911251263311097414e-03 5.576839497391490943e-04
1.063440699999999906e+00 1.892905334006421761e-03 5.485527184649157100e-04
1.068757900000000038e+00 1.874636279246569065e-03 5.395520204648025960e-04
1.074101699999999937e+00 1.856452682427297369e-03 5.307336670921248417e-04
1.079472200000000104e+00 1.838359400704366953e-03 5.220426333974983102e-04
1.084869499999999931e+00 1.820357397676191551e-03 5.135127276854919813e-04
1.090293900000000038e+00 1.802454270209251450e-03 5.051420470683179757e-04
1.095745399999999981e+00 1.784651041991202345e-03 4.968940915788867298e-04
1.101224100000000039e+00 1.766955551226363557e-03 4.888021865679174601e-04
1.106730200000000108e+00 1.749364326417198389e-03 4.808473185596177707e-04
1.112263900000000083e+00 1.731884598074556183e-03 4.730279552431142058e-04
1.117825199999999963e+00 1.714513454785520415e-03 4.653426634035744158e-04
1.123414300000000088e+00 1.697254382906649784e-03 4.577899368724915909e-04
1.129031399999999907e+00 1.680110723433082386e-03 4.503514192147490538e-04
1.134676500000000088e+00 1.663079490865677131e-03 4.430595288095548890e-04
1.140349899999999916e+00 1.646166983662165949e-03 4.358958121236773350e-04
1.146051699999999895e+00 1.629369859049875809e-03 4.288422435465812565e-04
1.151781900000000025e+00 1.612688452251045566e-03 4.219142416999362827e-04
1.157540800000000036e+00 1.596128739178205016e-03 4.150938937049907136e-04
1.163328499999999988e+00 1.579684111370333998e-03 4.083964390605813468e-04
1.169145199999999996e+00 1.563357498361749682e-03 4.018204788696088953e-04
1.174990900000000060e+00 1.547152226275153551e-03 3.953484895626520920e-04
1.180865899999999913e+00 1.531061306773438260e-03 3.889954305639085810e-04
1.186770199999999997e+00 1.515091161149326833e-03 3.827439608872492760e-04
1.192703999999999986e+00 1.499238235288682594e-03 3.765929693968565447e-04
1.198667600000000055e+00 1.483501883518039246e-03 3.705572113096100920e-04
1.204660899999999923e+00 1.467885452521868221e-03 3.646196464691412397e-04
1.210684199999999988e+00 1.452385215810527049e-03 3.587791646752732972e-04
1.216737600000000086e+00 1.437000997365426268e-03 3.530347271328222779e-04
1.222821300000000111e+00 1.421732372719174738e-03 3.474008470952036484e-04
1.228935399999999900e+00 1.406579145290982186e-03 3.418452820460953184e-04
1.235080100000000014e+00 1.391540877749510366e-03 3.363980600156405289e-04
1.241255500000000067e+00 1.376614524672840944e-03 3.310272662509655163e-04
1.247461799999999954e+00 1.361802521513270350e-03 3.257626392849437237e-04
1.253699099999999955e+00 1.347104631838489958e-03 3.205725887271338630e-04
1.259967599999999965e+00 1.332517647701586452e-03 3.154865663051403357e-04
1.266267400000000043e+00 1.318038677653998562e-03 3.104733026319235565e-04
1.272598799999999919e+00 1.303672586886133302e-03 3.055469781716664600e-04
1.278961800000000038e+00 1.289469939798923697e-03 3.007066669191984999e-04
1.285356600000000071e+00 1.275317937997148690e-03 2.959365878158853836e-04
1.291783300000000079e+00 1.261272963086746118e-03 2.912507684722482975e-04
1.298242300000000071e+00 1.247331699767551807e-03 2.866482146491031494e-04
1.304733499999999990e+00 1.233494462491006773e-03 2.821280531906427877e-04
1.311257099999999953e+00 1.219763500756666395e-03 2.776748291420815429e-04
1.317813399999999913e+00 1.206130736410600604e-03 2.732878146675614796e-04
1.324402499999999927e+00 1.192598698819549762e-03 2.689807089655571492e-04
1.331024500000000055e+00 1.179167338966200006e-03 2.647526238203902981e-04
1.337679599999999969e+00 1.165833980153451258e-03 2.605884235569187247e-04
1.344368000000000007e+00 1.152596036636581228e-03 2.565015931579863948e-04
1.351089900000000066e+00 1.139453398993146155e-03 2.524630607080711369e-04
1.357845299999999922e+00 1.126403917090940511e-03 2.485144790146766379e-04
1.364634499999999973e+00 1.113445014892810742e-03 2.446128873563380482e-04
1.371457699999999891e+00 1.100579005927370107e-03 2.407856103097147187e-04
1.378314999999999957e+00 1.087799081491116777e-03 2.370179947917582571e-04
1.385206600000000066e+00 1.075107617438743855e-03 2.333231460438367618e-04
1.392132600000000053e+00 1.062500292068518318e-03 2.296728833350722085e-04
1.399093300000000095e+00 1.049977093796091018e-03 2.260939858543776170e-04
1.406088699999999969e+00 1.037534040910921898e-03 2.225721161382763873e-04
1.413119199999999909e+00 1.025171078179651189e-03 2.191066246928364668e-04
1.420184799999999914e+00 1.012884402711478450e-03 2.156969311808746800e-04
1.427285700000000102e+00 1.000672207103608111e-03 2.123424287403474179e-04
1.434422099999999922e+00 9.885348694280383583e-04 2.090425162332408288e-04
1.441594199999999937e+00 9.764664569569325237e-04 2.057965981760550547e-04
1.448802200000000040e+00 9.644674977954055843e-04 2.026040846719127106e-04
1.456046200000000068e+00 9.525324612497844271e-04 1.994644050432843943e-04
1.463326499999999974e+00 9.406618801916908799e-04 1.963769661117846803e-04
1.470643099999999981e+00 9.288506048587241411e-04 1.933412206598443778e-04
1.477996300000000041e+00 9.171431932803164860e-04 1.903565860229409264e-04
1.485386300000000048e+00 9.054423045787427697e-04 1.874224985390393107e-04
1.492813200000000062e+00 8.937934270451517761e-04 1.845256563336654756e-04
1.500277300000000036e+00 8.821896905042589344e-04 1.816783760515603655e-04
1.507778700000000027e+00 8.706304917983833259e-04 1.788801205203651942e-04
1.515317599999999931e+00 8.591094516002975665e-04 1.761303450594246464e-04
1.522894200000000087e+00 8.476223351517046985e-04 1.734285100414451075e-04
1.530508600000000108e+00 8.361670613969710225e-04 1.707616503453020663e-04
1.538161200000000006e+00 8.247376399161866376e-04 1.681417791946363189e-04
1.545852000000000004e+00 8.133269417443013145e-04 1.655560748127347275e-04
1.553581199999999995e+00 8.019315413547727263e-04 1.630287132883779188e-04
1.561349099999999934e+00 7.905444988586472202e-04 1.605345920021297365e-04
1.569155899999999937e+00 7.791575116038602358e-04 1.580733816891939257e-04
1.577001700000000062e+00 7.677644895372085030e-04 1.556568406903229408e-04
1.584886699999999982e+00 7.563577878094942175e-04 1.532844646658629750e-04
1.592811100000000035e+00 7.449266705824124368e-04 1.509437989216697951e-04
1.600775199999999954e+00 7.334624836721157512e-04 1.486464130236531741e-04
1.608778999999999959e+00 7.219521900037027557e-04 1.463799979541118739e-04
1.616822900000000063e+00 7.103846360132240684e-04 1.441560025068762646e-04
1.624907000000000101e+00 6.987461409479659531e-04 1.419622337618778904e-04
1.633031600000000028e+00 6.870185643151511005e-04 1.398100397019923767e-04
1.641196700000000064e+00 6.751831995022985686e-04 1.376873596800947069e-04
1.649402699999999999e+00 6.632218447001551713e-04 1.356054236799300475e-04
1.657649699999999893e+00 6.511078507735931211e-04 1.335407978935215160e-04
1.665937999999999919e+00 6.388108722530006943e-04 1.315276446890174377e-04
1.674267699999999914e+00 6.263004985579846001e-04 1.295312207897864954e-04
1.682638999999999996e+00 6.135337434751053556e-04 1.275740435039502611e-04
1.691052199999999894e+00 6.004633278562880984e-04 1.256556521262551930e-04
1.699507499999999949e+00 5.870290274550738928e-04 1.237531890583793228e-04
1.708004999999999995e+00 5.731553709027229198e-04 1.218665512903818906e-04
1.716544999999999987e+00 5.587478193571888225e-04 1.200067152172554452e-04
1.725127800000000100e+00 5.436851431151265438e-04 1.181733997105945198e-04
1.733753399999999889e+00 5.278094273791388751e-04 1.163663466803833789e-04
1.742422200000000032e+00 5.109003069541892842e-04 1.145852729590497330e-04
1.751134299999999921e+00 4.926502266435741012e-04 1.128407922206094095e-04
1.759889899999999896e+00 4.725983884432035102e-04 1.111216571270944606e-04
1.768689399999999967e+00 4.500146227131171734e-04 1.094275933663483192e-04
1.777532799999999913e+00 4.236279822147888743e-04 1.077690667454712421e-04
1.786420499999999967e+00 3.909150152080686168e-04 1.061253952703947347e-04
1.795352599999999965e+00 3.453752277211840651e-04 1.045134442602159566e-04
1.804329400000000083e+00 2.583273747055628918e-04 1.029265123937398341e-04
1.808849099999999988e+00 5.417445217279839040e-05 1.021398175760829713e-04
1.809550999999999910e+00 4.989886525251485526e-05 3.422106126886075494e-04
1.813350999999999935e+00 2.363483455867283636e-04 3.397608172342830531e-04
1.822417799999999977e+00 3.160532584834479207e-04 3.340267765529923369e-04
1.831529900000000044e+00 3.446696835214826623e-04 3.283829748300077871e-04
1.840687500000000032e+00 3.564841029230772984e-04 3.228387986017816429e-04
1.849890899999999894e+00 3.570267083118696403e-04 3.173931259483606430e-04
1.859140400000000026e+00 3.441538591044188264e-04 3.120346037010735484e-04
1.868436100000000044e+00 2.906896975448193857e-04 3.067725092267183248e-04
1.870939399999999919e+00 2.198309201089741066e-04 3.053748034848892119e-04
1.872260700000000000e+00 2.190134314667997869e-04 4.523993638820035523e-04
1.877778299999999900e+00 3.298205123828366631e-04 4.478351543760500267e-04
1.887167199999999934e+00 3.804432605139335621e-04 4.402088148984721443e-04
1.896603000000000039e+00 4.080808577635584335e-04 4.327175654364660926e-04
1.906085999999999947e+00 4.272240002008833920e-04 4.253498956544496368e-04
1.915616500000000055e+00 4.416613842724027286e-04 4.181143898200791317e-04
1.925194499999999920e+00 4.530101052367156646e-04 4.109997297217623993e-04
1.934820500000000054e+00 4.621327642570904198e-04 4.040143820402616339e-04
1.944494600000000073e+00 4.695518750168786878e-04 3.971373376067672926e-04
1.954217099999999929e+00 4.756174457058720139e-04 3.903869240385834959e-04
1.963988199999999962e+00 4.805728136401643232e-04 3.837520251023632842e-04
1.973808100000000065e+00 4.845976035662032241e-04 3.772217297849718865e-04
1.983677200000000029e+00 4.878293943880122733e-04 3.708044911645461779e-04
1.993595500000000076e+00 4.903747027229565575e-04 3.644895537132450815e-04
2.003563499999999831e+00 4.923186514582006965e-04 3.582852780535455907e-04
2.013581299999999796e+00 4.937338896634660499e-04 3.521904626487223390e-04
2.023649199999999926e+00 4.946765915021864154e-04 3.462038805326907664e-04
2.033767500000000172e+00 4.951946782955372666e-04 3.403149535971217664e-04
2.043936299999999928e+00 4.953293182510281516e-04 3.345319671750399799e-04
2.054155999999999871e+00 4.951149802318386816e-04 3.288444403993709539e-04
2.064426800000000117e+00 4.945809887581905555e-04 3.232513449595050652e-04
2.074748899999999896e+00 4.937526684098617188e-04 3.177608390801235725e-04
2.085122699999999885e+00 4.926514221558579969e-04 3.123534798358864337e-04
2.095548299999999919e+00 4.912951373913631431e-04 3.070556786901517472e-04
2.106025999999999954e+00 4.896981112053524349e-04 3.018390314033673008e-04
2.116556200000000221e+00 4.878722317296479830e-04 2.967116586273595320e-04
2.127138899999999833e+00 4.858282777141341847e-04 2.916726141737308975e-04
2.137774600000000191e+00 4.835707889812532211e-04 2.867208904676603483e-04
2.148463500000000082e+00 4.811043912203117820e-04 2.818555309189837077e-04
2.159205800000000064e+00 4.784280471796853234e-04 2.770755868837832697e-04
2.170001800000000092e+00 4.755362169470159976e-04 2.723713299382052137e-04
2.180851899999999954e+00 4.724172518665461064e-04 2.677506659185013610e-04
2.191756100000000096e+00 4.690539198226481533e-04 2.632126955270514533e-04
2.202714900000000142e+00 4.654125336811674096e-04 2.587478214971017159e-04
2.213728500000000210e+00 4.614432342266364248e-04 2.543638674541408165e-04
2.224797099999999972e+00 4.570604496488494769e-04 2.500513741067989198e-04
2.235921100000000106e+00 4.521158677134594112e-04 2.458095544540046720e-04
2.247100699999999840e+00 4.463232479972302708e-04 2.416461251917611294e-04
2.258336200000000016e+00 4.390242931509729415e-04 2.375517661928280041e-04
2.269627900000000142e+00 4.280905326381375373e-04 2.335257233464677637e-04
2.278650499999999912e+00 4.062810543807141061e-04 2.303781606856251474e-04
2.280975999999999893e+00 3.467565148749312490e-04 2.295756077426281240e-04
2.283349299999999804e+00 4.050010541472589902e-04 2.691248707585368696e-04
2.292380899999999944e+00 4.238465315371519877e-04 2.653648955571208412e-04
2.303842799999999968e+00 4.305755201154315621e-04 2.606806777894016486e-04
2.315361999999999920e+00 4.333672170219679282e-04 2.560858472495903897e-04
2.326938800000000196e+00 4.344809085779601562e-04 2.515712001358516516e-04
2.338573499999999861e+00 4.346331836141448008e-04 2.471358475248908691e-04
2.350266400000000200e+00 4.341486052792628320e-04 2.427789086159431715e-04
2.362017699999999998e+00 4.331910115615781719e-04 2.384592118745312405e-04
2.373827799999999932e+00 4.318522888410762043e-04 2.342005485659085190e-04
2.385696999999999957e+00 4.301941855777153124e-04 2.300102799967615637e-04
2.397625399999999907e+00 4.282474835214413996e-04 2.259671113313958845e-04
2.409613600000000133e+00 4.261318381216314534e-04 2.221165158943858985e-04
2.421661600000000192e+00 4.238867278126674473e-04 2.183458339477957184e-04
2.433769900000000153e+00 4.215176163982539952e-04 2.146384643470599762e-04
2.445938799999999969e+00 4.190240721765343805e-04 2.109781448065675734e-04
2.458168500000000201e+00 4.164093995668879489e-04 2.073876697315930580e-04
2.470459299999999914e+00 4.136761031723807693e-04 2.038662421901500719e-04
2.482811599999999785e+00 4.108223903409737683e-04 2.004053948909900414e-04
2.495225700000000213e+00 4.078417489130708681e-04 1.970197231528323398e-04
2.507701799999999981e+00 4.047162530444168606e-04 1.936931585361758494e-04
2.520240300000000211e+00 4.014122376392208810e-04 1.904250385215227302e-04
2.532841499999999968e+00 3.978608111809623965e-04 1.872222325704288890e-04
2.545505700000000093e+00 3.939125199307154032e-04 1.840765050159553823e-04
2.558233299999999932e+00 3.891349260893577251e-04 1.809946557240309770e-04
2.571024400000000210e+00 3.808599705130830864e-04 1.779611442795525243e-04
2.571655499999999872e+00 3.800350893094525499e-04 1.778138072754036428e-04
2.578144299999999944e+00 3.786550165726348515e-04 1.887184866178311994e-04
2.583879599999999943e+00 3.815960859570831365e-04 1.872678599998260131e-04
2.596798999999999857e+00 3.825463914574627920e-04 1.840556488101958077e-04
2.609782899999999906e+00 3.817143306487499822e-04 1.808999570697043216e-04
2.622831899999999994e+00 3.802312545627281278e-04 1.778073976573673622e-04
2.635946000000000122e+00 3.783925279361560192e-04 1.747700381204046283e-04
2.649125699999999917e+00 3.763230352305960776e-04 1.717872501807094963e-04
2.662371400000000055e+00 3.740851416132574369e-04 1.688584185061053422e-04
2.675683199999999928e+00 3.717133899652400281e-04 1.659758356041790128e-04
2.689061699999999888e+00 3.692258492414270078e-04 1.631460721021616160e-04
2.702507000000000215e+00 3.666281561561207224e-04 1.603755932260520303e-04
2.716019499999999809e+00 3.639499426433067493e-04 1.577338098792932563e-04
2.729599599999999793e+00 3.612191510080807943e-04 1.551422456874141926e-04
2.743247600000000119e+00 3.584238892257417806e-04 1.526003297378629865e-04
2.756963799999999853e+00 3.555481881861534735e-04 1.501074961756315783e-04
2.770748600000000117e+00 3.525636745934673149e-04 1.476563063048908723e-04
2.784602399999999811e+00 3.494060575389318661e-04 1.452531403036785330e-04
2.798525399999999941e+00 3.459051960651674949e-04 1.428906481882251086e-04
2.812517999999999851e+00 3.412558350745106242e-04 1.405683802968029055e-04
2.814045500000000199e+00 3.405045720850601422e-04 1.403229082458356798e-04
2.825154700000000130e+00 3.385336747421904173e-04 1.447386372841349099e-04
2.826580600000000221e+00 3.387388421652131579e-04 1.445039395402884059e-04
2.840713500000000113e+00 3.384554299048030384e-04 1.421829345035195995e-04
2.854917100000000207e+00 3.369752603611523342e-04 1.399014553024027416e-04
2.869191700000000012e+00 3.351379844797555837e-04 1.376524324628522749e-04
2.883537599999999923e+00 3.331273426826476228e-04 1.354487434350975356e-04
2.897955300000000012e+00 3.310156292534471877e-04 1.332767129065266071e-04
2.912445099999999787e+00 3.288385062165165925e-04 1.311360178448676050e-04
2.927007300000000090e+00 3.266185831532879562e-04 1.290393491292852514e-04
2.941642400000000102e+00 3.243695126579131073e-04 1.269667663290126205e-04
2.956350599999999940e+00 3.221010109810873347e-04 1.249309387453250298e-04
2.971132299999999837e+00 3.198253508961174823e-04 1.229314542373739034e-04
2.985987999999999865e+00 3.175626246821609995e-04 1.209679004675509833e-04
3.000917900000000138e+00 3.153491405064010890e-04 1.190271903289155756e-04
3.015922499999999840e+00 3.129906456603758283e-04 1.170080869506758551e-04
3.031002099999999810e+00 3.106189664458529516e-04 1.150249761775451446e-04
3.046157099999999840e+00 3.082381671744633040e-04 1.130774551105779961e-04
3.061387900000000162e+00 3.058503049117398259e-04 1.111589045050472994e-04
3.076694900000000121e+00 3.034582880102778385e-04 1.092752108378818889e-04
3.092078299999999835e+00 3.010640474303175160e-04 1.074198304225427514e-04
3.107538700000000098e+00 2.986689179789508096e-04 1.055985869316614225e-04
3.123076399999999975e+00 2.962746938273714951e-04 1.038050009206433898e-04
3.138691800000000143e+00 2.938830862998204714e-04 1.020448480342564659e-04
3.154385299999999948e+00 2.914944309283243264e-04 1.003177491018087498e-04
3.170157199999999786e+00 2.891099408677784486e-04 9.861732488845041981e-05
3.186008000000000173e+00 2.867307499821704028e-04 9.694328956155997472e-05
3.201938000000000173e+00 2.843575621356233163e-04 9.529536603912773431e-05
3.217947699999999855e+00 2.819914425995224527e-04 9.367919110620666053e-05
3.234037400000000062e+00 2.796326190002627042e-04 9.208851619252256726e-05
3.250207599999999974e+00 2.772816908341295839e-04 9.052892484606476033e-05
3.266458699999999826e+00 2.749396618891867205e-04 8.898840070583882635e-05
3.282791000000000015e+00 2.726071104103126885e-04 8.747836763692167005e-05
3.299204899999999885e+00 2.702841761720020382e-04 8.599847388078923579e-05
3.315700899999999951e+00 2.679713748776109817e-04 8.453688235861255820e-05
3.332279400000000003e+00 2.656700040637709355e-04 8.309913374155520954e-05
3.348940799999999829e+00 2.633797559765721952e-04 8.169065642735536925e-05
3.365685599999999944e+00 2.611003195231488289e-04 8.029979244188931414e-05
3.382514000000000021e+00 2.588318231682842983e-04 7.893200797587784782e-05
3.399426500000000129e+00 2.565743448015447110e-04 7.759265132125106807e-05
3.416423700000000174e+00 2.543290650088989501e-04 7.627023844838192975e-05
3.433505799999999830e+00 2.520956978866009711e-04 7.497570312274560707e-05
3.450673300000000054e+00 2.498746564573532387e-04 7.369767948624025952e-05
3.467926700000000029e+00 2.476666994865839538e-04 7.244698810317079486e-05
3.485266300000000150e+00 2.454718655839793111e-04 7.121238223110514713e-05
3.502692699999999881e+00 2.432901486730677906e-04 7.000457495068019426e-05
3.520206099999999783e+00 2.411223003034283102e-04 6.881243499143163266e-05
3.537807200000000041e+00 2.389682763672885306e-04 6.764656913394585900e-05
3.555496199999999885e+00 2.368280999256021520e-04 6.649595837420149724e-05
3.573273700000000108e+00 2.347020796734175117e-04 6.537110813835262367e-05
3.591140000000000221e+00 2.325908874091149083e-04 6.426110862823811870e-05
3.609095700000000129e+00 2.304941237412601914e-04 6.317108685517826413e-05
3.627141200000000065e+00 2.290866213649292720e-04 6.208507024063742959e-05
3.645276899999999820e+00 2.270129118125494970e-04 6.100829663065361619e-05
3.663503299999999907e+00 2.249513010758961290e-04 5.995109565289287614e-05
3.681820800000000116e+00 2.229018242652823978e-04 5.891324836218744099e-05
3.700229900000000072e+00 2.208657754310027410e-04 5.788938998647802809e-05
3.718731099999999845e+00 2.188425051910684654e-04 5.688962194236765307e-05
3.737324699999999833e+00 2.168329716717788994e-04 5.590346567979585508e-05
3.756011399999999778e+00 2.152721329373801743e-04 5.492571183811679900e-05
3.774791399999999797e+00 2.132853431408957045e-04 5.396134964868253242e-05
3.793665400000000076e+00 2.113110200486442735e-04 5.301024160121708934e-05
3.812633700000000125e+00 2.093494877444234401e-04 5.208224603073081612e-05
3.831696899999999850e+00 2.074007263419529190e-04 5.116714096605946323e-05
3.850855399999999928e+00 2.054653245229203353e-04 5.026974229157768768e-05
3.870109600000000150e+00 2.035435547722517233e-04 4.938984823693554305e-05
3.889460199999999812e+00 2.016350692103671227e-04 4.852627589388574955e-05
3.908907500000000201e+00 1.997407138383313090e-04 4.767738166273789024e-05
3.928452000000000055e+00 1.978601487905249376e-04 4.684397372550687405e-05
3.948094300000000167e+00 1.959935944245016104e-04 4.602587665338110721e-05
3.967834700000000048e+00 1.941410125960030134e-04 4.522292013708257045e-05
3.987673899999999882e+00 1.923025992391741673e-04 4.443397573757036455e-05
4.055024000000000406e+00 1.872246980844048387e-04 4.188945062163076054e-05
4.334820999999999813e+00 1.643883567514433134e-04 3.316221473638097846e-05
4.633924000000000376e+00 1.443441203744117720e-04 2.628125812139320823e-05
4.953663999999999845e+00 1.263744708478598401e-04 2.077085324937957725e-05
5.295467000000000368e+00 1.105830716009860941e-04 1.642110851121189488e-05
5.660854999999999748e+00 9.662602939978594317e-05 1.298431486591469432e-05
6.051453000000000415e+00 8.433377066501900434e-05 1.027457550059836898e-05
6.469003999999999976e+00 7.354556188796221219e-05 8.143717830562587575e-06
6.915365000000000428e+00 6.408772963698182641e-05 6.465695466892383996e-06
7.392525000000000013e+00 5.579691217715915052e-05 5.142431600803101112e-06
7.902608999999999995e+00 4.852155267405933446e-05 4.095340273656757445e-06
8.447889999999999233e+00 4.211131035306761702e-05 3.253059707442260343e-06
9.030794000000000210e+00 3.641118827996108761e-05 2.578358241725107835e-06
9.653919000000000139e+00 3.112816997779503382e-05 2.022372128375831497e-06
1.000266000000000055e+01 2.809983158488262961e-05 1.777559805359097630e-06
1.015577000000000041e+01 2.604663747663461465e-05 1.681292339938689698e-06
1.019659000000000049e+01 2.442192074345552106e-05 1.656783097556615791e-06
1.025783000000000023e+01 2.554168525256058508e-05 4.358322522070681104e-06
1.032004000000000055e+01 2.594174228671366044e-05 4.249018331467540165e-06
1.041094000000000008e+01 2.599611931577130978e-05 4.095043480112723923e-06
1.103212000000000081e+01 2.394607515902984218e-05 3.239979013379911534e-06
1.131311999999999962e+01 2.267895876451831721e-05 2.943382346881658989e-06
1.148628000000000071e+01 2.160871059864549163e-05 2.779315973966108030e-06
1.153246000000000038e+01 2.091101758821265868e-05 2.737639975254185386e-06
1.160172000000000025e+01 2.121058528784925846e-05 3.719543309934658935e-06
1.177487999999999957e+01 2.106700345602590470e-05 3.520753766242115501e-06
1.179334000000000060e+01 2.102545319113902420e-05 3.500388034388406939e-06
1.185779999999999923e+01 2.086279666645768488e-05 3.430614224698542310e-06
1.203930000000000078e+01 2.023422864801643404e-05 3.243980152625791525e-06
1.208769999999999989e+01 1.986486204657116525e-05 3.196333884059880454e-06
1.216029999999999944e+01 1.993751502935593373e-05 3.617274402892471366e-06
1.234179999999999922e+01 1.969877290833311662e-05 3.434475480722785385e-06
1.260707999999999984e+01 1.913443017006863687e-05 3.188809924967217890e-06
1.347696999999999967e+01 1.715530262121778908e-05 2.523921837080355903e-06
1.440687999999999924e+01 1.522288653561514279e-05 1.991059015386537943e-06
1.540094999999999992e+01 1.344309956871387959e-05 1.569141460944260031e-06
1.646361999999999881e+01 1.183535051871293459e-05 1.234222760328307379e-06
1.759960999999999842e+01 1.039820166585906360e-05 9.707117892408575965e-07
1.881398000000000081e+01 9.122664983476581871e-06 7.638286206273317133e-07
2.011214999999999975e+01 7.995789630208686505e-06 6.015357787785418195e-07
2.149988000000000099e+01 7.008904080590411939e-06 4.735386401823552156e-07
2.298338000000000036e+01 6.135390207312826525e-06 3.730218715906722834e-07
2.456923000000000101e+01 5.373367351833059364e-06 2.937311256006755074e-07
2.626450000000000173e+01 4.700874984199296748e-06 2.312785256440308474e-07
2.807676000000000016e+01 4.111861671815228503e-06 1.808864661349240822e-07
3.001405000000000101e+01 3.594801148160289773e-06 1.412893346308290144e-07
3.208502000000000010e+01 3.142120886346452687e-06 1.105132752960440072e-07
3.429889000000000010e+01 2.746096358374382610e-06 8.654698760961370818e-08
3.666550999999999760e+01 2.399775281309991077e-06 6.786282358394174452e-08
3.919543000000000177e+01 2.096981187309996316e-06 5.328995674811162410e-08
4.189992000000000161e+01 1.832269045322599974e-06 4.189941307858964200e-08
4.479100999999999999e+01 1.600843935675040380e-06 3.297742190083013058e-08
4.788159000000000276e+01 1.398453222961873006e-06 2.594890649691368451e-08
5.118542000000000058e+01 1.221393785026696651e-06 2.043660338059600937e-08
5.471721000000000146e+01 1.066360957381168219e-06 1.606929130908483041e-08
5.849269999999999925e+01 9.303530527296021750e-07 1.263736238644593659e-08
6.252870000000000061e+01 8.104707941975228413e-07 9.953661200536084697e-09
6.684318000000000382e+01 7.023870834513707136e-07 7.853760893604400241e-09
6.813450000000000273e+01 6.713161915380763087e-07 7.340753338117881519e-09
6.917737999999999943e+01 6.412018538976300859e-07 6.958402475234878600e-09
6.945547999999999433e+01 6.241680326997294357e-07 6.860903859798789129e-09
6.987263000000000090e+01 6.286283046482199946e-07 2.987966342163796829e-08
7.091549999999999443e+01 6.206999807271896168e-07 2.838498493784525925e-08
7.145535999999999888e+01 6.138456404234084975e-07 2.765087736509933209e-08
7.638577999999999690e+01 5.457141597389723284e-07 2.185980906673700514e-08
8.165640000000000498e+01 4.806934531999131996e-07 1.722815082799427239e-08
8.729068999999999789e+01 4.222581513148955494e-07 1.357932608270086423e-08
9.331373999999999569e+01 3.704400830190650809e-07 1.069544603290364074e-08
9.975239000000000544e+01 3.246962916145393783e-07 8.413808614765303275e-09
1.066353000000000009e+02 2.844421323580167154e-07 6.624833578376903707e-09
1.139930999999999983e+02 2.490840593090828629e-07 5.221513282760886754e-09
1.218586999999999989e+02 2.180628911292054928e-07 4.120040371298722330e-09
1.302668999999999926e+02 1.908697751420533203e-07 3.255074246044724769e-09
1.392553000000000054e+02 1.671074069697829031e-07 2.575125958943463889e-09
1.488640000000000043e+02 1.462315105590109655e-07 2.034244447000138488e-09
1.591356000000000108e+02 1.279518306978681145e-07 1.610015735970541057e-09
1.701159000000000106e+02 1.119506272871299726e-07 1.276963165187530364e-09
1.818539000000000101e+02 9.794658539436656291e-08 1.015034305187840316e-09
1.944018000000000086e+02 8.569215156593863399e-08 8.089271224713739366e-10
2.078155999999999892e+02 7.496972903312958801e-08 6.464923874259356375e-10
2.221547999999999945e+02 6.558853327848160874e-08 5.182857914334744692e-10
2.374834999999999923e+02 5.738110671646270939e-08 4.169256467900956327e-10
2.538699000000000012e+02 5.020084228555423196e-08 3.366245020412666942e-10
2.713869000000000256e+02 4.391920189998433740e-08 2.728814377782481372e-10
2.901125999999999863e+02 3.842378178611952593e-08 2.221476338272127954e-10
3.101304000000000087e+02 3.361615366012578413e-08 1.820514418847889655e-10
3.315294000000000096e+02 2.941069995772476240e-08 1.502724123048111296e-10
3.544048999999999978e+02 2.573184694453544477e-08 1.245883225258909897e-10
3.788587999999999738e+02 2.251346902855803191e-08 1.037550389577328910e-10
4.050000999999999749e+02 1.969788266913319901e-08 8.680823053492795163e-11
4.329451000000000249e+02 1.723463309149396179e-08 7.295834310457323853e-11
