1.000000000000000000e+00 2.375103419813934475e-04 3.243770587644131774e-05
1.298597194388777520e+00 1.417348389273705199e-04 1.466047673753081550e-05
1.597194388777555041e+00 9.358557095350824662e-05 6.748643113002558961e-06
1.895791583166332783e+00 6.620979448210933518e-05 3.563348092609320995e-06
2.194388777555110082e+00 4.925426568729863173e-05 2.044940537333377433e-06
2.492985971943888046e+00 3.804163320371759232e-05 1.249602196424632007e-06
2.791583166332665567e+00 3.025343579856700591e-05 8.068733885261915637e-07
3.090180360721443087e+00 2.463086805243860095e-05 5.398876831802418465e-07
3.388777555110220607e+00 2.043930068119441222e-05 3.744374629256065969e-07
3.687374749498998128e+00 1.723133623512374974e-05 2.671899076813009248e-07
3.985971943887775648e+00 1.472272340661006370e-05 1.953603012838641700e-07
4.284569138276553169e+00 1.272443398474282854e-05 1.461419832205831063e-07
4.583166332665331133e+00 1.110707524515447490e-05 1.116264436454656967e-07
4.881763527054108209e+00 9.779670619979230204e-06 8.684324664214413224e-08
5.180360721442886174e+00 8.676859594026058604e-06 6.862690859780628095e-08
5.478957915831663250e+00 7.750656205900868269e-06 5.493636898863065879e-08
5.777555110220441215e+00 6.965251250856709470e-06 4.443501605513582861e-08
6.076152304609219179e+00 6.293476030340016439e-06 3.623323734362333049e-08
6.374749498997996255e+00 5.714548340029942299e-06 3.005966134175136445e-08
6.673346693386774220e+00 5.212008811631598711e-06 2.512520150202496596e-08
6.971943887775551296e+00 4.772939225443204865e-06 2.105592801861412171e-08
7.270541082164329261e+00 4.387183180365197066e-06 1.789253837249819536e-08
7.569138276553106337e+00 4.046390387811221121e-06 1.528470639367527109e-08
7.867735470941884302e+00 3.743807711249182025e-06 1.307812846871922643e-08
8.166332665330662266e+00 3.474012246371902374e-06 1.135786682535715757e-08
8.464929859719440230e+00 3.232324485547762805e-06 9.815538157754188789e-09
8.763527054108216419e+00 3.015078705666749910e-06 8.619562920133774690e-09
9.062124248496994383e+00 2.818986771123544843e-06 7.521429261304229073e-09
9.360721442885772348e+00 2.641470332409032622e-06 6.650487040851914867e-09
9.659318637274550312e+00 2.480178423764061585e-06 5.835959697746731561e-09
9.957915831663326500e+00 2.333259259859269061e-06 5.205553625196570371e-09
1.025651302605210446e+01 2.198995826814339947e-06 4.611853494346281550e-09
1.055511022044088243e+01 2.076016844836861157e-06 4.130599607877188511e-09
1.085370741482966039e+01 1.963066663449559541e-06 3.696549511583455829e-09
1.115230460921843836e+01 1.859091400413954798e-06 3.316046983099790409e-09
1.145090180360721455e+01 1.763173619598685459e-06 2.999202421361158547e-09
1.174949899799599251e+01 1.674481015711624645e-06 2.698462188361755811e-09
1.204809619238477048e+01 1.592332122449713337e-06 2.457762198006761363e-09
1.234669338677354844e+01 1.516079541192968277e-06 2.236283720290549757e-09
1.264529058116232463e+01 1.445171503314614945e-06 2.030156356011113263e-09
1.294388777555110259e+01 1.379136951281130186e-06 1.866102931244162381e-09
1.324248496993988056e+01 1.317521610538087763e-06 1.709447799543275996e-09
1.354108216432865852e+01 1.259944019636036099e-06 1.565495476569124013e-09
1.383967935871743649e+01 1.206069711765823144e-06 1.448488484117576133e-09
1.413827655310621267e+01 1.155574612831948791e-06 1.336423813955264640e-09
1.443687374749499064e+01 1.108183342505608539e-06 1.230921425463709970e-09
1.473547094188376860e+01 1.063657108959432447e-06 1.146598712609538311e-09
1.503406813627254657e+01 1.021758855479248318e-06 1.065625529004972563e-09
1.533266533066132453e+01 9.822858212018420465e-07 9.878061826392196949e-10
1.563126252505010072e+01 9.450619863355814550e-07 9.233352498671722408e-10
1.592985971943887868e+01 9.099148554579975526e-07 8.642997527402962648e-10
1.622845691382765665e+01 8.766908071685203943e-07 8.074367152508384909e-10
1.652705410821643284e+01 8.452536698210003922e-07 7.546736006746474224e-10
1.682565130260520903e+01 8.154817612190595312e-07 7.112306796328727010e-10
1.712424849699398877e+01 7.872542881214814146e-07 6.693027955098157062e-10
1.742284569138276495e+01 7.604662654327042236e-07 6.288120530325691901e-10
1.772144288577154470e+01 7.350236929257557913e-07 5.924678991344227748e-10
1.802004008016032088e+01 7.108390092664595018e-07 5.612977942826579254e-10
1.831863727454910062e+01 6.878277476197117163e-07 5.311438464427980515e-10
1.861723446893787681e+01 6.659152200331893928e-07 5.019571619459179437e-10
1.891583166332665300e+01 6.450339938590916575e-07 4.753414354493519266e-10
1.921442885771543274e+01 6.251216774242228169e-07 4.526897429914776904e-10
1.951302605210420893e+01 6.061167757996837838e-07 4.307313035224553442e-10
1.981162324649298867e+01 5.879649886778796940e-07 4.094347712921307721e-10
2.011022044088176486e+01 5.706160172596034896e-07 3.887706622411424060e-10
2.040881763527054105e+01 5.540261323238324911e-07 3.720965044575408787e-10
2.070741482965932079e+01 5.381489615679124311e-07 3.559249241607530616e-10
2.100601202404809698e+01 5.229442454861949954e-07 3.402130968622902784e-10
2.130460921843687672e+01 5.083745443969546434e-07 3.249416913994912631e-10
2.160320641282565290e+01 4.944057321182054801e-07 3.109375279963708830e-10
2.190180360721442909e+01 4.810058830669393050e-07 2.988905152915058486e-10
2.220040080160320883e+01 4.681432214313276456e-07 2.871675691858507730e-10
2.249899799599198502e+01 4.557894161929883369e-07 2.757557870544974672e-10
2.279759519038076476e+01 4.439179796126076273e-07 2.646429422539408634e-10
2.309619238476954095e+01 4.325047621989160569e-07 2.544730955237664577e-10
2.339478957915831714e+01 4.215269023400725863e-07 2.456288351411193798e-10
2.369338677354709688e+01 4.109615670815954136e-07 2.370074953026680219e-10
2.399198396793587307e+01 4.007883456913276545e-07 2.286007527973156302e-10
2.429058116232464926e+01 3.909880742832154026e-07 2.204006936734164113e-10
2.458917835671342900e+01 3.815428254985303379e-07 2.124825617974182384e-10
2.488777555110220518e+01 3.724366724988179307e-07 2.058967785796751928e-10
2.518637274549098493e+01 3.636525379167069611e-07 1.994671509474576948e-10
2.548496993987976111e+01 3.551754170911060495e-07 1.931881900632470142e-10
2.578356713426853730e+01 3.469911691928677255e-07 1.870546613524775680e-10
2.608216432865731704e+01 3.390864582280439972e-07 1.810615699491078496e-10
2.638076152304609323e+01 3.314489976594981930e-07 1.755286787458093690e-10
2.667935871743487297e+01 3.240670485165609267e-07 1.706229106372907185e-10
2.697795591182364916e+01 3.169289018096656687e-07 1.658257384949241771e-10
2.727655310621242535e+01 3.100239395186784160e-07 1.611335959094178536e-10
2.757515030060120509e+01 3.033421154121621138e-07 1.565430709467662540e-10
2.787374749498998128e+01 2.968739184925932370e-07 1.520508978741765965e-10
2.817234468937876102e+01 2.906105471562231621e-07 1.478567560449051623e-10
2.847094188376753721e+01 2.845436776658397121e-07 1.441768126256226838e-10
2.876953907815631339e+01 2.786647612169874418e-07 1.405732569981308031e-10
2.906813627254509314e+01 2.729661141024416210e-07 1.370437351229306876e-10
2.936673346693386932e+01 2.674404412733509022e-07 1.335859887028152079e-10
2.966533066132264906e+01 2.620808129850786802e-07 1.301978503643854027e-10
2.996392785571142525e+01 2.568806430640024558e-07 1.268772391276713158e-10
3.026252505010020144e+01 2.518340279404579771e-07 1.240038835544651203e-10
3.056112224448898118e+01 2.469347070595004943e-07 1.212629255113371585e-10
3.085971943887775737e+01 2.421769357324682614e-07 1.185750102305218928e-10
3.115831663326653356e+01 2.375553136195774256e-07 1.159386127496604662e-10
3.145691382765531330e+01 2.330646954776549897e-07 1.133522660077489546e-10
3.175551102204408949e+01 2.287001768357485688e-07 1.108145581229048323e-10
3.205410821643286567e+01 2.244570806004351685e-07 1.083241298222859969e-10
3.235270541082164186e+01 2.203312750761176706e-07 1.061719033446422174e-10
3.265130260521041805e+01 2.163181960098080209e-07 1.040924789123345608e-10
3.294989979959920134e+01 2.124137380372740170e-07 1.020507426250717746e-10
3.324849699398797753e+01 2.086140164646347579e-07 1.000456790768605365e-10
3.354709418837675372e+01 2.049153187172202456e-07 9.807630901355774306e-11
3.384569138276552991e+01 2.013140952688222633e-07 9.614168773815617957e-11
3.414428857715431320e+01 1.978069511237880154e-07 9.424090359974660536e-11
3.444288577154308939e+01 1.943907544068880169e-07 9.248508959769452267e-11
3.474148296593186558e+01 1.910623981069284417e-07 9.087868688487435808e-11
3.504008016032064177e+01 1.878187776240728131e-07 8.929966238242996340e-11
3.533867735470941795e+01 1.846570409901868853e-07 8.774732208672982190e-11
3.563727454909820125e+01 1.815744552189424705e-07 8.622099525378164836e-11
3.593587174348697744e+01 1.785684003986212056e-07 8.472003343289120126e-11
3.623446893787575362e+01 1.756363641242640699e-07 8.324380954810080486e-11
3.653306613226452981e+01 1.727759362470733871e-07 8.179171702467453782e-11
3.683166332665330600e+01 1.699848982018143582e-07 8.045544001337106798e-11
3.713026052104208929e+01 1.672610064158090825e-07 7.921361483206408903e-11
3.742885771543086548e+01 1.646020526872163165e-07 7.799160353435889050e-11
3.772745490981964167e+01 1.620059892307232397e-07 7.678893566418560312e-11
3.802605210420841786e+01 1.594708483472234123e-07 7.560515554238184870e-11
3.832464929859719405e+01 1.569947386945638269e-07 7.443982169103915317e-11
3.862324649298597734e+01 1.545758417593274761e-07 7.329250628455193896e-11
3.892184368737475353e+01 1.522124085173591590e-07 7.216279462593484290e-11
3.922044088176352972e+01 1.499027675016535599e-07 7.106016487412557032e-11
3.951903807615230590e+01 1.476454087713969489e-07 7.008145772874243575e-11
3.981763527054108209e+01 1.454386488563020319e-07 6.911742946651019257e-11
4.011623246492986539e+01 1.432809868160487466e-07 6.816775230939052300e-11
4.041482965931864157e+01 1.411709769533553083e-07 6.723210816624532369e-11
4.071342685370741776e+01 1.391072263919352758e-07 6.631018827761166891e-11
4.101202404809619395e+01 1.370883927774449114e-07 6.540169287599549634e-11
4.131062124248497014e+01 1.351131820943327346e-07 6.450633086089732781e-11
4.160921843687375343e+01 1.331803465919623324e-07 6.362381948783057731e-11
4.190781563126252962e+01 1.312886855947594842e-07 6.275613741889608617e-11
4.220641282565130581e+01 1.294371361531012713e-07 6.198310940281956839e-11
4.250501002004008200e+01 1.276244740999318129e-07 6.122094241214572318e-11
4.280360721442885819e+01 1.258496180726234097e-07 6.046940914792074141e-11
4.310220440881764148e+01 1.241115240358257486e-07 5.972828860978550559e-11
4.340080160320641767e+01 1.224091837458976864e-07 5.899736587930433964e-11
4.369939879759519386e+01 1.207416232885337721e-07 5.827643191217656693e-11
4.399799599198397004e+01 1.191079016856275850e-07 5.756528333890914374e-11
4.429659318637274623e+01 1.175071095676489032e-07 5.686372227355131156e-11
4.459519038076152952e+01 1.159383679080383878e-07 5.617155613011304651e-11
4.489378757515030571e+01 1.144008474081392727e-07 5.550937532551025212e-11
4.519238476953908190e+01 1.128937437444457818e-07 5.489527092755905320e-11
4.549098196392785809e+01 1.114162221841180508e-07 5.428922834064702636e-11
4.578957915831663428e+01 1.099675135907096760e-07 5.369108984979609180e-11
4.608817635270541047e+01 1.085468736628710058e-07 5.310070182725863923e-11
4.638677354709419376e+01 1.071535819782362960e-07 5.251791460096761528e-11
4.668537074148296995e+01 1.057869410799803885e-07 5.194258232803487470e-11
4.698396793587174614e+01 1.044462756038826364e-07 5.137456287307331945e-11
4.728256513026052232e+01 1.031309314438572552e-07 5.081371769112939991e-11
4.758116232464929851e+01 1.018402749540266869e-07 5.025991171502382966e-11
4.787975951903808181e+01 1.005736921855182469e-07 4.971301324690749631e-11
4.817835671342685799e+01 9.933065244188550751e-08 4.921611843723905806e-11
4.847695390781563418e+01 9.811051353609450212e-08 4.872560991485394556e-11
4.877555110220441037e+01 9.691271599529142768e-08 4.824110704346810743e-11
4.907414829659318656e+01 9.573671770519166669e-08 4.776250019689738831e-11
4.937274549098196985e+01 9.458199289514053117e-08 4.728968240095288285e-11
4.967134268537074604e+01 9.344803155039037303e-08 4.682254925372907502e-11
4.996993987975952223e+01 9.233433884888766489e-08 4.636099884875001559e-11
5.026853707414829842e+01 9.124043462140925867e-08 4.590493170085452739e-11
5.056713426853707460e+01 9.016585283394763222e-08 4.545425067470725006e-11
5.086573146292585790e+01 8.911014109130337924e-08 4.500886091582777775e-11
5.116432865731463409e+01 8.807286016089808290e-08 4.456866978403484756e-11
5.146292585170341027e+01 8.705360992868189837e-08 4.416303489702513206e-11
5.176152304609218646e+01 8.605195109884681544e-08 4.376430522997751957e-11
5.206012024048096265e+01 8.506747924388439043e-08 4.337014948858934743e-11
5.235871743486974594e+01 8.409980340880040650e-08 4.298048941876442540e-11
5.265731462925852213e+01 8.314854369197871785e-08 4.259524854138919103e-11
5.295591182364729832e+01 8.221333087228126798e-08 4.221435210229050568e-11
5.325450901803607451e+01 8.129380605074353125e-08 4.183772702387716370e-11
5.355310621242485070e+01 8.038962030621494901e-08 4.146530185839897917e-11
5.385170340681363399e+01 7.950043436432865997e-08 4.109700674276124364e-11
5.415030060120241018e+01 7.862591827921341197e-08 4.073277335483380867e-11
5.444889779559118637e+01 7.776575112739005582e-08 4.037253487119796995e-11
5.474749498997996255e+01 7.691962362764243950e-08 4.001856593738884525e-11
5.504609218436873874e+01 7.608725459197788670e-08 3.968905625924340445e-11
5.534468937875752204e+01 7.526832235307422213e-08 3.936310214050294813e-11
5.564328657314629822e+01 7.446253925638294185e-08 3.904064634083563527e-11
5.594188376753507441e+01 7.366962530390421168e-08 3.872163284202094523e-11
5.624048096192385060e+01 7.288930791092878531e-08 3.840600681550694332e-11
5.653907815631262679e+01 7.212132167174952492e-08 3.809371459099560254e-11
5.683767535070141008e+01 7.136540813396547543e-08 3.778470362601830580e-11
5.713627254509018627e+01 7.062131558102149449e-08 3.747892247646534583e-11
5.743486973947896246e+01 6.988879882264065473e-08 3.717632076803473949e-11
5.773346693386773865e+01 6.916761899282431607e-08 3.687684916856704289e-11
5.803206412825651483e+01 6.845754335510917947e-08 3.658045936123421762e-11
5.833066132264529813e+01 6.775834511478438386e-08 3.628710401855197470e-11
5.862925851703407432e+01 6.706981348701657590e-08 3.600446636785415056e-11
5.892785571142285050e+01 6.639173460592454677e-08 3.573381842379439597e-11
5.922645290581162669e+01 6.572388616464631407e-08 3.546589948722366177e-11
5.952505010020040288e+01 6.506606339724487194e-08 3.520066848934927417e-11
5.982364729458917907e+01 6.441806663529909180e-08 3.493808518132368740e-11
6.012224448897796236e+01 6.377970115637978521e-08 3.467811011388313566e-11
6.042084168336673855e+01 6.315077703775484509e-08 3.442070461759010757e-11
6.071943887775551474e+01 6.253110901511762325e-08 3.416583078365869853e-11
6.101803607214429093e+01 6.192051634614295895e-08 3.391345144534315681e-11
6.131663326653306711e+01 6.131882267868314807e-08 3.366353015986998423e-11
6.161523046092185041e+01 6.072585592342379222e-08 3.341603119089557441e-11
6.191382765531062660e+01 6.014144813082893002e-08 3.317091949147139095e-11
6.221242484969940278e+01 5.956543537221009391e-08 3.292816068749974121e-11
6.251102204408817897e+01 5.899765762476275675e-08 3.268772106166369273e-11
6.280961923847695516e+01 5.843797125439719801e-08 3.246120005508222665e-11
6.310821643286573845e+01 5.788621167358458534e-08 3.223755118024291222e-11
6.340681362725451464e+01 5.734222913007320678e-08 3.201600873285943587e-11
6.370541082164329083e+01 5.680587815437844495e-08 3.179654309346991385e-11
6.400400801603205991e+01 5.627701666240952349e-08 3.157912519534592787e-11
6.430260521042083610e+01 5.575550586136504001e-08 3.136372651165895371e-11
6.460120240480962650e+01 5.524121015866702454e-08 3.115031904300296195e-11
6.489979959919840269e+01 5.473399707382045130e-08 3.093887530526126820e-11
6.519839679358717888e+01 5.423373715309222533e-08 3.072936831780687919e-11
6.549699398797595506e+01 5.374030388690678909e-08 3.052177159202556856e-11
6.579559118236473125e+01 5.325357362985995420e-08 3.031605912015151060e-11
6.609418837675350744e+01 5.277342552325628263e-08 3.011220536440548762e-11
6.639278557114228363e+01 5.229974142007992063e-08 2.991018524642619715e-11
6.669138276553105982e+01 5.183240581231164788e-08 2.970997413698557286e-11
6.698997995991985022e+01 5.137130931245084654e-08 2.951612405617288900e-11
6.728857715430862640e+01 5.091634150687348587e-08 2.932870541088821668e-11
6.758717434869740259e+01 5.046739068740955835e-08 2.914294278043763877e-11
6.788577154308617878e+01 5.002435122175372308e-08 2.895881431275826568e-11
6.818436873747495497e+01 4.958711978550918639e-08 2.877629853857078454e-11
6.848296593186373116e+01 4.915559530194213267e-08 2.859537436303452190e-11
6.878156312625250735e+01 4.872967888356264950e-08 2.841602105761974478e-11
6.908016032064128353e+01 4.830927377546996283e-08 2.823821825219086359e-11
6.937875751503005972e+01 4.789428530040021500e-08 2.806194592729398112e-11
6.967735470941883591e+01 4.748462080541973660e-08 2.788718440664280966e-11
6.997595190380762631e+01 4.708018961020678963e-08 2.771391434979694320e-11
7.027454909819640250e+01 4.668090295686851828e-08 2.754211674502683337e-11
7.057314629258517868e+01 4.628667396124085574e-08 2.737177290235977893e-11
7.087174348697395487e+01 4.589741756562195494e-08 2.720286444680188833e-11
7.117034068136273106e+01 4.551305049289047845e-08 2.703537331173043490e-11
7.146893787575150725e+01 4.513349171191146447e-08 2.686959973385663006e-11
7.176753507014028344e+01 4.475867147163557658e-08 2.671185313417752377e-11
7.206613226452905963e+01 4.438850078348680251e-08 2.655541374193715430e-11
7.236472945891783581e+01 4.402290306338268339e-08 2.640026537542061115e-11
7.266332665330661200e+01 4.366180329755984629e-08 2.624639211889667736e-11
7.296192384769540240e+01 4.330512800409379371e-08 2.609377831717509088e-11
7.326052104208417859e+01 4.295280519551414493e-08 2.594240857029699506e-11
7.355911823647295478e+01 4.260476434247993909e-08 2.579226772835458434e-11
7.385771543086173097e+01 4.226093633848109218e-08 2.564334088643657831e-11
7.415631262525050715e+01 4.192125346553239143e-08 2.549561337969561775e-11
7.445490981963928334e+01 4.158564936082901763e-08 2.534907077853451932e-11
7.475350701402805953e+01 4.125405898433243386e-08 2.520369888390781864e-11
7.505210420841683572e+01 4.092641858725701442e-08 2.505948372273546089e-11
7.535070140280561191e+01 4.060266568142928305e-08 2.491641154342558883e-11
7.564929859719438809e+01 4.028273900949215923e-08 2.477446881150332297e-11
7.594789579158317849e+01 3.996657851592723311e-08 2.463364220534262275e-11
7.624649298597195468e+01 3.965412531887046552e-08 2.449391861199861133e-11
7.654509018036073087e+01 3.934532393807988315e-08 2.435813106392724233e-11
7.684368737474950706e+01 3.904011742374000273e-08 2.422587737048591289e-11
7.714228456913828325e+01 3.873844826715916431e-08 2.409464751454251563e-11
7.744088176352705943e+01 3.844026201537269797e-08 2.396442965293370278e-11
7.773947895791583562e+01 3.814550525918132913e-08 2.383521212445438370e-11
7.803807615230461181e+01 3.785412560923459442e-08 2.370698344637661933e-11
7.833667334669338800e+01 3.756607167275090216e-08 2.357973231104808099e-11
7.863527054108216419e+01 3.728129303085534451e-08 2.345344758256803154e-11
7.893386773547094037e+01 3.699974021651649431e-08 2.332811829353875450e-11
7.923246492985973077e+01 3.672136469306410762e-08 2.320373364189041802e-11
7.953106212424850696e+01 3.644611883327040769e-08 2.308028298777753201e-11
7.982965931863728315e+01 3.617395589897783740e-08 2.295775585054490456e-11
8.012825651302605934e+01 3.590483002125755737e-08 2.283614190576164695e-11
8.042685370741483553e+01 3.563869618108245695e-08 2.271543098232106544e-11
8.072545090180361171e+01 3.537551019049957057e-08 2.259561305960499896e-11
8.102404809619238790e+01 3.511522867428761895e-08 2.247667826471088991e-11
8.132264529058116409e+01 3.485780905208470661e-08 2.235861686973985642e-11
8.162124248496994028e+01 3.460320952097322515e-08 2.224141928914436029e-11
8.191983967935871647e+01 3.435139357946886840e-08 2.212874735116498158e-11
8.221843687374750687e+01 3.410231692387349789e-08 2.201738197976076407e-11
8.251703406813628305e+01 3.385593937423700926e-08 2.190682258466988719e-11
8.281563126252505924e+01 3.361222207313716053e-08 2.179706044789087632e-11
8.311422845691383543e+01 3.337112685989879073e-08 2.168808697670379476e-11
8.341282565130261162e+01 3.313261625565573880e-08 2.157989370142795099e-11
8.371142284569138781e+01 3.289665344878475545e-08 2.147247227322748542e-11
8.401002004008016399e+01 3.266320228070125694e-08 2.136581446196372520e-11
8.430861723446894018e+01 3.243222723200665710e-08 2.125991215409327949e-11
8.460721442885771637e+01 3.220369340897725876e-08 2.115475735061055048e-11
8.490581162324649256e+01 3.197756653038524167e-08 2.105034216503373922e-11
8.520440881763528296e+01 3.175381291464232362e-08 2.094665882143312819e-11
8.550300601202405915e+01 3.153239946725715463e-08 2.084369965250070344e-11
8.580160320641283533e+01 3.131329366859770918e-08 2.074145709766011799e-11
8.610020040080161152e+01 3.109646356195039149e-08 2.063992370121591721e-11
8.639879759519038771e+01 3.088187774186723774e-08 2.053909211054121519e-11
8.669739478957916390e+01 3.066950534279391649e-08 2.043895507430276870e-11
8.699599198396794009e+01 3.045931602797012951e-08 2.033950544072260542e-11
8.729458917835671627e+01 3.025127999210486607e-08 2.024077676406072650e-11
8.759318637274549246e+01 3.004536892415882442e-08 2.014577988611472950e-11
8.789178356713426865e+01 2.984155298195037302e-08 2.005142847922595210e-11
8.819038076152305905e+01 2.963980383831264326e-08 1.995771598703830398e-11
8.848897795591183524e+01 2.944009364321047356e-08 1.986463594169077581e-11
8.878757515030061143e+01 2.924239501412874605e-08 1.977218196232932836e-11
8.908617234468938761e+01 2.904668102668611002e-08 1.968034775364881218e-11
8.938476953907816380e+01 2.885292520546761719e-08 1.958912710446399377e-11
8.968336673346693999e+01 2.866110151507080918e-08 1.949851388630923565e-11
8.998196392785571618e+01 2.847118435135934131e-08 1.940850205206596791e-11
9.028056112224449237e+01 2.828314853291886205e-08 1.931908563461747280e-11
9.057915831663326856e+01 2.809696929270967531e-08 1.923025874553021988e-11
9.087775551102204474e+01 2.791262226991100767e-08 1.914201557376121860e-11
9.117635270541082093e+01 2.773008350195211247e-08 1.905435038439076794e-11
9.147494989979961133e+01 2.754932941672498302e-08 1.896725751738005045e-11
9.177354709418838752e+01 2.737033682497429767e-08 1.888073138635294410e-11
9.207214428857716371e+01 2.719308291285963336e-08 1.879476647740153784e-11
9.237074148296593989e+01 2.701754523468598735e-08 1.870935734791485362e-11
9.266933867735471608e+01 2.684370170579772668e-08 1.862449862543018973e-11
9.296793587174349227e+01 2.667153059563221651e-08 1.854018500650656223e-11
9.326653306613226846e+01 2.650101052092888569e-08 1.845641125561988248e-11
9.356513026052104465e+01 2.633212320403091072e-08 1.837537238020355134e-11
9.386372745490982084e+01 2.616484565235438859e-08 1.829526094527858906e-11
9.416232464929859702e+01 2.599915696334893449e-08 1.821565759147409451e-11
9.446092184368738742e+01 2.583503707860903621e-08 1.813655750055643223e-11
9.475951903807616361e+01 2.567246625526303633e-08 1.805795591502300507e-11
9.505811623246493980e+01 2.551142506003545439e-08 1.797984813714840513e-11
9.535671342685371599e+01 2.535189436343940810e-08 1.790222952804851707e-11
9.565531062124249218e+01 2.519385533409560301e-08 1.782509550676206648e-11
9.595390781563126836e+01 2.503728943317495931e-08 1.774844154934946803e-11
9.625250501002004455e+01 2.488217840896172904e-08 1.767226318800825916e-11
9.655110220440882074e+01 2.472850429153406957e-08 1.759655601020510009e-11
9.684969939879759693e+01 2.457624938755931734e-08 1.752131565782375516e-11
9.714829659318637312e+01 2.442539627520102691e-08 1.744653782632880351e-11
9.744689378757516351e+01 2.427592779913508203e-08 1.737221826394471726e-11
9.774549098196393970e+01 2.412782706567228139e-08 1.729835277085004222e-11
9.804408817635271589e+01 2.398107743798463962e-08 1.722493719838618023e-11
9.834268537074149208e+01 2.383566253143306422e-08 1.715196744828072793e-11
9.864128256513026827e+01 2.369156620899392357e-08 1.707943947188483244e-11
9.893987975951904446e+01 2.354877257678195501e-08 1.700734926942435698e-11
9.923847695390782064e+01 2.340726597966747489e-08 1.693569288926463369e-11
9.953707414829659683e+01 2.326703099698541548e-08 1.686446642718838011e-11
9.983567134268537302e+01 2.312805287254321760e-08 1.679422237942801380e-11
1.001342685370741492e+02 2.299031731862876215e-08 1.672583137218315761e-11
1.004328657314629396e+02 2.285380846400868089e-08 1.665784703187419487e-11
1.007314629258517158e+02 2.271851178497355912e-08 1.659026574206582343e-11
1.010300601202404920e+02 2.258441297212360463e-08 1.652308392907664389e-11
1.013286573146292682e+02 2.245149792658503421e-08 1.645629806134922916e-11
1.016272545090180444e+02 2.231975275630414242e-08 1.638990464883129005e-11
1.019258517034068205e+02 2.218916377241734183e-08 1.632390024236770393e-11
1.022244488977955967e+02 2.205971748569518313e-08 1.625828143310321929e-11
1.025230460921843729e+02 2.193140060305889236e-08 1.619304485189558717e-11
1.028216432865731491e+02 2.180420002416755609e-08 1.612818716873894852e-11
1.031202404809619253e+02 2.167810283807436951e-08 1.606370509219715724e-11
1.034188376753507015e+02 2.155309631995040896e-08 1.599959536884704242e-11
1.037174348697394919e+02 2.142916792787434065e-08 1.593585478273116698e-11
1.040160320641282681e+02 2.130630529968645095e-08 1.587248015482010535e-11
1.043146292585170443e+02 2.118449624990577404e-08 1.580946834248389439e-11
1.046132264529058205e+02 2.106372876670856988e-08 1.574681623897256081e-11
1.049118236472945966e+02 2.094399100896702090e-08 1.568452077290551804e-11
1.052104208416833728e+02 2.082527130334671485e-08 1.562257890776968087e-11
1.055090180360721490e+02 2.070755814146134191e-08 1.556098764142603927e-11
1.058076152304609252e+02 2.059084017708377597e-08 1.549974400562466240e-11
1.061062124248497014e+02 2.047510622341183894e-08 1.543884506552783220e-11
1.064048096192384776e+02 2.036034525038776908e-08 1.537828791924125492e-11
1.067034068136272680e+02 2.024654665992850115e-08 1.531845284675518255e-11
1.070020040080160442e+02 2.013370038177741686e-08 1.526024477718968031e-11
1.073006012024048204e+02 2.002179489508872895e-08 1.520236067162937779e-11
1.075991983967935965e+02 1.991081977117608179e-08 1.514479783298887018e-11
1.078977955911823727e+02 1.980076472545587375e-08 1.508755359403845068e-11
1.081963927855711489e+02 1.969161961506452704e-08 1.503062531699223278e-11
1.084949899799599251e+02 1.958337443652136503e-08 1.497401039310288016e-11
1.087935871743487013e+02 1.947601932343653446e-08 1.491770624226316739e-11
1.090921843687374775e+02 1.936954454426262595e-08 1.486171031261401266e-11
1.093907815631262537e+02 1.926394050008926491e-08 1.480602008015892757e-11
1.096893787575150441e+02 1.915919772247971661e-08 1.475063304838478391e-11
1.099879759519038203e+02 1.905530687134845655e-08 1.469554674788877786e-11
1.102865731462925964e+02 1.895225873287896489e-08 1.464075873601136852e-11
1.105851703406813726e+02 1.885004421748077239e-08 1.458626659647529441e-11
1.108837675350701488e+02 1.874865435778510248e-08 1.453206793903030747e-11
1.111823647294589250e+02 1.864808030667794166e-08 1.447816039910368115e-11
1.114809619238477012e+02 1.854831333537006830e-08 1.442454163745633107e-11
1.117795591182364774e+02 1.844934483150314652e-08 1.437120933984446587e-11
1.120781563126252536e+02 1.835116629729098854e-08 1.431816121668658721e-11
1.123767535070140298e+02 1.825376934769539967e-08 1.426539500273587779e-11
1.126753507014028202e+02 1.815714570863583195e-08 1.421290845675772369e-11
1.129739478957915964e+02 1.806128721523212827e-08 1.416069936121242115e-11
1.132725450901803725e+02 1.796618581007954636e-08 1.410876552194284316e-11
1.135711422845691487e+02 1.787183354155562931e-08 1.405710476786704980e-11
1.138697394789579249e+02 1.777822256215802910e-08 1.400571495067576307e-11
1.141683366733467011e+02 1.768534528999123876e-08 1.395535675464892565e-11
1.144669338677354773e+02 1.759319403034070006e-08 1.390579687729241292e-11
1.147655310621242535e+02 1.750176112299330998e-08 1.385649488991724879e-11
1.150641282565130297e+02 1.741103912093742072e-08 1.380744878481106181e-11
1.153627254509018059e+02 1.732102067341365249e-08 1.375865657504799294e-11
1.156613226452905963e+02 1.723169852442588569e-08 1.371011629422036591e-11
1.159599198396793724e+02 1.714306551127904382e-08 1.366182599617455167e-11
1.162585170340681486e+02 1.705511456314315098e-08 1.361378375475083301e-11
1.165571142284569248e+02 1.696783869964306164e-08 1.356598766352731783e-11
1.168557114228457010e+02 1.688123102947347252e-08 1.351843583556776054e-11
1.171543086172344772e+02 1.679528474903850159e-08 1.347112640317323983e-11
1.174529058116232534e+02 1.670999314111552671e-08 1.342405751763762508e-11
1.177515030060120296e+02 1.662534957354268493e-08 1.337722734900676169e-11
1.180501002004008058e+02 1.654134749792957250e-08 1.333063408584132562e-11
1.183486973947895819e+02 1.645798044839071888e-08 1.328427593498325138e-11
1.186472945891783581e+02 1.637524204030128212e-08 1.323815112132567577e-11
1.189458917835671485e+02 1.629312596907466117e-08 1.319225788758638561e-11
1.192444889779559247e+02 1.621162600896147598e-08 1.314659449408463737e-11
1.195430861723447009e+02 1.613073601186945205e-08 1.310115921852132580e-11
1.198416833667334771e+02 1.605044990620400442e-08 1.305595035576244521e-11
1.201402805611222533e+02 1.597076169572883274e-08 1.301096621762578348e-11
1.204388777555110295e+02 1.589166545844633563e-08 1.296620513267078424e-11
1.207374749498998057e+02 1.581315534549739100e-08 1.292166544599152396e-11
1.210360721442885819e+02 1.573522558008004566e-08 1.287734551901275373e-11
1.213346693386773580e+02 1.565787045638690591e-08 1.283324372928895579e-11
1.216332665330661342e+02 1.558108433856064993e-08 1.278935847030636624e-11
1.219318637274549246e+02 1.550486185038205025e-08 1.274597334657591976e-11
1.222304609218437008e+02 1.542919788502166553e-08 1.270367679660815723e-11
1.225290581162324770e+02 1.535408641994468193e-08 1.266158639579956020e-11
1.228276553106212532e+02 1.527952208908479268e-08 1.261970064068839958e-11
1.231262525050100294e+02 1.520549959136395972e-08 1.257801804239727459e-11
1.234248496993988056e+02 1.513201368975022190e-08 1.253653712645673914e-11
1.237234468937875818e+02 1.505905921033145117e-08 1.249525643263143885e-11
1.240220440881763579e+02 1.498663104140453744e-08 1.245417451474874726e-11
1.243206412825651341e+02 1.491472413258005156e-08 1.241328994052987885e-11
1.246192384769539103e+02 1.484333349390178107e-08 1.237260129142345128e-11
1.249178356713427007e+02 1.477245419498106912e-08 1.233210716244141439e-11
1.252164328657314769e+02 1.470208136414550996e-08 1.229180616199732351e-11
1.255150300601202531e+02 1.463221018760185047e-08 1.225169691174694073e-11
1.258136272545090293e+02 1.456283590861276508e-08 1.221177804643109166e-11
1.261122244488978055e+02 1.449395382668728421e-08 1.217204821372073865e-11
1.264108216432865817e+02 1.442555929678452371e-08 1.213250607406429972e-11
1.267094188376753578e+02 1.435764772853065423e-08 1.209315030053706781e-11
1.270080160320641340e+02 1.429021458544859749e-08 1.205397957869279967e-11
1.273066132264529102e+02 1.422325538420046953e-08 1.201499260641735824e-11
1.276052104208416864e+02 1.415676569384238685e-08 1.197618809378445199e-11
1.279038076152304768e+02 1.409074113509137437e-08 1.193756476291333242e-11
1.282024048096192530e+02 1.402517737960432525e-08 1.189912134782855947e-11
1.285010020040080292e+02 1.396007014926855128e-08 1.186085659432163942e-11
1.287995991983968054e+02 1.389541521550395179e-08 1.182276925981465800e-11
1.290981963927855816e+02 1.383120839857636939e-08 1.178485811322576663e-11
1.293967935871743578e+02 1.376744556692209606e-08 1.174712193483652492e-11
1.296953907815631339e+02 1.370412263648317897e-08 1.170955951616112054e-11
1.299939879759519101e+02 1.364123557005351595e-08 1.167216965981733709e-11
1.302925851703406863e+02 1.357878042881419624e-08 1.163502973651769253e-11
1.305911823647294625e+02 1.351675376656979876e-08 1.159889243688714627e-11
1.308897795591182387e+02 1.345515112594135734e-08 1.156292001638343221e-11
1.311883767535070149e+02 1.339396865085323494e-08 1.152711134916493140e-11
1.314869739478957911e+02 1.333320252896450773e-08 1.149146531961684815e-11
1.317855711422845673e+02 1.327284899107497660e-08 1.145598082223532560e-11
1.320841683366733434e+02 1.321290431054077399e-08 1.142065676151318168e-11
1.323827655310621196e+02 1.315336480269903661e-08 1.138549205182716539e-11
1.326813627254509242e+02 1.309422682430161761e-08 1.135048561732671068e-11
1.329799599198397004e+02 1.303548677295788115e-08 1.131563639182427201e-11
1.332785571142284766e+02 1.297714108658599050e-08 1.128094331868703480e-11
1.335771543086172528e+02 1.291918624287290304e-08 1.124640535073012672e-11
1.338757515030060290e+02 1.286161875874278096e-08 1.121202145011127169e-11
1.341743486973948052e+02 1.280443518983362582e-08 1.117779058822681399e-11
1.344729458917835814e+02 1.274763212998208402e-08 1.114371174560917201e-11
1.347715430861723576e+02 1.269120621071621302e-08 1.110978391182559595e-11
1.350701402805611337e+02 1.263515410075608424e-08 1.107600608537833256e-11
1.353687374749499099e+02 1.257947250552211855e-08 1.104237727360606949e-11
1.356673346693386861e+02 1.252415816665092418e-08 1.100889649258667858e-11
1.359659318637274623e+02 1.246920786151864216e-08 1.097556276704127742e-11
1.362645290581162385e+02 1.241461840277156603e-08 1.094237513023951880e-11
1.365631262525050147e+02 1.236038663786390334e-08 1.090933262390612253e-11
1.368617234468937909e+02 1.230650944860266919e-08 1.087643429812866743e-11
1.371603206412825671e+02 1.225298375069941219e-08 1.084367921126654006e-11
1.374589178356713433e+02 1.219980649332882434e-08 1.081106642986109999e-11
1.377575150300601194e+02 1.214697465869400957e-08 1.077859502854699862e-11
1.380561122244488956e+02 1.209448526159830366e-08 1.074626408996466282e-11
1.383547094188376718e+02 1.204233534902364209e-08 1.071407270467391433e-11
1.386533066132264764e+02 1.199052199971514990e-08 1.068201997106866192e-11
1.389519038076152526e+02 1.193904232377209430e-08 1.065010499529277614e-11
1.392505010020040288e+02 1.188789346224487398e-08 1.061832689115695122e-11
1.395490981963928050e+02 1.183707268662658100e-08 1.058746040033825066e-11
1.398476953907815812e+02 1.178657709956902645e-08 1.055673836149802657e-11
1.401462925851703574e+02 1.173640393098774718e-08 1.052614723606884098e-11
1.404448897795591336e+02 1.168655044183535892e-08 1.049568618905320356e-11
1.407434869739479097e+02 1.163701392208909862e-08 1.046535439253962953e-11
1.410420841683366859e+02 1.158779169038255536e-08 1.043515102562766187e-11
1.413406813627254621e+02 1.153888109364281270e-08 1.040507527435379506e-11
1.416392785571142383e+02 1.149027950673293130e-08 1.037512633161836653e-11
1.419378757515030145e+02 1.144198433209971390e-08 1.034530339711334797e-11
1.422364729458917907e+02 1.139399299942661865e-08 1.031560567725105918e-11
1.425350701402805669e+02 1.134630296529178452e-08 1.028603238509378341e-11
1.428336673346693431e+02 1.129891171283102460e-08 1.025658274028424700e-11
1.431322645290581193e+02 1.125181675140576939e-08 1.022725596897699088e-11
1.434308617234468954e+02 1.120501561627579277e-08 1.019805130377057569e-11
1.437294589178356716e+02 1.115850586827677369e-08 1.016896798364066252e-11
1.440280561122244478e+02 1.111228509350243382e-08 1.014000525387388695e-11
1.443266533066132240e+02 1.106635090299136036e-08 1.011116236600258771e-11
1.446252505010020002e+02 1.102070093241828900e-08 1.008243857774033344e-11
1.449238476953908048e+02 1.097533284178988672e-08 1.005383315291824108e-11
1.452224448897795810e+02 1.093024431514484592e-08 1.002534536142207949e-11
1.455210420841683572e+02 1.088543306025835094e-08 9.996974479130161388e-12
1.458196392785571334e+02 1.084089680835072689e-08 9.968719787851970435e-12
1.461182364729459096e+02 1.079663331380026401e-08 9.940580575267576738e-12
1.464168336673346857e+02 1.075264035386014825e-08 9.912556134867769638e-12
1.467154308617234619e+02 1.070891572837942008e-08 9.884645765894920759e-12
1.470140280561122381e+02 1.066545725952788076e-08 9.856848773284585383e-12
1.473126252505010143e+02 1.062226279152489123e-08 9.829164467607796909e-12
1.476112224448897905e+02 1.057933019037206535e-08 9.801592165014059242e-12
1.479098196392785667e+02 1.053665734358966238e-08 9.774131187175058125e-12
1.482084168336673429e+02 1.049424215995672651e-08 9.746780861229023548e-12
1.485070140280561191e+02 1.045208256925489414e-08 9.719540519725765857e-12
1.488056112224448952e+02 1.041017652201577456e-08 9.692409500572388799e-12
1.491042084168336714e+02 1.036852205617080616e-08 9.665931905701875190e-12
1.494028056112224476e+02 1.032711711177112062e-08 9.639692300179034731e-12
1.497014028056112238e+02 1.028595968379681788e-08 9.613557370663824498e-12
1.500000000000000000e+02 1.024504780332906326e-08 9.587526492036996837e-12
