1.003994999999999971e+00 6.636977717951573224e-07 5.317694347827920773e-07
1.018979999999999997e+00 6.703042076472140381e-07 5.070226860717445368e-07
1.067676000000000069e+00 6.489562897811101669e-07 4.361959290028797575e-07
1.121707999999999927e+00 6.090943878727669618e-07 3.722777312517578560e-07
1.138876999999999917e+00 5.909801683025451232e-07 3.546283764193871135e-07
1.141345000000000054e+00 5.865054551737404395e-07 3.521100292771671736e-07
1.143455000000000110e+00 5.797844227963356639e-07 3.499813626974977295e-07
1.150322999999999984e+00 5.837286127539898132e-07 3.592130349815551129e-07
1.167491999999999974e+00 5.797020285674488458e-07 3.421336369337044965e-07
1.220097999999999905e+00 5.503127531290401125e-07 2.954655292677974260e-07
1.304284999999999917e+00 4.987874609049437752e-07 2.365662991511034266e-07
1.394281000000000104e+00 4.473211732253965042e-07 1.895954151145962203e-07
1.490485999999999978e+00 3.986720733120917890e-07 1.521045006975046699e-07
1.593328999999999995e+00 3.538881218334664054e-07 1.220299031048100904e-07
1.703268999999999922e+00 3.130768578918731532e-07 9.763318008916484486e-08
1.820794999999999941e+00 2.760601440459931392e-07 7.793927432310230124e-08
1.946430000000000105e+00 2.427852531560115619e-07 6.223502382444336452e-08
2.080732999999999944e+00 2.131257973375185985e-07 4.972479266244067513e-08
2.224304000000000059e+00 1.868022370297874159e-07 3.975636307375442312e-08
2.377781000000000144e+00 1.636057141683960899e-07 3.180367653262394633e-08
2.541847999999999885e+00 1.431001510453905065e-07 2.545958944281097991e-08
2.717235000000000067e+00 1.250799279526782372e-07 2.038968833381748685e-08
2.904723999999999862e+00 1.092548243088536415e-07 1.624491929332415611e-08
3.105150000000000077e+00 9.532262817282022472e-08 1.283323013451415777e-08
3.319405999999999857e+00 8.289178278892818316e-08 1.006809237574995219e-08
3.548445000000000071e+00 7.191839410127910320e-08 7.916793232011568039e-09
3.793287999999999993e+00 6.221896729035737095e-08 6.233054553413212216e-09
4.055024000000000406e+00 5.356494433470799292e-08 4.891620790037090895e-09
4.334820999999999813e+00 4.564643803146383746e-08 3.836675213469051967e-09
4.633924000000000376e+00 3.754940049448015550e-08 3.014666264925019077e-09
4.686556000000000388e+00 3.580481472170332750e-08 2.894631034878426081e-09
4.758289000000000435e+00 3.200661902881731585e-08 2.740954611536994007e-09
4.777417999999999942e+00 2.863224229526165869e-08 2.701759087723715860e-09
4.806110999999999578e+00 3.132526584508764281e-08 8.622525355302446690e-09
4.877843999999999625e+00 3.289634866463967908e-08 8.104003596163794859e-09
4.953663999999999845e+00 3.266768077526607803e-08 7.597760065097988450e-09
5.001625999999999905e+00 3.216835444884454639e-08 7.297523475808816495e-09
5.078181999999999974e+00 3.055550959137567096e-08 6.872810257539516826e-09
5.098595999999999684e+00 2.906936250540082618e-08 6.767331601439630237e-09
5.129218999999999973e+00 3.021078073398054606e-08 9.224686296754096104e-09
5.205773999999999901e+00 3.075770750875132696e-08 8.699994540557729238e-09
5.295467000000000368e+00 3.040036207890971890e-08 8.136719673099289397e-09
5.343744000000000050e+00 3.004198787140749600e-08 7.854302855788333790e-09
5.425536000000000136e+00 2.907165399709945420e-08 7.417030484412525955e-09
5.447346999999999717e+00 2.835631545014691860e-08 7.306895530165361478e-09
5.480063999999999602e+00 2.872261624436172132e-08 8.271538402268383664e-09
5.561855999999999689e+00 2.867002840842230709e-08 7.848146797635739808e-09
5.660854999999999748e+00 2.818882992065595278e-08 7.376130314078482852e-09
6.051453000000000415e+00 2.569028849568882206e-08 5.852809907106383239e-09
6.469003999999999976e+00 2.303705570910503109e-08 4.639498317728830786e-09
6.915365000000000428e+00 2.049138192027500973e-08 3.662803506611854076e-09
7.392525000000000013e+00 1.813231311622311158e-08 2.885230484537419056e-09
7.902608999999999995e+00 1.598900104611802776e-08 2.271533593407790542e-09
8.447889999999999233e+00 1.406692168952324736e-08 1.789358025120593321e-09
9.030794000000000210e+00 1.236045328241547532e-08 1.408419574999849713e-09
9.653919000000000139e+00 1.085675549653327350e-08 1.102069551112980573e-09
1.032004000000000055e+01 9.518139826392393042e-09 8.603700831414989375e-10
1.103212000000000081e+01 8.336315762710240472e-09 6.708815116026307651e-10
1.179334000000000060e+01 7.291323181754540764e-09 5.223742558927478678e-10
1.260707999999999984e+01 6.373999708139067232e-09 4.071926102467995326e-10
1.347696999999999967e+01 5.570201019967615518e-09 3.176871387939156018e-10
1.440687999999999924e+01 4.866673074336467410e-09 2.481360701559881707e-10
1.540094999999999992e+01 4.251381177897004692e-09 1.940432499450490073e-10
1.646361999999999881e+01 3.713507822319216885e-09 1.519283635589753421e-10
1.759960999999999842e+01 3.243465219954943033e-09 1.191008465912452482e-10
1.881398000000000081e+01 2.832751969150359833e-09 9.341176571432210104e-11
2.011214999999999975e+01 2.473873791444864901e-09 7.332524633131963595e-11
2.149988000000000099e+01 2.160270176541598806e-09 5.754820398963699867e-11
2.298338000000000036e+01 1.886102938624307855e-09 4.513825138785145426e-11
2.456923000000000101e+01 1.646310834387851576e-09 3.535601371038500443e-11
2.626450000000000173e+01 1.436404857740937757e-09 2.767518198819191513e-11
2.807676000000000016e+01 1.252370707895268655e-09 2.151125200036244162e-11
3.001405000000000101e+01 1.090096826853754984e-09 1.670251134146372716e-11
3.208502000000000010e+01 9.451924238865775358e-10 1.299237150084255692e-11
3.387017000000000166e+01 8.308945281021024599e-10 1.061089325084008884e-11
3.429889000000000010e+01 7.967223217856696440e-10 1.012533826705543707e-11
3.438859000000000066e+01 7.866288904361863160e-10 1.002727593666683499e-11
3.452683999999999997e+01 7.572479604727156845e-10 9.878732520002061746e-12
3.473420999999999736e+01 7.713408913737953962e-10 5.460401234473846107e-11
3.525263000000000346e+01 7.691066916490276513e-10 5.175526635218983806e-11
3.666550999999999760e+01 7.265057450436254795e-10 4.490464354387808316e-11
3.919543000000000177e+01 6.451965084380404010e-10 3.528095053314545281e-11
4.189992000000000161e+01 5.689674119847498717e-10 2.772360002711361968e-11
4.479100999999999999e+01 5.003106230419194519e-10 2.178888685426679658e-11
4.788159000000000276e+01 4.392262652610057277e-10 1.707036955830379862e-11
5.118542000000000058e+01 3.851792602309339062e-10 1.337202035841150070e-11
5.471721000000000146e+01 3.375417635802790596e-10 1.047474908681282683e-11
5.849269999999999925e+01 2.956482359840672066e-10 8.207146567956490707e-12
6.252870000000000061e+01 2.588620933047045525e-10 6.432875154659861777e-12
6.684318000000000382e+01 2.265963412599664254e-10 5.044983312471320168e-12
7.145535999999999888e+01 1.984307434125017132e-10 3.952756081327667909e-12
7.638577999999999690e+01 1.736357614685199682e-10 3.094625843896576501e-12
8.165640000000000498e+01 1.519298229919002930e-10 2.421828971826425660e-12
8.729068999999999789e+01 1.329189848743224627e-10 1.891430308967876512e-12
9.331373999999999569e+01 1.162779798435362491e-10 1.479260371353482427e-12
9.975239000000000544e+01 1.017160366347424695e-10 1.158849108585556722e-12
1.066353000000000009e+02 8.897577724632280371e-11 9.094965791745070669e-13
1.139930999999999983e+02 7.783087686170873981e-11 7.152894353872552581e-13
1.218586999999999989e+02 6.808182348670995567e-11 5.639185216764831550e-13
1.302668999999999926e+02 5.955448207646273370e-11 4.457933231190971713e-13
1.392553000000000054e+02 5.209583875521166758e-11 3.534709134598886546e-13
1.488640000000000043e+02 4.557192527859559072e-11 2.812222907646190369e-13
1.591356000000000108e+02 3.986570578659000295e-11 2.246683567951667529e-13
1.701159000000000106e+02 3.487476658861031437e-11 1.802318871523130114e-13
1.818539000000000101e+02 3.050914485021477834e-11 1.452325314602985541e-13
1.944018000000000086e+02 2.669060671348730431e-11 1.175995944705949186e-13
2.078155999999999892e+02 2.335036335852490097e-11 9.572231458963645143e-14
2.221547999999999945e+02 2.042854574779325964e-11 7.834005525487342969e-14
2.374834999999999923e+02 1.787264766227435261e-11 6.448888246794169699e-14
2.538699000000000012e+02 1.563678544458176449e-11 5.340418321844333701e-14
2.713869000000000256e+02 1.368086238336545130e-11 4.449462114328294819e-14
2.901125999999999863e+02 1.196974758294388614e-11 3.730394845789828693e-14
3.101304000000000087e+02 1.047280092160030313e-11 3.146702600535561730e-14
3.315294000000000096e+02 9.163200690973717886e-12 2.670497411033888655e-14
3.544048999999999978e+02 8.017438427952970683e-12 2.279714992205243946e-14
3.788587999999999738e+02 7.015032730191448336e-12 1.956937559926104963e-14
4.050000999999999749e+02 6.138021504459002102e-12 1.689001283558825317e-14
4.329451000000000249e+02 5.370694194765061488e-12 1.464950232651204745e-14
