1.067676000000000069e+00 5.991629608256082923e-04 1.301131720411348165e-04
1.141345000000000054e+00 5.233428222015599736e-04 1.034107301287945694e-04
1.220097999999999905e+00 4.561909171675821513e-04 8.216879362497742502e-05
1.304284999999999917e+00 3.966997346675191259e-04 6.494917307687085996e-05
1.394281000000000104e+00 3.439683134583189231e-04 5.135934307599794308e-05
1.490485999999999978e+00 2.972815223667475020e-04 4.067654057236677151e-05
1.593328999999999995e+00 2.558150954180110062e-04 3.226047783734806499e-05
1.703268999999999922e+00 2.186073125611345293e-04 2.559927701567711730e-05
1.820794999999999941e+00 1.843695095186267084e-04 2.034445311390290520e-05
1.946430000000000105e+00 1.502825947466866416e-04 1.619267454294909890e-05
2.038400000000000212e+00 1.193199880599871273e-04 1.383917441122947650e-05
2.069599999999999884e+00 9.623318302809619022e-05 1.314425603272424054e-05
2.077920000000000211e+00 7.372465641368766123e-05 1.296682698347870346e-05
2.080732999999999944e+00 5.888217152620640876e-05 5.482901904654214806e-05
2.090399999999999814e+00 9.309277403428288576e-05 5.385814276165742698e-05
2.112389999999999990e+00 1.041064611506094885e-04 5.172536202619232602e-05
2.121599999999999930e+00 1.051852384142727839e-04 5.086472407503219107e-05
2.144721999999999795e+00 1.020214188437614634e-04 4.878027828597275404e-05
2.153344000000000147e+00 9.312085313308718164e-05 4.803197556667579074e-05
2.166277000000000008e+00 1.038378118376773131e-04 6.584409953780192572e-05
2.198609999999999953e+00 1.131401746567146596e-04 6.223999692486184739e-05
2.224304000000000059e+00 1.155710327553017484e-04 5.960370539594864821e-05
2.325050000000000061e+00 1.144985230560652034e-04 5.069316369089225905e-05
2.360637000000000096e+00 1.105258515886785921e-04 4.800092270402807321e-05
2.370127000000000095e+00 1.066389369925915527e-04 4.731562310668104281e-05
2.377781000000000144e+00 1.081384659668042182e-04 5.381826202881165842e-05
2.384361999999999870e+00 1.097585908883962384e-04 5.330163775422931986e-05
2.419950000000000045e+00 1.115016212969467533e-04 5.062060009848526733e-05
2.541847999999999885e+00 1.080854765315711130e-04 4.271890285580740292e-05
2.717235000000000067e+00 9.958326475868733020e-05 3.400327955771477261e-05
2.904723999999999862e+00 9.014516419537032480e-05 2.699546808564463811e-05
3.105150000000000077e+00 8.081499957899432643e-05 2.131024534443910513e-05
3.319405999999999857e+00 7.186615692714717278e-05 1.674603515306180565e-05
3.548445000000000071e+00 6.358877045930058126e-05 1.316945644098290575e-05
3.793287999999999993e+00 5.607846355230212152e-05 1.036674880790306747e-05
4.055024000000000406e+00 4.934472709569618580e-05 8.167901405319066390e-06
4.334820999999999813e+00 4.351152819265765231e-05 6.415028125140145676e-06
4.633924000000000376e+00 3.815617778767205442e-05 5.016869514167213132e-06
4.953663999999999845e+00 3.345191349783511011e-05 3.918932101991070217e-06
5.295467000000000368e+00 2.926618530337343226e-05 3.060340737724027266e-06
5.660854999999999748e+00 2.558602288940386174e-05 2.392242454910616952e-06
6.051453000000000415e+00 2.235785361941768068e-05 1.870010481836158631e-06
6.469003999999999976e+00 1.952999609489318927e-05 1.463040258086210523e-06
6.915365000000000428e+00 1.705583330763906354e-05 1.145968763291396483e-06
7.392525000000000013e+00 1.489294880733146334e-05 8.986336000576947791e-07
7.902608999999999995e+00 1.300311360705106082e-05 7.051292497921163508e-07
8.447889999999999233e+00 1.135250087855243081e-05 5.539518829911800133e-07
9.030794000000000210e+00 9.912928418464658510e-06 4.346139383656965124e-07
9.653919000000000139e+00 8.653644614296577455e-06 3.372089311351224280e-07
1.032004000000000055e+01 7.551035157378792868e-06 2.617512058819740108e-07
1.103212000000000081e+01 6.586567538100574522e-06 2.025970131396297203e-07
1.179334000000000060e+01 5.742775918254608349e-06 1.570302697281976595e-07
1.260707999999999984e+01 5.004180731202723749e-06 1.218786447367763441e-07
1.347696999999999967e+01 4.356568550772912887e-06 9.474041579585752931e-08
1.440687999999999924e+01 3.786351294715797053e-06 7.375694939854303423e-08
1.540094999999999992e+01 3.278214577721037277e-06 5.750735996237035848e-08
1.646361999999999881e+01 2.797980047173239708e-06 4.490991188590703920e-08
1.669763000000000019e+01 2.683875523239078101e-06 4.263238044718049916e-08
1.695320999999999856e+01 2.505950444246158401e-06 4.031174932577679920e-08
1.702136000000000138e+01 2.369162608302707134e-06 3.972024114442393671e-08
1.712359000000000009e+01 2.458722047041137740e-06 2.663371180729245232e-07
1.737916999999999845e+01 2.490294414058595587e-06 2.512748933469168100e-07
1.759960999999999842e+01 2.465353750282008907e-06 2.391415061346657643e-07
1.881398000000000081e+01 2.230516395483214022e-06 1.863496483246750258e-07
2.011214999999999975e+01 1.980227317567244412e-06 1.466654156979252046e-07
2.149988000000000099e+01 1.748168316579257559e-06 1.157360675790930430e-07
2.298338000000000036e+01 1.539057414520016510e-06 9.105133081340345473e-08
2.456923000000000101e+01 1.352307906494565218e-06 7.139025673952073102e-08
2.626450000000000173e+01 1.186713354756914102e-06 5.593989187515136231e-08
2.807676000000000016e+01 1.040502451205360309e-06 4.368512614419520721e-08
3.001405000000000101e+01 9.116173007595659488e-07 3.408562011809397168e-08
3.208502000000000010e+01 7.983182302272534366e-07 2.660723310184832298e-08
3.429889000000000010e+01 6.995062124547231975e-07 2.076488584184079483e-08
3.666550999999999760e+01 6.121769953851406118e-07 1.611198194131338826e-08
3.919543000000000177e+01 5.356129816068922018e-07 1.250993966458941027e-08
4.189992000000000161e+01 4.685508538354377750e-07 9.719111070507325135e-09
4.479100999999999999e+01 4.098448939450769420e-07 7.556248578062116128e-09
4.788159000000000276e+01 3.584705450751505347e-07 5.878858985663207805e-09
5.118542000000000058e+01 3.135247796505915434e-07 4.577376657015180981e-09
5.471721000000000146e+01 2.742101909473100737e-07 3.565704386225010019e-09
5.849269999999999925e+01 2.398235189428208750e-07 2.781071136923283001e-09
6.252870000000000061e+01 2.097510917305122057e-07 2.172095371001323461e-09
6.684318000000000382e+01 1.834528073687039754e-07 1.699161674212218899e-09
7.145535999999999888e+01 1.604553958823897634e-07 1.331618964154785857e-09
7.638577999999999690e+01 1.403451712334869500e-07 1.043705132187510900e-09
8.165640000000000498e+01 1.227575668758017401e-07 8.178186144680039669e-10
8.729068999999999789e+01 1.073747919022107942e-07 6.416018026227573799e-10
9.331373999999999569e+01 9.392154712350396497e-08 5.050017800883730631e-10
9.975239000000000544e+01 8.215595841124899251e-08 3.989783966002924472e-10
1.066353000000000009e+02 7.186608360557348668e-08 3.165359709718319738e-10
1.139930999999999983e+02 6.286662719176611515e-08 2.522974925305672646e-10
1.218586999999999989e+02 5.499542711496716410e-08 2.021263061145400138e-10
1.302668999999999926e+02 4.811093815030224430e-08 1.628350489407180932e-10
1.392553000000000054e+02 4.208942738908238172e-08 1.319701608193110743e-10
1.488640000000000043e+02 3.682216867364874838e-08 1.076404620150421093e-10
1.591356000000000108e+02 3.221494347649422142e-08 8.838496376389116108e-11
1.701159000000000106e+02 2.818462314226646551e-08 7.307744157375621295e-11
1.818539000000000101e+02 2.465901153284963971e-08 6.084982448087639919e-11
1.944018000000000086e+02 2.157480913348745418e-08 5.103056628235314632e-11
2.078155999999999892e+02 1.887663240161905997e-08 4.309546807397850994e-11
2.221547999999999945e+02 1.651612804025822684e-08 3.664514523178714182e-11
2.374834999999999923e+02 1.445101199259414479e-08 3.136607578202515887e-11
2.538699000000000012e+02 1.264423799935975595e-08 2.701538046015902657e-11
2.713869000000000256e+02 1.106350725615663410e-08 2.340279610615872132e-11
2.901125999999999863e+02 9.680465377977054814e-09 2.038116462116589933e-11
3.101304000000000087e+02 8.470423665425729892e-09 1.783554710484500830e-11
3.315294000000000096e+02 7.411674398712026913e-09 1.567597870683082809e-11
3.544048999999999978e+02 6.485313039396174397e-09 1.382915280055771310e-11
3.788587999999999738e+02 5.674778436351658904e-09 1.224157159214028211e-11
4.050000999999999749e+02 4.965580582260257198e-09 1.086709037575827108e-11
4.329451000000000249e+02 4.345037099698515442e-09 9.670385352975981068e-12
