1.001660500000000065e+00 7.088847604396889858e-04 1.979788344775173809e-04
1.006668799999999919e+00 7.021688521628128383e-04 1.947736968878747185e-04
1.011702099999999938e+00 6.953874172753895903e-04 1.916227479245762651e-04
1.016760600000000014e+00 6.885694767997462646e-04 1.885253781748809929e-04
1.021844399999999986e+00 6.817334851359898792e-04 1.854810029329749435e-04
1.026953599999999911e+00 6.748956198863631691e-04 1.824890424050703479e-04
1.032088399999999906e+00 6.680854460868487863e-04 1.795489042831078629e-04
1.037248900000000029e+00 6.612677821823984914e-04 1.766533897149229345e-04
1.042435100000000059e+00 6.544689868886420514e-04 1.738086470445161791e-04
1.047647299999999948e+00 6.476926936613208253e-04 1.710140826423410358e-04
1.052885499999999919e+00 6.409427713163950080e-04 1.682626269016325709e-04
1.058149900000000088e+00 6.342212060736123012e-04 1.655603100760325659e-04
1.063440699999999906e+00 6.275299124684743024e-04 1.629065714948444918e-04
1.068757900000000038e+00 6.208709673407173312e-04 1.602880175100154857e-04
1.074101699999999937e+00 6.142461358048477687e-04 1.577234965535345040e-04
1.079472200000000104e+00 6.076543588065609668e-04 1.551932696895380929e-04
1.084869499999999931e+00 6.010974606002714464e-04 1.527096780909529942e-04
1.090293900000000038e+00 5.945755683886425405e-04 1.502721709754569780e-04
1.095745399999999981e+00 5.880891305313467720e-04 1.478676928808807483e-04
1.101224100000000039e+00 5.816398471916382458e-04 1.455084070456216859e-04
1.106730200000000108e+00 5.752265151533680681e-04 1.431875767323977837e-04
1.112263900000000083e+00 5.688493305789259560e-04 1.409047770162984083e-04
1.117825199999999963e+00 5.625086836699938562e-04 1.386596121879323884e-04
1.123414300000000088e+00 5.562034214507775029e-04 1.364516645140802893e-04
1.129031399999999907e+00 5.499337484993225894e-04 1.342805205921161771e-04
1.134676500000000088e+00 5.437000534707758098e-04 1.321457945719983556e-04
1.140349899999999916e+00 5.375024221883998319e-04 1.300410381782273004e-04
1.146051699999999895e+00 5.313385786096935922e-04 1.279779520156655852e-04
1.151781900000000025e+00 5.252089466596571209e-04 1.259500992267799488e-04
1.157540800000000036e+00 5.191149085727380860e-04 1.239511327851956736e-04
1.163328499999999988e+00 5.130530287184855657e-04 1.219866725112099087e-04
1.169145199999999996e+00 5.070235885535578869e-04 1.200563305864280143e-04
1.174990900000000060e+00 5.010270305934803577e-04 1.181597432387917785e-04
1.180865899999999913e+00 4.950611265860095601e-04 1.162906958013043904e-04
1.186770199999999997e+00 4.891263619663539092e-04 1.144547122948091667e-04
1.192703999999999986e+00 4.832042305115835526e-04 1.126456523437567478e-04
1.198667600000000055e+00 4.773280914314433705e-04 1.108689590006987002e-04
1.204660899999999923e+00 4.714796074403081400e-04 1.091242924889707409e-04
1.210684199999999988e+00 4.656591011475203672e-04 1.074055988285986253e-04
1.216737600000000086e+00 4.598636509211930564e-04 1.057126107346023430e-04
1.222821300000000111e+00 4.540937329047839855e-04 1.040506782074279295e-04
1.228935399999999900e+00 4.483465607311040387e-04 1.024194546295322455e-04
1.235080100000000014e+00 4.426215818597715491e-04 1.008074521962834958e-04
1.241255500000000067e+00 4.369172570224186388e-04 9.922557714397962046e-05
1.247461799999999954e+00 4.312331177877262375e-04 9.767348317748077114e-05
1.253699099999999955e+00 4.255655979073382053e-04 9.613986461985052411e-05
1.259967599999999965e+00 4.199154248029981508e-04 9.463546117702547342e-05
1.266267400000000043e+00 4.142781577040319826e-04 9.315451201707222360e-05
1.272598799999999919e+00 4.086535408095581389e-04 9.169675647665148633e-05
1.278961800000000038e+00 4.030394870146875312e-04 9.026733505014299314e-05
1.285356600000000071e+00 3.974328637472605906e-04 8.885521825052805818e-05
1.291783300000000079e+00 3.918317386918325658e-04 8.747089365800157735e-05
1.298242300000000071e+00 3.862340904856876298e-04 8.610872700276622489e-05
1.304733499999999990e+00 3.806353434757604650e-04 8.476849687291667052e-05
1.311257099999999953e+00 3.750338603391088050e-04 8.344471902596642128e-05
1.317813399999999913e+00 3.694261069268344757e-04 8.214766482171941616e-05
1.324402499999999927e+00 3.638069159345016850e-04 8.087183493777207015e-05
1.331024500000000055e+00 3.581732339136087934e-04 7.961700250559636401e-05
1.337679599999999969e+00 3.525211654488586148e-04 7.837779568202678877e-05
1.344368000000000007e+00 3.468442222657702029e-04 7.716429306337506270e-05
1.351089900000000066e+00 3.411371203298844946e-04 7.596601169337373794e-05
1.357845299999999922e+00 3.353931048474507277e-04 7.479294326259247638e-05
1.364634499999999973e+00 3.296064752595324410e-04 7.363470487322740644e-05
1.371457699999999891e+00 3.237682926922360563e-04 7.249616560708061212e-05
1.378314999999999957e+00 3.178691845975053338e-04 7.136713336014449758e-05
1.385206600000000066e+00 3.118975395828646078e-04 7.024754018084321879e-05
1.392132600000000053e+00 3.058414451275203480e-04 6.914720326008182811e-05
1.399093300000000095e+00 2.996868744822345264e-04 6.807081840575328617e-05
1.406088699999999969e+00 2.934171737841400457e-04 6.700343730578734813e-05
1.413119199999999909e+00 2.870137501814738236e-04 6.595958549820065959e-05
1.420184799999999914e+00 2.804531992629777067e-04 6.492930650380108711e-05
1.427285700000000102e+00 2.737073191355246884e-04 6.391728393331848486e-05
1.434422099999999922e+00 2.667426419891541544e-04 6.292331260123948389e-05
1.441594199999999937e+00 2.595167018878355046e-04 6.194241895878548120e-05
1.448802200000000040e+00 2.519761265069214761e-04 6.097921945412511287e-05
1.456046200000000068e+00 2.440525238141463555e-04 6.003351843081535281e-05
1.463326499999999974e+00 2.356647433417878210e-04 5.910041423645762858e-05
1.470643099999999981e+00 2.266702616452190777e-04 5.817978888795004815e-05
1.477996300000000041e+00 2.169040977934608247e-04 5.728081890107441306e-05
1.485386300000000048e+00 2.061112330547985286e-04 5.638935252465684375e-05
1.492813200000000062e+00 1.938844594829936614e-04 5.551916043489989769e-05
1.500277300000000036e+00 1.795287276283614596e-04 5.465622881468439666e-05
1.507778700000000027e+00 1.616772803340602634e-04 5.381419287414026685e-05
1.515317599999999931e+00 1.369790792923697258e-04 5.297918281445687324e-05
1.522894200000000087e+00 9.191920477569887841e-05 5.216469605459822035e-05
1.527561600000000075e+00 -4.418244282841579386e-05 5.166767068099686921e-05
1.528038299999999960e+00 -4.661357478228958339e-05 1.910796893222826357e-04
1.530508600000000108e+00 6.043303009129211769e-05 1.899894666466934274e-04
1.538161200000000006e+00 1.154019807656974988e-04 1.866657610979830071e-04
1.545852000000000004e+00 1.336763750800502696e-04 1.834060209685904152e-04
1.553581199999999995e+00 1.410160324119252417e-04 1.802006606626638068e-04
1.561349099999999934e+00 1.406953640856290844e-04 1.770490750656956893e-04
1.569155899999999937e+00 1.292898297673096737e-04 1.739594415991171158e-04
1.575811400000000084e+00 6.258881297025501681e-05 1.713787441343827189e-04
1.576788700000000043e+00 6.216575050025056751e-05 2.566972614060679197e-04
1.577001700000000062e+00 7.225453446795916462e-05 2.565710153398777856e-04
1.584886699999999982e+00 1.468799893137351961e-04 2.520533008264108947e-04
1.592811100000000035e+00 1.694493448713221568e-04 2.476130487694057120e-04
1.600775199999999954e+00 1.839165731132603868e-04 2.432493910471207523e-04
1.608778999999999959e+00 1.945942847779685142e-04 2.389615131889612069e-04
1.616822900000000063e+00 2.029686984085725507e-04 2.347528008785570400e-04
1.624907000000000101e+00 2.097536148296043790e-04 2.306181436705407760e-04
1.633031600000000028e+00 2.153567308285231764e-04 2.265567054915854431e-04
1.641196700000000064e+00 2.200364425117134484e-04 2.225676996223222731e-04
1.649402699999999999e+00 2.239695392419987607e-04 2.186461218922351767e-04
1.657649699999999893e+00 2.272844007315299509e-04 2.147995453382542104e-04
1.665937999999999919e+00 2.300763596950357846e-04 2.110188462874047560e-04
1.674267699999999914e+00 2.324188733767221498e-04 2.073074211533246973e-04
1.682638999999999996e+00 2.343709384294614657e-04 2.036604039416721424e-04
1.691052199999999894e+00 2.359794933262906644e-04 2.000770717831510943e-04
1.699507499999999949e+00 2.372840699395429404e-04 1.965567207844866413e-04
1.708004999999999995e+00 2.383165469480505439e-04 1.931026908548483538e-04
1.716544999999999987e+00 2.391042490596368125e-04 1.897062062184231050e-04
1.725127800000000100e+00 2.396701977543828704e-04 1.863706171639064528e-04
1.733753399999999889e+00 2.400344963954678071e-04 1.830952663462765578e-04
1.742422200000000032e+00 2.402148150124530754e-04 1.798794592324719048e-04
1.751134299999999921e+00 2.402245010042209207e-04 1.767186123556137778e-04
1.759889899999999896e+00 2.400775302930782738e-04 1.736160306151682503e-04
1.768689399999999967e+00 2.397846951239990449e-04 1.705632628549351242e-04
1.777532799999999913e+00 2.393554983586716463e-04 1.675714017366422559e-04
1.786420499999999967e+00 2.387974721623605987e-04 1.646281779046901894e-04
1.795352599999999965e+00 2.381185272427931252e-04 1.617369082591832202e-04
1.804329400000000083e+00 2.373237155142346444e-04 1.589008195462135399e-04
1.813350999999999935e+00 2.364169948955844355e-04 1.561117087058023600e-04
1.822417799999999977e+00 2.354021578970621044e-04 1.533728235699830249e-04
1.831529900000000044e+00 2.342809963722018263e-04 1.506836127773788407e-04
1.840687500000000032e+00 2.330528034566289235e-04 1.480397850494405312e-04
1.849890899999999894e+00 2.317164514133687096e-04 1.454445553299204207e-04
1.859140400000000026e+00 2.302665688086836875e-04 1.428936716911463091e-04
1.868436100000000044e+00 2.286957183345626277e-04 1.403903373768576276e-04
1.877778299999999900e+00 2.269901403581366735e-04 1.379303467383022710e-04
1.887167199999999934e+00 2.251296777673152452e-04 1.355132235538140527e-04
1.896603000000000039e+00 2.230801815297142870e-04 1.331384957037380786e-04
1.906085999999999947e+00 2.207849978919655849e-04 1.308092961136809529e-04
1.915616500000000055e+00 2.181406252467024979e-04 1.285179209105397232e-04
1.925194499999999920e+00 2.149346471869065635e-04 1.262675499859957945e-04
1.934820500000000054e+00 2.106152119121209232e-04 1.240577080669288013e-04
1.944494600000000073e+00 2.027059974086892148e-04 1.218879506325757576e-04
1.947538200000000108e+00 1.967065967319366472e-04 1.212137117770228397e-04
1.952061800000000069e+00 1.960526965394797393e-04 1.413125763679234047e-04
1.954217099999999929e+00 2.003927824507801137e-04 1.407379649048488563e-04
1.963988199999999962e+00 2.072879018108560623e-04 1.381644887573978088e-04
1.973808100000000065e+00 2.096999101636040565e-04 1.356375280026674967e-04
1.983677200000000029e+00 2.107831740918220988e-04 1.331600181987589119e-04
1.993595500000000076e+00 2.111940393756482474e-04 1.307245094298668928e-04
2.003563499999999831e+00 2.111839750588217026e-04 1.283305253342473349e-04
2.013581299999999796e+00 2.108786358188189638e-04 1.259844506957317849e-04
2.023649199999999926e+00 2.103474417422765441e-04 1.236789323948427619e-04
2.033767500000000172e+00 2.096321640053320893e-04 1.214169019312341707e-04
2.043936299999999928e+00 2.087538762098922925e-04 1.191978749601729624e-04
2.054155999999999871e+00 2.077411859936647805e-04 1.170983524515739849e-04
2.064426800000000117e+00 2.066523068834556179e-04 1.150567436843408388e-04
2.074748899999999896e+00 2.054880598154732482e-04 1.130590703514019801e-04
2.085122699999999885e+00 2.042488565129558836e-04 1.111015080432807225e-04
2.095548299999999919e+00 2.029344360458175823e-04 1.091836007400708627e-04
2.106025999999999954e+00 2.015419173705974148e-04 1.073048857549549386e-04
2.116556200000000221e+00 2.000622168705473009e-04 1.054616507726093564e-04
2.127138899999999833e+00 1.984771272871918720e-04 1.036567382589877949e-04
2.137774600000000191e+00 1.967500999898225589e-04 1.018864714083641198e-04
2.148463500000000082e+00 1.947976148560545510e-04 1.001504573816817994e-04
2.159205800000000064e+00 1.923763597228284722e-04 9.844512178973812203e-05
2.170001800000000092e+00 1.879129618859237618e-04 9.677645964263375167e-05
2.170436000000000032e+00 1.875286050959048710e-04 9.670957307546861558e-05
2.175564200000000170e+00 1.869052441064598046e-04 1.027150001934379255e-04
2.180851899999999954e+00 1.887733285456126889e-04 1.018447601899098774e-04
2.191756100000000096e+00 1.894432255559537384e-04 1.000767590372913081e-04
2.202714900000000142e+00 1.891689426663265103e-04 9.834567938228910855e-05
2.213728500000000210e+00 1.885419238165893577e-04 9.664487934658964896e-05
2.224797099999999972e+00 1.877212283621918821e-04 9.497711738343631342e-05
2.235921100000000106e+00 1.867738131712314367e-04 9.334200921636118297e-05
2.247100699999999840e+00 1.857333270473355213e-04 9.173612235104657518e-05
2.258336200000000016e+00 1.846196837219202691e-04 9.015912945212791992e-05
2.269627900000000142e+00 1.834439479075728136e-04 8.861373616527042606e-05
2.280975999999999893e+00 1.822100573595869478e-04 8.709957979191925565e-05
2.292380899999999944e+00 1.809348478916086216e-04 8.565229169218196363e-05
2.303842799999999968e+00 1.796326653384946299e-04 8.423217423608881629e-05
2.315361999999999920e+00 1.783004542503931027e-04 8.283891805806996311e-05
2.326938800000000196e+00 1.769346822279324963e-04 8.147221666002453825e-05
2.338573499999999861e+00 1.755301438620802024e-04 8.013176638172986950e-05
2.350266400000000200e+00 1.740755066654339084e-04 7.881726637185869420e-05
2.362017699999999998e+00 1.725476407995006742e-04 7.752551041367095129e-05
2.373827799999999932e+00 1.708937742312217011e-04 7.625914016528874807e-05
2.385696999999999957e+00 1.689428328460132608e-04 7.501498029220121113e-05
2.393111900000000070e+00 1.671964820936270527e-04 7.425093541139802741e-05
2.397625399999999907e+00 1.641799853675353978e-04 7.379278986940107404e-05
2.403087900000000054e+00 1.661745945714657093e-04 7.664983559633686502e-05
2.409613600000000133e+00 1.664268816595520692e-04 7.597421009071808498e-05
2.421661600000000192e+00 1.659808828624325272e-04 7.474715428387007068e-05
2.433769900000000153e+00 1.651964655428300841e-04 7.354172798877431729e-05
2.445938799999999969e+00 1.642740213265607224e-04 7.235487872489378516e-05
2.458168500000000201e+00 1.632764110922676625e-04 7.119200768246613251e-05
2.470459299999999914e+00 1.622311915277331660e-04 7.004726884834056467e-05
2.482811599999999785e+00 1.611537368998549452e-04 6.892323613078044661e-05
2.495225700000000213e+00 1.600537517024827920e-04 6.781416497675285169e-05
2.507701799999999981e+00 1.589366009167196071e-04 6.672813673374754977e-05
2.520240300000000211e+00 1.578066377016701155e-04 6.565942162602466444e-05
2.532841499999999968e+00 1.566698925333827731e-04 6.461326401204784602e-05
2.545505700000000093e+00 1.555270056224173302e-04 6.357048775565823982e-05
2.558233299999999932e+00 1.543770536977343043e-04 6.254455051552501490e-05
2.571024400000000210e+00 1.532224813855205070e-04 6.153527571569961986e-05
2.583879599999999943e+00 1.520643321441749157e-04 6.054247625320358550e-05
2.596798999999999857e+00 1.509044162931184570e-04 5.956862687576267376e-05
2.609782899999999906e+00 1.497432267978687402e-04 5.860824123359282634e-05
2.622831899999999994e+00 1.485819365356228492e-04 5.766379895469481550e-05
2.635946000000000122e+00 1.474215026109087405e-04 5.673513323547520193e-05
2.649125699999999917e+00 1.462620769918991604e-04 5.582206770497097180e-05
2.662371400000000055e+00 1.451047631410670074e-04 5.492184694711437491e-05
2.675683199999999928e+00 1.439497214817109499e-04 5.403948505183318055e-05
2.689061699999999888e+00 1.427977484556943756e-04 5.316965531971358587e-05
2.702507000000000215e+00 1.416489767126165973e-04 5.231223410151399512e-05
2.716019499999999809e+00 1.405037304491266062e-04 5.146962475873991162e-05
2.729599599999999793e+00 1.393625468950309147e-04 5.064166213050569609e-05
2.743247600000000119e+00 1.382255088906495216e-04 4.982567763006222225e-05
2.756963799999999853e+00 1.370933568130648498e-04 4.902404267847959622e-05
2.770748600000000117e+00 1.359657035092453150e-04 4.823411445604987530e-05
2.784602399999999811e+00 1.348434715758146355e-04 4.745824026559754337e-05
2.798525399999999941e+00 1.337262856693923027e-04 4.669380813027978485e-05
2.812517999999999851e+00 1.326150347167721986e-04 4.594069801409438427e-05
2.826580600000000221e+00 1.315095261807905391e-04 4.519879100883597702e-05
2.840713500000000113e+00 1.304091696873861629e-04 4.446555006896097041e-05
2.854917100000000207e+00 1.293137993198162957e-04 4.374571207602474061e-05
2.869191700000000012e+00 1.282240774030994439e-04 4.303672990520324674e-05
2.883537599999999923e+00 1.271404390260963261e-04 4.233849030119034090e-05
2.897955300000000012e+00 1.260626870260290848e-04 4.165087807676666828e-05
2.912445099999999787e+00 1.249912403880996405e-04 4.097378203752478746e-05
2.927007300000000090e+00 1.239266962403382563e-04 4.030944135670497740e-05
2.941642400000000102e+00 1.228692241397159619e-04 3.965537115805543367e-05
2.956350599999999940e+00 1.218197761403861122e-04 3.901146465932826314e-05
2.971132299999999837e+00 1.207792489636856626e-04 3.837992783209208782e-05
2.985987999999999865e+00 1.197496193685892481e-04 3.775601120958264873e-05
3.000917900000000138e+00 1.187374494481562351e-04 3.714193688394343393e-05
3.015922499999999840e+00 1.177354093917313139e-04 3.651023579751681462e-05
3.031002099999999810e+00 1.167304620282623310e-04 3.588843890880576322e-05
3.046157099999999840e+00 1.157270169235029755e-04 3.527644042538806001e-05
3.061387900000000162e+00 1.151150629326370864e-04 3.467188920283556373e-05
3.076694900000000121e+00 1.141127456847629008e-04 3.406800947241947806e-05
3.092078299999999835e+00 1.131139226507798330e-04 3.347595384408309820e-05
3.107538700000000098e+00 1.121188308235419081e-04 3.289558403380143269e-05
3.123076399999999975e+00 1.111280631372171991e-04 3.232456437028710753e-05
3.138691800000000143e+00 1.101418431190525618e-04 3.176279413481893803e-05
3.154385299999999948e+00 1.093991951072630694e-04 3.121017351840289425e-05
3.170157199999999786e+00 1.084210093357886365e-04 3.066226609133277070e-05
3.186008000000000173e+00 1.074471780923013530e-04 3.012119603076237446e-05
3.201938000000000173e+00 1.064780863509070353e-04 2.959334216005134936e-05
3.217947699999999855e+00 1.055137679364387545e-04 2.907213157626256588e-05
3.234037400000000062e+00 1.045547480995710353e-04 2.856175429681036244e-05
3.250207599999999974e+00 1.036010435539243962e-04 2.806208280540674056e-05
3.266458699999999826e+00 1.026529899181175627e-04 2.756878109354233162e-05
3.282791000000000015e+00 1.017106050556528652e-04 2.708597819103754530e-05
3.299204899999999885e+00 1.007742066562418773e-04 2.661146620569312303e-05
3.315700899999999951e+00 9.984378903699695342e-05 2.614722712388892249e-05
3.332279400000000003e+00 9.891950263661813784e-05 2.568901219907499621e-05
3.348940799999999829e+00 9.800134207292774909e-05 2.524086969300044902e-05
3.365685599999999944e+00 9.708959078766125591e-05 2.479859300357309081e-05
3.382514000000000021e+00 9.618409880055683295e-05 2.436619240520619496e-05
3.399426500000000129e+00 9.528513811997137237e-05 2.394152666402874361e-05
3.416423700000000174e+00 9.439267700763013256e-05 2.352450813900614673e-05
3.433505799999999830e+00 9.350670579942920509e-05 2.311505277540709620e-05
3.450673300000000054e+00 9.262733818539274112e-05 2.271108228395800138e-05
3.467926700000000029e+00 9.175454321311105152e-05 2.231650780449032922e-05
3.485266300000000150e+00 9.088843807819057294e-05 2.192727084455827667e-05
3.502692699999999881e+00 9.002898224279479004e-05 2.154528048521297504e-05
3.520206099999999783e+00 8.917615586962928450e-05 2.116850262530708539e-05
3.537807200000000041e+00 8.832991340382478549e-05 2.080077116662520749e-05
3.555496199999999885e+00 8.749036688996623392e-05 2.043810953114610893e-05
3.573273700000000108e+00 8.665747202276123055e-05 2.008239034066821359e-05
3.591140000000000221e+00 8.583132899380466413e-05 1.973162019489115520e-05
3.609095700000000129e+00 8.501176160341839569e-05 1.938955910501957919e-05
3.627141200000000065e+00 8.419886279466939135e-05 1.905230904160286530e-05
3.645276899999999820e+00 8.339272038638641173e-05 1.872189658444619128e-05
3.663503299999999907e+00 8.259316350680259353e-05 1.839711580837457170e-05
3.681820800000000116e+00 8.180027772575727764e-05 1.807809189339210838e-05
3.700229900000000072e+00 8.101401720363115937e-05 1.776494635557306656e-05
3.718731099999999845e+00 8.023445734943775848e-05 1.745742776295946264e-05
3.737324699999999833e+00 7.946155787785438981e-05 1.715455388420452208e-05
3.756011399999999778e+00 7.869526163183787615e-05 1.685700730758370148e-05
3.774791399999999797e+00 7.793553297691122668e-05 1.656491223259783660e-05
3.793665400000000076e+00 7.718219938962172350e-05 1.627802497421465086e-05
3.812633700000000125e+00 7.643556999645984451e-05 1.599628815118389377e-05
3.831696899999999850e+00 7.569547261100776942e-05 1.571964361342523674e-05
3.850855399999999928e+00 7.496174808392401989e-05 1.544785600315525659e-05
3.870109600000000150e+00 7.423457686663568512e-05 1.518104938969451398e-05
3.889460199999999812e+00 7.351389825237887631e-05 1.491916680919897525e-05
3.908907500000000201e+00 7.291961352737084566e-05 1.465951447097429051e-05
3.928452000000000055e+00 7.221112937940248598e-05 1.440207659463816070e-05
3.948094300000000167e+00 7.150855731678716870e-05 1.414927569630839636e-05
3.967834700000000048e+00 7.081186615851762763e-05 1.390106055376820143e-05
3.987673899999999882e+00 7.012101042040614393e-05 1.365737898510616054e-05
4.055024000000000406e+00 6.826716944131842727e-05 1.287141036291810263e-05
4.334820999999999813e+00 5.973460674640139993e-05 1.017513662917573137e-05
4.633924000000000376e+00 5.225013222507971769e-05 8.035236891530643110e-06
4.953663999999999845e+00 4.563625016093190149e-05 6.351448361455137342e-06
5.295467000000000368e+00 3.981175703921511106e-05 5.025173282512076348e-06
5.660854999999999748e+00 3.470305665395349739e-05 3.982015105397500918e-06
6.051453000000000415e+00 3.022595469322128379e-05 3.160316349650062592e-06
6.469003999999999976e+00 2.630188224618978777e-05 2.512082593094291193e-06
6.915365000000000428e+00 2.285653132717915283e-05 1.992737857029514437e-06
7.392525000000000013e+00 1.981422188730610611e-05 1.578994544907418719e-06
7.902608999999999995e+00 1.710140068309988330e-05 1.253087018909604371e-06
8.447889999999999233e+00 1.459031996303163793e-05 9.965368404890464633e-07
8.764727999999999852e+00 1.308635230547894871e-05 8.771093625880520005e-07
8.898882000000000403e+00 1.207700862308870319e-05 8.322800583444869603e-07
8.934656000000000375e+00 1.125998237335889219e-05 8.199423619710908852e-07
8.988317999999999586e+00 1.184281269474580576e-05 2.194958003009627341e-06
9.030794000000000210e+00 1.203336343559315545e-05 2.151813950090070391e-06
9.122472000000000136e+00 1.210509349916680003e-05 2.062268295041552908e-06
9.653919000000000139e+00 1.117681040296723085e-05 1.638802804599782009e-06
9.778636000000000550e+00 1.085914915891852226e-05 1.559672204718282924e-06
9.928309000000000495e+00 1.033439997160594842e-05 1.471812357145889430e-06
9.968222000000000804e+00 9.971844602841380465e-06 1.449569105305781129e-06
1.002809000000000061e+01 1.015480782817450803e-05 1.978275261059798109e-06
1.017775999999999925e+01 1.012490701899406440e-05 1.866616220822080013e-06
1.027666999999999931e+01 9.998001918180671494e-06 1.797392110782191418e-06
1.032004000000000055e+01 9.929798998315454719e-06 1.768115282224349823e-06
1.043397000000000041e+01 9.694472504203382237e-06 1.694236965780525996e-06
1.047591000000000072e+01 9.508044106597810413e-06 1.668089048808105051e-06
1.053883000000000081e+01 9.555375423249427827e-06 1.886774644240813596e-06
1.069613000000000014e+01 9.454492363906032392e-06 1.789398120064710278e-06
1.103212000000000081e+01 9.063035664724636764e-06 1.603935579586168615e-06
1.179334000000000060e+01 8.121671551643059288e-06 1.268211560096234159e-06
1.260707999999999984e+01 7.209009638033190511e-06 1.001055429539123799e-06
1.347696999999999967e+01 6.369020186859012201e-06 7.888718547261939014e-07
1.440687999999999924e+01 5.609092848092187364e-06 6.201479419536273319e-07
1.540094999999999992e+01 4.929064036170827424e-06 4.873328332145019519e-07
1.646361999999999881e+01 4.324957704211815815e-06 3.829844458503060245e-07
1.759960999999999842e+01 3.790891655124589548e-06 3.011773177142065437e-07
1.881398000000000081e+01 3.323206117472966535e-06 2.366764440593668093e-07
2.011214999999999975e+01 2.910251854448414113e-06 1.860857907655320148e-07
2.149988000000000099e+01 2.547355837401882565e-06 1.462089371272394288e-07
2.298338000000000036e+01 2.227982653288500016e-06 1.148665158510812682e-07
2.456923000000000101e+01 1.948222718775003671e-06 9.034783699400589236e-08
2.626450000000000173e+01 1.703457460226030245e-06 7.114456070400255168e-08
2.807676000000000016e+01 1.489277218658004018e-06 5.566282531704113072e-08
3.001405000000000101e+01 1.301590543431473139e-06 4.349630418617171949e-08
3.208502000000000010e+01 1.137389134569744514e-06 3.403591398300714287e-08
3.429889000000000010e+01 9.938050857378739467e-07 2.666818515547677567e-08
3.666550999999999760e+01 8.682733316054169497e-07 2.092189788554772124e-08
3.919543000000000177e+01 7.585295830929211814e-07 1.643213683675213930e-08
4.189992000000000161e+01 6.625593941116009289e-07 1.290059189008823862e-08
4.479100999999999999e+01 5.786047923671725552e-07 1.013417437516534732e-08
4.788159000000000276e+01 5.050964349368705567e-07 7.944589062949083877e-09
5.118542000000000058e+01 4.406166516337738329e-07 6.233109847085856505e-09
5.471721000000000146e+01 3.838054636889056603e-07 4.895728763763684884e-09
5.849269999999999925e+01 3.327823268017462907e-07 3.853042176627917537e-09
6.010564999999999714e+01 3.121434896440939033e-07 3.496792942865335594e-09
6.102564000000000277e+01 2.977367637864442852e-07 3.312908561122627695e-09
6.127096999999999838e+01 2.893390787681271292e-07 3.266084877694276829e-09
6.163895999999999731e+01 2.919045387669602863e-07 1.490528859796215070e-08
6.252870000000000061e+01 2.888344714555021239e-07 1.417739509665096776e-08
6.255893999999999977e+01 2.886522944460740105e-07 1.415295383178063771e-08
6.684318000000000382e+01 2.580194993360354529e-07 1.120674872629162309e-08
7.145535999999999888e+01 2.275355804996584542e-07 8.832113033526338852e-09
7.638577999999999690e+01 1.999973794733003446e-07 6.959600336925302766e-09
8.165640000000000498e+01 1.755247841073947407e-07 5.480243221351764869e-09
8.729068999999999789e+01 1.538883334219627752e-07 4.303646664871912378e-09
9.331373999999999569e+01 1.348312946516442632e-07 3.382349444308360704e-09
9.975239000000000544e+01 1.180829246932644007e-07 2.660706490606500700e-09
1.066353000000000009e+02 1.033840546984424226e-07 2.095195644913370098e-09
1.139930999999999983e+02 9.049548177980341465e-08 1.651688903708482267e-09
1.218586999999999989e+02 7.920193348337001064e-08 1.303713829563960363e-09
1.302668999999999926e+02 6.933703967844435666e-08 1.026879340114470041e-09
1.392553000000000054e+02 6.066950925329655284e-08 8.098812574421595682e-10
1.488640000000000043e+02 5.308162443702053234e-08 6.398998850757002996e-10
1.591356000000000108e+02 4.644069774052127203e-08 5.067243538886452582e-10
1.701159000000000106e+02 4.062946432222529766e-08 4.021790020725184912e-10
1.818539000000000101e+02 3.554482128162487349e-08 3.200491019643722528e-10
1.944018000000000086e+02 3.109619989561615304e-08 2.554420030879780494e-10
2.078155999999999892e+02 2.720428110504903623e-08 2.045294163482462844e-10
2.221547999999999945e+02 2.379953062239780829e-08 1.643442213166619526e-10
2.374834999999999923e+02 2.082100107394887667e-08 1.325629299610792430e-10
2.538699000000000012e+02 1.821536267817872345e-08 1.073716816478722004e-10
2.713869000000000256e+02 1.593590354912987159e-08 8.746735181152651538e-11
2.901125999999999863e+02 1.394198895813299429e-08 7.178535954672741170e-11
3.101304000000000087e+02 1.219777809008267671e-08 5.918030458853818235e-11
3.315294000000000096e+02 1.067194537667345909e-08 4.901521451358636653e-11
3.544048999999999978e+02 9.337115105015819543e-09 4.079286481505706677e-11
3.788587999999999738e+02 8.169359899407613750e-09 3.411569195885395743e-11
4.050000999999999749e+02 7.147729539598367112e-09 2.866879549753901066e-11
4.329451000000000249e+02 6.253933300018607789e-09 2.421019916773389596e-11
