1.004374899999999959e+00 4.462855643241379162e-04 1.011316867881867642e-04
1.009396799999999983e+00 3.783813281570344318e-04 9.936711303231106276e-05
1.014443800000000007e+00 2.706521684358314411e-04 9.763839865256710967e-05
1.019516000000000089e+00 -2.212677481049173231e-04 9.593822931968426970e-05
1.019628999999999897e+00 -3.582289677264805872e-04 9.590689915984338299e-05
1.019771100000000041e+00 -3.658690012847337701e-04 5.476851535033357057e-04
1.024613599999999902e+00 2.314984652092075940e-04 5.381073998811382016e-04
1.029736699999999949e+00 3.126006178910218855e-04 5.281956115068934827e-04
1.034885300000000008e+00 3.379464343979776512e-04 5.184711506816308589e-04
1.040059800000000090e+00 3.078892923088371756e-04 5.089317549621623490e-04
1.042727900000000041e+00 7.971939698395868633e-05 5.040943788403116216e-04
1.042872000000000021e+00 7.715953477628393600e-05 7.164409267438377488e-04
1.045260099999999914e+00 3.305587346697231709e-04 7.103622111237507244e-04
1.050486400000000042e+00 4.326385713087002724e-04 6.973188729919675005e-04
1.055738800000000088e+00 4.872796353424547751e-04 6.844543899616044877e-04
1.061017499999999947e+00 5.258679667229941481e-04 6.718995316105124457e-04
1.066322599999999898e+00 5.555587786413357029e-04 6.595054291268683802e-04
1.071654200000000001e+00 5.793609622989573252e-04 6.473690158367655621e-04
1.077012499999999928e+00 5.988847430298424547e-04 6.354611158796689583e-04
1.082397499999999901e+00 6.151118952805243031e-04 6.237662183926275406e-04
1.087809500000000096e+00 6.287041738797457830e-04 6.122947860845790380e-04
1.093248599999999904e+00 6.401210932583320523e-04 6.010314258304824469e-04
1.098714799999999991e+00 6.497005171291496319e-04 5.899738809364824367e-04
1.104208400000000090e+00 6.577120752947090195e-04 5.791261224505586018e-04
1.109729399999999977e+00 6.643462196770676727e-04 5.684731600740156781e-04
1.115278100000000050e+00 6.697681733669862960e-04 5.580190435300522687e-04
1.120854500000000087e+00 6.741016885845964356e-04 5.477553185749873838e-04
1.126458699999999924e+00 6.774447673908373180e-04 5.376861120844193299e-04
1.132090999999999958e+00 6.798742345314272816e-04 5.278029232935795706e-04
1.137751500000000027e+00 6.814436744243237889e-04 5.180974933807697483e-04
1.143440199999999907e+00 6.821947974600054820e-04 5.085740527145989889e-04
1.149157399999999996e+00 6.821369408838579831e-04 4.992243477347393758e-04
1.154903199999999908e+00 6.812560131595560026e-04 4.900464480196112683e-04
1.160677699999999923e+00 6.794986217186296546e-04 4.810444999314952060e-04
1.166481099999999937e+00 6.767439804565467294e-04 4.722044124687703958e-04
1.172313500000000008e+00 6.727383591266340116e-04 4.635243960564670710e-04
1.178175100000000031e+00 6.669417521823441846e-04 4.550086080324035787e-04
1.184066000000000063e+00 6.579483523103537386e-04 4.466492605599383433e-04
1.189986299999999941e+00 6.397314448320121994e-04 4.384446109425978546e-04
1.192454200000000020e+00 6.183632729292162572e-04 4.350771775563492573e-04
1.194745900000000027e+00 6.174873206364875269e-04 4.900376614999000201e-04
1.195936200000000005e+00 6.306150400310188159e-04 4.882970299155479617e-04
1.201915899999999926e+00 6.533788952432191066e-04 4.796518925139349834e-04
1.207925499999999985e+00 6.622480448157904483e-04 4.711622228509318943e-04
1.213965100000000019e+00 6.672238180523058998e-04 4.628263012261955205e-04
1.220034999999999981e+00 6.702286145757416777e-04 4.546423474528889447e-04
1.226135100000000033e+00 6.719878621151190688e-04 4.466030104543687682e-04
1.232265799999999967e+00 6.728707966142206606e-04 4.387065912061651027e-04
1.238427100000000003e+00 6.730796294311059075e-04 4.309572328994889069e-04
1.244619300000000095e+00 6.727531941375090212e-04 4.233419168641211223e-04
1.250842400000000021e+00 6.719821136789586122e-04 4.158648407485299875e-04
1.257096599999999897e+00 6.708334561532918079e-04 4.085356298991772153e-04
1.263382100000000063e+00 6.693662112100733173e-04 4.013469979227584955e-04
1.269698999999999911e+00 6.676205004974430316e-04 3.942862767334051654e-04
1.276047500000000001e+00 6.656293747668045506e-04 3.873575401268303719e-04
1.282427699999999948e+00 6.634165811840701680e-04 3.805483395748949257e-04
1.288839899999999927e+00 6.610075912388424122e-04 3.738627734237997017e-04
1.295284000000000102e+00 6.584166095773055088e-04 3.672995294045128169e-04
1.301760500000000098e+00 6.556594643317093180e-04 3.608571348229405360e-04
1.308269300000000079e+00 6.527547097020461190e-04 3.545289235466720854e-04
1.314810599999999940e+00 6.497094936306484518e-04 3.483136132250789488e-04
1.321384700000000079e+00 6.465384540690766050e-04 3.422099080752984438e-04
1.327991600000000050e+00 6.432457577551395312e-04 3.362377918984986252e-04
1.334631600000000029e+00 6.398631598188126530e-04 3.304167600952649837e-04
1.341304700000000016e+00 6.363988683006660020e-04 3.247030424285855181e-04
1.348011199999999965e+00 6.328530688342791583e-04 3.190901764764369889e-04
1.354751299999999992e+00 6.292359567255615283e-04 3.135770333286390528e-04
1.361525000000000096e+00 6.255526777713758379e-04 3.081883740674589041e-04
1.368332700000000068e+00 6.218175328637715396e-04 3.028969529981473375e-04
1.375174300000000072e+00 6.180303879452696486e-04 2.976966246330846398e-04
1.382050199999999895e+00 6.141954493952806425e-04 2.925965142500598550e-04
1.388960500000000042e+00 6.103194081969396919e-04 2.875802964428375704e-04
1.395905299999999905e+00 6.064064035144185825e-04 2.826571549672007074e-04
1.402884800000000043e+00 6.024557568068169807e-04 2.778160022250168943e-04
1.409899199999999908e+00 5.984759593370247554e-04 2.730659183296927413e-04
1.416948700000000061e+00 5.944661772252014028e-04 2.683959345421020105e-04
1.424033499999999952e+00 5.904323356191011965e-04 2.638101095430971511e-04
1.431153600000000026e+00 5.863736848811133611e-04 2.593075328044937376e-04
1.438309400000000071e+00 5.822979595328240309e-04 2.548774467289961136e-04
1.445500900000000088e+00 5.782064330671721295e-04 2.505288362222847466e-04
1.452728400000000031e+00 5.741001110731407250e-04 2.462607610280917719e-04
1.459992100000000015e+00 5.699800583968079931e-04 2.420626710328053588e-04
1.467292000000000041e+00 5.658537809236768032e-04 2.379386319334038369e-04
1.474628499999999898e+00 5.617177889620014047e-04 2.338877842746307041e-04
1.482001600000000030e+00 5.575772948033116093e-04 2.299045944386511478e-04
1.489411700000000005e+00 5.534329401761765724e-04 2.259977368759409329e-04
1.496858699999999986e+00 5.492877446804828338e-04 2.221522835702089370e-04
1.504342999999999986e+00 5.451422565193465419e-04 2.183769000485138252e-04
1.511864700000000061e+00 5.409992112476968680e-04 2.146661579295054050e-04
1.519424000000000108e+00 5.368611761756306383e-04 2.110193434568777456e-04
1.527021200000000078e+00 5.327266736288605595e-04 2.074357358711308847e-04
1.534656299999999973e+00 5.286002681129413003e-04 2.039146619727345215e-04
1.542329499999999909e+00 5.244843115549122688e-04 2.004554266456377550e-04
1.550041199999999897e+00 5.203809350962770777e-04 1.970573157592808852e-04
1.557791399999999937e+00 5.162831285140210159e-04 1.936880627444317134e-04
1.565580399999999983e+00 5.121913553625560616e-04 1.903744112425322598e-04
1.573408300000000093e+00 5.081043701525839304e-04 1.871157687543855211e-04
1.581275299999999939e+00 5.040245419495512601e-04 1.839115355653023198e-04
1.589181699999999919e+00 4.999558844579334938e-04 1.807611060265846333e-04
1.597127600000000092e+00 4.958970594036802432e-04 1.776683077230319997e-04
1.605113199999999907e+00 4.918484820244629040e-04 1.746281086527466263e-04
1.613138799999999984e+00 4.878139763134942694e-04 1.716399202031707570e-04
1.621204499999999937e+00 4.837938948034120785e-04 1.687031807319742819e-04
1.629310500000000106e+00 4.797868140721901959e-04 1.658130050460405775e-04
1.637457099999999999e+00 4.757963781094372703e-04 1.629559968088532340e-04
1.645644300000000060e+00 4.718195753386049407e-04 1.601489738734377429e-04
1.653872599999999915e+00 4.678598521879413015e-04 1.573913530512447854e-04
1.662141899999999950e+00 4.639159423364044572e-04 1.546826145290959391e-04
1.670452599999999954e+00 4.599895986280982127e-04 1.520179841469692457e-04
1.678804900000000044e+00 4.560810100977045730e-04 1.494011764911089876e-04
1.687198900000000057e+00 4.521904128850427165e-04 1.468316661967265725e-04
1.695634899999999945e+00 4.483195028472166397e-04 1.443047661723967866e-04
1.704113100000000047e+00 4.444668438334730093e-04 1.418200137989386296e-04
1.712633700000000037e+00 4.406356873066356893e-04 1.393769505343578775e-04
1.721196799999999971e+00 4.368230934689826912e-04 1.369792169373467935e-04
1.729802800000000085e+00 4.330306262392931080e-04 1.346222186497127962e-04
1.738451799999999992e+00 4.292599372096780061e-04 1.323055175867569161e-04
1.747144100000000089e+00 4.255110301242554655e-04 1.300286640166077535e-04
1.755879799999999991e+00 4.217825349664517201e-04 1.277912273203970540e-04
1.764659200000000094e+00 4.180759466427180012e-04 1.255927658459002599e-04
1.773482500000000073e+00 4.143913074280993728e-04 1.234328493630241477e-04
1.782349900000000043e+00 4.107300810556761069e-04 1.213071045498337656e-04
1.791261699999999957e+00 4.070908032547227535e-04 1.192190881933317996e-04
1.800218000000000096e+00 4.034749493251651021e-04 1.171683879665211194e-04
1.809219099999999969e+00 3.998810780656970702e-04 1.151545819075851490e-04
1.818265199999999915e+00 3.963105855323838960e-04 1.131733895898687703e-04
1.827356500000000050e+00 3.927634539511868825e-04 1.112244608542800351e-04
1.836493300000000106e+00 3.892409629519226889e-04 1.093112731081312682e-04
1.845675699999999919e+00 3.857417639365215097e-04 1.074296197756858146e-04
1.854904099999999945e+00 3.822657492187606673e-04 1.055829410348587538e-04
1.864178600000000019e+00 3.788129351145429462e-04 1.037670749879829839e-04
1.873499500000000095e+00 3.753858328572358123e-04 1.019816817484866552e-04
1.882867000000000068e+00 3.719817819502528817e-04 1.002264301083852807e-04
1.892281399999999891e+00 3.686019768195893847e-04 9.850470407073009366e-05
1.901742800000000067e+00 3.652476382721715742e-04 9.680872986181085287e-05
1.911251500000000103e+00 3.619161393527660299e-04 9.514559658468093272e-05
1.920807699999999896e+00 3.586098989074735436e-04 9.350760490470970757e-05
1.930411799999999900e+00 3.553275173398223025e-04 9.189812746397549780e-05
1.940063799999999894e+00 3.520701976855689867e-04 9.032048602315354262e-05
1.949764199999999947e+00 3.488377195844682998e-04 8.876708533735778474e-05
1.959513000000000060e+00 3.456288651510931861e-04 8.723768050835052168e-05
1.969310499999999964e+00 3.424446890811697454e-04 8.573915921106360389e-05
1.979157099999999891e+00 3.392861659283097787e-04 8.426404759112573388e-05
1.989052899999999902e+00 3.361520400035688063e-04 8.281563977513620156e-05
1.998998100000000111e+00 3.330421987264884720e-04 8.139011886759713976e-05
2.008993100000000087e+00 3.299564630415734645e-04 7.999423742313359624e-05
2.019038099999999947e+00 3.268969430065775243e-04 7.861719820129384737e-05
2.029133299999999807e+00 3.238612610381406964e-04 7.726574925889330479e-05
2.039279000000000064e+00 3.208503621805931533e-04 7.593614957899972554e-05
2.049475399999999947e+00 3.190929542641993849e-04 7.460757102247724004e-05
2.059722700000000017e+00 3.161157907011163492e-04 7.330058161273952987e-05
2.070021300000000064e+00 3.131620452999329344e-04 7.201494322654544483e-05
2.080371400000000204e+00 3.102295133119939582e-04 7.075042708391044474e-05
2.090773299999999946e+00 3.079136861848005401e-04 6.950680296553474256e-05
2.101227199999999851e+00 3.050195085389855137e-04 6.827715026761224735e-05
2.111733300000000035e+00 3.021473922658727846e-04 6.706800848029565094e-05
2.122291999999999845e+00 2.992971953650935325e-04 6.587914979837204102e-05
2.132903400000000005e+00 2.964678659612329163e-04 6.471365609967655677e-05
2.143568000000000140e+00 2.936612353636896037e-04 6.356796974885353495e-05
2.154285799999999806e+00 2.908752921805607340e-04 6.244514690760644376e-05
2.165057200000000126e+00 2.881128218253852869e-04 6.133842106269556224e-05
2.175882500000000164e+00 2.853707842206191754e-04 6.025409270999297184e-05
2.186761900000000036e+00 2.826519615542364360e-04 5.918868703690017966e-05
2.197695700000000141e+00 2.799552462267151497e-04 5.814199376429521029e-05
2.208684199999999986e+00 2.772795692952862183e-04 5.711380457502930185e-05
2.219727600000000134e+00 2.746266810418164571e-04 5.610074644356435663e-05
2.230826299999999929e+00 2.719954794401219082e-04 5.510896638711350212e-05
2.241980400000000095e+00 2.693867750308114322e-04 5.413508165487584310e-05
2.253190299999999979e+00 2.667994858716635047e-04 5.317888887712188235e-05
2.264456200000000141e+00 2.642343808054359766e-04 5.223708480467711003e-05
2.275778499999999926e+00 2.616912728204249280e-04 5.131569849843699369e-05
2.287157399999999896e+00 2.591691573353958086e-04 5.040833900092042311e-05
2.298593200000000003e+00 2.566696125831194894e-04 4.951485856357380614e-05
2.310086200000000201e+00 2.541907557127969235e-04 4.864120120058794628e-05
2.321636600000000161e+00 2.517341547635717353e-04 4.778107284736162895e-05
2.333244800000000119e+00 2.492987727124398346e-04 4.693734300581561944e-05
2.344911000000000190e+00 2.468844740575935849e-04 4.610982659819738277e-05
2.356635600000000164e+00 2.444918969837581038e-04 4.529535118427548644e-05
2.368418699999999877e+00 2.421209038549946397e-04 4.449378146086085402e-05
2.380260799999999843e+00 2.397704764970633672e-04 4.370793112061577751e-05
2.392162100000000180e+00 2.377593460884940837e-04 4.293468053794418672e-05
2.404122999999999788e+00 2.354488011991792663e-04 4.217096659696641239e-05
2.416143599999999836e+00 2.331583934087970412e-04 4.141961401243280104e-05
2.428224300000000113e+00 2.308879540043808239e-04 4.068338497924442302e-05
2.440365400000000129e+00 2.286373351823390372e-04 3.995922173302120733e-05
2.452567199999999836e+00 2.264071428812746854e-04 3.924699378537716118e-05
2.464830099999999913e+00 2.241964454461649998e-04 3.854942428067640805e-05
2.477154200000000195e+00 2.220051349385138400e-04 3.786350577845918724e-05
2.489539999999999864e+00 2.198337621447356218e-04 3.718910836543178012e-05
2.501987699999999926e+00 2.176814575278874348e-04 3.652891956021804407e-05
2.514497599999999888e+00 2.155487956536475446e-04 3.587717750630501962e-05
2.527070099999999986e+00 2.134355976828559173e-04 3.523936678861273295e-05
2.539705500000000171e+00 2.113417037419327920e-04 3.461532358540383980e-05
2.552404000000000117e+00 2.092662766463083718e-04 3.399937468377598029e-05
2.565166000000000057e+00 2.072105390807082580e-04 3.339418252062340404e-05
2.577991899999999781e+00 2.051736171053753540e-04 3.279962697792671852e-05
2.590881800000000013e+00 2.031547134557602232e-04 3.221559283701242734e-05
2.603836199999999934e+00 2.011549986140283481e-04 3.164196083310671275e-05
2.616855399999999943e+00 1.991736395815242697e-04 3.107861533652761830e-05
2.629939699999999991e+00 1.972104857880344097e-04 3.052544174024029669e-05
2.643089400000000033e+00 1.952660359316961598e-04 2.998498799817752957e-05
2.656304800000000021e+00 1.933388390455908839e-04 2.945180518744331427e-05
2.669586300000000190e+00 1.914300235529622354e-04 2.892582035859862999e-05
2.682934299999999883e+00 1.895394109748200009e-04 2.841220529429912671e-05
2.696348899999999826e+00 1.876662441070816776e-04 2.790820428059130793e-05
2.709830699999999926e+00 1.858109548416711282e-04 2.741110963490217566e-05
2.723379800000000017e+00 1.839728007055731543e-04 2.692602075778598221e-05
2.736996700000000171e+00 1.821522187996084635e-04 2.644764984520859893e-05
2.750681699999999896e+00 1.803484542298814525e-04 2.597848710926389915e-05
2.764435100000000034e+00 1.785625546047872277e-04 2.551588298373503035e-05
2.778257299999999930e+00 1.767931623592733370e-04 2.506407512291729904e-05
2.792148599999999981e+00 1.750407237568653437e-04 2.461940669875718697e-05
2.806109300000000140e+00 1.733045129164705739e-04 2.418280471707368425e-05
2.820139900000000033e+00 1.715855115954844051e-04 2.375392795833827415e-05
2.834240600000000221e+00 1.698830037195397989e-04 2.333269177919420026e-05
2.848411800000000049e+00 1.681968308481351243e-04 2.291925755954538248e-05
2.862653900000000196e+00 1.665268364429933572e-04 2.251304534985375789e-05
2.876967099999999888e+00 1.648728887530900736e-04 2.211422090780786328e-05
2.891351999999999922e+00 1.632348113267826425e-04 2.172269943148643211e-05
2.905808700000000133e+00 1.616130227168036842e-04 2.133815861972489675e-05
2.920337799999999984e+00 1.600068033645389814e-04 2.096027797225689918e-05
2.934939400000000198e+00 1.584160377824163108e-04 2.058946521794416677e-05
2.949614099999999794e+00 1.568410774980215209e-04 2.022516162857432821e-05
2.964362200000000058e+00 1.552817725323757771e-04 1.986753278515943338e-05
2.979184000000000054e+00 1.537374641043915910e-04 1.951626789950403409e-05
2.994079900000000016e+00 1.522085149831475196e-04 1.917129583796606287e-05
3.009050300000000178e+00 1.507022703211029668e-04 1.882296094459700049e-05
3.024095599999999884e+00 1.492124117666521004e-04 1.847482578963238376e-05
3.039216099999999976e+00 1.477343433876321908e-04 1.813339236246870137e-05
3.054412199999999800e+00 1.462684900698807704e-04 1.779812339645354851e-05
3.069684200000000196e+00 1.448143058853204634e-04 1.746940874025625280e-05
3.085032599999999903e+00 1.433731480535393424e-04 1.714671648414446968e-05
3.100457800000000042e+00 1.419449138397656002e-04 1.682997887245643072e-05
3.115960100000000121e+00 1.405290440481088247e-04 1.651935506528471543e-05
3.131539899999999932e+00 1.391259128193342060e-04 1.621455049719805244e-05
3.147197600000000151e+00 1.377363336427105025e-04 1.591527571780991407e-05
3.162933600000000123e+00 1.363588216058585949e-04 1.562169115136716470e-05
3.178748199999999802e+00 1.349946440971307626e-04 1.533373253965107338e-05
3.194641999999999982e+00 1.336432154663084722e-04 1.505111455569083938e-05
3.210615199999999891e+00 1.323044422020104409e-04 1.477377787959576636e-05
3.226668300000000045e+00 1.309782064622123899e-04 1.450166230454962364e-05
3.242801599999999951e+00 1.296644078999170332e-04 1.423449215548389241e-05
3.259015600000000124e+00 1.283633572146726542e-04 1.397242742167132834e-05
3.275310699999999908e+00 1.270749353339989157e-04 1.371519519813885511e-05
3.291687299999999983e+00 1.257986065219443669e-04 1.346295480482596179e-05
3.308145699999999856e+00 1.245346877991474540e-04 1.321522425544497152e-05
3.324686400000000042e+00 1.232826461649299155e-04 1.297216449849420798e-05
3.341309900000000166e+00 1.220427775933693006e-04 1.273372222255743247e-05
3.358016399999999901e+00 1.208153848756482121e-04 1.249963625628969623e-05
3.374806500000000042e+00 1.195995341337171463e-04 1.227006544140642499e-05
3.391680500000000098e+00 1.183955269873506833e-04 1.204475122250216491e-05
3.408638900000000138e+00 1.172032464089751291e-04 1.182343890896886875e-05
3.425682099999999952e+00 1.160225836278533563e-04 1.160649477454783514e-05
3.442810500000000218e+00 1.148534309190062271e-04 1.139345999307378534e-05
3.460024600000000117e+00 1.136960532163950531e-04 1.118449394124431243e-05
3.477324700000000046e+00 1.125495914568274802e-04 1.097934839434847874e-05
3.494711300000000076e+00 1.114146873043710644e-04 1.077798021668783416e-05
3.512184899999999832e+00 1.102908529832996099e-04 1.058054697646959073e-05
3.529745800000000155e+00 1.091779926319730933e-04 1.038660535567447100e-05
3.547394499999999784e+00 1.080763585735326554e-04 1.019631468756770490e-05
3.565131500000000120e+00 1.069851214647950428e-04 1.000963340678721898e-05
3.582957200000000064e+00 1.059052511168357503e-04 9.826520614752822858e-06
3.600871900000000014e+00 1.048355866877056277e-04 9.646545320982052496e-06
3.618876300000000157e+00 1.037767155713877109e-04 9.470061155660272333e-06
3.636970700000000001e+00 1.027281951300741230e-04 9.297028562722127928e-06
3.655155499999999780e+00 1.016902692594390424e-04 9.127023145481356567e-06
3.673431299999999844e+00 1.006624872157153969e-04 8.960202537032354523e-06
3.691798499999999983e+00 9.964508847329730428e-05 8.796340272674881480e-06
3.710257499999999986e+00 9.863764231327426199e-05 8.635593198131927980e-06
3.728808799999999923e+00 9.764037811639611085e-05 8.477925784871519088e-06
3.747452800000000028e+00 9.665287377784216344e-05 8.323115338415936729e-06
3.766190100000000207e+00 9.567534921558978965e-05 8.171129559338960319e-06
3.785020999999999969e+00 9.470739597964718368e-05 8.022122958002177173e-06
3.803946100000000108e+00 9.374922981747128685e-05 7.875691183853139769e-06
3.822965899999999806e+00 9.280044064375795156e-05 7.731989822839065301e-06
3.842080699999999904e+00 9.186125487882101806e-05 7.591171454568776113e-06
3.861291099999999865e+00 9.093156937184544838e-05 7.452655942994178957e-06
3.880597499999999922e+00 9.001129170111256753e-05 7.316962407977642990e-06
3.900000499999999981e+00 8.910002348717234162e-05 7.183697101197829525e-06
3.919500499999999832e+00 8.819768329846976304e-05 7.052833094326618054e-06
3.939097999999999988e+00 8.730476952714345330e-05 6.924522100738656415e-06
3.958793500000000076e+00 8.642060269276669504e-05 6.798557128807734777e-06
3.978587500000000166e+00 8.554538561146155299e-05 6.674911806869040643e-06
3.998480400000000046e+00 8.467874846544926407e-05 6.553384233132041946e-06
4.018472799999999623e+00 8.382116628023484348e-05 6.434301087348285320e-06
4.038565199999999855e+00 8.297198661938429728e-05 6.317459898325541952e-06
4.058758000000000088e+00 8.213140885266263954e-05 6.202662073706711654e-06
4.079051800000000227e+00 8.129934192352307324e-05 6.090057307611516884e-06
4.099447099999999899e+00 8.047543049914726695e-05 5.979449022870710096e-06
4.119944300000000226e+00 7.965986825782912307e-05 5.870985921988316618e-06
4.140544000000000224e+00 7.885283121869246503e-05 5.764473421094886824e-06
4.161246700000000409e+00 7.805370539850756985e-05 5.659889742417544115e-06
4.182052999999999798e+00 7.726241271314923935e-05 5.557213170911721748e-06
4.202963200000000121e+00 7.647939958586649485e-05 5.456589961978361902e-06
4.223978100000000069e+00 7.570431314942264458e-05 5.357662947066557225e-06
4.245097999999999594e+00 7.493682994073241953e-05 5.260745310962976215e-06
4.266323400000000099e+00 7.417737620622022021e-05 5.165483984134574326e-06
4.287655100000000274e+00 7.342536371632850834e-05 5.071860454184241102e-06
4.309093299999999793e+00 7.268097716325260503e-05 4.980183600685962849e-06
4.330638800000000010e+00 7.194437167385101255e-05 4.890105492836920225e-06
4.352292000000000272e+00 7.121499021395750128e-05 4.801608608414179418e-06
4.374053499999999595e+00 7.049299897111730958e-05 4.714836182872183379e-06
4.395923699999999990e+00 6.977832761207992908e-05 4.629768598038295135e-06
4.417903299999999867e+00 6.907112897236902913e-05 4.546067630376599400e-06
4.439992900000000020e+00 6.837086186198184506e-05 4.462451051279284174e-06
4.462192800000000403e+00 6.767769567680020644e-05 4.380342358932521373e-06
4.484503799999999707e+00 6.699132578799071066e-05 4.299881318146488740e-06
4.506926299999999941e+00 6.631191534655255166e-05 4.220892948540715280e-06
4.529460900000000123e+00 6.563917186142121198e-05 4.143050043706524080e-06
4.552108200000000160e+00 6.497324947664304140e-05 4.066186269796992976e-06
4.574868799999999958e+00 6.431386171880436407e-05 3.990753548276876042e-06
4.597743099999999750e+00 6.366116545305469838e-05 3.916888865639122234e-06
4.620731799999999723e+00 6.301487710151293712e-05 3.844421562768386850e-06
4.643835499999999783e+00 6.237493513002050657e-05 3.773184270316659502e-06
4.667054699999999556e+00 6.174148919663421443e-05 3.703465052876641043e-06
4.690389999999999837e+00 6.111447279629411092e-05 3.634946088215968862e-06
4.713841900000000251e+00 6.049361900361598191e-05 3.567763470678442693e-06
4.737411100000000097e+00 5.987906802284392952e-05 3.501901797231020975e-06
4.761098200000000169e+00 5.927055584519436219e-05 3.437198131277557864e-06
4.784903700000000093e+00 5.866822509988037367e-05 3.373786724213124830e-06
4.808828199999999775e+00 5.807181702106339367e-05 3.311652655172859394e-06
4.832872300000000010e+00 5.748146903926170200e-05 3.250490021403113735e-06
4.857036700000000096e+00 5.689711721029579812e-05 3.190578125177324813e-06
4.881321899999999658e+00 5.631870304337912702e-05 3.131902500389075898e-06
4.905728500000000381e+00 5.574597818163966735e-05 3.074161949930162954e-06
4.930257100000000392e+00 5.517907495052418204e-05 3.017631853769766127e-06
4.954908399999999880e+00 5.461793220787990860e-05 2.962156018000083967e-06
4.979682900000000245e+00 5.406231135143874962e-05 2.907722594501313624e-06
5.004581400000000180e+00 5.351233667731672091e-05 2.854319666072875232e-06
5.029604299999999917e+00 5.296795553020523556e-05 2.801795789610476424e-06
5.054752299999999643e+00 5.242910939586578828e-05 2.750419747587537750e-06
5.080026000000000153e+00 5.189556709567957595e-05 2.699901014479814361e-06
5.105426200000000136e+00 5.136744840809929168e-05 2.650367963305822097e-06
5.130953299999999828e+00 5.084470289350136114e-05 2.601809416320076468e-06
5.156608099999999695e+00 5.032727264524516762e-05 2.554077668562497768e-06
5.182391100000000250e+00 4.981510633706563463e-05 2.507027985237823207e-06
5.208303100000000185e+00 4.930814740958117397e-05 2.460113064703808062e-06
5.234344600000000014e+00 4.880601517388790295e-05 2.414140514739000355e-06
5.260516299999999923e+00 4.830899328202958968e-05 2.369099420013451220e-06
5.286818900000000099e+00 4.781702886722980042e-05 2.324845906032611656e-06
5.313252999999999560e+00 4.732991110103144624e-05 2.281371289465022587e-06
5.339819199999999988e+00 4.684759483477784293e-05 2.238798703661164818e-06
5.366518300000000075e+00 4.637018909778192581e-05 2.197117568805111899e-06
5.393350899999999726e+00 4.589748939431117960e-05 2.156056621320950177e-06
5.420317700000000016e+00 4.542960444845237870e-05 2.115868979502530839e-06
5.447419299999999964e+00 4.496633385532228987e-05 2.076544415173392527e-06
5.474656399999999756e+00 4.450778425529454163e-05 2.037815763173011034e-06
5.502029699999999579e+00 4.405375764181821341e-05 1.999932493611823895e-06
5.529539800000000227e+00 4.360436025209152262e-05 1.962630197024287630e-06
5.557187500000000391e+00 4.315939648446555051e-05 1.926155897929663847e-06
5.584973399999999977e+00 4.271882541705268734e-05 1.890247876960952049e-06
5.612898300000000340e+00 4.228274718880824110e-05 1.855150774433025676e-06
5.640962799999999611e+00 4.185111744707320833e-05 1.820730240562438979e-06
5.669167599999999752e+00 4.142374993120097326e-05 1.786854462539746522e-06
5.697513500000000342e+00 4.100060252781260323e-05 1.753641076235668664e-06
5.726001000000000118e+00 4.058191407523683772e-05 1.721082549414903669e-06
5.754630999999999830e+00 4.016722348412927736e-05 1.689171295956396776e-06
5.783404199999999662e+00 3.975676627846346265e-05 1.657778225204878773e-06
5.812321200000000410e+00 3.935036683618160363e-05 1.627139855800479488e-06
5.841382799999999875e+00 3.894811796785159285e-05 1.596885737192947907e-06
5.870589700000000022e+00 3.854997762331739599e-05 1.567371700494140239e-06
5.899942700000000428e+00 3.815564277478095481e-05 1.538350259654146228e-06
5.929442400000000113e+00 3.776546770784410835e-05 1.509816091525874857e-06
5.959089600000000431e+00 3.737902405624975860e-05 1.481881918014045502e-06
5.988884999999999792e+00 3.699653165562794525e-05 1.454423259779461516e-06
6.018829499999999832e+00 3.661794819653281128e-05 1.427551748090989956e-06
6.048923600000000178e+00 3.624298924909202883e-05 1.401144237552932814e-06
6.079168199999999800e+00 3.587198833873621269e-05 1.375195583204669362e-06
6.109564100000000053e+00 3.550453817386434353e-05 1.349815853936642036e-06
6.140111899999999956e+00 3.514084922727009493e-05 1.324883777566829292e-06
6.170812500000000256e+00 3.478076252811836139e-05 1.300394357468640078e-06
6.201666499999999971e+00 3.442424541233928226e-05 1.276456138878540776e-06
6.232674900000000129e+00 3.407137764661987399e-05 1.252836765970633853e-06
6.263838200000000356e+00 3.372200947022705890e-05 1.229757765276540442e-06
6.295157399999999903e+00 3.337610489820571578e-05 1.207100875669658266e-06
6.326633199999999846e+00 3.303374469421781103e-05 1.184861372152861850e-06
6.358266399999999763e+00 3.269478040597977053e-05 1.163034552973495285e-06
6.390057699999999841e+00 3.235906946177616084e-05 1.141615777157999129e-06
6.422007999999999939e+00 3.202680133548402682e-05 1.120600409659804166e-06
6.454118000000000244e+00 3.169783300448408765e-05 1.099983893278081096e-06
6.486388599999999727e+00 3.137223939992823669e-05 1.079739986927682350e-06
6.518820599999999743e+00 3.104977288289066287e-05 1.059886105829727325e-06
6.551414699999999591e+00 3.073051207145697280e-05 1.040396338470142331e-06
6.584171699999999738e+00 3.041442622939549142e-05 1.021287961298358379e-06
6.915365000000000428e+00 2.748100430812684989e-05 8.518615587077767533e-07
7.392525000000000013e+00 2.390200348223186653e-05 6.658992156354527578e-07
7.902608999999999995e+00 2.075412088113792904e-05 5.212331864601378166e-07
8.447889999999999233e+00 1.795944036487861779e-05 4.085562279128880370e-07
9.030794000000000210e+00 1.539838598882753364e-05 3.194706742593075408e-07
9.465427999999999287e+00 1.345148173940736506e-05 2.663628972471477345e-07
9.610307000000000599e+00 1.235400732528676894e-05 2.512137166079382218e-07
9.653919000000000139e+00 1.103193507910245973e-05 2.468653283033955874e-07
9.706893000000000882e+00 1.212763967509202226e-05 1.864032981990717856e-06
9.851772000000000418e+00 1.251180299240595754e-05 1.756932200036859257e-06
1.032004000000000055e+01 1.200648481922296558e-05 1.465830845092232556e-06
1.103212000000000081e+01 1.080544136404686171e-05 1.148419930867981733e-06
1.179334000000000060e+01 9.599960924416300296e-06 9.054843272104120420e-07
1.260707999999999984e+01 8.485850117524941611e-06 7.152399167381134080e-07
1.347696999999999967e+01 7.477742696867253611e-06 5.607107362224388649e-07
1.440687999999999924e+01 6.574661485476485539e-06 4.388927811572508306e-07
1.540094999999999992e+01 5.771966358884313520e-06 3.430623888632658933e-07
1.646361999999999881e+01 5.061834086013462480e-06 2.679138215558856593e-07
1.759960999999999842e+01 4.435631324882414420e-06 2.091512565783935828e-07
1.881398000000000081e+01 3.884754236449639038e-06 1.632933086128826110e-07
2.011214999999999975e+01 3.404984863493201291e-06 1.271953040886258111e-07
2.149988000000000099e+01 2.979722475754341637e-06 9.893470187006870257e-08
2.298338000000000036e+01 2.606917499794776130e-06 7.696942986177844122e-08
2.456923000000000101e+01 2.280397750202239601e-06 5.989852385423449023e-08
2.626450000000000173e+01 1.994624299087331301e-06 4.662038193151657151e-08
2.807676000000000016e+01 1.744603346573168620e-06 3.612718621159078525e-08
3.001405000000000101e+01 1.525651793853972052e-06 2.797096290212012269e-08
3.208502000000000010e+01 1.334129564284261030e-06 2.167043453626376616e-08
3.429889000000000010e+01 1.166633853235750510e-06 1.680200714603989793e-08
3.666550999999999760e+01 1.020173322159861576e-06 1.303853641724847728e-08
3.919543000000000177e+01 8.921196434894729168e-07 1.012810741064982392e-08
4.189992000000000161e+01 7.801646765585357895e-07 7.875360619090979644e-09
4.479100999999999999e+01 6.822728635607750296e-07 6.099121095337221212e-09
4.788159000000000276e+01 5.966736190758750483e-07 4.731226654584659893e-09
5.118542000000000058e+01 5.218274483712303625e-07 3.676956033722840895e-09
5.471721000000000146e+01 4.563849476096443005e-07 2.863652104805497061e-09
5.849269999999999925e+01 3.991639483441308088e-07 2.235511871743676593e-09
6.252870000000000061e+01 3.491287251786617850e-07 1.750106671266066021e-09
6.684318000000000382e+01 3.053775476708774584e-07 1.374249370929563829e-09
7.145535999999999888e+01 2.671169842936717661e-07 1.083037111598884045e-09
7.638577999999999690e+01 2.336585615994931639e-07 8.570309697526409082e-10
8.165640000000000498e+01 2.044005317259706816e-07 6.806029735282056261e-10
8.729068999999999789e+01 1.788090683690729331e-07 5.421331232408675944e-10
9.331373999999999569e+01 1.564248450123212520e-07 4.343536678548641069e-10
9.975239000000000544e+01 1.368463924901188588e-07 3.501895271983867584e-10
1.066353000000000009e+02 1.197212132510568818e-07 2.842439613418594761e-10
1.139930999999999983e+02 1.047415953495354769e-07 2.323753586452040819e-10
1.218586999999999989e+02 9.163789275350183054e-08 1.913927038416507034e-10
1.302668999999999926e+02 8.017502236333777579e-08 1.588422372203583656e-10
1.392553000000000054e+02 7.014738873345742677e-08 1.328587006283867449e-10
1.488640000000000043e+02 6.137486537395426505e-08 1.119729226583815959e-10
1.591356000000000108e+02 5.370020572055097690e-08 9.509096172803077355e-11
1.701159000000000106e+02 4.698587548936079603e-08 8.133610264272517699e-11
1.818539000000000101e+02 4.111158060683116169e-08 7.005543215283418223e-11
1.944018000000000086e+02 3.597207236443888610e-08 6.072082451232361377e-11
2.078155999999999892e+02 3.147535780108550632e-08 5.294251748443474475e-11
2.221547999999999945e+02 2.754107228621294709e-08 4.640621063261216552e-11
2.374834999999999923e+02 2.409877598358713621e-08 4.087522527495662734e-11
2.538699000000000012e+02 2.108679159780900889e-08 3.615032013932742319e-11
2.713869000000000256e+02 1.845145302133195210e-08 3.209318568246960291e-11
2.901125999999999863e+02 1.614557233942001548e-08 2.858134601775586290e-11
3.101304000000000087e+02 1.412790252271228143e-08 2.552071107473943854e-11
3.315294000000000096e+02 1.236241903741389991e-08 2.284008032212812498e-11
3.544048999999999978e+02 1.081763194268959344e-08 2.048055829147799350e-11
3.788587999999999738e+02 9.465910753677860763e-09 1.839212267750848874e-11
4.050000999999999749e+02 8.283118562347468297e-09 1.653763567364764505e-11
4.329451000000000249e+02 7.248169651683305201e-09 1.488459686391049644e-11
