1.067676000000000069e+00 8.805315012629377769e-04 2.065486527222639085e-04
1.141345000000000054e+00 7.706922388417685333e-04 1.640885340763399074e-04
1.220097999999999905e+00 6.728976121409419855e-04 1.304920988399344570e-04
1.304284999999999917e+00 5.864120879874704139e-04 1.039026960230884575e-04
1.394281000000000104e+00 5.100565760718896776e-04 8.243175911732540694e-05
1.490485999999999978e+00 4.424482748380568434e-04 6.526046200335554380e-05
1.593328999999999995e+00 3.826071638414976382e-04 5.175226413830786020e-05
1.703268999999999922e+00 3.294925811472982757e-04 4.110367943294481775e-05
1.820794999999999941e+00 2.818955813421110033e-04 3.265653578380212465e-05
1.946430000000000105e+00 2.381754296061312705e-04 2.597437579027196314e-05
2.080732999999999944e+00 1.948246156103722933e-04 2.068895107257508117e-05
2.177853999999999957e+00 1.563283781588761594e-04 1.772339928560908896e-05
2.211189000000000071e+00 1.277264746947811397e-04 1.683574978773065897e-05
2.220077999999999996e+00 9.997150196379112573e-05 1.660892897763164761e-05
2.224304000000000059e+00 9.701992019520403897e-05 6.804727611602493583e-05
2.233411999999999953e+00 1.238299655031695440e-04 6.695878075653679282e-05
2.260565999999999853e+00 1.381240947887882222e-04 6.384447576089752308e-05
2.266745999999999928e+00 1.388377736810466636e-04 6.316320198998673981e-05
2.295166000000000039e+00 1.344685134734950605e-04 6.013669387144221138e-05
2.304393000000000136e+00 1.233613451051746891e-04 5.919629329723235378e-05
2.318233000000000210e+00 1.363022927808865681e-04 8.103572733598549279e-05
2.352834000000000092e+00 1.472407502212041497e-04 7.653810377104627188e-05
2.377781000000000144e+00 1.497483581573906303e-04 7.355517499363126263e-05
2.480967999999999840e+00 1.479274633176339687e-04 6.292077134049461017e-05
2.518942000000000014e+00 1.428364869624618627e-04 5.957788224877032571e-05
2.529068000000000094e+00 1.379651466344941635e-04 5.872982124786123282e-05
2.541847999999999885e+00 1.412885505172900590e-04 6.638921497868664420e-05
2.544258000000000131e+00 1.417794276799725717e-04 6.616980972579456269e-05
2.582231999999999861e+00 1.437920139724322961e-04 6.285361207317196122e-05
2.717235000000000067e+00 1.388149310865321366e-04 5.275050199239542087e-05
2.904723999999999862e+00 1.276455356343639996e-04 4.199997237589378881e-05
3.105150000000000077e+00 1.154705533736792540e-04 3.318903164153139216e-05
3.319405999999999857e+00 1.032829593478740680e-04 2.611065553021693359e-05
3.548445000000000071e+00 9.173955056410713254e-05 2.053000281538259599e-05
3.793287999999999993e+00 8.111339768692117571e-05 1.615193193423809451e-05
4.055024000000000406e+00 7.149753809230528843e-05 1.271966827957713117e-05
4.334820999999999813e+00 6.288978067459906286e-05 1.002606144005740122e-05
4.633924000000000376e+00 5.543221153677704816e-05 7.877790039666426211e-06
4.953663999999999845e+00 4.860194141293173152e-05 6.163587034537383038e-06
5.295467000000000368e+00 4.260307140872584121e-05 4.816880519276689825e-06
5.660854999999999748e+00 3.727064314534326385e-05 3.764031538384480256e-06
6.051453000000000415e+00 3.258406510100117379e-05 2.944314761216822638e-06
6.469003999999999976e+00 2.847422597304023929e-05 2.304392499525654157e-06
6.915365000000000428e+00 2.487466856356847561e-05 1.804101659428875649e-06
7.392525000000000013e+00 2.172536725802150278e-05 1.413965958630373040e-06
7.902608999999999995e+00 1.897239401419420382e-05 1.109510498638300200e-06
8.447889999999999233e+00 1.656765511846817356e-05 8.713882638054693797e-07
9.030794000000000210e+00 1.447034534052092517e-05 6.834160627398074930e-07
9.653919000000000139e+00 1.263308329499318083e-05 5.322333268250616968e-07
1.032004000000000055e+01 1.102600028465336791e-05 4.133291960488292304e-07
1.103212000000000081e+01 9.620766075189769406e-06 3.210879325337984572e-07
1.179334000000000060e+01 8.391882778640633107e-06 2.487374316516472097e-07
1.260707999999999984e+01 7.316858548619514995e-06 1.929687765214095474e-07
1.347696999999999967e+01 6.375725875852739145e-06 1.499162390984084175e-07
1.440687999999999924e+01 5.550195440505989747e-06 1.166375655934101986e-07
1.540094999999999992e+01 4.822606034549556534e-06 9.088808481140290333e-08
1.646361999999999881e+01 4.171840213887436093e-06 7.092998654335220953e-08
1.759960999999999842e+01 3.535988115476301752e-06 5.544333575021981419e-08
1.763765000000000072e+01 3.511837480855473204e-06 5.500693587023583984e-08
1.790760999999999825e+01 3.283363714314588103e-06 5.201848069050606665e-08
1.797960000000000136e+01 3.109589240709925190e-06 5.126005338728827636e-08
1.808758999999999872e+01 3.221235717296009255e-06 3.375485712525394383e-07
1.835754999999999981e+01 3.257705809539485406e-06 3.186173690953841307e-07
1.881398000000000081e+01 3.176498435323909141e-06 2.895504952039248143e-07
2.011214999999999975e+01 2.853596771875884923e-06 2.266266149903624473e-07
2.149988000000000099e+01 2.528920349585266373e-06 1.785064259436642959e-07
2.298338000000000036e+01 2.230646773101734613e-06 1.408015935503511591e-07
2.456923000000000101e+01 1.962665849878636979e-06 1.106347496045707856e-07
2.626450000000000173e+01 1.723873342261140248e-06 8.675424024057560220e-08
2.807676000000000016e+01 1.512431404121288668e-06 6.776719238222825852e-08
3.001405000000000101e+01 1.325656807607140284e-06 5.289212662711879749e-08
3.208502000000000010e+01 1.161256049148118665e-06 4.129650572267262229e-08
3.429889000000000010e+01 1.016821503288751753e-06 3.225645298201545559e-08
3.666550999999999760e+01 8.908781536553874723e-07 2.515907306248600493e-08
3.919543000000000177e+01 7.796109745563501032e-07 1.952850288322093350e-08
4.189992000000000161e+01 6.820851843973922192e-07 1.516825635171453900e-08
4.479100999999999999e+01 5.966740211933198482e-07 1.178956143083508550e-08
4.788159000000000276e+01 5.219126994665059794e-07 9.170302048249685716e-09
5.118542000000000058e+01 4.564926378911254229e-07 7.138454640993491359e-09
5.471721000000000146e+01 3.992598741258793755e-07 5.561595376448213010e-09
5.849269999999999925e+01 3.491981654735707119e-07 4.335676980993988048e-09
6.252870000000000061e+01 3.054134136754230920e-07 3.384544923089811971e-09
6.684318000000000382e+01 2.671206301335832183e-07 2.645947326097764133e-09
7.145535999999999888e+01 2.336335754884912391e-07 2.072102541777336567e-09
7.638577999999999690e+01 2.043500970647595148e-07 1.625891512039349862e-09
8.165640000000000498e+01 1.787413897925708005e-07 1.274508237995229138e-09
8.729068999999999789e+01 1.563430551779357878e-07 9.990916332230144751e-10
9.331373999999999569e+01 1.367535197099764093e-07 7.855822555010295066e-10
9.975239000000000544e+01 1.196211557814062798e-07 6.198892834508246501e-10
1.066353000000000009e+02 1.046377220228659698e-07 4.910758358559171564e-10
1.139930999999999983e+02 9.153361794780259544e-08 3.907388174275006617e-10
1.218586999999999989e+02 8.007241636841267000e-08 3.124139984212656678e-10
1.302668999999999926e+02 7.004801205668195937e-08 2.511126057797207604e-10
1.392553000000000054e+02 6.128022208789102524e-08 2.030095880949150203e-10
1.488640000000000043e+02 5.361087377893149033e-08 1.651224873214153623e-10
1.591356000000000108e+02 4.690247291882577601e-08 1.351836435641534966e-10
1.701159000000000106e+02 4.103444142208136191e-08 1.114196388683211763e-10
1.818539000000000101e+02 3.590107822038743464e-08 9.247357409342807273e-11
1.944018000000000086e+02 3.141052621292119016e-08 7.728665613006619687e-11
2.078155999999999892e+02 2.748204341189528879e-08 6.505032935447807996e-11
2.221547999999999945e+02 2.404534567110205546e-08 5.512696833184203247e-11
2.374834999999999923e+02 2.103865994040497683e-08 4.703309791875721825e-11
2.538699000000000012e+02 1.840811805259956781e-08 4.037933098899872599e-11
2.713869000000000256e+02 1.610673135365985678e-08 3.487375435592047637e-11
2.901125999999999863e+02 1.409320236200771940e-08 3.028704831033785622e-11
3.101304000000000087e+02 1.233147813860630581e-08 2.643503564636751058e-11
3.315294000000000096e+02 1.079008839625220121e-08 2.317884550939831319e-11
3.544048999999999978e+02 9.441439110642265199e-09 2.040504446378538274e-11
3.788587999999999738e+02 8.261419227400357737e-09 1.802838071704598914e-11
4.050000999999999749e+02 7.228933009142736218e-09 1.597659625314683805e-11
4.329451000000000249e+02 6.325516805554685425e-09 1.419631765557109262e-11
