  5000.  0.00012143248  2.62338599E-05
  5017.98584  0.000120594239  2.59263434E-05
  5036.03613  0.000119761797  2.56224594E-05
  5054.15137  0.000118935081  2.5322146E-05
  5072.33203  0.000118125703  2.5019197E-05
  5090.57812  0.000117321862  2.4719855E-05
  5108.89014  0.00011652345  2.44240982E-05
  5127.26709  0.000115730509  2.4131883E-05
  5145.71094  0.000114932038  2.38348803E-05
  5164.2207  0.000114129449  2.35342468E-05
  5182.79736  0.00011333244  2.32373568E-05
  5201.44043  0.000112541027  2.29442576E-05
  5220.15088  0.000111756424  2.26581724E-05
  5238.92871  0.000110997877  2.24272208E-05
  5257.77393  0.000110244451  2.21986211E-05
  5276.68701  0.000109496141  2.19723515E-05
  5295.66846  0.000108752865  2.17483866E-05
  5314.71729  0.000108024156  2.1484364E-05
  5333.83496  0.000107306849  2.11946681E-05
  5353.02148  0.000106594234  2.09089103E-05
  5372.27734  0.00010588632  2.06270033E-05
  5391.60254  0.000105178151  2.03512227E-05
  5410.99658  0.00010443983  2.00954837E-05
  5430.46094  0.000103706661  1.98429534E-05
  5449.99561  0.000102978636  1.959359E-05
  5469.59961  0.000102255755  1.93473697E-05
  5489.2749  0.00010154042  1.91043891E-05
  5509.02051  0.000100831392  1.88645754E-05
  5528.8374  0.000100127319  1.86277739E-05
  5548.7251  9.94281727E-05  1.83939464E-05
  5568.68506  9.87332824E-05  1.81633823E-05
  5588.71631  9.80406767E-05  1.79371618E-05
  5608.81982  9.73529095E-05  1.77137554E-05
  5628.99609  9.6669959E-05  1.7493132E-05
  5649.24414  9.59918252E-05  1.72752334E-05
  5669.56543  9.53159324E-05  1.70611129E-05
  5689.95947  9.46438231E-05  1.6850061E-05
  5710.42725  9.39764504E-05  1.66416139E-05
  5730.96875  9.33137708E-05  1.64357461E-05
  5751.5835  9.26580615E-05  1.62343131E-05
  5772.27295  9.2013739E-05  1.60409709E-05
  5793.03662  9.13738913E-05  1.58499315E-05
  5813.875  9.0738482E-05  1.56611641E-05
  5834.78857  9.01075036E-05  1.54746267E-05
  5855.77734  8.94794284E-05  1.52704652E-05
  5876.84131  8.88553186E-05  1.50634933E-05
  5897.98145  8.82355525E-05  1.48593217E-05
  5919.19727  8.76201157E-05  1.46579223E-05
  5940.48975  8.70060903E-05  1.44676933E-05
  5961.8584  8.63901005E-05  1.42982908E-05
  5983.30371  8.57784762E-05  1.41308728E-05
  6004.82715  8.5171152E-05  1.39653939E-05
  6026.42725  8.45681425E-05  1.38018731E-05
  6048.10547  8.39737695E-05  1.36263143E-05
  6069.86084  8.33844024E-05  1.34504426E-05
  6091.69531  8.27991389E-05  1.32768355E-05
  6113.6084  8.22179936E-05  1.31054758E-05
  6135.59961  8.16381435E-05  1.29364789E-05
  6157.67041  8.10577621E-05  1.27699168E-05
  6179.82031  8.04815136E-05  1.26054774E-05
  6202.05029  7.99093541E-05  1.24431772E-05
  6224.35986  7.93412692E-05  1.22829633E-05
  6246.75049  7.87758763E-05  1.21255307E-05
  6269.2207  7.82143834E-05  1.19701872E-05
  6291.77197  7.76568995E-05  1.18168364E-05
  6314.40479  7.71033738E-05  1.16654492E-05
  6337.11816  7.65533332E-05  1.15159455E-05
  6359.91406  7.60065959E-05  1.13682672E-05
  6382.7915  7.54637731E-05  1.12225025E-05
  6405.75098  7.49248284E-05  1.10786086E-05
  6428.79346  7.43897326E-05  1.09365537E-05
  6451.91895  7.38570452E-05  1.0796145E-05
  6475.12793  7.33281267E-05  1.06575308E-05
  6498.41943  7.28030136E-05  1.05207009E-05
  6521.79541  7.22816476E-05  1.03856255E-05
  6545.25586  7.1763352E-05  1.02522099E-05
  6568.7998  7.12481342E-05  1.01204678E-05
  6592.42871  7.07366053E-05  9.99041822E-06
  6616.14307  7.02287507E-05  9.8620385E-06
  6639.94189  6.97245123E-05  9.73530587E-06
  6663.82715  6.92227477E-05  9.61006663E-06
  6687.79785  6.87245993E-05  9.48644265E-06
  6711.85498  6.82300306E-05  9.36440847E-06
  6735.99854  6.77390271E-05  9.24392953E-06
  6760.229  6.72509268E-05  9.12497217E-06
  6784.54639  6.67658678E-05  9.0075182E-06
  6808.95166  6.62842867E-05  8.89157218E-06
  6833.44434  6.58061981E-05  8.77712137E-06
  6858.02539  6.53314492E-05  8.66413302E-06
  6882.69482  6.48592249E-05  8.55250255E-06
  6907.45312  6.43904204E-05  8.4423109E-06
  6932.30029  6.3924992E-05  8.33352442E-06
  6957.23633  6.34629469E-05  8.22615584E-06
  6982.2627  6.30036157E-05  8.12011513E-06
  7007.37891  6.2547253E-05  8.01541137E-06
  7032.58594  6.20941864E-05  7.91205639E-06
  7057.8833  6.16444086E-05  7.81003564E-06
  7083.271  6.11977521E-05  7.70931274E-06
  7108.75098  6.07535549E-05  7.60978719E-06
  7134.32275  6.03125809E-05  7.5115363E-06
  7159.98535  5.98748265E-05  7.41456643E-06
  7185.74121  5.94402336E-05  7.31884711E-06
  7211.58936  5.90081727E-05  7.22435016E-06
  7237.53027  5.85789785E-05  7.13106601E-06
  7263.56494  5.81528948E-05  7.03898422E-06
  7289.69336  5.77299106E-05  6.94809296E-06
  7315.91504  5.73098296E-05  6.85837313E-06
  7342.23193  5.68921787E-05  6.76979926E-06
  7368.64258  5.64775837E-05  6.68235907E-06
  7395.14893  5.60659937E-05  6.59605894E-06
  7421.75049  5.56574014E-05  6.51087203E-06
  7448.44775  5.52512502E-05  6.42673967E-06
  7475.24072  5.4847882E-05  6.34368189E-06
  7502.13086  5.44474497E-05  6.26169549E-06
  7529.1167  5.40499568E-05  6.18077047E-06
  7556.20068  5.3655127E-05  6.10086499E-06
  7583.38086  5.32626545E-05  6.02192858E-06
  7610.65967  5.28730379E-05  5.94402081E-06
  7638.03662  5.24862735E-05  5.86712167E-06
  7665.51221  5.21023321E-05  5.79121661E-06
  7693.08545  5.17205881E-05  5.71629243E-06
  7720.75879  5.13414816E-05  5.64233414E-06
  7748.53174  5.09651618E-05  5.5693331E-06
  7776.40479  5.0591585E-05  5.49727565E-06
  7804.37695  5.02205257E-05  5.42615089E-06
  7832.45068  4.98517256E-05  5.35593381E-06
  7860.62549  4.94856395E-05  5.28663213E-06
  7888.90137  4.91222345E-05  5.21822903E-06
  7917.27881  4.87615034E-05  5.15071042E-06
  7945.75879  4.84028242E-05  5.08405537E-06
  7974.34082  4.80467133E-05  5.01826162E-06
  8003.02588  4.76932109E-05  4.95332006E-06
  8031.81348  4.73423243E-05  4.88921933E-06
  8060.70557  4.69937258E-05  4.82593441E-06
  8089.70117  4.66472993E-05  4.76346895E-06
  8118.80127  4.63034266E-05  4.70181067E-06
  8148.00537  4.59620933E-05  4.64095274E-06
  8177.31494  4.56232738E-05  4.58088198E-06
  8206.73047  4.5286306E-05  4.52156883E-06
  8236.25098  4.49518011E-05  4.46302283E-06
  8265.87793  4.46197664E-05  4.4052349E-06
  8295.61133  4.42901764E-05  4.34818821E-06
  8325.45215  4.39626929E-05  4.29187639E-06
  8355.40039  4.36372757E-05  4.23628262E-06
  8385.45605  4.33142668E-05  4.18140826E-06
  8415.62012  4.29936372E-05  4.12724467E-06
  8445.89258  4.26753795E-05  4.07378366E-06
  8476.27344  4.23587844E-05  4.0210175E-06
  8506.76367  4.20445358E-05  3.96893529E-06
  8537.36426  4.17326046E-05  3.91752155E-06
  8568.07422  4.14229944E-05  3.86677948E-06
  8598.89453  4.11153051E-05  3.81670179E-06
  8629.82617  4.0809573E-05  3.76727553E-06
  8660.86914  4.05061073E-05  3.71849001E-06
  8692.02344  4.02048972E-05  3.67033635E-06
  8723.29004  3.99058663E-05  3.62280662E-06
  8754.66895  3.96083888E-05  3.57590989E-06
  8786.16113  3.93131158E-05  3.5296141E-06
  8817.7666  3.90200476E-05  3.48392336E-06
  8849.48535  3.8729162E-05  3.43882448E-06
  8881.31836  3.84400009E-05  3.39432222E-06
  8913.26562  3.81527097E-05  3.350405E-06
  8945.32812  3.78675577E-05  3.30705552E-06
  8977.50586  3.75845411E-05  3.26426698E-06
  9009.7998  3.73035218E-05  3.22203255E-06
  9042.20898  3.70239286E-05  3.18034449E-06
  9074.73535  3.67464236E-05  3.13919986E-06
  9107.37793  3.64710031E-05  3.09858865E-06
  9140.13965  3.61976272E-05  3.05850131E-06
  9173.01758  3.59257683E-05  3.01893942E-06
  9206.01465  3.56556702E-05  2.97989118E-06
  9239.12988  3.53875985E-05  2.94134816E-06
  9272.36426  3.51215422E-05  2.90330422E-06
  9305.71875  3.48572939E-05  2.86574846E-06
  9339.19238  3.4594319E-05  2.82868791E-06
  9372.78711  3.43333195E-05  2.79210576E-06
  9406.50195  3.40742881E-05  2.75599746E-06
  9440.33887  3.38171994E-05  2.72035595E-06
  9474.29688  3.35613295E-05  2.68518011E-06
  9508.37793  3.33071221E-05  2.65046128E-06
  9542.58105  3.30548355E-05  2.6161913E-06
  9576.90723  3.28044516E-05  2.58236059E-06
  9611.35645  3.2555683E-05  2.54897577E-06
  9645.93066  3.23080021E-05  2.51603478E-06
  9680.62793  3.20622021E-05  2.48351989E-06
  9715.45117  3.1818261E-05  2.45142473E-06
  9750.39941  3.15761718E-05  2.41974431E-06
  9785.47266  3.13349738E-05  2.38848679E-06
  9820.67188  3.10953583E-05  2.3576365E-06
  9855.99902  3.08575618E-05  2.32718367E-06
  9891.45215  3.06215807E-05  2.29712145E-06
  9927.03418  3.03869492E-05  2.26745965E-06
  9962.74316  3.01531945E-05  2.23820007E-06
  9998.58008  2.99212297E-05  2.20931815E-06
  10034.5469  2.96910366E-05  2.18080822E-06
  10070.6426  2.94626097E-05  2.15266709E-06
  10106.8672  2.92346012E-05  2.12490909E-06
  10143.2236  2.90081207E-05  2.09751238E-06
  10179.71  2.87833791E-05  2.07046583E-06
  10216.3291  2.85603674E-05  2.04377125E-06
  10253.0791  2.83383688E-05  2.01742728E-06
  10289.96  2.81169669E-05  1.99143324E-06
  10326.9756  2.7897273E-05  1.96577366E-06
  10364.1221  2.76792925E-05  1.9404456E-06
  10401.4043  2.74629947E-05  1.91544336E-06
  10438.8203  2.72463258E-05  1.89078105E-06
  10476.3701  2.70311793E-05  1.86644161E-06
  10514.0547  2.68177155E-05  1.84241571E-06
  10551.876  2.66059178E-05  1.81869893E-06
  10589.832  2.63945458E-05  1.79529638E-06
  10627.9258  2.61833138E-05  1.77220534E-06
  10666.1562  2.59737571E-05  1.74941147E-06
  10704.5234  2.57658612E-05  1.7269108E-06
  10743.0293  2.5559606E-05  1.70469968E-06
  10781.6729  2.53514954E-05  1.68279621E-06
  10820.457  2.5144971E-05  1.66117184E-06
  10859.3799  2.49401164E-05  1.63982781E-06
  10898.4424  2.47369026E-05  1.61875857E-06
  10937.6465  2.45328356E-05  1.59797071E-06
  10976.9902  2.43280683E-05  1.57746092E-06
  11016.4766  2.41249691E-05  1.55721375E-06
  11056.1045  2.3923536E-05  1.53722669E-06
  11095.876  2.37234326E-05  1.51749475E-06
  11135.7881  2.35182015E-05  1.49803668E-06
  11175.8457  2.3314682E-05  1.47882736E-06
  11216.0469  2.31128761E-05  1.45986519E-06
  11256.3936  2.29127581E-05  1.44114551E-06
  11296.8838  2.27076471E-05  1.42267845E-06
  11337.5195  2.24993837E-05  1.40445729E-06
  11378.3037  2.2292932E-05  1.38646851E-06
  11419.2334  2.20882721E-05  1.36870847E-06
  11460.3086  2.188291E-05  1.35118125E-06
  11501.5342  2.16585995E-05  1.33389858E-06
  11542.9072  2.14363845E-05  1.31683726E-06
  11584.4287  2.12162413E-05  1.29999478E-06
  11626.0996  2.09981499E-05  1.28336717E-06
  11667.9199  2.07314133E-05  1.26696682E-06
  11709.8916  2.04389235E-05  1.25078373E-06
  11752.0137  2.01495568E-05  1.23480754E-06
  11794.2881  1.98632479E-05  1.21903349E-06
  11836.7139  1.92930256E-05  1.20346317E-06
  11879.292  1.73358821E-05  1.18809248E-06
  11922.0234  1.56736714E-05  2.92409391E-06
  11964.9092  1.7185419E-05  2.88528508E-06
  12007.9482  1.86747311E-05  2.84699126E-06
  12051.1436  1.91092713E-05  2.80921881E-06
  12094.4932  1.91014351E-05  2.7719525E-06
  12137.998  1.90927694E-05  2.73517639E-06
  12181.6611  1.90832088E-05  2.69889188E-06
  12225.4805  1.90566079E-05  2.66308712E-06
  12269.458  1.89761831E-05  2.62774688E-06
  12313.5928  1.88959366E-05  2.59287708E-06
  12357.8857  1.88158665E-05  2.55846999E-06
  12402.3389  1.87359728E-05  2.52451855E-06
  12446.9531  1.86389534E-05  2.49102413E-06
  12491.7256  1.85371046E-05  2.45797287E-06
  12536.6602  1.84357505E-05  2.42536316E-06
  12581.7568  1.8334893E-05  2.39318638E-06
  12627.0166  1.82307977E-05  2.36143592E-06
  12672.4375  1.81184369E-05  2.33010519E-06
  12718.0215  1.80067545E-05  2.29919101E-06
  12763.7705  1.7895738E-05  2.26868656E-06
  12809.6846  1.77853854E-05  2.2385866E-06
  12855.7627  1.76678423E-05  2.20888751E-06
  12902.0059  1.75494479E-05  2.179587E-06
  12948.416  1.74318411E-05  2.1506753E-06
  12994.9941  1.73150183E-05  2.12214673E-06
  13041.7393  1.71955344E-05  2.093994E-06
  13088.6533  1.7070739E-05  2.06620962E-06
  13135.7344  1.69468567E-05  2.03879449E-06
  13182.9854  1.68238712E-05  2.01174339E-06
  13230.4072  1.67017752E-05  1.98504745E-06
  13277.999  1.65678957E-05  1.95871371E-06
  13325.7617  1.64335361E-05  1.93273036E-06
  13373.6973  1.63002496E-05  1.90709147E-06
  13421.8037  1.61680327E-05  1.88179331E-06
  13470.085  1.60167583E-05  1.85682859E-06
  13518.5381  1.58394541E-05  1.83219322E-06
  13567.166  1.56638653E-05  1.80788493E-06
  13615.9697  1.5489959E-05  1.78389621E-06
  13664.9473  1.53177625E-05  1.76022911E-06
  13714.1035  1.42125637E-05  1.73688409E-06
  13763.4346  1.40147804E-05  2.3905352E-06
  13812.9434  1.44261248E-05  2.35927905E-06
  13862.6309  1.48308645E-05  2.32843126E-06
  13912.498  1.50047044E-05  2.29798388E-06
  13962.543  1.49385078E-05  2.26793281E-06
  14012.7686  1.48724885E-05  2.23827374E-06
  14063.1748  1.48066592E-05  2.20899983E-06
  14113.7627  1.4739695E-05  2.18011178E-06
  14164.5312  1.4597962E-05  2.15160412E-06
  14215.4834  1.44575015E-05  2.1234689E-06
  14266.6182  1.43183042E-05  2.09570135E-06
  14317.9385  1.41803557E-05  2.06829736E-06
  14369.4414  1.37322149E-05  2.34671029E-06
  14421.1309  1.38147116E-05  2.31766489E-06
  14473.0059  1.38953756E-05  2.2889767E-06
  14525.0674  1.39741287E-05  2.2606464E-06
  14577.3164  1.4039455E-05  2.23266738E-06
  14629.7529  1.39721551E-05  2.20503853E-06
  14682.3789  1.39050981E-05  2.17775187E-06
  14735.1934  1.38382857E-05  2.15080286E-06
  14788.1982  1.37717161E-05  2.1241874E-06
  14841.3936  1.36999852E-05  2.09785389E-06
  14894.7803  1.36251529E-05  2.0718137E-06
  14948.3594  1.35506834E-05  2.04610024E-06
  15002.1318  1.34765805E-05  2.02070487E-06
  15056.0967  1.34022239E-05  1.99561555E-06
  15110.2559  1.33245157E-05  1.97077634E-06
  15164.6094  1.32472351E-05  1.94624681E-06
  15219.1582  1.31703773E-05  1.92202288E-06
  15273.9033  1.30939397E-05  1.89810009E-06
  15328.8477  1.30160743E-05  1.87442879E-06
  15383.9873  1.2937765E-05  1.85103534E-06
  15439.3252  1.28599067E-05  1.82793394E-06
  15494.8633  1.27825015E-05  1.80512052E-06
  15550.6006  1.27051444E-05  1.78257937E-06
  15606.5381  1.26267114E-05  1.76027061E-06
  15662.6777  1.25487495E-05  1.73824094E-06
  15719.0195  1.24712551E-05  1.71648696E-06
  15775.5625  1.23942327E-05  1.69500277E-06
  15832.3096  1.23165892E-05  1.67375458E-06
  15889.2607  1.22390375E-05  1.65276015E-06
  15946.417  1.21619669E-05  1.63202878E-06
  16003.7793  1.20853711E-05  1.61155765E-06
  16061.3467  1.20089408E-05  1.59133015E-06
  16119.1211  1.19321512E-05  1.57132092E-06
  16177.1045  1.18558455E-05  1.55156283E-06
  16235.2969  1.17800219E-05  1.53205133E-06
  16293.6973  1.17046748E-05  1.51278755E-06
  16352.3076  1.16290639E-05  1.49372863E-06
  16411.1309  1.15537505E-05  1.47490061E-06
  16470.1621  1.14789227E-05  1.45631032E-06
  16529.4082  1.14045733E-05  1.43795432E-06
  16588.8672  1.13304432E-05  1.41981639E-06
  16648.541  1.12562784E-05  1.40188024E-06
  16708.4277  1.11825975E-05  1.38417124E-06
  16768.5312  1.11093959E-05  1.36668393E-06
  16828.8496  1.10366682E-05  1.34941979E-06
  16889.3867  1.09638568E-05  1.33233982E-06
  16950.1406  1.08914373E-05  1.31547131E-06
  17011.1113  1.08194927E-05  1.29881619E-06
  17072.3027  1.074802E-05  1.2823723E-06
  17133.7148  1.06767975E-05  1.26612304E-06
  17195.3477  1.06057123E-05  1.25005909E-06
  17257.2012  1.05351E-05  1.23419784E-06
  17319.2793  1.04649516E-05  1.2185393E-06
  17381.5781  1.03952707E-05  1.20307982E-06
  17444.1035  1.03256107E-05  1.18778974E-06
  17506.8516  1.02563872E-05  1.17269224E-06
  17569.8262  1.0187624E-05  1.15778664E-06
  17633.0293  1.01193164E-05  1.14307034E-06
  17696.457  1.00512816E-05  1.12852672E-06
  17760.1152  9.9834815E-06  1.11414988E-06
  17824.  9.91613888E-06  1.0999579E-06
  17888.1152  9.84924736E-06  1.08594668E-06
  17952.4629  9.78280332E-06  1.07211417E-06
  18017.041  9.71645659E-06  1.05843355E-06
  18081.8496  9.65055642E-06  1.04492801E-06
  18146.8926  9.585101E-06  1.03159437E-06
  18212.1699  9.52008668E-06  1.01843113E-06
  18277.6816  9.45534975E-06  1.0054232E-06
  18343.4297  9.39090296E-06  9.9256863E-07
  18409.4141  9.32689363E-06  9.79879701E-07
  18475.6367  9.26331813E-06  9.67352889E-07
  18542.0957  9.20016282E-06  9.5498558E-07
  18608.7949  9.13717395E-06  9.42754809E-07
  18675.7324  9.07461799E-06  9.30681097E-07
  18742.9121  9.01248677E-06  9.18761714E-07
  18810.334  8.9507821E-06  9.06993591E-07
  18877.998  8.88935392E-06  8.95366668E-07
  18945.9043  8.82824861E-06  8.83881114E-07
  19014.0566  8.76756167E-06  8.72542728E-07
  19082.4512  8.70729309E-06  8.61350145E-07
  19151.0957  8.64740923E-06  8.50298704E-07
  19219.9844  8.5877482E-06  8.39373115E-07
  19289.1211  8.52849644E-06  8.28588043E-07
  19358.5078  8.46965304E-06  8.17940077E-07
  19428.1426  8.4112171E-06  8.07430524E-07
  19498.0293  8.35305491E-06  7.97045971E-07
  19568.166  8.29522742E-06  7.86789826E-07
  19638.5566  8.23779828E-06  7.76665615E-07
  19709.1992  8.18076751E-06  7.66671803E-07
  19780.0957  8.12410144E-06  7.56803843E-07
  19851.248  8.06768639E-06  7.47049569E-07
  19922.6562  8.01166243E-06  7.3742109E-07
  19994.3203  7.95602864E-06  7.27915904E-07
  20066.2441  7.90077956E-06  7.18533897E-07
  20138.4258  7.84580243E-06  7.09263475E-07
  20210.8672  7.79116363E-06  7.00108899E-07
  20283.5684  7.73690681E-06  6.91072728E-07
  20356.5312  7.68302652E-06  6.82153143E-07
  20429.7559  7.6294873E-06  6.73345539E-07
  20503.2441  7.57621638E-06  6.64641504E-07
  20577.  7.52331516E-06  6.56048826E-07
  20651.0195  7.47078411E-06  6.47568356E-07
  20725.3027  7.41862095E-06  6.39197822E-07
  20799.8535  7.36672609E-06  6.30927218E-07
  20874.6738  7.31516457E-06  6.22761149E-07
  20949.7637  7.2639632E-06  6.14700866E-07
  21025.123  7.21312063E-06  6.06745004E-07
  21100.7539  7.1625991E-06  5.9888896E-07
  21176.6582  7.11235271E-06  5.91126593E-07
  21252.832  7.06246101E-06  5.83465919E-07
  21329.2812  7.01291856E-06  5.75904664E-07
  21406.0059  6.96372308E-06  5.68441294E-07
  21483.0098  6.91478544E-06  5.6106694E-07
  21560.2852  6.86617886E-06  5.53787004E-07
  21637.8398  6.81791335E-06  5.46601655E-07
  21715.6777  6.76998388E-06  5.39509301E-07
  21793.7891  6.72236274E-06  5.32505965E-07
  21872.1875  6.67501399E-06  5.25586586E-07
  21950.8652  6.62800085E-06  5.18758156E-07
  22029.8242  6.58131967E-06  5.12018573E-07
  22109.0703  6.53496545E-06  5.05366472E-07
  22188.5996  6.48886453E-06  4.98794009E-07
  22268.4141  6.44308284E-06  4.92306413E-07
  22348.5176  6.39762175E-06  4.85903115E-07
  22428.9082  6.35248261E-06  4.79583264E-07
  22509.5898  6.3076277E-06  4.73341629E-07
  22590.5586  6.26304836E-06  4.67177983E-07
  22671.8203  6.21878371E-06  4.61094601E-07
  22753.375  6.17483147E-06  4.55090515E-07
  22835.2246  6.13118846E-06  4.49164588E-07
  22917.3633  6.08779146E-06  4.4331E-07
  22999.8008  6.04469778E-06  4.37531469E-07
  23082.5352  6.00190833E-06  4.31828397E-07
  23165.5664  5.95942311E-06  4.26198994E-07
  23248.8965  5.91720845E-06  4.2064076E-07
  23332.5273  5.87526392E-06  4.15152016E-07
  23416.457  5.8336168E-06  4.0973498E-07
  23500.6914  5.79226298E-06  4.04388658E-07
  23585.2266  5.75120339E-06  3.9911211E-07
  23670.0645  5.71037845E-06  3.93899029E-07
  23755.2109  5.66984227E-06  3.88753961E-07
  23840.6602  5.62959531E-06  3.83676309E-07
  23926.4199  5.58963302E-06  3.78664339E-07
  24012.4863  5.54992721E-06  3.73715807E-07
  24098.8633  5.51048242E-06  3.68829717E-07
  24185.5527  5.47131685E-06  3.64007605E-07
  24272.5508  5.4324305E-06  3.59248645E-07
  24359.8633  5.39381654E-06  3.54551617E-07
  24447.4883  5.35543722E-06  3.49912114E-07
  24535.4297  5.31732985E-06  3.45332836E-07
  24623.6875  5.27949442E-06  3.40814097E-07
  24712.2637  5.24192728E-06  3.36354589E-07
  24801.1562  5.20460253E-06  3.31951071E-07
  24890.3711  5.16752561E-06  3.27603743E-07
  24979.9062  5.13071336E-06  3.23313486E-07
  25069.7617  5.0941635E-06  3.19079447E-07
  25159.9414  5.05786875E-06  3.14900376E-07
  25250.4473  5.02180183E-06  3.10772037E-07
  25341.2754  4.98599275E-06  3.06698439E-07
  25432.4316  4.95043878E-06  3.02678274E-07
  25523.918  4.9151372E-06  2.9871083E-07
  25615.7305  4.88006617E-06  2.9479321E-07
  25707.875  4.84523389E-06  2.90925925E-07
  25800.3496  4.81065035E-06  2.8710943E-07
  25893.1562  4.77631465E-06  2.83343098E-07
  25986.2988  4.74221679E-06  2.79625056E-07
  26079.7754  4.70833902E-06  2.75953681E-07
  26173.5898  4.67470272E-06  2.7233051E-07
  26267.7383  4.64130881E-06  2.68755116E-07
  26362.2285  4.60815181E-06  2.65226618E-07
  26457.0566  4.57521082E-06  2.61742741E-07
  26552.2266  4.54249812E-06  2.58304084E-07
  26647.7402  4.5100187E-06  2.54910617E-07
  26743.5957  4.47777211E-06  2.51561858E-07
  26839.7949  4.44574971E-06  2.48256072E-07
  26936.3418  4.41393695E-06  2.44992322E-07
  27033.2383  4.38235156E-06  2.41771517E-07
  27130.4805  4.35099309E-06  2.38593202E-07
  27228.0723  4.31985927E-06  2.35456696E-07
  27326.0156  4.288931E-06  2.32359653E-07
  27424.3125  4.25821963E-06  2.29302984E-07
  27522.9629  4.22772837E-06  2.26286218E-07
  27621.9648  4.19745675E-06  2.23309641E-07
  27721.3262  4.1673934E-06  2.20371419E-07
  27821.0449  4.13753105E-06  2.17470301E-07
  27921.1211  4.10788334E-06  2.14607496E-07
  28021.5566  4.07844891E-06  2.11782435E-07
  28122.3555  4.04922366E-06  2.08994621E-07
  28223.5176  4.02019441E-06  2.06242177E-07
  28325.041  3.99137207E-06  2.03525886E-07
  28426.9316  3.96275527E-06  2.00845108E-07
  28529.1855  3.93434493E-06  1.9820007E-07
  28631.8086  3.90613377E-06  1.95589109E-07
  28734.8027  3.87811815E-06  1.93011445E-07
  28838.168  3.85030353E-06  1.9046783E-07
  28941.9004  3.82268991E-06  1.87957852E-07
  29046.0117  3.79527273E-06  1.85480971E-07
  29150.4922  3.76813887E-06  1.83035354E-07
  29255.3516  3.7412035E-06  1.80621612E-07
  29360.5879  3.71446163E-06  1.78240086E-07
  29466.2031  3.68791029E-06  1.75890008E-07
  29572.1953  3.66128324E-06  1.73570413E-07
  29678.5742  3.63454774E-06  1.71280732E-07
  29785.3301  3.60800823E-06  1.69021362E-07
  29892.4727  3.58166244E-06  1.66791864E-07
  30000.002  3.5555081E-06  1.6459181E-07