  5000,  1,07464857E-05  6,29033678E-08
  5017,98584  1,06691059E-05  6,19918907E-08
  5036,03613  1,05922836E-05  6,10938002E-08
  5054,15137  1,05160152E-05  6,02087624E-08
  5072,33203  1,04403034E-05  5,93359353E-08
  5090,57812  1,03651382E-05  5,84758197E-08
  5108,89014  1,02905115E-05  5,76281955E-08
  5127,26709  1,02164258E-05  5,67929348E-08
  5145,71094  1,01428777E-05  5,59696147E-08
  5164,2207  1,00698653E-05  5,51581429E-08
  5182,79736  9,99737676E-06  5,43583596E-08
  5201,44043  9,92541118E-06  5,35703393E-08
  5220,15088  9,85396491E-06  5,27937196E-08
  5238,92871  9,78303979E-06  5,20276657E-08
  5257,77393  9,71262489E-06  5,12727638E-08
  5276,68701  9,64271567E-06  5,05288682E-08
  5295,66846  9,57331031E-06  4,97957942E-08
  5314,71729  9,50441063E-06  4,90731047E-08
  5333,83496  9,43600753E-06  4,8360647E-08
  5353,02148  9,36809647E-06  4,76586663E-08
  5372,27734  9,3006729E-06  4,69668997E-08
  5391,60254  9,23373591E-06  4,62851517E-08
  5410,99658  9,16729095E-06  4,56128184E-08
  5430,46094  9,10132258E-06  4,49502906E-08
  5449,99561  9,03582713E-06  4,42974084E-08
  5469,59961  8,97080645E-06  4,36540759E-08
  5489,2749  8,90625779E-06  4,30197851E-08
  5509,02051  8,84217661E-06  4,239471E-08
  5528,8374  8,77855564E-06  4,17787582E-08
  5548,7251  8,71539487E-06  4,11718091E-08
  5568,68506  8,65268703E-06  4,05736706E-08
  5588,71631  8,59043757E-06  3,99841795E-08
  5608,81982  8,52863468E-06  3,94032824E-08
  5628,99609  8,46727562E-06  3,88308727E-08
  5649,24414  8,4063613E-06  3,82667444E-08
  5669,56543  8,34588809E-06  3,7710489E-08
  5689,95947  8,28585144E-06  3,71621915E-08
  5710,42725  8,22624588E-06  3,66219055E-08
  5730,96875  8,16707052E-06  3,60895278E-08
  5751,5835  8,10832262E-06  3,55648098E-08
  5772,27295  8,05000036E-06  3,50474139E-08
  5793,03662  7,9920992E-06  3,45375888E-08
  5813,875  7,93461368E-06  3,40352173E-08
  5834,78857  7,87754198E-06  3,3540136E-08
  5855,77734  7,82088591E-06  3,30520251E-08
  5876,84131  7,76463912E-06  3,25709664E-08
  5897,98145  7,70879706E-06  3,20969527E-08
  5919,19727  7,65335699E-06  3,16298809E-08
  5940,48975  7,59831573E-06  3,11695594E-08
  5961,8584  7,54367466E-06  3,07158103E-08
  5983,30371  7,48942557E-06  3,02687084E-08
  6004,82715  7,43556575E-06  2,98280582E-08
  6026,42725  7,38209383E-06  2,93938349E-08
  6048,10547  7,32901253E-06  2,89658626E-08
  6069,86084  7,27631686E-06  2,85441519E-08
  6091,69531  7,22399773E-06  2,8128607E-08
  6113,6084  7,17205512E-06  2,77191585E-08
  6135,59961  7,12048904E-06  2,73154939E-08
  6157,67041  7,06929495E-06  2,69173928E-08
  6179,82031  7,01846966E-06  2,65250808E-08
  6202,05029  6,96800998E-06  2,6138574E-08
  6224,35986  6,91791229E-06  2,57577355E-08
  6246,75049  6,86817884E-06  2,538237E-08
  6269,2207  6,8188042E-06  2,5012497E-08
  6291,77197  6,7697847E-06  2,46480489E-08
  6314,40479  6,72111719E-06  2,42889513E-08
  6337,11816  6,67280256E-06  2,39349944E-08
  6359,91406  6,62483762E-06  2,35860238E-08
  6382,7915  6,57721739E-06  2,32422241E-08
  6405,75098  6,52994095E-06  2,290348E-08
  6428,79346  6,48300193E-06  2,25697043E-08
  6451,91895  6,43640487E-06  2,2240549E-08
  6475,12793  6,39014161E-06  2,19162182E-08
  6498,41943  6,34421212E-06  2,15966676E-08
  6521,79541  6,29861188E-06  2,1281803E-08
  6545,25586  6,25334178E-06  2,09713864E-08
  6568,7998  6,20840228E-06  2,06654533E-08
  6592,42871  6,16378475E-06  2,03640145E-08
  6616,14307  6,1194869E-06  2,00670094E-08
  6639,94189  6,07550919E-06  1,97743724E-08
  6663,82715  6,03185026E-06  1,94858725E-08
  6687,79785  5,98850556E-06  1,92016198E-08
  6711,85498  5,94547237E-06  1,89215505E-08
  6735,99854  5,9027484E-06  1,86455651E-08
  6760,229  5,8603332E-06  1,83735871E-08
  6784,54639  5,81822496E-06  1,81055384E-08
  6808,95166  5,77641822E-06  1,78414403E-08
  6833,44434  5,73491161E-06  1,75812307E-08
  6858,02539  5,69370468E-06  1,73248331E-08
  6882,69482  5,65279652E-06  1,707199E-08
  6907,45312  5,61218349E-06  1,68228826E-08
  6932,30029  5,57186149E-06  1,65774114E-08
  6957,23633  5,53183054E-06  1,6335596E-08
  6982,2627  5,49208835E-06  1,60972125E-08
  7007,37891  5,45263265E-06  1,58622679E-08
  7032,58594  5,41346026E-06  1,56307873E-08
  7057,8833  5,37456935E-06  1,54027244E-08
  7083,271  5,33595949E-06  1,51779957E-08
  7108,75098  5,29762838E-06  1,49564272E-08
  7134,32275  5,25957239E-06  1,4738097E-08
  7159,98535  5,22179153E-06  1,45230183E-08
  7185,74121  5,18427942E-06  1,43111158E-08
  7211,58936  5,14704107E-06  1,41022349E-08
  7237,53027  5,11007147E-06  1,38963934E-08
  7263,56494  5,07336608E-06  1,36935867E-08
  7289,69336  5,03692445E-06  1,34937768E-08
  7315,91504  5,00074611E-06  1,32969005E-08
  7342,23193  4,96483017E-06  1,31028761E-08
  7368,64258  4,92917252E-06  1,29116913E-08
  7395,14893  4,89376998E-06  1,2723353E-08
  7421,75049  4,85862256E-06  1,25378001E-08
  7448,44775  4,8237298E-06  1,23547919E-08
  7475,24072  4,7890876E-06  1,21744241E-08
  7502,13086  4,75469324E-06  1,19967218E-08
  7529,1167  4,72054808E-06  1,18216539E-08
  7556,20068  4,68664712E-06  1,16491501E-08
  7583,38086  4,65299308E-06  1,14791305E-08
  7610,65967  4,61957961E-06  1,13116458E-08
  7638,03662  4,58640579E-06  1,11466427E-08
  7665,51221  4,55347026E-06  1,09840741E-08
  7693,08545  4,52077575E-06  1,08237836E-08
  7720,75879  4,48831543E-06  1,06658353E-08
  7748,53174  4,45608885E-06  1,05102256E-08
  7776,40479  4,42409237E-06  1,0356918E-08
  7804,37695  4,39232826E-06  1,02058424E-08
  7832,45068  4,36079199E-06  1,00569144E-08
  7860,62549  4,32948173E-06  9,91020865E-09
  7888,90137  4,29839656E-06  9,76568071E-09
  7917,27881  4,26753513E-06  9,62329327E-09
  7945,75879  4,23689698E-06  9,48297263E-09
  7974,34082  4,20647893E-06  9,34473032E-09
  8003,02588  4,17627916E-06  9,20852727E-09
  8031,81348  4,14629676E-06  9,074272E-09
  8060,70557  4,11653036E-06  8,94192276E-09
  8089,70117  4,08697906E-06  8,81146356E-09
  8118,80127  4,05763922E-06  8,6829397E-09
  8148,00537  4,02851128E-06  8,55632543E-09
  8177,31494  3,99959254E-06  8,43158698E-09
  8206,73047  3,97088252E-06  8,30859737E-09
  8236,25098  3,9423785E-06  8,18742851E-09
  8265,87793  3,91407957E-06  8,06805911E-09
  8295,61133  3,88598392E-06  7,95044386E-09
  8325,45215  3,85809062E-06  7,83453924E-09
  8355,40039  3,83039878E-06  7,72029995E-09
  8385,45605  3,80290589E-06  7,60775798E-09
  8415,62012  3,77560991E-06  7,49688578E-09
  8445,89258  3,74851038E-06  7,38766071E-09
  8476,27344  3,72160616E-06  7,27998861E-09
  8506,76367  3,69489521E-06  7,17391346E-09
  8537,36426  3,66837526E-06  7,06940018E-09
  8568,07422  3,64204698E-06  6,96645497E-09
  8598,89453  3,61590878E-06  6,86499746E-09
  8629,82617  3,58995953E-06  6,76501211E-09
  8660,86914  3,56419628E-06  6,66651134E-09
  8692,02344  3,53861833E-06  6,56947652E-09
  8723,29004  3,51322365E-06  6,47387655E-09
  8754,66895  3,488012E-06  6,37962128E-09
  8786,16113  3,46298089E-06  6,28675378E-09
  8817,7666  3,43812962E-06  6,19528118E-09
  8849,48535  3,41345731E-06  6,10516881E-09
  8881,31836  3,38896302E-06  6,01635008E-09
  8913,26562  3,36464495E-06  5,92882143E-09
  8945,32812  3,34050128E-06  5,84259663E-09
  8977,50586  3,31653109E-06  5,7576548E-09
  9009,7998  3,29273325E-06  5,67396974E-09
  9042,20898  3,26910731E-06  5,59147262E-09
  9074,73535  3,24565121E-06  5,51021584E-09
  9107,37793  3,22236406E-06  5,43016743E-09
  9140,13965  3,19924243E-06  5,35131095E-09
  9173,01758  3,17628883E-06  5,27358424E-09
  9206,01465  3,15349985E-06  5,19698951E-09
  9239,12988  3,13087435E-06  5,12153875E-09
  9272,36426  3,10841165E-06  5,04721021E-09
  9305,71875  3,0861097E-06  4,97396835E-09
  9339,19238  3,06396919E-06  4,90178698E-09
  9372,78711  3,04198716E-06  4,83068163E-09
  9406,50195  3,0201636E-06  4,76063722E-09
  9440,33887  2,9984958E-06  4,69163508E-09
  9474,29688  2,97698489E-06  4,62362282E-09
  9508,37793  2,95562791E-06  4,55661064E-09
  9542,58105  2,93442508E-06  4,49059767E-09
  9576,90723  2,91337392E-06  4,42555992E-09
  9611,35645  2,89247464E-06  4,36148229E-09
  9645,93066  2,87172588E-06  4,29831148E-09
  9680,62793  2,85112674E-06  4,23608215E-09
  9715,45117  2,8306747E-06  4,17478185E-09
  9750,39941  2,81036932E-06  4,11439594E-09
  9785,47266  2,7902106E-06  4,0548902E-09
  9820,67188  2,77019694E-06  3,99626732E-09
  9855,99902  2,75032562E-06  3,93851707E-09
  9891,45215  2,730598E-06  3,88162258E-09
  9927,03418  2,71101135E-06  3,82556475E-09
  9962,74316  2,69156681E-06  3,77030585E-09
  9998,58008  2,6722621E-06  3,7158725E-09
  10034,5469  2,65309495E-06  3,66219766E-09
  10070,6426  2,63406605E-06  3,6093224E-09
  10106,8672  2,61517448E-06  3,55720964E-09
  10143,2236  2,59641797E-06  3,50586871E-09
  10179,71  2,57779607E-06  3,45528761E-09
  10216,3291  2,55930695E-06  3,40546813E-09
  10253,0791  2,54095153E-06  3,35637451E-09
  10289,96  2,52272957E-06  3,30798766E-09
  10326,9756  2,504637E-06  3,2603229E-09
  10364,1221  2,48667516E-06  3,21337001E-09
  10401,4043  2,46884156E-06  3,1671179E-09
  10438,8203  2,45113642E-06  3,12152149E-09
  10476,3701  2,43355885E-06  3,07661052E-09
  10514,0547  2,41610724E-06  3,03237058E-09
  10551,876  2,39878091E-06  2,98879121E-09
  10589,832  2,38157918E-06  2,94584623E-09
  10627,9258  2,36450046E-06  2,90352253E-09
  10666,1562  2,34754475E-06  2,86183077E-09
  10704,5234  2,33071046E-06  2,8207634E-09
  10743,0293  2,3139969E-06  2,78030843E-09
  10781,6729  2,29740476E-06  2,74043255E-09
  10820,457  2,28093086E-06  2,70114442E-09
  10859,3799  2,26457564E-06  2,66245026E-09
  10898,4424  2,2483373E-06  2,62433475E-09
  10937,6465  2,23221582E-06  2,58677324E-09
  10976,9902  2,21621076E-06  2,54975863E-09
  11016,4766  2,20031984E-06  2,51329735E-09
  11056,1045  2,18454329E-06  2,47738141E-09
  11095,876  2,16887929E-06  2,44199549E-09
  11135,7881  2,15332966E-06  2,40711318E-09
  11175,8457  2,13789099E-06  2,37275222E-09
  11216,0469  2,12256305E-06  2,33890463E-09
  11256,3936  2,10734447E-06  2,30556307E-09
  11296,8838  2,09223617E-06  2,27270758E-09
  11337,5195  2,0772361E-06  2,24033414E-09
  11378,3037  2,0623429E-06  2,20844321E-09
  11419,2334  2,04755679E-06  2,17702545E-09
  11460,3086  2,03287732E-06  2,14608131E-09
  11501,5342  2,01830289E-06  2,11557927E-09
  11542,9072  2,00383374E-06  2,08553419E-09
  11584,4287  1,98946805E-06  2,05593897E-09
  11626,0996  1,97520535E-06  2,02678607E-09
  11667,9199  1,96104543E-06  1,99805683E-09
  11709,8916  1,94698714E-06  1,96974947E-09
  11752,0137  1,93302935E-06  1,94186534E-09
  11794,2881  1,91917184E-06  1,91439464E-09
  11836,7139  1,90541368E-06  1,88733495E-09
  11879,292  1,89175478E-06  1,86066129E-09
  11922,0234  1,87819387E-06  1,8343872E-09
  11964,9092  1,86472948E-06  1,80850557E-09
  12007,9482  1,85136207E-06  1,78301107E-09
  12051,1436  1,83809107E-06  1,75788972E-09
  12094,4932  1,82491578E-06  1,73314085E-09
  12137,998  1,81183498E-06  1,70875902E-09
  12181,6611  1,79884751E-06  1,68474479E-09
  12225,4805  1,7859536E-06  1,66108383E-09
  12269,458  1,77315201E-06  1,63775626E-09
  12313,5928  1,7604425E-06  1,61477864E-09
  12357,8857  1,74782394E-06  1,59214453E-09
  12402,3389  1,73529577E-06  1,56984881E-09
  12446,9531  1,72285752E-06  1,54787994E-09
  12491,7256  1,71050931E-06  1,52623469E-09
  12536,6602  1,69824932E-06  1,50491652E-09
  12581,7568  1,68607687E-06  1,48391655E-09
  12627,0166  1,67399185E-06  1,46322554E-09
  12672,4375  1,66199413E-06  1,44283274E-09
  12718,0215  1,65008248E-06  1,42274492E-09
  12763,7705  1,63825609E-06  1,40295719E-09
  12809,6846  1,62651418E-06  1,38346523E-09
  12855,7627  1,61485707E-06  1,3642566E-09
  12902,0059  1,60328375E-06  1,34533629E-09
  12948,416  1,59179308E-06  1,32669897E-09
  12994,9941  1,58038449E-06  1,30833966E-09
  13041,7393  1,56905799E-06  1,2902478E-09
  13088,6533  1,55781277E-06  1,27241329E-09
  13135,7344  1,54664872E-06  1,25484589E-09
  13182,9854  1,53556448E-06  1,23754074E-09
  13230,4072  1,52455948E-06  1,22049182E-09
  13277,999  1,51363395E-06  1,2036947E-09
  13325,7617  1,50278686E-06  1,18714827E-09
  13373,6973  1,4920173E-06  1,17084864E-09
  13421,8037  1,48132517E-06  1,15479271E-09
  13470,085  1,47070932E-06  1,13897114E-09
  13518,5381  1,46017021E-06  1,12337906E-09
  13567,166  1,44970659E-06  1,10801968E-09
  13615,9697  1,43931754E-06  1,09288767E-09
  13664,9473  1,42900342E-06  1,0779837E-09
  13714,1035  1,4187633E-06  1,06329667E-09
  13763,4346  1,40859709E-06  1,04882891E-09
  13812,9434  1,39850363E-06  1,0345772E-09
  13862,6309  1,38848247E-06  1,02053765E-09
  13912,498  1,37853272E-06  1,00670217E-09
  13962,543  1,36865458E-06  9,93067406E-10
  14012,7686  1,35884727E-06  9,79636261E-10
  14063,1748  1,34911011E-06  9,66403402E-10
  14113,7627  1,33944263E-06  9,53369605E-10
  14164,5312  1,32984553E-06  9,40525435E-10
  14215,4834  1,32031698E-06  9,2787239E-10
  14266,6182  1,31085687E-06  9,15407916E-10
  14317,9385  1,30146429E-06  9,03129072E-10
  14369,4414  1,29213925E-06  8,91028584E-10
  14421,1309  1,28288082E-06  8,79104234E-10
  14473,0059  1,27368901E-06  8,67355854E-10
  14525,0674  1,26456291E-06  8,55784055E-10
  14577,3164  1,2555023E-06  8,44384451E-10
  14629,7529  1,24650671E-06  8,33152991E-10
  14682,3789  1,23757559E-06  8,22088897E-10
  14735,1934  1,22870847E-06  8,11189171E-10
  14788,1982  1,21990456E-06  8,00451649E-10
  14841,3936  1,21116454E-06  7,89868893E-10
  14894,7803  1,20248694E-06  7,79439124E-10
  14948,3594  1,19387153E-06  7,69165842E-10
  15002,1318  1,18531784E-06  7,59043495E-10
  15056,0967  1,17682555E-06  7,49035778E-10
  15110,2559  1,16839442E-06  7,3917289E-10
  15164,6094  1,16002377E-06  7,29456162E-10
  15219,1582  1,15171292E-06  7,19883264E-10
  15273,9033  1,14346187E-06  7,10451975E-10
  15328,8477  1,1352696E-06  7,01155967E-10
  15383,9873  1,12713656E-06  6,91997792E-10
  15439,3252  1,11906161E-06  6,82974788E-10
  15494,8633  1,11104453E-06  6,74085177E-10
  15550,6006  1,10308497E-06  6,6532635E-10
  15606,5381  1,09518248E-06  6,56694366E-10
  15662,6777  1,08733673E-06  6,48189835E-10
  15719,0195  1,07954713E-06  6,39810926E-10
  15775,5625  1,07181347E-06  6,31554586E-10
  15832,3096  1,06413529E-06  6,23419927E-10
  15889,2607  1,05651213E-06  6,15404783E-10
  15946,417  1,04894355E-06  6,07507766E-10
  16003,7793  1,04142907E-06  5,99727101E-10
  16061,3467  1,03396872E-06  5,92060456E-10
  16119,1211  1,02656213E-06  5,84505833E-10
  16177,1045  1,0192083E-06  5,77062176E-10
  16235,2969  1,0119071E-06  5,69727154E-10
  16293,6973  1,00465832E-06  5,62500768E-10
  16352,3076  9,97461711E-07  5,55378632E-10
  16411,1309  9,9031638E-07  5,48360635E-10
  16470,1621  9,83222549E-07  5,41445666E-10
  16529,4082  9,76179535E-07  5,34632283E-10
  16588,8672  9,69186885E-07  5,27918265E-10
  16648,541  9,62244485E-07  5,21302113E-10
  16708,4277  9,55351879E-07  5,14782827E-10
  16768,5312  9,48508614E-07  5,08358244E-10
  16828,8496  9,41714518E-07  5,02028585E-10
  16889,3867  9,34968966E-07  4,95790686E-10
  16950,1406  9,28271959E-07  4,89644048E-10
  17011,1113  9,21622927E-07  4,8358717E-10
  17072,3027  9,15021531E-07  4,77618722E-10
  17133,7148  9,08467371E-07  4,71737094E-10
  17195,3477  9,01960334E-07  4,65940841E-10
  17257,2012  8,95499909E-07  4,60228439E-10
  17319,2793  8,89085698E-07  4,54599997E-10
  17381,5781  8,82717529E-07  4,49053433E-10
  17444,1035  8,76395006E-07  4,43588999E-10
  17506,8516  8,70117901E-07  4,38204223E-10
  17569,8262  8,63885703E-07  4,3289769E-10
  17633,0293  8,57697842E-07  4,27668095E-10
  17696,457  8,51554887E-07  4,22513913E-10
  17760,1152  8,45455816E-07  4,17433116E-10
  17824,  8,39400514E-07  4,12426843E-10
  17888,1152  8,33388583E-07  4,07493012E-10
  17952,4629  8,27419626E-07  4,02630457E-10
  18017,041  8,21493416E-07  3,97839817E-10
  18081,8496  8,15610008E-07  3,93118454E-10
  18146,8926  8,09768437E-07  3,88465177E-10
  18212,1699  8,0396876E-07  3,83879151E-10
  18277,6816  7,98210635E-07  3,79359655E-10
  18343,4297  7,92493893E-07  3,7490494E-10
  18409,4141  7,86818021E-07  3,70515035E-10
  18475,6367  7,81182621E-07  3,66188191E-10
  18542,0957  7,75587864E-07  3,61923658E-10
  18608,7949  7,70033182E-07  3,57721103E-10
  18675,7324  7,64518575E-07  3,53578888E-10
  18742,9121  7,59043132E-07  3,49496043E-10
  18810,334  7,53606969E-07  3,45471152E-10
  18877,998  7,48209914E-07  3,41505324E-10
  18945,9043  7,42851512E-07  3,37596923E-10
  19014,0566  7,37531366E-07  3,33744365E-10
  19082,4512  7,32249589E-07  3,29946792E-10
  19151,0957  7,27005329E-07  3,26203536E-10
  19219,9844  7,21798983E-07  3,22515042E-10
  19289,1211  7,16629927E-07  3,18879034E-10
  19358,5078  7,11497819E-07  3,15294346E-10
  19428,1426  7,06402602E-07  3,11761034E-10
  19498,0293  7,01343708E-07  3,08279346E-10
  19568,166  6,96321138E-07  3,04847814E-10
  19638,5566  6,91334492E-07  3,01464825E-10
  19709,1992  6,86383657E-07  2,98129799E-10
  19780,0957  6,81468237E-07  2,94862634E-10
  19851,248  6,76588115E-07  2,91735192E-10
  19922,6562  6,71742896E-07  2,88650076E-10
  19994,3203  6,66932408E-07  2,85606455E-10
  20066,2441  6,6215631E-07  2,82574963E-10
  20138,4258  6,57414716E-07  2,794871E-10
  20210,8672  6,52707115E-07  2,76404233E-10
  20283,5684  6,48033279E-07  2,73364914E-10
  20356,5312  6,43392866E-07  2,7036845E-10
  20429,7559  6,38785707E-07  2,67414341E-10
  20503,2441  6,34211574E-07  2,64502392E-10
  20577,  6,29669898E-07  2,61630995E-10
  20651,0195  6,25160794E-07  2,58800231E-10
  20725,3027  6,20684204E-07  2,56009131E-10
  20799,8535  6,16239788E-07  2,53258275E-10
  20874,6738  6,11827033E-07  2,50546139E-10
  20949,7637  6,07445827E-07  2,4787189E-10
  21025,123  6,03096055E-07  2,45234916E-10
  21100,7539  5,98777433E-07  2,42634995E-10
  21176,6582  5,94489848E-07  2,40071518E-10
  21252,832  5,90233071E-07  2,3754404E-10
  21329,2812  5,86006763E-07  2,35051617E-10
  21406,0059  5,81810696E-07  2,32593708E-10
  21483,0098  5,77644471E-07  2,30170646E-10
  21560,2852  5,73508316E-07  2,27781377E-10
  21637,8398  5,69401834E-07  2,25424998E-10
  21715,6777  5,65324456E-07  2,23101079E-10
  21793,7891  5,61276693E-07  2,20809426E-10
  21872,1875  5,57257579E-07  2,18549262E-10
  21950,8652  5,53267398E-07  2,16320462E-10
  22029,8242  5,49306037E-07  2,14122192E-10
  22109,0703  5,45372643E-07  2,1195401E-10
  22188,5996  5,41467784E-07  2,09816248E-10
  22268,4141  5,37590893E-07  2,07707671E-10
  22348,5176  5,3374157E-07  2,05627862E-10
  22428,9082  5,29920044E-07  2,03576322E-10
  22509,5898  5,26125689E-07  2,01552733E-10
  22590,5586  5,22358619E-07  1,99557273E-10
  22671,8203  5,18618549E-07  1,9758882E-10
  22753,375  5,14905196E-07  1,95646971E-10
  22835,2246  5,11218332E-07  1,9373135E-10
  22917,3633  5,0755807E-07  1,91842264E-10
  22999,8008  5,03923957E-07  1,89978588E-10
  23082,5352  5,00315878E-07  1,88139976E-10
  23165,5664  4,96733549E-07  1,86325844E-10
  23248,8965  4,93177026E-07  1,84536539E-10
  23332,5273  4,89646027E-07  1,82771492E-10
  23416,457  4,86140436E-07  1,81030038E-10
  23500,6914  4,82659686E-07  1,79311774E-10
  23585,2266  4,79204061E-07  1,77616435E-10
  23670,0645  4,75773078E-07  1,75944051E-10
  23755,2109  4,72366565E-07  1,74293802E-10
  23840,6602  4,68984496E-07  1,72665465E-10
  23926,4199  4,65626613E-07  1,71058459E-10
  24012,4863  4,6229286E-07  1,69473158E-10
  24098,8633  4,5898301E-07  1,67908992E-10
  24185,5527  4,55696778E-07  1,66365394E-10
  24272,5508  4,52434222E-07  1,64842057E-10
  24359,8633  4,49195028E-07  1,63338759E-10
  24447,4883  4,45979055E-07  1,61855515E-10
  24535,4297  4,42786131E-07  1,60391533E-10
  24623,6875  4,39616088E-07  1,58946759E-10
  24712,2637  4,36468667E-07  1,57520788E-10
  24801,1562  4,33343871E-07  1,5611365E-10
  24890,3711  4,30241357E-07  1,547249E-10
  24979,9062  4,27161041E-07  1,53354121E-10
  25069,7617  4,24102836E-07  1,52001065E-10
  25159,9414  4,21066545E-07  1,50665438E-10
  25250,4473  4,18051997E-07  1,49347146E-10
  25341,2754  4,15059105E-07  1,48045895E-10
  25432,4316  4,12087587E-07  1,46761353E-10
  25523,918  4,091373E-07  1,45493201E-10
  25615,7305  4,06208272E-07  1,44241508E-10
  25707,875  4,03300106E-07  1,43005857E-10
  25800,3496  4,00412802E-07  1,41785916E-10
  25893,1562  3,97546188E-07  1,40581463E-10
  25986,2988  3,94700066E-07  1,39392137E-10
  26079,7754  3,91874323E-07  1,38218159E-10
  26173,5898  3,89068788E-07  1,3705892E-10
  26267,7383  3,8628346E-07  1,35914321E-10
  26362,2285  3,83517914E-07  1,34784073E-10
  26457,0566  3,80772406E-07  1,33668313E-10
  26552,2266  3,78046536E-07  1,32566583E-10
  26647,7402  3,75340136E-07  1,31478606E-10
  26743,5957  3,72653147E-07  1,3040416E-10
  26839,7949  3,69985429E-07  1,29343036E-10
  26936,3418  3,67336725E-07  1,28295319E-10
  27033,2383  3,64706864E-07  1,27260508E-10
  27130,4805  3,62096017E-07  1,2623852E-10
  27228,0723  3,59503758E-07  1,25229105E-10
  27326,0156  3,56930087E-07  1,24232236E-10
  27424,3125  3,5437489E-07  1,2324762E-10
  27522,9629  3,5183794E-07  1,2227494E-10
  27621,9648  3,49319237E-07  1,21314223E-10
  27721,3262  3,46818553E-07  1,20365246E-10
  27821,0449  3,44335746E-07  1,19427884E-10
  27921,1211  3,41870788E-07  1,18501861E-10
  28021,5566  3,39423451E-07  1,17587037E-10
  28122,3555  3,36993594E-07  1,16683205E-10
  28223,5176  3,34581159E-07  1,15790481E-10
  28325,041  3,32186119E-07  1,14908492E-10
  28426,9316  3,29808131E-07  1,14036967E-10
  28529,1855  3,2744731E-07  1,13175906E-10
  28631,8086  3,25103258E-07  1,12325149E-10
  28734,8027  3,22775918E-07  1,11484502E-10
  28838,168  3,2046529E-07  1,10653826E-10
  28941,9004  3,18171288E-07  1,09832962E-10
  29046,0117  3,15893544E-07  1,09021736E-10
  29150,4922  3,13632341E-07  1,08220218E-10
  29255,3516  3,11387168E-07  1,07428004E-10
  29360,5879  3,09158168E-07  1,06645102E-10
  29466,2031  3,06945054E-07  1,05871339E-10
  29572,1953  3,04747886E-07  1,05106611E-10
  29678,5742  3,02566235E-07  1,04350834E-10
  29785,3301  3,0040033E-07  1,03603785E-10
  29892,4727  2,98249887E-07  1,02865341E-10
  30000,002  2,96114791E-07  1,02135363E-10
