5000.  1.24939206E-05  1.89975196E-06
  5029.95215  1.23666896E-05  1.8590174E-06
  5060.0835  1.22403517E-05  1.81914208E-06
  5090.39502  1.21137637E-05  1.78006678E-06
  5120.88916  1.19884544E-05  1.74182719E-06
  5151.56494  1.18635799E-05  1.70437954E-06
  5182.4248  1.17391783E-05  1.66771156E-06
  5213.46973  1.16160591E-05  1.63182949E-06
  5244.70068  1.14930317E-05  1.59666081E-06
  5276.11865  1.13710357E-05  1.5622403E-06
  5307.72461  1.12501539E-05  1.52855273E-06
  5339.52002  1.11295049E-05  1.49554899E-06
  5371.50586  1.10101328E-05  1.46325999E-06
  5403.68311  1.08915419E-05  1.43164471E-06
  5436.05371  1.07736241E-05  1.40068653E-06
  5468.61768  1.06569696E-05  1.37040035E-06
  5501.37695  1.0540859E-05  1.34072923E-06
  5534.33252  1.04257833E-05  1.31169145E-06
  5567.48486  1.03118955E-05  1.28327781E-06
  5600.83691  1.01984815E-05  1.25544307E-06
  5634.38818  1.0086309E-05  1.22821416E-06
  5668.14014  9.9750805E-06  1.20155812E-06
  5702.09521  9.86463147E-06  1.17545608E-06
  5736.25244  9.75540297E-06  1.14992349E-06
  5770.61523  9.64692026E-06  1.12492216E-06
  5805.18359  9.53944891E-06  1.10045585E-06
  5839.95898  9.43315899E-06  1.07652249E-06
  5874.94238  9.32748935E-06  1.0530681E-06
  5910.13574  9.22299841E-06  1.03012462E-06
  5945.54004  9.11949974E-06  1.00767306E-06
  5981.15625  9.01681142E-06  9.85690463E-07
  6016.98584  8.91527543E-06  9.64187393E-07
  6053.02979  8.814598E-06  9.43138446E-07
  6089.28955  8.7148992E-06  9.22538391E-07
  6125.76709  8.61632452E-06  9.02388251E-07
  6162.46289  8.51846926E-06  8.82654035E-07
  6199.37842  8.42170721E-06  8.63349044E-07
  6236.51514  8.32593742E-06  8.4446026E-07
  6273.87451  8.23097707E-06  8.25970119E-07
  6311.45752  8.13709903E-06  8.0788368E-07
  6349.26562  8.04410683E-06  7.90185311E-07
  6387.30029  7.9520496E-06  7.72867054E-07
  6425.56299  7.86104283E-06  7.55928397E-07
  6464.05469  7.77081914E-06  7.39336656E-07
  6502.77686  7.68160226E-06  7.23104961E-07
  6541.73145  7.59334807E-06  7.07226434E-07
  6580.91895  7.50588924E-06  6.91686012E-07
  6620.34082  7.41943904E-06  6.76486138E-07
  6659.99951  7.33385377E-06  6.61610841E-07
  6699.896  7.24914025E-06  6.47055572E-07
  6740.03076  7.16540671E-06  6.32819706E-07
  6780.40625  7.08246398E-06  6.18883007E-07
  6821.02393  7.00044802E-06  6.05251671E-07
  6861.88477  6.9193502E-06  5.91918365E-07
  6902.98975  6.83902181E-06  5.78872175E-07
  6944.3418  6.75962337E-06  5.66114352E-07
  6985.94092  6.68106895E-06  5.53627729E-07
  7027.78955  6.60333535E-06  5.41406052E-07
  7069.88867  6.52650579E-06  5.29455178E-07
  7112.24023  6.4504502E-06  5.17760782E-07
  7154.8457  6.37524636E-06  5.0632292E-07
  7197.70605  6.30090562E-06  4.95137215E-07
  7240.82275  6.22729794E-06  4.84184568E-07
  7284.19824  6.15454837E-06  4.73474984E-07
  7327.83398  6.0825987E-06  4.62999765E-07
  7371.72998  6.01142028E-06  4.52754023E-07
  7415.89014  5.94107269E-06  4.42734972E-07
  7460.31396  5.8714636E-06  4.3292863E-07
  7505.00439  5.80263713E-06  4.23335109E-07
  7549.9624  5.73461375E-06  4.13954695E-07
  7595.18994  5.66727658E-06  4.04772493E-07
  7640.68799  5.60073158E-06  3.95794132E-07
  7686.45898  5.53493464E-06  3.87013841E-07
  7732.50391  5.46985257E-06  3.78424659E-07
  7778.82471  5.40553583E-06  3.70026129E-07
  7825.42285  5.3419235E-06  3.6180964E-07
  7872.30029  5.27903376E-06  3.53772521E-07
  7919.45898  5.21688389E-06  3.45913975E-07
  7966.89941  5.15538341E-06  3.38220389E-07
  8014.62402  5.09460642E-06  3.30697162E-07
  8062.63525  5.03452338E-06  3.23339776E-07
  8110.93311  4.97509791E-06  3.16143399E-07
  8159.521  4.91637365E-06  3.09106611E-07
  8208.40039  4.85830515E-06  3.02225118E-07
  8257.57227  4.80089784E-06  2.95496505E-07
  8307.03809  4.74416947E-06  2.88917249E-07
  8356.80078  4.68806411E-06  2.82478169E-07
  8406.86035  4.63261904E-06  2.76182618E-07
  8457.22168  4.57781562E-06  2.70024941E-07
  8507.88379  4.52362383E-06  2.63998317E-07
  8558.84863  4.47007415E-06  2.58106724E-07
  8610.12012  4.417127E-06  2.52343312E-07
  8661.69824  4.36478103E-06  2.46706691E-07
  8713.58594  4.3130558E-06  2.41195579E-07
  8765.7832  4.26191082E-06  2.35805331E-07
  8818.29395  4.2113661E-06  2.30535576E-07
  8871.11914  4.16141484E-06  2.25383559E-07
  8924.26074  4.11202473E-06  2.2034807E-07
  8977.7207  4.06322079E-06  2.15425501E-07
  9031.50098  4.014978E-06  2.10607524E-07
  9085.60254  3.96729047E-06  2.05892093E-07
  9140.0293  3.92016864E-06  2.01282617E-07
  9194.78223  3.87358341E-06  1.96773826E-07
  9249.8623  3.82754661E-06  1.92365547E-07
  9305.27246  3.78205391E-06  1.88056532E-07
  9361.01465  3.73707803E-06  1.83844563E-07
  9417.0918  3.69263557E-06  1.79726968E-07
  9473.50293  3.64871198E-06  1.756991E-07
  9530.25293  3.60529521E-06  1.71757364E-07
  9587.34375  3.56239457E-06  1.67904091E-07
  9644.77637  3.51998528E-06  1.64134548E-07
  9702.55176  3.47807531E-06  1.6044838E-07
  9760.67383  3.43666261E-06  1.56845147E-07
  9819.14453  3.39572512E-06  1.53324905E-07
  9877.96484  3.35527602E-06  1.49883476E-07
  9937.1377  3.31530418E-06  1.46517863E-07
  9996.66602  3.27580005E-06  1.43224582E-07
  10056.5488  3.23676795E-06  1.40005355E-07
  10116.792  3.1981881E-06  1.36857494E-07
  10177.3955  3.16006299E-06  1.33779665E-07
  10238.3623  3.12239172E-06  1.30771113E-07
  10299.6943  3.08515337E-06  1.27828073E-07
  10361.3936  3.04835885E-06  1.24951072E-07
  10423.4619  3.01199861E-06  1.22138346E-07
  10485.9033  2.97605948E-06  1.1938792E-07
  10548.7178  2.94055008E-06  1.16699326E-07
  10611.9092  2.90546086E-06  1.14070083E-07
  10675.4795  2.87078797E-06  1.1149961E-07
  10739.4287  2.8365298E-06  1.08986946E-07
  10803.7627  2.80266499E-06  1.06529434E-07
  10868.4814  2.76920423E-06  1.04127466E-07
  10933.5889  2.73614091E-06  1.01779122E-07
  10999.085  2.70346936E-06  9.94826266E-08
  11064.9736  2.67118821E-06  9.72381713E-08
  11131.2578  2.63928655E-06  9.50431627E-08
  11197.9375  2.6077621E-06  9.28971104E-08
  11265.0176  2.57661372E-06  9.07994036E-08
  11332.5  2.54582915E-06  8.87478535E-08
  11400.3877  2.51541064E-06  8.67425172E-08
  11468.6797  2.48535662E-06  8.47825135E-08
  11537.3818  2.45566139E-06  8.2865796E-08
  11606.4951  2.42632132E-06  8.09926206E-08
  11676.0234  2.39732458E-06  7.91610404E-08
  11745.9668  2.36866822E-06  7.73703519E-08
  11816.3301  2.34035429E-06  7.56203278E-08
  11887.1143  2.31237868E-06  7.39086801E-08
  11958.3223  2.284738E-06  7.22355722E-08
  12029.958  2.25742633E-06  7.06003931E-08
  12102.0225  2.23043821E-06  6.90015511E-08
  12174.5186  2.20377251E-06  6.74389611E-08
  12247.4492  2.17742377E-06  6.5911216E-08
  12320.8164  2.15138789E-06  6.44171507E-08
  12394.623  2.12566306E-06  6.29569996E-08
  12468.8711  2.10024359E-06  6.15296045E-08
  12543.5654  2.07512653E-06  6.01343402E-08
  12618.7061  2.05031006E-06  5.87706914E-08
  12694.2969  2.02579054E-06  5.74371626E-08
  12770.3418  2.00156364E-06  5.61338283E-08
  12846.8408  1.97762574E-06  5.48598713E-08
  12923.7988  1.9539716E-06  5.36145528E-08
  13001.2168  1.93060077E-06  5.23974677E-08
  13079.0996  1.90750643E-06  5.12071772E-08
  13157.4492  1.88468744E-06  5.00436812E-08
  13236.2676  1.86214129E-06  4.89065819E-08
  13315.5576  1.83986526E-06  4.77948099E-08
  13395.3242  1.81785526E-06  4.67084291E-08
  13475.5674  1.79610868E-06  4.56464022E-08
  13556.291  1.77462243E-06  4.46079547E-08
  13637.499  1.75339289E-06  4.35932499E-08
  13719.1924  1.73241779E-06  4.26012576E-08
  13801.376  1.71169324E-06  4.16317683E-08
  13884.0518  1.69121677E-06  4.06843235E-08
  13967.2236  1.67098187E-06  3.97576798E-08
  14050.8926  1.65098959E-06  3.88522317E-08
  14135.0625  1.63123627E-06  3.79672223E-08
  14219.7373  1.61171909E-06  3.7101973E-08
  14304.9189  1.59243552E-06  3.62565586E-08
  14390.6113  1.57338263E-06  3.54299345E-08
  14476.8164  1.55455768E-06  3.46218734E-08
  14563.5391  1.53595784E-06  3.38323503E-08
  14650.7803  1.51758081E-06  3.30605268E-08
  14738.5439  1.49942355E-06  3.23063247E-08
  14826.834  1.4814832E-06  3.15692574E-08
  14915.6533  1.46375783E-06  3.0848387E-08
  15005.0029  1.44624471E-06  3.01440259E-08
  15094.8896  1.42894055E-06  2.945551E-08
  15185.3145  1.41184364E-06  2.87824662E-08
  15276.2803  1.39495137E-06  2.81248482E-08
  15367.792  1.378261E-06  2.74818639E-08
  15459.8506  1.36177061E-06  2.68534865E-08
  15552.4609  1.34547781E-06  2.6239487E-08
  15645.627  1.32938192E-06  2.56390926E-08
  15739.3506  1.31347849E-06  2.50524774E-08
  15833.6357  1.29776436E-06  2.44791636E-08
  15928.4854  1.28223689E-06  2.39187301E-08
  16023.9043  1.26689508E-06  2.33711681E-08
  16119.8926  1.25173904E-06  2.28358914E-08
  16216.458  1.23676432E-06  2.23127756E-08
  16313.6006  1.221969E-06  2.18016449E-08
  16411.3262  1.20735046E-06  2.13018101E-08
  16509.6367  1.19290701E-06  2.08134434E-08
  16608.5371  1.17863601E-06  2.03361488E-08
  16708.0273  1.16453623E-06  1.98696419E-08
  16808.1152  1.15060493E-06  1.94138394E-08
  16908.8027  1.13684177E-06  1.8968219E-08
  17010.0938  1.12324369E-06  1.85327771E-08
  17111.9902  1.1098083E-06  1.8107329E-08
  17214.498  1.09653354E-06  1.76912707E-08
  17317.6211  1.08341749E-06  1.72848438E-08
  17421.3594  1.07045867E-06  1.68876717E-08
  17525.7207  1.05765457E-06  1.64994809E-08
  17630.707  1.04500373E-06  1.61202802E-08
  17736.3223  1.03250545E-06  1.57494817E-08
  17842.5703  1.02015713E-06  1.53870818E-08
  17949.4531  1.00795671E-06  1.50330912E-08
  18056.9785  9.95901928E-07  1.46869583E-08
  18165.1465  9.83991526E-07  1.43488501E-08
  18273.9629  9.72223575E-07  1.40184424E-08
  18383.4316  9.60596253E-07  1.36954323E-08
  18493.5566  9.49107857E-07  1.33799274E-08
  18604.3398  9.37758045E-07  1.30714897E-08
  18715.7871  9.26544658E-07  1.27700535E-08
  18827.9023  9.15465193E-07  1.24756285E-08
  18940.6895  9.04518288E-07  1.21877086E-08
  19054.1523  8.93702349E-07  1.19064456E-08
  19168.293  8.83016185E-07  1.16316627E-08
  19283.1191  8.7245877E-07  1.13629932E-08
  19398.6328  8.62027719E-07  1.11005685E-08
  19514.8379  8.51721438E-07  1.08441194E-08
  19631.7402  8.41538224E-07  1.05934896E-08
  19749.3418  8.31476939E-07  1.03486943E-08
  19867.6484  8.21535821E-07  1.01101909E-08
  19986.6641  8.11713562E-07  9.8773052E-09
  20106.3926  8.02009197E-07  9.64957358E-09
  20226.8379  7.92423293E-07  9.42617273E-09
  20348.0059  7.82951872E-07  9.20795973E-09
  20469.8965  7.73593968E-07  8.99475072E-09
  20592.5195  7.64347703E-07  8.78643114E-09
  20715.8789  7.55211772E-07  8.5829539E-09
  20839.9746  7.46185265E-07  8.38411651E-09
  20964.8125  7.3726676E-07  8.18990831E-09
  21090.4023  7.28454552E-07  8.00019784E-09
  21216.7402  7.19747902E-07  7.81480569E-09
  21343.8398  7.11144992E-07  7.63372388E-09
  21471.6953  7.02645821E-07  7.45682183E-09
  21600.3203  6.94248683E-07  7.28398719E-09
  21729.7148  6.85952102E-07  7.11518E-09
  21859.8848  6.77755395E-07  6.95021729E-09
  21990.8359  6.6965697E-07  6.78908663E-09
  22122.5684  6.6165552E-07  6.63170985E-09
  22255.0918  6.5374951E-07  6.47791287E-09
  22388.4082  6.4593803E-07  6.32772768E-09
  22522.5234  6.38220229E-07  6.18100016E-09
  22657.4414  6.30595537E-07  6.03762862E-09
  22793.1719  6.23061624E-07  5.89762328E-09
  22929.7109  6.15617978E-07  5.76083004E-09
  23067.0684  6.08263235E-07  5.62721381E-09
  23205.25  6.00996316E-07  5.49673773E-09
  23344.2598  5.93817276E-07  5.36921707E-09
  23484.1016  5.86723957E-07  5.2446838E-09
  23624.7793  5.79715504E-07  5.12305265E-09
  23766.3008  5.72790668E-07  5.00419661E-09
  23908.6699  5.65948596E-07  4.88813878E-09
  24051.8926  5.59188891E-07  4.77473971E-09
  24195.9746  5.52510187E-07  4.66396743E-09
  24340.918  5.45911348E-07  4.55579618E-09
  24486.7305  5.39392261E-07  4.45012027E-09
  24633.4141  5.32951105E-07  4.34691394E-09
  24780.9785  5.26586859E-07  4.24611857E-09
  24929.4277  5.20298556E-07  4.14762047E-09
  25078.7637  5.140854E-07  4.05143696E-09
  25228.9961  5.07946879E-07  3.95748634E-09
  25380.127  5.01882141E-07  3.86570997E-09
  25532.1641  4.95889822E-07  3.776091E-09
  25685.1133  4.89968954E-07  3.68852526E-09
  25838.9785  4.84118743E-07  3.6030039E-09
  25993.7637  4.78338677E-07  3.51948271E-09
  26149.4746  4.72628329E-07  3.43788109E-09
  26306.1211  4.6698608E-07  3.35819328E-09
  26463.707  4.61411162E-07  3.28035998E-09
  26622.2363  4.55902835E-07  3.20434279E-09
  26781.7148  4.50460277E-07  3.1301095E-09
  26942.1465  4.45083401E-07  3.05758507E-09
  27103.541  4.39770815E-07  2.98676572E-09
  27265.9023  4.34521638E-07  2.91760283E-09
  27429.2344  4.29335188E-07  2.8500291E-09
  27593.5488  4.24210469E-07  2.78405232E-09
  27758.8438  4.19147739E-07  2.71960454E-09
  27925.1309  4.141462E-07  2.65664823E-09
  28092.4121  4.09204461E-07  2.5951814E-09
  28260.6992  4.04321014E-07  2.53513521E-09
  28429.9922  3.9949569E-07  2.47649701E-09
  28600.2988  3.94728062E-07  2.41924436E-09
  28771.625  3.90018698E-07  2.36329778E-09
  28943.9805  3.85365439E-07  2.30867481E-09
  29117.3652  3.80768569E-07  2.25532348E-09
  29291.7891  3.76227888E-07  2.20320806E-09
  29467.2617  3.7174118E-07  2.15232632E-09
  29643.7812  3.67300174E-07  2.10261919E-09
  29821.3574  3.62908651E-07  2.05407513E-09
  30000.  3.58569594E-07  2.00668149E-09