  5000.  1.98307789E-05  1.0956478E-06
  5017.98584  1.96879246E-05  1.08066945E-06
  5036.03613  1.95460725E-05  1.06588834E-06
  5054.15137  1.94051827E-05  1.05129175E-06
  5072.33203  1.9265306E-05  1.0368949E-06
  5090.57812  1.91264371E-05  1.02269541E-06
  5108.89014  1.89885668E-05  1.00869022E-06
  5127.26709  1.88516715E-05  9.94871925E-07
  5145.71094  1.87157548E-05  9.8124201E-07
  5164.2207  1.85808203E-05  9.6779911E-07
  5182.79736  1.84468554E-05  9.54538677E-07
  5201.44043  1.83138254E-05  9.41459746E-07
  5220.15088  1.81817031E-05  9.28557483E-07
  5238.92871  1.80505322E-05  9.15832061E-07
  5257.77393  1.79203089E-05  9.03281148E-07
  5276.68701  1.77910242E-05  8.90902186E-07
  5295.66846  1.76626436E-05  8.78678463E-07
  5314.71729  1.75351943E-05  8.66621974E-07
  5333.83496  1.74086636E-05  8.54729478E-07
  5353.02148  1.72830441E-05  8.43001487E-07
  5372.27734  1.71583179E-05  8.31431464E-07
  5391.60254  1.70344756E-05  8.20017078E-07
  5410.99658  1.69115319E-05  8.08759637E-07
  5430.46094  1.67894723E-05  7.97656583E-07
  5449.99561  1.66682912E-05  7.86705868E-07
  5469.59961  1.65479378E-05  7.75893739E-07
  5489.2749  1.6428452E-05  7.65228663E-07
  5509.02051  1.63098284E-05  7.54711778E-07
  5528.8374  1.61920616E-05  7.44339332E-07
  5548.7251  1.60751315E-05  7.34104901E-07
  5568.68506  1.59590327E-05  7.24007066E-07
  5588.71631  1.58437761E-05  7.14048383E-07
  5608.81982  1.57293489E-05  7.0422675E-07
  5628.99609  1.56157421E-05  6.94539608E-07
  5649.24414  1.55029156E-05  6.84978374E-07
  5669.56543  1.53909023E-05  6.75550041E-07
  5689.95947  1.52796983E-05  6.66251537E-07
  5710.42725  1.51692984E-05  6.57080989E-07
  5730.96875  1.50596952E-05  6.48033051E-07
  5751.5835  1.4950886E-05  6.39107384E-07
  5772.27295  1.48428608E-05  6.30304726E-07
  5793.03662  1.47356168E-05  6.21623258E-07
  5813.875  1.46291404E-05  6.13060877E-07
  5834.78857  1.45233944E-05  6.046115E-07
  5855.77734  1.44184123E-05  5.96279676E-07
  5876.84131  1.43141915E-05  5.88062676E-07
  5897.98145  1.4210721E-05  5.79959021E-07
  5919.19727  1.4108E-05  5.71960982E-07
  5940.48975  1.4006021E-05  5.64070149E-07
  5961.8584  1.39047797E-05  5.56288285E-07
  5983.30371  1.38042715E-05  5.48613855E-07
  6004.82715  1.37044808E-05  5.41043107E-07
  6026.42725  1.36053977E-05  5.33573484E-07
  6048.10547  1.35070295E-05  5.26206975E-07
  6069.86084  1.34093771E-05  5.18942329E-07
  6091.69531  1.33124249E-05  5.11777841E-07
  6113.6084  1.32161749E-05  5.04710442E-07
  6135.59961  1.31206234E-05  4.97740075E-07
  6157.67041  1.30257613E-05  4.90866114E-07
  6179.82031  1.29315831E-05  4.84086058E-07
  6202.05029  1.28380825E-05  4.77399794E-07
  6224.35986  1.27452422E-05  4.70803172E-07
  6246.75049  1.26530713E-05  4.64297727E-07
  6269.2207  1.25615707E-05  4.57882379E-07
  6291.77197  1.24707303E-05  4.51555707E-07
  6314.40479  1.23805567E-05  4.45315948E-07
  6337.11816  1.22910415E-05  4.39162562E-07
  6359.91406  1.22021474E-05  4.33085376E-07
  6382.7915  1.21138755E-05  4.27084672E-07
  6405.75098  1.2026243E-05  4.21167158E-07
  6428.79346  1.19392425E-05  4.15331641E-07
  6451.91895  1.18528815E-05  4.0958318E-07
  6475.12793  1.17671443E-05  4.03915294E-07
  6498.41943  1.1682032E-05  3.98325938E-07
  6521.79541  1.15975317E-05  3.92813888E-07
  6545.25586  1.15136427E-05  3.87375934E-07
  6568.7998  1.1430363E-05  3.82011791E-07
  6592.42871  1.13476835E-05  3.76721886E-07
  6616.14307  1.12656026E-05  3.71505251E-07
  6639.94189  1.11841164E-05  3.66361007E-07
  6663.82715  1.11032177E-05  3.61282048E-07
  6687.79785  1.10229048E-05  3.56273091E-07
  6711.85498  1.0943173E-05  3.51333625E-07
  6735.99854  1.08640179E-05  3.46462087E-07
  6760.229  1.07854348E-05  3.41657596E-07
  6784.54639  1.07074211E-05  3.36918475E-07
  6808.95166  1.06299703E-05  3.32245122E-07
  6833.44434  1.05530808E-05  3.27636627E-07
  6858.02539  1.04767469E-05  3.23092138E-07
  6882.69482  1.04009487E-05  3.18609096E-07
  6907.45312  1.03256989E-05  3.1418827E-07
  6932.30029  1.0250993E-05  3.09828295E-07
  6957.23633  1.01768301E-05  3.05529483E-07
  6982.2627  1.01032101E-05  3.01288253E-07
  7007.37891  1.00301295E-05  2.97104123E-07
  7032.58594  9.95757637E-06  2.92978086E-07
  7057.8833  9.88554984E-06  2.88909405E-07
  7083.271  9.81404446E-06  2.84897283E-07
  7108.75098  9.7430393E-06  2.80938877E-07
  7134.32275  9.67254709E-06  2.77034985E-07
  7159.98535  9.60256875E-06  2.73186004E-07
  7185.74121  9.53309336E-06  2.69390455E-07
  7211.58936  9.46413093E-06  2.65646605E-07
  7237.53027  9.39567417E-06  2.61954028E-07
  7263.56494  9.32771036E-06  2.58312809E-07
  7289.69336  9.26023858E-06  2.54722238E-07
  7315.91504  9.1932543E-06  2.51181262E-07
  7342.23193  9.12674113E-06  2.47686444E-07
  7368.64258  9.06071E-06  2.44239942E-07
  7395.14893  8.99515453E-06  2.40841814E-07
  7421.75049  8.93007382E-06  2.37491008E-07
  7448.44775  8.86547423E-06  2.34186075E-07
  7475.24072  8.80134667E-06  2.3092673E-07
  7502.13086  8.73768113E-06  2.27712746E-07
  7529.1167  8.67447852E-06  2.24543598E-07
  7556.20068  8.61172975E-06  2.2141829E-07
  7583.38086  8.54943937E-06  2.18335018E-07
  7610.65967  8.48759555E-06  2.15295088E-07
  7638.03662  8.42620011E-06  2.12297536E-07
  7665.51221  8.3652485E-06  2.09341735E-07
  7693.08545  8.30474892E-06  2.06425469E-07
  7720.75879  8.24468862E-06  2.03549135E-07
  7748.53174  8.18506396E-06  2.0071289E-07
  7776.40479  8.12586768E-06  1.97916208E-07
  7804.37695  8.06709977E-06  1.95158293E-07
  7832.45068  8.00874659E-06  1.92437554E-07
  7860.62549  7.9508136E-06  1.89755113E-07
  7888.90137  7.8933017E-06  1.87110118E-07
  7917.27881  7.83620453E-06  1.84502014E-07
  7945.75879  7.77953028E-06  1.81928925E-07
  7974.34082  7.72326803E-06  1.79391336E-07
  8003.02588  7.66741323E-06  1.76889159E-07
  8031.81348  7.61196361E-06  1.74421928E-07
  8060.70557  7.55691644E-06  1.71988432E-07
  8089.70117  7.50227537E-06  1.6958839E-07
  8118.80127  7.44802992E-06  1.67221899E-07
  8148.00537  7.39417737E-06  1.64888462E-07
  8177.31494  7.340715E-06  1.62587682E-07
  8206.73047  7.28762734E-06  1.60318052E-07
  8236.25098  7.23492258E-06  1.58080027E-07
  8265.87793  7.18260026E-06  1.55873281E-07
  8295.61133  7.13065492E-06  1.53697087E-07
  8325.45215  7.07909339E-06  1.51551021E-07
  8355.40039  7.02791795E-06  1.49433959E-07
  8385.45605  6.97711312E-06  1.47346555E-07
  8415.62012  6.92667527E-06  1.45288325E-07
  8445.89258  6.87660167E-06  1.43258887E-07
  8476.27344  6.82688142E-06  1.41257104E-07
  8506.76367  6.7775195E-06  1.39283244E-07
  8537.36426  6.72851365E-06  1.37336741E-07
  8568.07422  6.67986296E-06  1.35417764E-07
  8598.89453  6.63156879E-06  1.33525049E-07
  8629.82617  6.58362887E-06  1.31658041E-07
  8660.86914  6.53603593E-06  1.29817153E-07
  8692.02344  6.48878677E-06  1.28002085E-07
  8723.29004  6.44187867E-06  1.26212399E-07
  8754.66895  6.39531982E-06  1.24446828E-07
  8786.16113  6.34909702E-06  1.227057E-07
  8817.7666  6.30320847E-06  1.20989199E-07
  8849.48535  6.25765233E-06  1.19296757E-07
  8881.31836  6.21242452E-06  1.17627813E-07
  8913.26562  6.16752459E-06  1.15982047E-07
  8945.32812  6.12294889E-06  1.14359345E-07
  8977.50586  6.07869515E-06  1.12759395E-07
  9009.7998  6.03476064E-06  1.11181805E-07
  9042.20898  5.99114446E-06  1.09624672E-07
  9074.73535  5.94784296E-06  1.08089552E-07
  9107.37793  5.90485524E-06  1.06576003E-07
  9140.13965  5.86217675E-06  1.05083643E-07
  9173.01758  5.81981294E-06  1.03612031E-07
  9206.01465  5.77775927E-06  1.02160861E-07
  9239.12988  5.73600892E-06  1.00730048E-07
  9272.36426  5.69456097E-06  9.93193296E-08
  9305.71875  5.65341134E-06  9.7928158E-08
  9339.19238  5.61256047E-06  9.65561924E-08
  9372.78711  5.57200337E-06  9.52034682E-08
  9406.50195  5.53174095E-06  9.38697582E-08
  9440.33887  5.49176775E-06  9.25547425E-08
  9474.29688  5.45208968E-06  9.12574976E-08
  9508.37793  5.41270083E-06  8.99780233E-08
  9542.58105  5.37359665E-06  8.87165399E-08
  9576.90723  5.33477532E-06  8.74726211E-08
  9611.35645  5.29623549E-06  8.62462599E-08
  9645.93066  5.25798077E-06  8.5036632E-08
  9680.62793  5.220003E-06  8.38440357E-08
  9715.45117  5.18229899E-06  8.26681799E-08
  9750.39941  5.14486692E-06  8.15088583E-08
  9785.47266  5.10770678E-06  8.03654459E-08
  9820.67188  5.0708145E-06  7.92379353E-08
  9855.99902  5.03418732E-06  7.81262486E-08
  9891.45215  4.99782573E-06  7.70300801E-08
  9927.03418  4.96172743E-06  7.59493446E-08
  9962.74316  4.92589697E-06  7.48834452E-08
  9998.58008  4.89032573E-06  7.38325525E-08
  10034.5469  4.8550105E-06  7.27963325E-08
  10070.6426  4.81995039E-06  7.17747E-08
  10106.8672  4.78514448E-06  7.07668733E-08
  10143.2236  4.75058823E-06  6.977303E-08
  10179.71  4.71628255E-06  6.87930566E-08
  10216.3291  4.68222288E-06  6.78269956E-08
  10253.0791  4.64841241E-06  6.68744562E-08
  10289.96  4.61485206E-06  6.59351471E-08
  10326.9756  4.58153272E-06  6.50090328E-08
  10364.1221  4.54845576E-06  6.40959854E-08
  10401.4043  4.51561573E-06  6.31957775E-08
  10438.8203  4.48301307E-06  6.23075351E-08
  10476.3701  4.45064597E-06  6.14317912E-08
  10514.0547  4.41851307E-06  6.05683894E-08
  10551.876  4.38661118E-06  5.97171521E-08
  10589.832  4.3549453E-06  5.88778484E-08
  10627.9258  4.32351635E-06  5.80502046E-08
  10666.1562  4.29231432E-06  5.72342422E-08
  10704.5234  4.26133784E-06  5.64297906E-08
  10743.0293  4.23058464E-06  5.56366722E-08
  10781.6729  4.2000479E-06  5.48541799E-08
  10820.457  4.16972989E-06  5.40825411E-08
  10859.3799  4.13963107E-06  5.33218909E-08
  10898.4424  4.10975008E-06  5.25719734E-08
  10937.6465  4.08008646E-06  5.18325862E-08
  10976.9902  4.05064202E-06  5.11035552E-08
  11016.4766  4.02140859E-06  5.03847986E-08
  11056.1045  3.99238706E-06  4.96761885E-08
  11095.876  3.96357382E-06  4.89774834E-08
  11135.7881  3.93497612E-06  4.82881966E-08
  11175.8457  3.90658352E-06  4.76085873E-08
  11216.0469  3.87839691E-06  4.69385917E-08
  11256.3936  3.85041267E-06  4.62780392E-08
  11296.8838  3.82263397E-06  4.56266989E-08
  11337.5195  3.79505946E-06  4.4984418E-08
  11378.3037  3.76768207E-06  4.43511929E-08
  11419.2334  3.74050251E-06  4.37268355E-08
  11460.3086  3.71352075E-06  4.3111406E-08
  11501.5342  3.68673159E-06  4.25043147E-08
  11542.9072  3.66013637E-06  4.19058139E-08
  11584.4287  3.63373329E-06  4.13157863E-08
  11626.0996  3.60752028E-06  4.07340899E-08
  11667.9199  3.58149714E-06  4.01603977E-08
  11709.8916  3.55566067E-06  3.95946174E-08
  11752.0137  3.5300111E-06  3.90368449E-08
  11794.2881  3.50454593E-06  3.84868812E-08
  11836.7139  3.47926539E-06  3.7944762E-08
  11879.292  3.4541722E-06  3.74100537E-08
  11922.0234  3.42926069E-06  3.68829056E-08
  11964.9092  3.40452789E-06  3.63632147E-08
  12007.9482  3.37997426E-06  3.5850892E-08
  12051.1436  3.35559957E-06  3.53456748E-08
  12094.4932  3.33140383E-06  3.48475311E-08
  12137.998  3.30738249E-06  3.43563791E-08
  12181.6611  3.28353372E-06  3.38722295E-08
  12225.4805  3.25985798E-06  3.33949153E-08
  12269.458  3.23635732E-06  3.29241487E-08
  12313.5928  3.21302628E-06  3.24600578E-08
  12357.8857  3.18986372E-06  3.20025393E-08
  12402.3389  3.16686783E-06  3.15514974E-08
  12446.9531  3.14403701E-06  3.11065946E-08
  12491.7256  3.12137172E-06  3.06678309E-08
  12536.6602  3.09886968E-06  3.02353342E-08
  12581.7568  3.07652908E-06  2.98089695E-08
  12627.0166  3.05434946E-06  2.93886036E-08
  12672.4375  3.03233082E-06  2.89740729E-08
  12718.0215  3.01047066E-06  2.85654131E-08
  12763.7705  2.98876785E-06  2.81625461E-08
  12809.6846  2.96722101E-06  2.77653882E-08
  12855.7627  2.94583356E-06  2.73736465E-08
  12902.0059  2.92460186E-06  2.69874363E-08
  12948.416  2.9035225E-06  2.66067097E-08
  12994.9941  2.88259503E-06  2.62313797E-08
  13041.7393  2.86181967E-06  2.58613451E-08
  13088.6533  2.84119687E-06  2.54964529E-08
  13135.7344  2.82072369E-06  2.51367567E-08
  13182.9854  2.80039785E-06  2.47821585E-08
  13230.4072  2.78021798E-06  2.44325449E-08
  13277.999  2.76018363E-06  2.40876652E-08
  13325.7617  2.74029389E-06  2.37476119E-08
  13373.6973  2.72054695E-06  2.34123867E-08
  13421.8037  2.70094301E-06  2.30819257E-08
  13470.085  2.68148096E-06  2.27561383E-08
  13518.5381  2.66216261E-06  2.24349321E-08
  13567.166  2.64298342E-06  2.21182894E-08
  13615.9697  2.62394224E-06  2.18061089E-08
  13664.9473  2.60503862E-06  2.14984066E-08
  13714.1035  2.58627369E-06  2.11948574E-08
  13763.4346  2.5676452E-06  2.08955964E-08
  13812.9434  2.54915108E-06  2.06005932E-08
  13862.6309  2.53078974E-06  2.03097823E-08
  13912.498  2.51256029E-06  2.0023025E-08
  13962.543  2.49446293E-06  1.97402272E-08
  14012.7686  2.47649541E-06  1.94614493E-08
  14063.1748  2.45865726E-06  1.91866008E-08
  14113.7627  2.44094781E-06  1.89157028E-08
  14164.5312  2.42336614E-06  1.86485973E-08
  14215.4834  2.40591089E-06  1.83852826E-08
  14266.6182  2.38858161E-06  1.81257231E-08
  14317.9385  2.37137647E-06  1.78698478E-08
  14369.4414  2.35429752E-06  1.76175057E-08
  14421.1309  2.3373434E-06  1.73686026E-08
  14473.0059  2.32051138E-06  1.71232095E-08
  14525.0674  2.30380056E-06  1.68813497E-08
  14577.3164  2.28721024E-06  1.66429359E-08
  14629.7529  2.2707427E-06  1.64078209E-08
  14682.3789  2.25439385E-06  1.61760507E-08
  14735.1934  2.23816301E-06  1.59475864E-08
  14788.1982  2.22204858E-06  1.57223763E-08
  14841.3936  2.20605034E-06  1.55002944E-08
  14894.7803  2.19016715E-06  1.52812714E-08
  14948.3594  2.17439833E-06  1.50653978E-08
  15002.1318  2.15874275E-06  1.48525983E-08
  15056.0967  2.14320062E-06  1.46427315E-08
  15110.2559  2.12777331E-06  1.44357353E-08
  15164.6094  2.11245742E-06  1.42316914E-08
  15219.1582  2.09725158E-06  1.40305616E-08
  15273.9033  2.08215533E-06  1.38322989E-08
  15328.8477  2.06716709E-06  1.36367735E-08
  15383.9873  2.05228753E-06  1.3444021E-08
  15439.3252  2.03751461E-06  1.32540183E-08
  15494.8633  2.02284809E-06  1.30667264E-08
  15550.6006  2.00828777E-06  1.28820901E-08
  15606.5381  1.99383476E-06  1.26999398E-08
  15662.6777  1.97948589E-06  1.25203918E-08
  15719.0195  1.96524002E-06  1.23434063E-08
  15775.5625  1.95109669E-06  1.21689254E-08
  15832.3096  1.93705569E-06  1.19968924E-08
  15889.2607  1.92311518E-06  1.18272752E-08
  15946.417  1.9092754E-06  1.16600827E-08
  16003.7793  1.89553452E-06  1.14952758E-08
  16061.3467  1.8818937E-06  1.13328102E-08
  16119.1211  1.86835337E-06  1.1172566E-08
  16177.1045  1.85491047E-06  1.10146106E-08
  16235.2969  1.84156409E-06  1.08588942E-08
  16293.6973  1.82831377E-06  1.07054241E-08
  16352.3076  1.81515907E-06  1.05540705E-08
  16411.1309  1.8020985E-06  1.04048397E-08
  16470.1621  1.78913263E-06  1.02577502E-08
  16529.4082  1.77625964E-06  1.01127622E-08
  16588.8672  1.76347987E-06  9.96982674E-09
  16648.541  1.75079413E-06  9.82886394E-09
  16708.4277  1.73819978E-06  9.68991909E-09
  16768.5312  1.72569582E-06  9.55294421E-09
  16828.8496  1.71328213E-06  9.41795086E-09
  16889.3867  1.70095745E-06  9.28482358E-09
  16950.1406  1.68872157E-06  9.15358633E-09
  17011.1113  1.67657379E-06  9.02422936E-09
  17072.3027  1.66451343E-06  8.89672247E-09
  17133.7148  1.65254028E-06  8.77100792E-09
  17195.3477  1.64065534E-06  8.64700755E-09
  17257.2012  1.62885601E-06  8.52477111E-09
  17319.2793  1.61714127E-06  8.40429948E-09
  17381.5781  1.60551099E-06  8.28555802E-09
  17444.1035  1.59396393E-06  8.16844103E-09
  17506.8516  1.58250043E-06  8.05299116E-09
  17569.8262  1.57111924E-06  7.93919508E-09
  17633.0293  1.55981934E-06  7.82703236E-09
  17696.457  1.5486022E-06  7.7164497E-09
  17760.1152  1.53746703E-06  7.60738494E-09
  17824.  1.52641223E-06  7.49990203E-09
  17888.1152  1.51543668E-06  7.393961E-09
  17952.4629  1.50453991E-06  7.28954053E-09
  18017.041  1.4937217E-06  7.1865407E-09
  18081.8496  1.48298147E-06  7.08500991E-09
  18146.8926  1.47231822E-06  6.98493885E-09
  18212.1699  1.46173159E-06  6.88630353E-09
  18277.6816  1.45122124E-06  6.78905154E-09
  18343.4297  1.44078638E-06  6.69313494E-09
  18409.4141  1.43042644E-06  6.59861144E-09
  18475.6367  1.42014085E-06  6.50544552E-09
  18542.0957  1.40992961E-06  6.41361986E-09
  18608.7949  1.39979375E-06  6.32302344E-09
  18675.7324  1.38973098E-06  6.23372731E-09
  18742.9121  1.37974041E-06  6.14571283E-09
  18810.334  1.36982158E-06  6.05895467E-09
  18877.998  1.35997504E-06  5.9734222E-09
  18945.9043  1.35020071E-06  5.88908922E-09
  19014.0566  1.3404964E-06  5.80596637E-09
  19082.4512  1.33086212E-06  5.72404257E-09
  19151.0957  1.32129662E-06  5.64329472E-09
  19219.9844  1.31180025E-06  5.56364554E-09
  19289.1211  1.30237208E-06  5.48514256E-09
  19358.5078  1.29301145E-06  5.40776002E-09
  19428.1426  1.28371835E-06  5.33150279E-09
  19498.0293  1.27449186E-06  5.25629895E-09
  19568.166  1.26533178E-06  5.18213961E-09
  19638.5566  1.2562374E-06  5.1090483E-09
  19709.1992  1.24720862E-06  5.03701347E-09
  19780.0957  1.23824475E-06  4.96600849E-09
  19851.248  1.22934705E-06  4.89594676E-09
  19922.6562  1.22051324E-06  4.82689488E-09
  19994.3203  1.2117431E-06  4.75883155E-09
  20066.2441  1.20303582E-06  4.69169192E-09
  20138.4258  1.19439107E-06  4.62550709E-09
  20210.8672  1.18580851E-06  4.56026994E-09
  20283.5684  1.1772878E-06  4.4959747E-09
  20356.5312  1.16882813E-06  4.43260539E-09
  20429.7559  1.16042941E-06  4.37014691E-09
  20503.2441  1.15209104E-06  4.30857217E-09
  20577.  1.14381226E-06  4.24787494E-09
  20651.0195  1.13559304E-06  4.18806234E-09
  20725.3027  1.12743317E-06  4.1291135E-09
  20799.8535  1.11933309E-06  4.07099332E-09
  20874.6738  1.11129168E-06  4.01370182E-09
  20949.7637  1.10330791E-06  3.95723632E-09
  21025.123  1.09538166E-06  3.90158617E-09
  21100.7539  1.08751226E-06  3.84673182E-09
  21176.6582  1.07969925E-06  3.79264131E-09
  21252.832  1.07194273E-06  3.73933906E-09
  21329.2812  1.06424181E-06  3.68680531E-09
  21406.0059  1.05659615E-06  3.63502806E-09
  21483.0098  1.04900641E-06  3.58398577E-09
  21560.2852  1.04147205E-06  3.53367691E-09
  21637.8398  1.03399168E-06  3.48409368E-09
  21715.6777  1.02656475E-06  3.43522344E-09
  21793.7891  1.0191917E-06  3.38705464E-09
  21872.1875  1.01187095E-06  3.33955619E-09
  21950.8652  1.00460329E-06  3.29274985E-09
  22029.8242  9.97387815E-07  3.2466192E-09
  22109.0703  9.90223839E-07  3.2011529E-09
  22188.5996  9.83111477E-07  3.15632276E-09
  22268.4141  9.76050387E-07  3.11213411E-09
  22348.5176  9.69039775E-07  3.06858317E-09
  22428.9082  9.62079639E-07  3.02565994E-09
  22509.5898  9.55169867E-07  2.98334624E-09
  22590.5586  9.48310912E-07  2.94163893E-09
  22671.8203  9.41501185E-07  2.90053426E-09
  22753.375  9.34740228E-07  2.86002111E-09
  22835.2246  9.28027703E-07  2.82009238E-09
  22917.3633  9.21363778E-07  2.7807221E-09
  22999.8008  9.14747432E-07  2.74191536E-09
  23082.5352  9.08178606E-07  2.70366907E-09
  23165.5664  9.01657017E-07  2.66596945E-09
  23248.8965  8.95182268E-07  2.62881295E-09
  23332.5273  8.88753902E-07  2.59218402E-09
  23416.457  8.82371864E-07  2.55608379E-09
  23500.6914  8.76035358E-07  2.52050358E-09
  23585.2266  8.69744724E-07  2.48543763E-09
  23670.0645  8.63500418E-07  2.45086262E-09
  23755.2109  8.57300904E-07  2.41678566E-09
  23840.6602  8.51146069E-07  2.38320008E-09
  23926.4199  8.45035345E-07  2.35009412E-09
  24012.4863  8.38968504E-07  2.317464E-09
  24098.8633  8.32945148E-07  2.28529617E-09
  24185.5527  8.26964992E-07  2.25359242E-09
  24272.5508  8.21027925E-07  2.22234608E-09
  24359.8633  8.1513349E-07  2.19155005E-09
  24447.4883  8.0928254E-07  2.16118168E-09
  24535.4297  8.03473654E-07  2.13124762E-09
  24623.6875  7.97706434E-07  2.10174855E-09
  24712.2637  7.91980597E-07  2.07267536E-09
  24801.1562  7.86295971E-07  2.04401496E-09
  24890.3711  7.80652044E-07  2.01576245E-09
  24979.9062  7.75048591E-07  1.98791694E-09
  25069.7617  7.69485496E-07  1.96047267E-09
  25159.9414  7.63962248E-07  1.93342453E-09
  25250.4473  7.58478564E-07  1.90675054E-09
  25341.2754  7.53034385E-07  1.88046578E-09
  25432.4316  7.47629258E-07  1.85455895E-09
  25523.918  7.42262785E-07  1.82902593E-09
  25615.7305  7.36935078E-07  1.80385273E-09
  25707.875  7.316454E-07  1.77903592E-09
  25800.3496  7.26393807E-07  1.75457737E-09
  25893.1562  7.21179958E-07  1.73047143E-09
  25986.2988  7.16003512E-07  1.70670911E-09
  26079.7754  7.10865265E-07  1.68328451E-09
  26173.5898  7.05763853E-07  1.66019809E-09
  26267.7383  7.00699218E-07  1.63744474E-09
  26362.2285  6.95670735E-07  1.6150189E-09
  26457.0566  6.90678519E-07  1.59290847E-09
  26552.2266  6.85722057E-07  1.57111257E-09
  26647.7402  6.80801065E-07  1.5496302E-09
  26743.5957  6.75915487E-07  1.52845758E-09
  26839.7949  6.71065038E-07  1.50758639E-09
  26936.3418  6.66249321E-07  1.48701196E-09
  27033.2383  6.61467993E-07  1.46673396E-09
  27130.4805  6.56721227E-07  1.44674828E-09
  27228.0723  6.52008453E-07  1.42705081E-09
  27326.0156  6.47330126E-07  1.40762801E-09
  27424.3125  6.42685734E-07  1.38848133E-09
  27522.9629  6.38074653E-07  1.36960787E-09
  27621.9648  6.33496825E-07  1.35100919E-09
  27721.3262  6.28951625E-07  1.33267597E-09
  27821.0449  6.24438997E-07  1.31460054E-09
  27921.1211  6.19958882E-07  1.29678523E-09
  28021.5566  6.15510942E-07  1.2792265E-09
  28122.3555  6.11094777E-07  1.26192057E-09
  28223.5176  6.06710273E-07  1.24485888E-09
  28325.041  6.02357431E-07  1.22804145E-09
  28426.9316  5.98035626E-07  1.21146371E-09
  28529.1855  5.93745028E-07  1.19512711E-09
  28631.8086  5.8948541E-07  1.17902221E-09
  28734.8027  5.85256885E-07  1.16314158E-09
  28838.168  5.81058714E-07  1.14748977E-09
  28941.9004  5.76890898E-07  1.13206333E-09
  29046.0117  5.7275264E-07  1.11685827E-09
  29150.4922  5.68643657E-07  1.10186571E-09
  29255.3516  5.6456372E-07  1.08708509E-09
  29360.5879  5.60513172E-07  1.07251918E-09
  29466.2031  5.56491671E-07  1.05816256E-09
  29572.1953  5.52499614E-07  1.04401088E-09
  29678.5742  5.48537059E-07  1.03005882E-09
  29785.3301  5.44603097E-07  1.01630793E-09
  29892.4727  5.40697215E-07  1.00275444E-09
  30000.002  5.36819357E-07  9.89395676E-10