  5000.  1.77898382E-05  2.32498735E-07
  5017.98584  1.76612721E-05  2.29181197E-07
  5036.03613  1.75336372E-05  2.25911549E-07
  5054.15137  1.74069264E-05  2.22688641E-07
  5072.33203  1.72811451E-05  2.19508578E-07
  5090.57812  1.71562733E-05  2.16373977E-07
  5108.89014  1.70323001E-05  2.1328421E-07
  5127.26709  1.69092291E-05  2.10238696E-07
  5145.71094  1.67870567E-05  2.07235814E-07
  5164.2207  1.66657792E-05  2.04275196E-07
  5182.79736  1.65453766E-05  2.01356485E-07
  5201.44043  1.64258454E-05  1.98479981E-07
  5220.15088  1.63071782E-05  1.95644461E-07
  5238.92871  1.61893859E-05  1.92846471E-07
  5257.77393  1.6072443E-05  1.90088571E-07
  5276.68701  1.5956346E-05  1.8737019E-07
  5295.66846  1.5841084E-05  1.84690762E-07
  5314.71729  1.57266695E-05  1.82048765E-07
  5333.83496  1.56130827E-05  1.79443674E-07
  5353.02148  1.55003181E-05  1.76876227E-07
  5372.27734  1.53883648E-05  1.74345558E-07
  5391.60254  1.52772227E-05  1.71850942E-07
  5410.99658  1.51669046E-05  1.69390603E-07
  5430.46094  1.50573806E-05  1.66965521E-07
  5449.99561  1.4948645E-05  1.64575184E-07
  5469.59961  1.48407007E-05  1.62219209E-07
  5489.2749  1.47335431E-05  1.59895436E-07
  5509.02051  1.46271668E-05  1.57604745E-07
  5528.8374  1.45215581E-05  1.55346896E-07
  5548.7251  1.44167134E-05  1.53121491E-07
  5568.68506  1.43126244E-05  1.5092769E-07
  5588.71631  1.42093013E-05  1.48764201E-07
  5608.81982  1.41067212E-05  1.46631763E-07
  5628.99609  1.40048805E-05  1.4452992E-07
  5649.24414  1.39037802E-05  1.42458049E-07
  5669.56543  1.38034184E-05  1.40414542E-07
  5689.95947  1.37037869E-05  1.38399798E-07
  5710.42725  1.36048748E-05  1.3641403E-07
  5730.96875  1.35066766E-05  1.34456812E-07
  5751.5835  1.34091915E-05  1.32527632E-07
  5772.27295  1.33124177E-05  1.30625764E-07
  5793.03662  1.32163423E-05  1.28751225E-07
  5813.875  1.31209599E-05  1.26903672E-07
  5834.78857  1.30262661E-05  1.25082451E-07
  5855.77734  1.29322689E-05  1.23286043E-07
  5876.84131  1.28389556E-05  1.215151E-07
  5897.98145  1.27463127E-05  1.19769624E-07
  5919.19727  1.26543409E-05  1.18049307E-07
  5940.48975  1.2563034E-05  1.16353448E-07
  5961.8584  1.24723965E-05  1.14681391E-07
  5983.30371  1.23824111E-05  1.13033423E-07
  6004.82715  1.22930714E-05  1.11408887E-07
  6026.42725  1.22043803E-05  1.0980785E-07
  6048.10547  1.21163384E-05  1.08228662E-07
  6069.86084  1.20289396E-05  1.06672019E-07
  6091.69531  1.19421647E-05  1.05137815E-07
  6113.6084  1.18560174E-05  1.03625723E-07
  6135.59961  1.17704994E-05  1.02134969E-07
  6157.67041  1.16856063E-05  1.00664892E-07
  6179.82031  1.16013252E-05  9.92158249E-08
  6202.05029  1.15176526E-05  9.77878756E-08
  6224.35986  1.14345821E-05  9.6380532E-08
  6246.75049  1.13521182E-05  9.49927497E-08
  6269.2207  1.12702519E-05  9.36249549E-08
  6291.77197  1.1188974E-05  9.22769061E-08
  6314.40479  1.11082827E-05  9.09483191E-08
  6337.11816  1.10281817E-05  8.96384691E-08
  6359.91406  1.09486627E-05  8.83467592E-08
  6382.7915  1.08697195E-05  8.70739001E-08
  6405.75098  1.07913456E-05  8.58194511E-08
  6428.79346  1.07135356E-05  8.4583121E-08
  6451.91895  1.06362959E-05  8.33641138E-08
  6475.12793  1.055961E-05  8.21626998E-08
  6498.41943  1.04834808E-05  8.09786798E-08
  6521.79541  1.0407899E-05  7.98117696E-08
  6545.25586  1.03328675E-05  7.86610101E-08
  6568.7998  1.02583863E-05  7.75265008E-08
  6592.42871  1.01844389E-05  7.6408412E-08
  6616.14307  1.01110245E-05  7.53065024E-08
  6639.94189  1.00381421E-05  7.42205231E-08
  6663.82715  9.96579365E-06  7.31494083E-08
  6687.79785  9.89396722E-06  7.20938189E-08
  6711.85498  9.82265828E-06  7.10535204E-08
  6735.99854  9.75186322E-06  7.00281504E-08
  6760.229  9.68158383E-06  6.90173607E-08
  6784.54639  9.61181559E-06  6.80209098E-08
  6808.95166  9.54255029E-06  6.703889E-08
  6833.44434  9.47378339E-06  6.60711237E-08
  6858.02539  9.40551308E-06  6.51172627E-08
  6882.69482  9.33774209E-06  6.41763052E-08
  6907.45312  9.27045949E-06  6.32490114E-08
  6932.30029  9.20366256E-06  6.23350402E-08
  6957.23633  9.13734766E-06  6.14344629E-08
  6982.2627  9.07151389E-06  6.05468244E-08
  7007.37891  9.00615851E-06  5.96720113E-08
  7032.58594  8.94127243E-06  5.88098885E-08
  7057.8833  8.87685474E-06  5.79602819E-08
  7083.271  8.81290453E-06  5.71228611E-08
  7108.75098  8.74941998E-06  5.6296745E-08
  7134.32275  8.68639199E-06  5.54825306E-08
  7159.98535  8.62382149E-06  5.46802532E-08
  7185.74121  8.56169936E-06  5.38896359E-08
  7211.58936  8.50003107E-06  5.31102877E-08
  7237.53027  8.43880935E-06  5.23422017E-08
  7263.56494  8.37802781E-06  5.15852498E-08
  7289.69336  8.31768375E-06  5.08393114E-08
  7315.91504  8.25777806E-06  5.01040383E-08
  7342.23193  8.19830893E-06  4.93788406E-08
  7368.64258  8.13926908E-06  4.86640985E-08
  7395.14893  8.08065397E-06  4.79598548E-08
  7421.75049  8.02245995E-06  4.72658463E-08
  7448.44775  7.96469249E-06  4.65816505E-08
  7475.24072  7.90734066E-06  4.59073135E-08
  7502.13086  7.85040174E-06  4.5242782E-08
  7529.1167  7.79387483E-06  4.45879351E-08
  7556.20068  7.73775446E-06  4.39424639E-08
  7583.38086  7.68204518E-06  4.33059775E-08
  7610.65967  7.62673562E-06  4.26788382E-08
  7638.03662  7.57182488E-06  4.20608259E-08
  7665.51221  7.5173084E-06  4.14518198E-08
  7693.08545  7.46319392E-06  4.0851333E-08
  7720.75879  7.40946825E-06  4.02595042E-08
  7748.53174  7.35612957E-06  3.96763156E-08
  7776.40479  7.3031747E-06  3.91016073E-08
  7804.37695  7.25060454E-06  3.85351129E-08
  7832.45068  7.19841591E-06  3.79764593E-08
  7860.62549  7.14660246E-06  3.74260161E-08
  7888.90137  7.09516189E-06  3.68836162E-08
  7917.27881  7.04409194E-06  3.63491353E-08
  7945.75879  6.99339353E-06  3.58220298E-08
  7974.34082  6.94306027E-06  3.53025698E-08
  8003.02588  6.89308945E-06  3.47906699E-08
  8031.81348  6.8434797E-06  3.42861028E-08
  8060.70557  6.79422737E-06  3.37887123E-08
  8089.70117  6.74533567E-06  3.32984982E-08
  8118.80127  6.69679457E-06  3.28154428E-08
  8148.00537  6.64860409E-06  3.23394467E-08
  8177.31494  6.60076148E-06  3.18704068E-08
  8206.73047  6.55326539E-06  3.1408053E-08
  8236.25098  6.5061131E-06  3.09524495E-08
  8265.87793  6.45930004E-06  3.05035037E-08
  8295.61133  6.4128235E-06  3.00610594E-08
  8325.45215  6.36668392E-06  2.96248359E-08
  8355.40039  6.32087904E-06  2.9194668E-08
  8385.45605  6.27540385E-06  2.87707973E-08
  8415.62012  6.23025517E-06  2.83531154E-08
  8445.89258  6.18543163E-06  2.79415531E-08
  8476.27344  6.14093506E-06  2.75357763E-08
  8506.76367  6.09675908E-06  2.71359379E-08
  8537.36426  6.05289915E-06  2.67418976E-08
  8568.07422  6.00935573E-06  2.63536801E-08
  8598.89453  5.96612881E-06  2.59710315E-08
  8629.82617  5.92321612E-06  2.55938843E-08
  8660.86914  5.8806113E-06  2.52222545E-08
  8692.02344  5.83831252E-06  2.48560745E-08
  8723.29004  5.79631887E-06  2.4495229E-08
  8754.66895  5.75463127E-06  2.41393376E-08
  8786.16113  5.7132429E-06  2.37886226E-08
  8817.7666  5.67215238E-06  2.34430875E-08
  8849.48535  5.63135745E-06  2.3102622E-08
  8881.31836  5.59085947E-06  2.27671606E-08
  8913.26562  5.55065435E-06  2.24366161E-08
  8945.32812  5.51073845E-06  2.2110914E-08
  8977.50586  5.47110994E-06  2.17899903E-08
  9009.7998  5.43176657E-06  2.14736797E-08
  9042.20898  5.39270968E-06  2.11614051E-08
  9074.73535  5.35393383E-06  2.08537614E-08
  9107.37793  5.3154381E-06  2.0550635E-08
  9140.13965  5.27721704E-06  2.02519583E-08
  9173.01758  5.23927429E-06  1.995768E-08
  9206.01465  5.20160393E-06  1.96677234E-08
  9239.12988  5.16420505E-06  1.93820231E-08
  9272.36426  5.12707538E-06  1.91005167E-08
  9305.71875  5.0902122E-06  1.88230622E-08
  9339.19238  5.05361959E-06  1.85495352E-08
  9372.78711  5.01728982E-06  1.82800335E-08
  9406.50195  4.98122154E-06  1.80144859E-08
  9440.33887  4.94541109E-06  1.7752841E-08
  9474.29688  4.90986167E-06  1.74948838E-08
  9508.37793  4.87456782E-06  1.72406551E-08
  9542.58105  4.83952817E-06  1.69901728E-08
  9576.90723  4.80474E-06  1.67433374E-08
  9611.35645  4.77020376E-06  1.65001186E-08
  9645.93066  4.73591717E-06  1.62603424E-08
  9680.62793  4.70187797E-06  1.60240994E-08
  9715.45117  4.66808251E-06  1.57913327E-08
  9750.39941  4.63453034E-06  1.5561989E-08
  9785.47266  4.60122192E-06  1.53359228E-08
  9820.67188  4.56815314E-06  1.51131534E-08
  9855.99902  4.5353213E-06  1.4893665E-08
  9891.45215  4.50272682E-06  1.46773793E-08
  9927.03418  4.47036564E-06  1.44642316E-08
  9962.74316  4.43824183E-06  1.4254085E-08
  9998.58008  4.40634858E-06  1.40470364E-08
  10034.5469  4.37468407E-06  1.38429099E-08
  10070.6426  4.34324693E-06  1.36417846E-08
  10106.8672  4.31203898E-06  1.34435263E-08
  10143.2236  4.28105432E-06  1.32481679E-08
  10179.71  4.25029339E-06  1.30556632E-08
  10216.3291  4.21975164E-06  1.28660185E-08
  10253.0791  4.18943182E-06  1.26791111E-08
  10289.96  4.159333E-06  1.24948665E-08
  10326.9756  4.12944928E-06  1.23133352E-08
  10364.1221  4.09978156E-06  1.21344828E-08
  10401.4043  4.07032576E-06  1.19582646E-08
  10438.8203  4.04108323E-06  1.17845058E-08
  10476.3701  4.0120517E-06  1.16133254E-08
  10514.0547  3.98322891E-06  1.14446737E-08
  10551.876  3.95461257E-06  1.12785052E-08
  10589.832  3.92620314E-06  1.11147322E-08
  10627.9258  3.89799834E-06  1.09533058E-08
  10666.1562  3.86999682E-06  1.07942615E-08
  10704.5234  3.84219675E-06  1.06375673E-08
  10743.0293  3.81459586E-06  1.0483185E-08
  10781.6729  3.78719733E-06  1.0330977E-08
  10820.457  3.75999434E-06  1.01809894E-08
  10859.3799  3.73298758E-06  1.00332427E-08
  10898.4424  3.70617477E-06  9.88767646E-09
  10937.6465  3.67955477E-06  9.74420811E-09
  10976.9902  3.65312781E-06  9.60281099E-09
  11016.4766  3.62688934E-06  9.46350465E-09
  11056.1045  3.60084005E-06  9.32625355E-09
  11095.876  3.57497697E-06  9.19100707E-09
  11135.7881  3.54930398E-06  9.05766129E-09
  11175.8457  3.52381403E-06  8.92628282E-09
  11216.0469  3.49850757E-06  8.79684858E-09
  11256.3936  3.47338209E-06  8.6693257E-09
  11296.8838  3.44843897E-06  8.54364135E-09
  11337.5195  3.42367662E-06  8.41977688E-09
  11378.3037  3.39909025E-06  8.29774294E-09
  11419.2334  3.37468077E-06  8.1774969E-09
  11460.3086  3.3504482E-06  8.0590441E-09
  11501.5342  3.32638979E-06  7.94228061E-09
  11542.9072  3.30250532E-06  7.82724641E-09
  11584.4287  3.27879229E-06  7.71391573E-09
  11626.0996  3.25524888E-06  7.60226015E-09
  11667.9199  3.23187646E-06  7.49220597E-09
  11709.8916  3.20867184E-06  7.38375006E-09
  11752.0137  3.18563343E-06  7.2768982E-09
  11794.2881  3.16276078E-06  7.17161397E-09
  11836.7139  3.14005251E-06  7.06789027E-09
  11879.292  3.1175091E-06  6.96563118E-09
  11922.0234  3.09512757E-06  6.86488821E-09
  11964.9092  3.07290611E-06  6.76563516E-09
  12007.9482  3.05084473E-06  6.66785427E-09
  12051.1436  3.02894296E-06  6.57148735E-09
  12094.4932  3.00719944E-06  6.47653753E-09
  12137.998  2.9856119E-06  6.38298081E-09
  12181.6611  2.96417875E-06  6.29082164E-09
  12225.4805  2.94290066E-06  6.20000717E-09
  12269.458  2.92177606E-06  6.11046902E-09
  12313.5928  2.90080311E-06  6.02225869E-09
  12357.8857  2.87998137E-06  5.93535665E-09
  12402.3389  2.85930855E-06  5.84974291E-09
  12446.9531  2.83878444E-06  5.76536596E-09
  12491.7256  2.81840857E-06  5.68222136E-09
  12536.6602  2.79817868E-06  5.60032021E-09
  12581.7568  2.7780934E-06  5.51963319E-09
  12627.0166  2.75815296E-06  5.44012302E-09
  12672.4375  2.73835826E-06  5.36174927E-09
  12718.0215  2.71870499E-06  5.2845377E-09
  12763.7705  2.69919292E-06  5.20847321E-09
  12809.6846  2.67982023E-06  5.13353404E-09
  12855.7627  2.66058782E-06  5.05967579E-09
  12902.0059  2.64149367E-06  4.98691755E-09
  12948.416  2.62253639E-06  4.91523977E-09
  12994.9941  2.60371462E-06  4.8446247E-09
  13041.7393  2.58502905E-06  4.77503015E-09
  13088.6533  2.56647786E-06  4.7064197E-09
  13135.7344  2.54806082E-06  4.63882976E-09
  13182.9854  2.52977543E-06  4.57224258E-09
  13230.4072  2.51162123E-06  4.50663507E-09
  13277.999  2.49359869E-06  4.44198545E-09
  13325.7617  2.47570597E-06  4.37829462E-09
  13373.6973  2.45794126E-06  4.31554925E-09
  13421.8037  2.4403048E-06  4.25373514E-09
  13470.085  2.4227943E-06  4.19281498E-09
  13518.5381  2.40541067E-06  4.13276879E-09
  13567.166  2.38815142E-06  4.07361611E-09
  13615.9697  2.37101585E-06  4.01533073E-09
  13664.9473  2.35400398E-06  3.95792288E-09
  13714.1035  2.33711398E-06  3.90134769E-09
  13763.4346  2.32034586E-06  3.84561272E-09
  13812.9434  2.30369824E-06  3.7907073E-09
  13862.6309  2.28716954E-06  3.73661635E-09
  13912.498  2.27075998E-06  3.68330566E-09
  13962.543  2.25446934E-06  3.63076325E-09
  14012.7686  2.23829556E-06  3.5790011E-09
  14063.1748  2.22223753E-06  3.52799989E-09
  14113.7627  2.20629477E-06  3.47776452E-09
  14164.5312  2.19046751E-06  3.42825457E-09
  14215.4834  2.17475349E-06  3.37947981E-09
  14266.6182  2.15915247E-06  3.33142847E-09
  14317.9385  2.14366264E-06  3.28409189E-09
  14369.4414  2.12828559E-06  3.23743965E-09
  14421.1309  2.11301835E-06  3.19146265E-09
  14473.0059  2.09786072E-06  3.14616222E-09
  14525.0674  2.08281199E-06  3.10154236E-09
  14577.3164  2.06787104E-06  3.05758374E-09
  14629.7529  2.05303832E-06  3.01426839E-09
  14682.3789  2.03831155E-06  2.97159697E-09
  14735.1934  2.02369074E-06  2.92955926E-09
  14788.1982  2.00917475E-06  2.88814572E-09
  14841.3936  1.99476381E-06  2.84732793E-09
  14894.7803  1.98045655E-06  2.807097E-09
  14948.3594  1.96625183E-06  2.76747003E-09
  15002.1318  1.95214875E-06  2.72842859E-09
  15056.0967  1.93814731E-06  2.68989275E-09
  15110.2559  1.92424659E-06  2.65191424E-09
  15164.6094  1.91044614E-06  2.61449862E-09
  15219.1582  1.89674415E-06  2.57763855E-09
  15273.9033  1.8831405E-06  2.54132515E-09
  15328.8477  1.8696345E-06  2.50553089E-09
  15383.9873  1.85622616E-06  2.47026621E-09
  15439.3252  1.84291366E-06  2.43552511E-09
  15494.8633  1.82969688E-06  2.40130027E-09
  15550.6006  1.81657504E-06  2.3675788E-09
  15606.5381  1.80354766E-06  2.33434472E-09
  15662.6777  1.79061396E-06  2.30160468E-09
  15719.0195  1.77777281E-06  2.26934938E-09
  15775.5625  1.76502385E-06  2.23756902E-09
  15832.3096  1.75236698E-06  2.20625407E-09
  15889.2607  1.73980095E-06  2.17539897E-09
  15946.417  1.72732507E-06  2.14500262E-09
  16003.7793  1.71493809E-06  2.11505657E-09
  16061.3467  1.70264093E-06  2.08555173E-09
  16119.1211  1.69043233E-06  2.05647832E-09
  16177.1045  1.67831104E-06  2.0278359E-09
  16235.2969  1.66627683E-06  1.99961381E-09
  16293.6973  1.6543288E-06  1.97181338E-09
  16352.3076  1.64246694E-06  1.94441419E-09
  16411.1309  1.63068967E-06  1.91741645E-09
  16470.1621  1.61899754E-06  1.89082039E-09
  16529.4082  1.60738898E-06  1.86461757E-09
  16588.8672  1.59586375E-06  1.83879889E-09
  16648.541  1.5844214E-06  1.81335469E-09
  16708.4277  1.57306158E-06  1.78828774E-09
  16768.5312  1.56178282E-06  1.76358905E-09
  16828.8496  1.55058535E-06  1.73925874E-09
  16889.3867  1.53946826E-06  1.71528114E-09
  16950.1406  1.52843097E-06  1.69165737E-09
  17011.1113  1.51747327E-06  1.66838354E-09
  17072.3027  1.50659378E-06  1.64545344E-09
  17133.7148  1.49579273E-06  1.62286018E-09
  17195.3477  1.48506922E-06  1.60059632E-09
  17257.2012  1.4744229E-06  1.57865943E-09
  17319.2793  1.46385264E-06  1.55704949E-09
  17381.5781  1.45335844E-06  1.53576019E-09
  17444.1035  1.44293938E-06  1.51478119E-09
  17506.8516  1.43259558E-06  1.49411328E-09
  17569.8262  1.42232557E-06  1.47375046E-09
  17633.0293  1.41212877E-06  1.45368839E-09
  17696.457  1.40200609E-06  1.43391821E-09
  17760.1152  1.39195583E-06  1.41443079E-09
  17824.  1.381978E-06  1.39523459E-09
  17888.1152  1.37207155E-06  1.37632183E-09
  17952.4629  1.36223593E-06  1.35768818E-09
  18017.041  1.35247114E-06  1.3393282E-09
  18081.8496  1.3427765E-06  1.32123956E-09
  18146.8926  1.33315143E-06  1.30341771E-09
  18212.1699  1.32359514E-06  1.28585864E-09
  18277.6816  1.31410775E-06  1.26855659E-09
  18343.4297  1.30468834E-06  1.25150557E-09
  18409.4141  1.29533657E-06  1.23470745E-09
  18475.6367  1.28605177E-06  1.21815746E-09
  18542.0957  1.27683381E-06  1.20185106E-09
  18608.7949  1.26768202E-06  1.18578092E-09
  18675.7324  1.25859617E-06  1.16994736E-09
  18742.9121  1.24957501E-06  1.15434717E-09
  18810.334  1.24061853E-06  1.13897447E-09
  18877.998  1.23172651E-06  1.12382947E-09
  18945.9043  1.22289885E-06  1.10890686E-09
  19014.0566  1.21413393E-06  1.09420373E-09
  19082.4512  1.20543234E-06  1.0797172E-09
  19151.0957  1.19679271E-06  1.06544307E-09
  19219.9844  1.18821549E-06  1.05137699E-09
  19289.1211  1.17969978E-06  1.03751796E-09
  19358.5078  1.17124489E-06  1.02386011E-09
  19428.1426  1.16285082E-06  1.01040531E-09
  19498.0293  1.15451689E-06  9.97148142E-10
  19568.166  1.14624299E-06  9.8408659E-10
  19638.5566  1.1380281E-06  9.7121633E-10
  19709.1992  1.1298722E-06  9.58534918E-10
  19780.0957  1.12177497E-06  9.46053014E-10
  19851.248  1.11373595E-06  9.33815025E-10
  19922.6562  1.10575456E-06  9.21755561E-10
  19994.3203  1.09783036E-06  9.09870013E-10
  20066.2441  1.08996289E-06  8.98111363E-10
  20138.4258  1.08215227E-06  8.8645441E-10
  20210.8672  1.07439746E-06  8.74941508E-10
  20283.5684  1.06669847E-06  8.63597249E-10
  20356.5312  1.05905463E-06  8.52418192E-10
  20429.7559  1.05146557E-06  8.41402947E-10
  20503.2441  1.04393109E-06  8.30549352E-10
  20577.  1.03645016E-06  8.19852519E-10
  20651.0195  1.029023E-06  8.09313006E-10
  20725.3027  1.02164938E-06  7.98927202E-10
  20799.8535  1.01432886E-06  7.88695498E-10
  20874.6738  1.00706063E-06  7.78612896E-10
  20949.7637  9.99844474E-07  7.68677288E-10
  21025.123  9.92680157E-07  7.58886176E-10
  21100.7539  9.85567226E-07  7.49237783E-10
  21176.6582  9.78505227E-07  7.39729278E-10
  21252.832  9.71494273E-07  7.30360494E-10
  21329.2812  9.64533342E-07  7.21127325E-10
  21406.0059  9.57622319E-07  7.1202827E-10
  21483.0098  9.50760636E-07  7.03062775E-10
  21560.2852  9.43948578E-07  6.94228064E-10
  21637.8398  9.37185234E-07  6.85521195E-10
  21715.6777  9.30470037E-07  6.76939949E-10
  21793.7891  9.23803555E-07  6.68483324E-10
  21872.1875  9.17184366E-07  6.60148047E-10
  21950.8652  9.10612982E-07  6.51934395E-10
  22029.8242  9.04088722E-07  6.4383926E-10
  22109.0703  8.97610903E-07  6.35860864E-10
  22188.5996  8.91180093E-07  6.27999042E-10
  22268.4141  8.8479544E-07  6.2025074E-10
  22348.5176  8.78456376E-07  6.1261396E-10
  22428.9082  8.721629E-07  6.05086981E-10
  22509.5898  8.65914217E-07  5.97667915E-10
  22590.5586  8.5971061E-07  5.90357208E-10
  22671.8203  8.53551455E-07  5.83151361E-10
  22753.375  8.47436183E-07  5.76049042E-10
  22835.2246  8.41364738E-07  5.69048419E-10
  22917.3633  8.35337289E-07  5.62149827E-10
  22999.8008  8.29352871E-07  5.55349822E-10
  23082.5352  8.23411369E-07  5.48647294E-10
  23165.5664  8.175125E-07  5.42039802E-10
  23248.8965  8.1165598E-07  5.35528399E-10
  23332.5273  8.0584141E-07  5.29110644E-10
  23416.457  8.00068733E-07  5.22784482E-10
  23500.6914  7.94336984E-07  5.16548526E-10
  23585.2266  7.88646787E-07  5.10401776E-10
  23670.0645  7.82997063E-07  5.04342734E-10
  23755.2109  7.77387754E-07  4.98370012E-10
  23840.6602  7.71818804E-07  4.92482222E-10
  23926.4199  7.66289531E-07  4.86677532E-10
  24012.4863  7.60800162E-07  4.80956497E-10
  24098.8633  7.553503E-07  4.75317175E-10
  24185.5527  7.49939375E-07  4.69757844E-10
  24272.5508  7.4456733E-07  4.64277394E-10
  24359.8633  7.39233712E-07  4.58874605E-10
  24447.4883  7.33938577E-07  4.53549087E-10
  24535.4297  7.28681357E-07  4.48298204E-10
  24623.6875  7.2346171E-07  4.43122261E-10
  24712.2637  7.18279466E-07  4.38019343E-10
  24801.1562  7.13134568E-07  4.32989089E-10
  24890.3711  7.08026278E-07  4.28030028E-10
  24979.9062  7.02954708E-07  4.23140856E-10
  25069.7617  6.97919461E-07  4.18320545E-10
  25159.9414  6.9292031E-07  4.13568041E-10
  25250.4473  6.87956856E-07  4.0888154E-10
  25341.2754  6.83029214E-07  4.04261569E-10
  25432.4316  6.78136757E-07  3.99706379E-10
  25523.918  6.73279203E-07  3.95215E-10
  25615.7305  6.68456835E-07  3.90786986E-10
  25707.875  6.63669027E-07  3.86420951E-10
  25800.3496  6.5891544E-07  3.8211595E-10
  25893.1562  6.54196072E-07  3.77871096E-10
  25986.2988  6.49510298E-07  3.73685055E-10
  26079.7754  6.44858289E-07  3.6955794E-10
  26173.5898  6.40239534E-07  3.65488362E-10
  26267.7383  6.35653976E-07  3.61475488E-10
  26362.2285  6.31101102E-07  3.57518293E-10
  26457.0566  6.26581084E-07  3.53616608E-10
  26552.2266  6.2209341E-07  3.49769269E-10
  26647.7402  6.17637738E-07  3.45975193E-10
  26743.5957  6.13214127E-07  3.42233686E-10
  26839.7949  6.08822234E-07  3.38543665E-10
  26936.3418  6.04461775E-07  3.34905159E-10
  27033.2383  6.00132353E-07  3.31316835E-10
  27130.4805  5.95834194E-07  3.2777811E-10
  27228.0723  5.91566732E-07  3.24288069E-10
  27326.0156  5.87329964E-07  3.20846433E-10
  27424.3125  5.83123551E-07  3.1745212E-10
  27522.9629  5.78947265E-07  3.14103993E-10
  27621.9648  5.74800993E-07  3.10802301E-10
  27721.3262  5.70684392E-07  3.07545739E-10
  27821.0449  5.66597294E-07  3.04333808E-10
  27921.1211  5.62539526E-07  3.01165703E-10
  28021.5566  5.58510806E-07  2.98040953E-10
  28122.3555  5.54510848E-07  2.94958724E-10
  28223.5176  5.5053971E-07  2.91918961E-10
  28325.041  5.46597107E-07  2.88920665E-10
  28426.9316  5.42682699E-07  2.85962781E-10
  28529.1855  5.38796371E-07  2.83045365E-10
  28631.8086  5.3493784E-07  2.80167528E-10
  28734.8027  5.31106991E-07  2.77328688E-10
  28838.168  5.27303428E-07  2.74528233E-10
  28941.9004  5.23527376E-07  2.71765666E-10
  29046.0117  5.19778155E-07  2.69040401E-10
  29150.4922  5.16056105E-07  2.66351941E-10
  29255.3516  5.12360543E-07  2.63699285E-10
  29360.5879  5.08691528E-07  2.61082711E-10
  29466.2031  5.05048774E-07  2.58501276E-10
  29572.1953  5.01431941E-07  2.55954535E-10
  29678.5742  4.97840631E-07  2.53441906E-10
  29785.3301  4.94275241E-07  2.50962973E-10
  29892.4727  4.9073526E-07  2.48517124E-10
  30000.002  4.87220632E-07  2.46103943E-10