  5000.  9.32049534E-06  8.43636769E-08
  5017.98584  9.25327004E-06  8.31482581E-08
  5036.03613  9.18653041E-06  8.19505388E-08
  5054.15137  9.1202719E-06  8.0770107E-08
  5072.33203  9.05449815E-06  7.96059894E-08
  5090.57812  8.98920007E-06  7.84586831E-08
  5108.89014  8.92437038E-06  7.73279396E-08
  5127.26709  8.8600118E-06  7.62135528E-08
  5145.71094  8.79612071E-06  7.51149543E-08
  5164.2207  8.73269801E-06  7.40320019E-08
  5182.79736  8.66973096E-06  7.29645464E-08
  5201.44043  8.60721866E-06  7.19126803E-08
  5220.15088  8.54515747E-06  7.08759273E-08
  5238.92871  8.48354921E-06  6.98532787E-08
  5257.77393  8.42238387E-06  6.88454094E-08
  5276.68701  8.36166055E-06  6.78521275E-08
  5295.66846  8.30137287E-06  6.68731985E-08
  5314.71729  8.24152903E-06  6.59081252E-08
  5333.83496  8.18211902E-06  6.49566374E-08
  5353.02148  8.12313556E-06  6.40190478E-08
  5372.27734  8.06457774E-06  6.30950012E-08
  5391.60254  8.00644284E-06  6.21842489E-08
  5410.99658  7.94873631E-06  6.12860163E-08
  5430.46094  7.89144451E-06  6.04007937E-08
  5449.99561  7.8345638E-06  5.95283609E-08
  5469.59961  7.77809691E-06  5.86686077E-08
  5489.2749  7.7220393E-06  5.78208308E-08
  5509.02051  7.66638823E-06  5.69852894E-08
  5528.8374  7.61113824E-06  5.61618556E-08
  5548.7251  7.55628707E-06  5.53503696E-08
  5568.68506  7.50183153E-06  5.45505472E-08
  5588.71631  7.44777572E-06  5.37620366E-08
  5608.81982  7.39411007E-06  5.29849551E-08
  5628.99609  7.34082869E-06  5.22191499E-08
  5649.24414  7.28793475E-06  5.1464351E-08
  5669.56543  7.23542325E-06  5.0720157E-08
  5689.95947  7.1832942E-06  4.99865997E-08
  5710.42725  7.13153941E-06  4.92636758E-08
  5730.96875  7.08015796E-06  4.85512537E-08
  5751.5835  7.02914804E-06  4.78490456E-08
  5772.27295  6.97851101E-06  4.71566004E-08
  5793.03662  6.92823824E-06  4.647422E-08
  5813.875  6.87832926E-06  4.58017446E-08
  5834.78857  6.82877817E-06  4.51389504E-08
  5855.77734  6.7795886E-06  4.4485482E-08
  5876.84131  6.73075738E-06  4.38414034E-08
  5897.98145  6.68227585E-06  4.32066791E-08
  5919.19727  6.63414403E-06  4.25811812E-08
  5940.48975  6.58636009E-06  4.19646007E-08
  5961.8584  6.53892448E-06  4.13566141E-08
  5983.30371  6.49183039E-06  4.07574738E-08
  6004.82715  6.44507418E-06  4.01669276E-08
  6026.42725  6.39865584E-06  3.95849646E-08
  6048.10547  6.35257811E-06  3.90113968E-08
  6069.86084  6.30683553E-06  3.84461778E-08
  6091.69531  6.26141991E-06  3.78891514E-08
  6113.6084  6.21633171E-06  3.73402429E-08
  6135.59961  6.17157139E-06  3.67990651E-08
  6157.67041  6.12713484E-06  3.62653267E-08
  6179.82031  6.08301752E-06  3.57393048E-08
  6202.05029  6.03921853E-06  3.52210101E-08
  6224.35986  5.99573468E-06  3.47102613E-08
  6246.75049  5.95256824E-06  3.42068489E-08
  6269.2207  5.90971376E-06  3.37107693E-08
  6291.77197  5.86716806E-06  3.32219088E-08
  6314.40479  5.82492703E-06  3.27401715E-08
  6337.11816  5.78299432E-06  3.22652731E-08
  6359.91406  5.74136538E-06  3.17970006E-08
  6382.7915  5.70003613E-06  3.13356132E-08
  6405.75098  5.65900564E-06  3.08809653E-08
  6428.79346  5.61826982E-06  3.04329397E-08
  6451.91895  5.57783142E-06  2.99910532E-08
  6475.12793  5.53768314E-06  2.95556095E-08
  6498.41943  5.4978259E-06  2.91265145E-08
  6521.79541  5.45825424E-06  2.87036865E-08
  6545.25586  5.41896952E-06  2.82867703E-08
  6568.7998  5.37997175E-06  2.78758119E-08
  6592.42871  5.3412532E-06  2.74708523E-08
  6616.14307  5.30281386E-06  2.70718026E-08
  6639.94189  5.26465192E-06  2.66785865E-08
  6663.82715  5.22676783E-06  2.62909694E-08
  6687.79785  5.18915613E-06  2.59090189E-08
  6711.85498  5.15181546E-06  2.55326427E-08
  6735.99854  5.11474354E-06  2.51617216E-08
  6760.229  5.0779413E-06  2.47961633E-08
  6784.54639  5.04140598E-06  2.44358613E-08
  6808.95166  5.00513261E-06  2.40808244E-08
  6833.44434  4.96912071E-06  2.37309834E-08
  6858.02539  4.93336893E-06  2.33862227E-08
  6882.69482  4.89787726E-06  2.30462085E-08
  6907.45312  4.86264116E-06  2.27111734E-08
  6932.30029  4.82765881E-06  2.23810002E-08
  6957.23633  4.7929293E-06  2.20557048E-08
  6982.2627  4.75845036E-06  2.17350333E-08
  7007.37891  4.72422062E-06  2.1418975E-08
  7032.58594  4.69023689E-06  2.11075442E-08
  7057.8833  4.65649691E-06  2.08006767E-08
  7083.271  4.62300295E-06  2.04982609E-08
  7108.75098  4.58975092E-06  2.02000248E-08
  7134.32275  4.55673853E-06  1.99061212E-08
  7159.98535  4.52396444E-06  1.96165661E-08
  7185.74121  4.49142544E-06  1.93312495E-08
  7211.58936  4.45912247E-06  1.90499971E-08
  7237.53027  4.42705323E-06  1.8772818E-08
  7263.56494  4.39521409E-06  1.84997013E-08
  7289.69336  4.36360369E-06  1.82305815E-08
  7315.91504  4.33222249E-06  1.79653998E-08
  7342.23193  4.30106911E-06  1.77040551E-08
  7368.64258  4.27014038E-06  1.74465029E-08
  7395.14893  4.23943357E-06  1.71927628E-08
  7421.75049  4.20894776E-06  1.69427459E-08
  7448.44775  4.17868341E-06  1.66961023E-08
  7475.24072  4.14863871E-06  1.64529865E-08
  7502.13086  4.11880819E-06  1.62134306E-08
  7529.1167  4.08919368E-06  1.59774043E-08
  7556.20068  4.05979154E-06  1.57448241E-08
  7583.38086  4.03060358E-06  1.55156048E-08
  7610.65967  4.0016248E-06  1.52897766E-08
  7638.03662  3.97285385E-06  1.50672683E-08
  7665.51221  3.94428935E-06  1.48480206E-08
  7693.08545  3.91593585E-06  1.46317882E-08
  7720.75879  3.88778608E-06  1.4418684E-08
  7748.53174  3.85983822E-06  1.42087071E-08
  7776.40479  3.83209044E-06  1.40018237E-08
  7804.37695  3.80454458E-06  1.37979441E-08
  7832.45068  3.7771963E-06  1.35969715E-08
  7860.62549  3.7500447E-06  1.33989788E-08
  7888.90137  3.72308887E-06  1.32039011E-08
  7917.27881  3.69632676E-06  1.30116913E-08
  7945.75879  3.66975974E-06  1.28223236E-08
  7974.34082  3.64338393E-06  1.26357458E-08
  8003.02588  3.61719776E-06  1.24519053E-08
  8031.81348  3.59120031E-06  1.22706885E-08
  8060.70557  3.56539044E-06  1.20920021E-08
  8089.70117  3.53976702E-06  1.19158186E-08
  8118.80127  3.51432755E-06  1.17422303E-08
  8148.00537  3.48907156E-06  1.15712018E-08
  8177.31494  3.46399725E-06  1.14026886E-08
  8206.73047  3.43910438E-06  1.12365228E-08
  8236.25098  3.41439113E-06  1.10728005E-08
  8265.87793  3.38985546E-06  1.09114913E-08
  8295.61133  3.36549624E-06  1.07525331E-08
  8325.45215  3.341313E-06  1.05958815E-08
  8355.40039  3.31730439E-06  1.04414726E-08
  8385.45605  3.29346858E-06  1.02893418E-08
  8415.62012  3.26980353E-06  1.01394502E-08
  8445.89258  3.24630901E-06  9.99177097E-09
  8476.27344  3.2229857E-06  9.84618076E-09
  8506.76367  3.19982928E-06  9.7027355E-09
  8537.36426  3.17683953E-06  9.56138724E-09
  8568.07422  3.15401508E-06  9.42214307E-09
  8598.89453  3.13135592E-06  9.2848973E-09
  8629.82617  3.10886048E-06  9.14963127E-09
  8660.86914  3.08652648E-06  9.01635833E-09
  8692.02344  3.064353E-06  8.88505269E-09
  8723.29004  3.0423389E-06  8.75568062E-09
  8754.66895  3.02048466E-06  8.62813465E-09
  8786.16113  2.99878752E-06  8.50245652E-09
  8817.7666  2.97724591E-06  8.37864889E-09
  8849.48535  2.95585937E-06  8.25667268E-09
  8881.31836  2.93462722E-06  8.13643819E-09
  8913.26562  2.91354809E-06  8.01794009E-09
  8945.32812  2.89262016E-06  7.90119437E-09
  8977.50586  2.87184275E-06  7.78617171E-09
  9009.7998  2.85121473E-06  7.67283925E-09
  9042.20898  2.83073746E-06  7.56110818E-09
  9074.73535  2.81040684E-06  7.45104245E-09
  9107.37793  2.79022288E-06  7.34260475E-09
  9140.13965  2.77018285E-06  7.23576665E-09
  9173.01758  2.75028879E-06  7.13045623E-09
  9206.01465  2.73053706E-06  7.02667347E-09
  9239.12988  2.71092745E-06  6.92442637E-09
  9272.36426  2.69145903E-06  6.82369183E-09
  9305.71875  2.67213022E-06  6.72441836E-09
  9339.19238  2.65294216E-06  6.62656507E-09
  9372.78711  2.63389143E-06  6.53016086E-09
  9406.50195  2.61497803E-06  6.43518439E-09
  9440.33887  2.59619969E-06  6.34161079E-09
  9474.29688  2.57755801E-06  6.24938234E-09
  9508.37793  2.55905024E-06  6.15850215E-09
  9542.58105  2.54067572E-06  6.06896844E-09
  9576.90723  2.52243308E-06  5.98074834E-09
  9611.35645  2.50432163E-06  5.8938272E-09
  9645.93066  2.48634092E-06  5.80814286E-09
  9680.62793  2.46848958E-06  5.72372905E-09
  9715.45117  2.45076626E-06  5.64056357E-09
  9750.39941  2.43317004E-06  5.55863133E-09
  9785.47266  2.41570183E-06  5.47788082E-09
  9820.67188  2.39835958E-06  5.39831913E-09
  9855.99902  2.38114103E-06  5.3199356E-09
  9891.45215  2.36404662E-06  5.24270316E-09
  9927.03418  2.34707477E-06  5.16660048E-09
  9962.74316  2.3302257E-06  5.0915725E-09
  9998.58008  2.31349804E-06  5.01765962E-09
  10034.5469  2.29688953E-06  4.94478414E-09
  10070.6426  2.28040108E-06  4.87298601E-09
  10106.8672  2.26403245E-06  4.80222129E-09
  10143.2236  2.24778091E-06  4.73249839E-09
  10179.71  2.23164648E-06  4.66380046E-09
  10216.3291  2.21562709E-06  4.59612925E-09
  10253.0791  2.19972344E-06  4.52943993E-09
  10289.96  2.18393507E-06  4.46370718E-09
  10326.9756  2.16825947E-06  4.39894787E-09
  10364.1221  2.15269711E-06  4.33515002E-09
  10401.4043  2.13724547E-06  4.2722994E-09
  10438.8203  2.12190571E-06  4.21033786E-09
  10476.3701  2.10667667E-06  4.14930179E-09
  10514.0547  2.09155701E-06  4.08917211E-09
  10551.876  2.07654534E-06  4.02993372E-09
  10589.832  2.06164259E-06  3.97155464E-09
  10627.9258  2.04684648E-06  3.91401578E-09
  10666.1562  2.03215745E-06  3.85733046E-09
  10704.5234  2.01757371E-06  3.8014889E-09
  10743.0293  2.00309432E-06  3.74647513E-09
  10781.6729  1.98871999E-06  3.69224784E-09
  10820.457  1.9744482E-06  3.63881503E-09
  10859.3799  1.96027895E-06  3.5861849E-09
  10898.4424  1.94621157E-06  3.53433638E-09
  10937.6465  1.9322456E-06  3.48323814E-09
  10976.9902  1.91838149E-06  3.43288131E-09
  11016.4766  1.90461606E-06  3.38327166E-09
  11056.1045  1.89094976E-06  3.33440009E-09
  11095.876  1.87738101E-06  3.28624461E-09
  11135.7881  1.86391105E-06  3.23877369E-09
  11175.8457  1.85053693E-06  3.19200932E-09
  11216.0469  1.83725911E-06  3.1459384E-09
  11256.3936  1.82407609E-06  3.1005527E-09
  11296.8838  1.81098869E-06  3.05582626E-09
  11337.5195  1.79799576E-06  3.01175529E-09
  11378.3037  1.78509515E-06  2.96833602E-09
  11419.2334  1.77228742E-06  2.9255578E-09
  11460.3086  1.75957234E-06  2.88342084E-09
  11501.5342  1.74694844E-06  2.8418834E-09
  11542.9072  1.73441583E-06  2.80096391E-09
  11584.4287  1.72197292E-06  2.76065371E-09
  11626.0996  1.70961926E-06  2.72094258E-09
  11667.9199  1.69735483E-06  2.68180811E-09
  11709.8916  1.68517829E-06  2.64324584E-09
  11752.0137  1.67308895E-06  2.60525757E-09
  11794.2881  1.66108634E-06  2.56782906E-09
  11836.7139  1.64917003E-06  2.53095789E-09
  11879.292  1.63733989E-06  2.49461207E-09
  11922.0234  1.6255949E-06  2.45880716E-09
  11964.9092  1.6139337E-06  2.42353448E-09
  12007.9482  1.60235641E-06  2.38878628E-09
  12051.1436  1.59086255E-06  2.35454589E-09
  12094.4932  1.57945192E-06  2.32081132E-09
  12137.998  1.56812303E-06  2.28757391E-09
  12181.6611  1.55687508E-06  2.25483565E-09
  12225.4805  1.54570819E-06  2.22257701E-09
  12269.458  1.53462133E-06  2.19077068E-09
  12313.5928  1.5236144E-06  2.15943929E-09
  12357.8857  1.51268637E-06  2.12857354E-09
  12402.3389  1.50183666E-06  2.09816831E-09
  12446.9531  1.49106495E-06  2.06820783E-09
  12491.7256  1.48037111E-06  2.03868766E-09
  12536.6602  1.4697539E-06  2.00961137E-09
  12581.7568  1.45921251E-06  1.98096783E-09
  12627.0166  1.44874684E-06  1.9527433E-09
  12672.4375  1.438357E-06  1.924924E-09
  12718.0215  1.42804174E-06  1.89752014E-09
  12763.7705  1.41780015E-06  1.87052285E-09
  12809.6846  1.407632E-06  1.84392845E-09
  12855.7627  1.39753763E-06  1.81771986E-09
  12902.0059  1.38751579E-06  1.79190407E-09
  12948.416  1.3775657E-06  1.7664723E-09
  12994.9941  1.36768676E-06  1.74141901E-09
  13041.7393  1.35787889E-06  1.71672876E-09
  13088.6533  1.34814138E-06  1.69238723E-09
  13135.7344  1.33847402E-06  1.66840952E-09
  13182.9854  1.32887612E-06  1.64478797E-09
  13230.4072  1.31934667E-06  1.62151526E-09
  13277.999  1.3098861E-06  1.59858793E-09
  13325.7617  1.30049364E-06  1.57600144E-09
  13373.6973  1.29116813E-06  1.55375079E-09
  13421.8037  1.28190993E-06  1.53183188E-09
  13470.085  1.27271812E-06  1.51023216E-09
  13518.5381  1.26359271E-06  1.48894475E-09
  13567.166  1.25453266E-06  1.46797396E-09
  13615.9697  1.24553753E-06  1.44731249E-09
  13664.9473  1.23660709E-06  1.42696177E-09
  13714.1035  1.22774054E-06  1.40690748E-09
  13763.4346  1.21893788E-06  1.38715139E-09
  13812.9434  1.21019821E-06  1.36768952E-09
  13862.6309  1.20152129E-06  1.34851708E-09
  13912.498  1.19290644E-06  1.32962275E-09
  13962.543  1.18435423E-06  1.31100208E-09
  14012.7686  1.17586308E-06  1.29265842E-09
  14063.1748  1.16743263E-06  1.27458566E-09
  14113.7627  1.15906278E-06  1.25678401E-09
  14164.5312  1.15075363E-06  1.2392416E-09
  14215.4834  1.14250383E-06  1.22195931E-09
  14266.6182  1.13431327E-06  1.20493449E-09
  14317.9385  1.12618125E-06  1.18816312E-09
  14369.4414  1.118108E-06  1.17163446E-09
  14421.1309  1.11009251E-06  1.15534649E-09
  14473.0059  1.10213443E-06  1.13929866E-09
  14525.0674  1.09423354E-06  1.12349197E-09
  14577.3164  1.08638926E-06  1.10792009E-09
  14629.7529  1.07860149E-06  1.09257792E-09
  14682.3789  1.07086942E-06  1.07746412E-09
  14735.1934  1.06319294E-06  1.06257481E-09
  14788.1982  1.05557126E-06  1.04790721E-09
  14841.3936  1.04800472E-06  1.03345055E-09
  14894.7803  1.04049252E-06  1.01920328E-09
  14948.3594  1.0330341E-06  1.00516928E-09
  15002.1318  1.0256291E-06  9.91342453E-10
  15056.0967  1.01827732E-06  9.77689818E-10
  15110.2559  1.01097839E-06  9.64234803E-10
  15164.6094  1.003732E-06  9.50979406E-10
  15219.1582  9.96537324E-07  9.3792063E-10
  15273.9033  9.8939438E-07  9.2505531E-10
  15328.8477  9.82302595E-07  9.12375064E-10
  15383.9873  9.75262196E-07  8.99882835E-10
  15439.3252  9.68272047E-07  8.87575735E-10
  15494.8633  9.61332034E-07  8.75450989E-10
  15550.6006  9.54441816E-07  8.63504879E-10
  15606.5381  9.47601166E-07  8.51732185E-10
  15662.6777  9.408094E-07  8.40133296E-10
  15719.0195  9.3406635E-07  8.2870677E-10
  15775.5625  9.2737173E-07  8.17447998E-10
  15832.3096  9.20725313E-07  8.06354816E-10
  15889.2607  9.14126645E-07  7.95425226E-10
  15946.417  9.07575327E-07  7.84657339E-10
  16003.7793  9.01070848E-07  7.74048936E-10
  16061.3467  8.94613038E-07  7.63596353E-10
  16119.1211  8.88201726E-07  7.53296647E-10
  16177.1045  8.81836058E-07  7.43149153E-10
  16235.2969  8.75516207E-07  7.33150485E-10
  16293.6973  8.69241546E-07  7.23300697E-10
  16352.3076  8.6301219E-07  7.13593351E-10
  16411.1309  8.56827512E-07  7.04028502E-10
  16470.1621  8.50687286E-07  6.94604985E-10
  16529.4082  8.44591057E-07  6.85320689E-10
  16588.8672  8.38538426E-07  6.76172507E-10
  16648.541  8.32529338E-07  6.67158162E-10
  16708.4277  8.26563394E-07  6.58276544E-10
  16768.5312  8.20640139E-07  6.49524878E-10
  16828.8496  8.14759403E-07  6.4090333E-10
  16889.3867  8.08921016E-07  6.3240696E-10
  16950.1406  8.03124522E-07  6.24035545E-10
  17011.1113  7.97369637E-07  6.15787255E-10
  17072.3027  7.91655964E-07  6.07660589E-10
  17133.7148  7.85983161E-07  5.99652772E-10
  17195.3477  7.80351172E-07  5.91761862E-10
  17257.2012  7.74759485E-07  5.83986193E-10
  17319.2793  7.69207702E-07  5.76325765E-10
  17381.5781  7.6369588E-07  5.68777914E-10
  17444.1035  7.58223621E-07  5.61341529E-10
  17506.8516  7.52790982E-07  5.54014501E-10
  17569.8262  7.47397166E-07  5.46795276E-10
  17633.0293  7.42041664E-07  5.39681522E-10
  17696.457  7.36724928E-07  5.32671351E-10
  17760.1152  7.31446221E-07  5.25761823E-10
  17824.  7.26205542E-07  5.18954713E-10
  17888.1152  7.21002209E-07  5.12247356E-10
  17952.4629  7.15836165E-07  5.0563792E-10
  18017.041  7.10707354E-07  4.99126185E-10
  18081.8496  7.05615435E-07  4.92709762E-10
  18146.8926  7.00559895E-07  4.86386986E-10
  18212.1699  6.95540507E-07  4.80156803E-10
  18277.6816  6.90557158E-07  4.74017714E-10
  18343.4297  6.85609621E-07  4.67967443E-10
  18409.4141  6.80697497E-07  4.62006378E-10
  18475.6367  6.75820502E-07  4.56132104E-10
  18542.0957  6.70978579E-07  4.50343818E-10
  18608.7949  6.66171559E-07  4.44639714E-10
  18675.7324  6.61398929E-07  4.39018821E-10
  18742.9121  6.56660404E-07  4.33479891E-10
  18810.334  6.51955759E-07  4.28020647E-10
  18877.998  6.47284992E-07  4.22642366E-10
  18945.9043  6.42647933E-07  4.17342633E-10
  19014.0566  6.38043787E-07  4.12120033E-10
  19082.4512  6.33473007E-07  4.06973233E-10
  19151.0957  6.28934515E-07  4.01901235E-10
  19219.9844  6.24428992E-07  3.96903649E-10
  19289.1211  6.19955642E-07  3.91978561E-10
  19358.5078  6.15514352E-07  3.87124249E-10
  19428.1426  6.11104952E-07  3.82340909E-10
  19498.0293  6.06727042E-07  3.77627984E-10
  19568.166  6.0238068E-07  3.72983977E-10
  19638.5566  5.98065299E-07  3.68406972E-10
  19709.1992  5.93780953E-07  3.63896246E-10
  19780.0957  5.89527303E-07  3.59452967E-10
  19851.248  5.85304292E-07  3.55084406E-10
  19922.6562  5.81111465E-07  3.50778434E-10
  19994.3203  5.76948764E-07  3.46534079E-10
  20066.2441  5.72815736E-07  3.42329137E-10
  20138.4258  5.68712494E-07  3.38175737E-10
  20210.8672  5.6463864E-07  3.34078848E-10
  20283.5684  5.6059406E-07  3.30040772E-10
  20356.5312  5.56578357E-07  3.26060567E-10
  20429.7559  5.52591587E-07  3.22137261E-10
  20503.2441  5.48633409E-07  3.18270549E-10
  20577.  5.44703425E-07  3.14458432E-10
  20651.0195  5.40801693E-07  3.10701298E-10
  20725.3027  5.36927985E-07  3.06997761E-10
  20799.8535  5.3308213E-07  3.03348152E-10
  20874.6738  5.29263787E-07  2.99750696E-10
  20949.7637  5.25472728E-07  2.96204505E-10
  21025.123  5.21708898E-07  2.92708663E-10
  21100.7539  5.17972069E-07  2.89262836E-10
  21176.6582  5.14261956E-07  2.85865859E-10
  21252.832  5.10578559E-07  2.82517731E-10
  21329.2812  5.06921594E-07  2.79217011E-10
  21406.0059  5.03290778E-07  2.75962975E-10
  21483.0098  4.99685768E-07  2.72755762E-10
  21560.2852  4.96106793E-07  2.6959418E-10
  21637.8398  4.92553511E-07  2.66477174E-10
  21715.6777  4.8902541E-07  2.6340416E-10
  21793.7891  4.85522946E-07  2.60374722E-10
  21872.1875  4.82045436E-07  2.57387583E-10
  21950.8652  4.78592995E-07  2.54442994E-10
  22029.8242  4.75165336E-07  2.51539872E-10
  22109.0703  4.71762064E-07  2.48677495E-10
  22188.5996  4.68383263E-07  2.45855919E-10
  22268.4141  4.65028734E-07  2.43074061E-10
  22348.5176  4.61698107E-07  2.40331116E-10
  22428.9082  4.58391412E-07  2.37626557E-10
  22509.5898  4.55108363E-07  2.34959718E-10
  22590.5586  4.51848933E-07  2.32330905E-10
  22671.8203  4.48612866E-07  2.29738728E-10
  22753.375  4.45399905E-07  2.27182689E-10
  22835.2246  4.4220991E-07  2.2466233E-10
  22917.3633  4.39042964E-07  2.22177554E-10
  22999.8008  4.35898556E-07  2.19727306E-10
  23082.5352  4.32776716E-07  2.17311183E-10
  23165.5664  4.29677215E-07  2.14928325E-10
  23248.8965  4.26600025E-07  2.1257901E-10
  23332.5273  4.23544918E-07  2.10262516E-10
  23416.457  4.20511782E-07  2.07978107E-10
  23500.6914  4.17500161E-07  2.05725229E-10
  23585.2266  4.14510311E-07  2.03503589E-10
  23670.0645  4.1154189E-07  2.01312716E-10
  23755.2109  4.08594616E-07  1.99152042E-10
  23840.6602  4.05668544E-07  1.97021122E-10
  23926.4199  4.02763334E-07  1.94919317E-10
  24012.4863  3.99879013E-07  1.92846822E-10
  24098.8633  3.97015356E-07  1.90802998E-10
  24185.5527  3.94172162E-07  1.8878718E-10
  24272.5508  3.91349488E-07  1.86799007E-10
  24359.8633  3.88546937E-07  1.84838006E-10
  24447.4883  3.85764451E-07  1.82904011E-10
  24535.4297  3.8300189E-07  1.80996274E-10
  24623.6875  3.80259166E-07  1.79114695E-10
  24712.2637  3.77535997E-07  1.77258763E-10
  24801.1562  3.74832553E-07  1.75428297E-10
  24890.3711  3.72148435E-07  1.73622769E-10
  24979.9062  3.6948353E-07  1.71841735E-10
  25069.7617  3.66837753E-07  1.70084849E-10
  25159.9414  3.64210905E-07  1.68351749E-10
  25250.4473  3.61602844E-07  1.66642006E-10
  25341.2754  3.59013512E-07  1.64955508E-10
  25432.4316  3.56442683E-07  1.63291769E-10
  25523.918  3.53890243E-07  1.61650401E-10
  25615.7305  3.51356135E-07  1.6003128E-10
  25707.875  3.48840132E-07  1.58433988E-10
  25800.3496  3.46342176E-07  1.56858124E-10
  25893.1562  3.43862126E-07  1.55303326E-10
  25986.2988  3.41399812E-07  1.53769164E-10
  26079.7754  3.38955175E-07  1.52255653E-10
  26173.5898  3.36527989E-07  1.50762292E-10
  26267.7383  3.3411834E-07  1.49288873E-10
  26362.2285  3.31725772E-07  1.4783505E-10
  26457.0566  3.29350513E-07  1.46400808E-10
  26552.2266  3.26992279E-07  1.44985676E-10
  26647.7402  3.2465087E-07  1.43589293E-10
  26743.5957  3.22326258E-07  1.42211382E-10
  26839.7949  3.20018387E-07  1.40851567E-10
  26936.3418  3.17727E-07  1.39509918E-10
  27033.2383  3.15451985E-07  1.38185907E-10
  27130.4805  3.13193311E-07  1.36879341E-10
  27228.0723  3.10950838E-07  1.35589942E-10
  27326.0156  3.0872431E-07  1.34317446E-10
  27424.3125  3.06513755E-07  1.33061631E-10
  27522.9629  3.04318974E-07  1.31822081E-10
  27621.9648  3.02139995E-07  1.30598879E-10
  27721.3262  2.9997662E-07  1.29391595E-10
  27821.0449  2.97828791E-07  1.28200062E-10
  27921.1211  2.95696395E-07  1.2702403E-10
  28021.5566  2.93579234E-07  1.25863209E-10
  28122.3555  2.91477221E-07  1.24717417E-10
  28223.5176  2.89390243E-07  1.23586641E-10
  28325.041  2.87318244E-07  1.22470464E-10
  28426.9316  2.85261052E-07  1.21368526E-10
  28529.1855  2.83218668E-07  1.20280924E-10
  28631.8086  2.81190893E-07  1.19207227E-10
  28734.8027  2.79177641E-07  1.1814727E-10
  28838.168  2.77178771E-07  1.17100843E-10
  28941.9004  2.75194338E-07  1.16067829E-10
  29046.0117  2.73223975E-07  1.15047957E-10
  29150.4922  2.71267822E-07  1.14041138E-10
  29255.3516  2.69325625E-07  1.13046981E-10
  29360.5879  2.67397354E-07  1.12065537E-10
  29466.2031  2.65482839E-07  1.11096542E-10
  29572.1953  2.63582109E-07  1.10139779E-10
  29678.5742  2.61694908E-07  1.0919509E-10
  29785.3301  2.59821292E-07  1.0826233E-10
  29892.4727  2.57961034E-07  1.07341247E-10
  30000.002  2.56114106E-07  1.06431745E-10