1.0	0
1.5	0
2.0	0
2.5	0
3.0	0
3.5	0.00000038035
4.0	0.00000038035
4.5	0.00000038035
5.0	0.00000038035
5.5	0.00000038035
6.0	0.00000129224
6.5	0.0000141658
7.0	0.0000844978
7.5	0.000332511
8.0	0.000950884
8.5	0.002109073
9.0	0.003991784
9.5	0.00666085
10.0 0.010114185
10.5 0.01390134
11.0 0.018015131
11.5 0.022230791
12.0 0.026189477
12.5 0.029838951
13.0 0.033076115
13.5 0.035784256
14.0 0.038001018
14.5 0.03960649
15.0 0.040633672
15.5 0.041246954
16.0 0.041468357
16.5 0.041205439
17.0 0.040501593
17.5 0.194965795
18.0 0.03805224
18.5 0.03631807
19.0 0.034405941
19.5 0.060594652
20.0 0.028587988
20.5 0.026031882
21.0 0.023652954
21.5 0.021075242
22.0 0.018298062
22.5 0.015480958
23.0 0.012490731
23.5 0.001898597
24.0 0.001380503
24.5 0.000743291
25.0 0.0000623638

