5.0 5.11048E-03
5.5 2.38953E-01
6.0 3.70681E+00
6.5 2.77132E+01
7.0 1.24406E+02
7.5 3.81289E+02
8.0 8.78367E+02
8.5 1.77385E+03
9.0 2.96970E+03
9.5 4.51939E+03
10.0 6.33774E+03
10.5 8.20257E+03
11.0 1.01006E+04
11.5 1.18854E+04
12.0 1.34916E+04
12.5 1.49010E+04
13.0 1.61234E+04
13.5 1.70418E+04
14.0 1.77620E+04
14.5 1.82889E+04
15.0 1.86789E+04
15.5 1.88059E+04
16.0 1.88866E+04
16.5 1.87984E+04
17.0 1.85920E+04
17.5 1.64161E+05
18.0 1.78221E+04
18.5 1.73045E+04
19.0 1.67964E+04
19.5 4.19930E+04
20.0 1.84992E+03
20.5 1.73788E+03
21.0 1.70591E+03
21.5 1.70847E+03
22.0 1.73428E+03
22.5 1.78136E+03
23.0 1.82867E+03
23.5 1.87694E+03
24.0 1.91686E+03
24.5 1.94145E+03
25.0 1.93516E+03
25.5 1.91787E+03
26.0 1.85616E+03
26.5 1.75978E+03
27.0 1.62255E+03
27.5 1.44519E+03
28.0 1.22715E+03
28.5 9.78003E+02
29.0 6.82916E+02

