1.067676E+00  1.14444E+01  6.2898E-01  9.1878E+02  2.0810E+00  9.2086E+02  0.000E+00  1.161E+00
1.141345E+00  1.13023E+01  5.6009E-01  7.6533E+02  2.0923E+00  7.6742E+02  0.000E+00  1.086E+00
1.220098E+00  1.11171E+01  4.9919E-01  6.3809E+02  2.0973E+00  6.4019E+02  0.000E+00  1.016E+00
1.304285E+00  1.08582E+01  4.4531E-01  5.3248E+02  2.0960E+00  5.3458E+02  0.000E+00  9.506E-01
1.394281E+00  1.04460E+01  3.9707E-01  4.4415E+02  2.0887E+00  4.4624E+02  0.000E+00  8.892E-01
1.490486E+00  9.55217E+00  3.5292E-01  3.6928E+02  2.0754E+00  3.7136E+02  0.000E+00  8.318E-01
1.528408E+00  8.67724E+00  3.3771E-01  3.4460E+02  2.0689E+00  3.4667E+02  0.000E+00  8.112E-01
1.551802E+00  7.08006E+00  3.2887E-01  3.3052E+02  2.0646E+00  3.3258E+02  0.000E+00  7.990E-01
1.558040E+00  5.18127E+00  3.2657E-01  3.2690E+02  2.0634E+00  3.2896E+02  0.000E+00  7.958E-01
1.567398E+00  7.05820E+00  4.0561E+00  4.0359E+03  2.0616E+00  4.0380E+03  3.714E+03  7.910E-01
1.590792E+00  8.76616E+00  4.0340E+00  3.9549E+03  2.0569E+00  3.9570E+03  3.646E+03  7.794E-01
1.593329E+00  8.86568E+00  4.0316E+00  3.9463E+03  2.0564E+00  3.9484E+03  3.639E+03  7.781E-01
1.703269E+00  1.09116E+01  3.8047E+00  3.4838E+03  2.0318E+00  3.4858E+03  3.228E+03  7.279E-01
1.820795E+00  1.18026E+01  3.4335E+00  2.9410E+03  2.0020E+00  2.9430E+03  2.727E+03  6.809E-01
1.946430E+00  1.23246E+01  3.0522E+00  2.4456E+03  1.9673E+00  2.4476E+03  2.267E+03  6.370E-01
2.080733E+00  1.26397E+01  2.7132E+00  2.0336E+03  1.9282E+00  2.0355E+03  1.884E+03  5.959E-01
2.224304E+00  1.28559E+01  2.4305E+00  1.7041E+03  1.8849E+00  1.7060E+03  1.579E+03  5.574E-01
2.377781E+00  1.30119E+01  2.1807E+00  1.4303E+03  1.8378E+00  1.4321E+03  1.326E+03  5.214E-01
2.541848E+00  1.31269E+01  1.9587E+00  1.2018E+03  1.7875E+00  1.2036E+03  1.115E+03  4.878E-01
2.717235E+00  1.32127E+01  1.7592E+00  1.0097E+03  1.7343E+00  1.0114E+03  9.378E+02  4.563E-01
2.904724E+00  1.32769E+01  1.5787E+00  8.4765E+02  1.6787E+00  8.4933E+02  7.878E+02  4.268E-01
3.105150E+00  1.33285E+01  1.4117E+00  7.0906E+02  1.6212E+00  7.1068E+02  6.596E+02  3.993E-01
3.319406E+00  1.34011E+01  1.2507E+00  5.8762E+02  1.5620E+00  5.8918E+02  5.470E+02  3.735E-01
3.548445E+00  1.34116E+01  1.1075E+00  4.8676E+02  1.5018E+00  4.8826E+02  4.534E+02  3.494E-01
3.793288E+00  1.34114E+01  9.8077E-01  4.0324E+02  1.4408E+00  4.0468E+02  3.758E+02  3.269E-01
4.055024E+00  1.34039E+01  8.6856E-01  3.3405E+02  1.3795E+00  3.3543E+02  3.115E+02  3.058E-01
4.334821E+00  1.33916E+01  7.6922E-01  2.7675E+02  1.3182E+00  2.7807E+02  2.582E+02  2.860E-01
4.633924E+00  1.33759E+01  6.8127E-01  2.2929E+02  1.2572E+00  2.3055E+02  2.140E+02  2.676E-01
4.953664E+00  1.33581E+01  6.0341E-01  1.8998E+02  1.1969E+00  1.9118E+02  1.774E+02  2.503E-01
5.295467E+00  1.33392E+01  5.3446E-01  1.5741E+02  1.1376E+00  1.5855E+02  1.470E+02  2.341E-01
5.660855E+00  1.33198E+01  4.7341E-01  1.3043E+02  1.0796E+00  1.3151E+02  1.218E+02  2.190E-01
6.051453E+00  1.33004E+01  4.1935E-01  1.0808E+02  1.0229E+00  1.0910E+02  1.010E+02  2.049E-01
6.469004E+00  1.32816E+01  3.7148E-01  8.9558E+01  9.6791E-01  9.0526E+01  8.370E+01  1.917E-01
6.915365E+00  1.32637E+01  3.2822E-01  7.4022E+01  9.1472E-01  7.4937E+01  6.919E+01  1.793E-01
7.392525E+00  1.32456E+01  2.8857E-01  6.0881E+01  8.6348E-01  6.1744E+01  5.688E+01  1.677E-01
7.902609E+00  1.32277E+01  2.5373E-01  5.0073E+01  8.1431E-01  5.0887E+01  4.677E+01  1.569E-01
8.447890E+00  1.32105E+01  2.2309E-01  4.1186E+01  7.6728E-01  4.1953E+01  3.845E+01  1.468E-01
9.030794E+00  1.31945E+01  1.9580E-01  3.3814E+01  7.2247E-01  3.4536E+01  3.156E+01  1.373E-01
9.653919E+00  1.31795E+01  1.7070E-01  2.7577E+01  6.7991E-01  2.8257E+01  2.574E+01  1.284E-01
1.032004E+01  1.31646E+01  1.4882E-01  2.2491E+01  6.3961E-01  2.3131E+01  2.099E+01  1.201E-01
1.103212E+01  1.31503E+01  1.2975E-01  1.8343E+01  6.0158E-01  1.8945E+01  1.712E+01  1.124E-01
1.179334E+01  1.31369E+01  1.1313E-01  1.4961E+01  5.6579E-01  1.5527E+01  1.397E+01  1.051E-01
1.260708E+01  1.31243E+01  9.8639E-02  1.2202E+01  5.3222E-01  1.2734E+01  1.139E+01  9.834E-02
1.347697E+01  1.31128E+01  8.6005E-02  9.9528E+00  5.0080E-01  1.0454E+01  9.290E+00  9.200E-02
1.440688E+01  1.31021E+01  7.4990E-02  8.1180E+00  4.7149E-01  8.5895E+00  7.577E+00  8.606E-02
1.540095E+01  1.30923E+01  6.5387E-02  6.6216E+00  4.4420E-01  7.0658E+00  6.180E+00  8.050E-02
1.646362E+01  1.30833E+01  5.7015E-02  5.4010E+00  4.1887E-01  5.8199E+00  5.041E+00  7.531E-02
1.759961E+01  1.30752E+01  4.9716E-02  4.4056E+00  3.9539E-01  4.8010E+00  4.111E+00  7.045E-02
1.881398E+01  1.30677E+01  4.3351E-02  3.5936E+00  3.7369E-01  3.9673E+00  3.353E+00  6.590E-02
2.011215E+01  1.30610E+01  3.7802E-02  2.9314E+00  3.5368E-01  3.2851E+00  2.735E+00  6.165E-02
2.149988E+01  1.30548E+01  3.2964E-02  2.3912E+00  3.3524E-01  2.7264E+00  2.231E+00  5.767E-02
2.298338E+01  1.30493E+01  2.8745E-02  1.9506E+00  3.1829E-01  2.2689E+00  1.819E+00  5.395E-02
2.456923E+01  1.30443E+01  2.5066E-02  1.5912E+00  3.0273E-01  1.8939E+00  1.484E+00  5.046E-02
2.626450E+01  1.30397E+01  2.1859E-02  1.2980E+00  2.8846E-01  1.5865E+00  1.210E+00  4.721E-02
2.807676E+01  1.30358E+01  1.8978E-02  1.0542E+00  2.7539E-01  1.3296E+00  9.830E-01  4.416E-02
3.001405E+01  1.30321E+01  1.6453E-02  8.5493E-01  2.6343E-01  1.1184E+00  7.973E-01  4.131E-02
3.208502E+01  1.30288E+01  1.4264E-02  6.9335E-01  2.5248E-01  9.4583E-01  6.466E-01  3.864E-02
3.429889E+01  1.30258E+01  1.2344E-02  5.6128E-01  2.4246E-01  8.0374E-01  5.234E-01  3.615E-02
3.666551E+01  1.30231E+01  1.0660E-02  4.5343E-01  2.3329E-01  6.8672E-01  4.227E-01  3.381E-02
3.919543E+01  1.30206E+01  9.2057E-03  3.6630E-01  2.2489E-01  5.9119E-01  3.414E-01  3.163E-02
4.189992E+01  1.30184E+01  7.9499E-03  2.9591E-01  2.1718E-01  5.1309E-01  2.757E-01  2.959E-02
4.479101E+01  1.30164E+01  6.8656E-03  2.3905E-01  2.1010E-01  4.4915E-01  2.227E-01  2.768E-02
4.788159E+01  1.30146E+01  5.9291E-03  1.9312E-01  2.0359E-01  3.9671E-01  1.798E-01  2.589E-02
5.118542E+01  1.30130E+01  5.1204E-03  1.5602E-01  1.9757E-01  3.5359E-01  1.452E-01  2.422E-02
5.471721E+01  1.30116E+01  4.4218E-03  1.2603E-01  1.9200E-01  3.1803E-01  1.173E-01  2.266E-02
5.849270E+01  1.30103E+01  3.8180E-03  1.0180E-01  1.8683E-01  2.8863E-01  9.474E-02  2.120E-02
6.252870E+01  1.30091E+01  3.2967E-03  8.2227E-02  1.8200E-01  2.6423E-01  7.652E-02  1.983E-02
6.684318E+01  1.30081E+01  2.8466E-03  6.6417E-02  1.7747E-01  2.4389E-01  6.180E-02  1.855E-02
7.145536E+01  1.30072E+01  2.4579E-03  5.3647E-02  1.7321E-01  2.2686E-01  4.991E-02  1.735E-02
7.638578E+01  1.30064E+01  2.1224E-03  4.3333E-02  1.6918E-01  2.1251E-01  4.031E-02  1.623E-02
8.165640E+01  1.30057E+01  1.8326E-03  3.5002E-02  1.6534E-01  2.0034E-01  3.256E-02  1.518E-02
8.729069E+01  1.30050E+01  1.5824E-03  2.8272E-02  1.6168E-01  1.8995E-01  2.629E-02  1.420E-02
9.331374E+01  1.30045E+01  1.3664E-03  2.2837E-02  1.5816E-01  1.8100E-01  2.124E-02  1.329E-02
9.975239E+01  1.30040E+01  1.1798E-03  1.8447E-02  1.5476E-01  1.7321E-01  1.715E-02  1.243E-02
1.066353E+02  1.30035E+01  1.0188E-03  1.4900E-02  1.5146E-01  1.6636E-01  1.385E-02  1.163E-02
1.139931E+02  1.30031E+01  8.7971E-04  1.2036E-02  1.4824E-01  1.6028E-01  1.119E-02  1.088E-02
1.218587E+02  1.30027E+01  7.5962E-04  9.7220E-03  1.4510E-01  1.5482E-01  9.035E-03  1.017E-02
1.302669E+02  1.30024E+01  6.5593E-04  7.8530E-03  1.4202E-01  1.4987E-01  7.297E-03  9.518E-03
1.392553E+02  1.30022E+01  5.6639E-04  6.3434E-03  1.3898E-01  1.4532E-01  5.893E-03  8.903E-03
1.488640E+02  1.30019E+01  4.8908E-04  5.1239E-03  1.3598E-01  1.4110E-01  4.759E-03  8.329E-03
1.591356E+02  1.30017E+01  4.2232E-04  4.1389E-03  1.3302E-01  1.3716E-01  3.844E-03  7.791E-03
1.701159E+02  1.30015E+01  3.6468E-04  3.3433E-03  1.3008E-01  1.3342E-01  3.104E-03  7.288E-03
1.818539E+02  1.30013E+01  3.1490E-04  2.7006E-03  1.2716E-01  1.2986E-01  2.507E-03  6.818E-03
1.944018E+02  1.30012E+01  2.7192E-04  2.1815E-03  1.2426E-01  1.2644E-01  2.025E-03  6.378E-03
2.078156E+02  1.30010E+01  2.3481E-04  1.7622E-03  1.2138E-01  1.2314E-01  1.635E-03  5.966E-03
2.221548E+02  1.30009E+01  2.0276E-04  1.4234E-03  1.1851E-01  1.1993E-01  1.321E-03  5.581E-03
2.374835E+02  1.30008E+01  1.7508E-04  1.1498E-03  1.1565E-01  1.1680E-01  1.067E-03  5.221E-03
2.538699E+02  1.30007E+01  1.5119E-04  9.2880E-04  1.1281E-01  1.1374E-01  8.616E-04  4.884E-03
2.713869E+02  1.30006E+01  1.3055E-04  7.5026E-04  1.0998E-01  1.1073E-01  6.958E-04  4.569E-03
2.901126E+02  1.30005E+01  1.1274E-04  6.0605E-04  1.0717E-01  1.0778E-01  5.620E-04  4.274E-03
3.101304E+02  1.30005E+01  9.7350E-05  4.8956E-04  1.0437E-01  1.0486E-01  4.539E-04  3.998E-03
3.315294E+02  1.30004E+01  8.4064E-05  3.9546E-04  1.0159E-01  1.0199E-01  3.666E-04  3.740E-03
3.544049E+02  1.30004E+01  7.2591E-05  3.1945E-04  9.8834E-02  9.9153E-02  2.960E-04  3.498E-03
3.788588E+02  1.30003E+01  6.2685E-05  2.5805E-04  9.6097E-02  9.6355E-02  2.391E-04  3.273E-03
4.050001E+02  1.30003E+01  5.4130E-05  2.0845E-04  9.3384E-02  9.3592E-02  1.931E-04  3.061E-03
4.329451E+02  1.30003E+01  4.6743E-05  1.6838E-04  9.0698E-02  9.0866E-02  1.560E-04  2.864E-03

