1.040956E+00  3.47296E+01  2.6088E+01  7.6794E+03  6.9877E+00  7.6864E+03  0.000E+00  1.191E+00
1.056889E+00  3.34815E+01  2.5535E+01  7.4034E+03  7.0245E+00  7.4104E+03  0.000E+00  1.173E+00
1.061138E+00  3.15154E+01  2.5392E+01  7.3322E+03  7.0340E+00  7.3392E+03  0.000E+00  1.168E+00
1.067676E+00  3.38505E+01  2.9274E+01  8.4016E+03  7.0485E+00  8.4086E+03  0.000E+00  1.161E+00
1.083444E+00  3.60736E+01  2.8639E+01  8.0995E+03  7.0825E+00  8.1066E+03  0.000E+00  1.144E+00
1.113966E+00  3.76618E+01  2.7474E+01  7.5573E+03  7.1442E+00  7.5644E+03  0.000E+00  1.113E+00
1.131017E+00  3.76671E+01  2.6916E+01  7.2922E+03  7.1765E+00  7.2994E+03  0.000E+00  1.096E+00
1.135563E+00  3.69535E+01  2.6773E+01  7.2244E+03  7.1849E+00  7.2316E+03  0.000E+00  1.092E+00
1.141345E+00  3.79670E+01  2.8357E+01  7.6130E+03  7.1953E+00  7.6202E+03  0.000E+00  1.086E+00
1.142384E+00  3.81225E+01  2.8322E+01  7.5966E+03  7.1972E+00  7.6038E+03  0.000E+00  1.085E+00
1.159434E+00  3.95218E+01  2.7758E+01  7.3358E+03  7.2270E+00  7.3430E+03  0.000E+00  1.069E+00
1.220098E+00  4.17996E+01  2.6003E+01  6.5303E+03  7.3219E+00  6.5376E+03  0.000E+00  1.016E+00
1.266944E+00  4.27472E+01  2.4880E+01  6.0174E+03  7.3842E+00  6.0248E+03  0.000E+00  9.786E-01
1.286336E+00  4.27243E+01  2.4455E+01  5.8254E+03  7.4073E+00  5.8328E+03  0.000E+00  9.639E-01
1.291507E+00  4.22596E+01  2.4345E+01  5.7760E+03  7.4132E+00  5.7834E+03  0.000E+00  9.600E-01
1.299264E+00  4.30282E+01  2.5333E+01  5.9745E+03  7.4219E+00  5.9819E+03  0.000E+00  9.543E-01
1.304285E+00  4.33576E+01  2.5227E+01  5.9265E+03  7.4274E+00  5.9339E+03  0.000E+00  9.506E-01
1.318656E+00  4.39869E+01  2.4929E+01  5.7927E+03  7.4427E+00  5.8001E+03  0.000E+00  9.402E-01
1.394281E+00  4.59814E+01  2.3285E+01  5.1173E+03  7.5111E+00  5.1248E+03  0.000E+00  8.892E-01
1.490486E+00  4.75979E+01  2.1370E+01  4.3933E+03  7.5723E+00  4.4009E+03  0.000E+00  8.318E-01
1.593329E+00  4.87836E+01  1.9565E+01  3.7626E+03  7.6109E+00  3.7702E+03  0.000E+00  7.781E-01
1.703269E+00  4.96753E+01  1.7896E+01  3.2195E+03  7.6268E+00  3.2271E+03  0.000E+00  7.279E-01
1.820795E+00  5.03359E+01  1.6327E+01  2.7476E+03  7.6199E+00  2.7552E+03  0.000E+00  6.809E-01
1.946430E+00  5.08105E+01  1.4895E+01  2.3449E+03  7.5908E+00  2.3525E+03  0.000E+00  6.370E-01
2.080733E+00  5.11484E+01  1.3600E+01  2.0028E+03  7.5397E+00  2.0103E+03  0.000E+00  5.959E-01
2.224304E+00  5.14850E+01  1.2407E+01  1.7092E+03  7.4676E+00  1.7167E+03  0.000E+00  5.574E-01
2.377781E+00  5.16848E+01  1.1310E+01  1.4574E+03  7.3752E+00  1.4648E+03  0.000E+00  5.214E-01
2.541848E+00  5.17595E+01  1.0315E+01  1.2435E+03  7.2635E+00  1.2508E+03  0.000E+00  4.878E-01
2.717235E+00  5.17921E+01  9.4155E+00  1.0618E+03  7.1337E+00  1.0689E+03  0.000E+00  4.563E-01
2.904724E+00  5.17628E+01  8.6035E+00  9.0757E+02  6.9870E+00  9.1456E+02  0.000E+00  4.268E-01
3.105150E+00  5.17419E+01  7.8048E+00  7.7018E+02  6.8250E+00  7.7700E+02  0.000E+00  3.993E-01
3.319406E+00  5.15927E+01  6.9934E+00  6.4556E+02  6.6489E+00  6.5221E+02  0.000E+00  3.735E-01
3.548445E+00  5.13222E+01  6.2655E+00  5.4105E+02  6.4604E+00  5.4751E+02  0.000E+00  3.494E-01
3.793288E+00  5.09469E+01  5.6213E+00  4.5408E+02  6.2610E+00  4.6034E+02  0.000E+00  3.269E-01
4.055024E+00  5.04516E+01  5.0525E+00  3.8179E+02  6.0522E+00  3.8784E+02  0.000E+00  3.058E-01
4.334821E+00  4.97836E+01  4.5498E+00  3.2161E+02  5.8357E+00  3.2745E+02  0.000E+00  2.860E-01
4.633924E+00  4.88026E+01  4.1024E+00  2.7127E+02  5.6130E+00  2.7688E+02  0.000E+00  2.676E-01
4.953664E+00  4.69999E+01  3.6853E+00  2.2796E+02  5.3856E+00  2.3335E+02  0.000E+00  2.503E-01
5.142060E+00  4.45430E+01  3.4671E+00  2.0661E+02  5.2569E+00  2.1187E+02  0.000E+00  2.411E-01
5.220765E+00  4.13094E+01  3.3825E+00  1.9853E+02  5.2043E+00  2.0373E+02  0.000E+00  2.375E-01
5.241753E+00  3.75721E+01  3.3605E+00  1.9645E+02  5.1904E+00  2.0164E+02  0.000E+00  2.365E-01
5.273235E+00  4.12613E+01  1.0586E+01  6.1513E+02  5.1696E+00  6.2030E+02  0.000E+00  2.351E-01
5.295467E+00  4.26868E+01  1.0489E+01  6.0695E+02  5.1550E+00  6.1210E+02  0.000E+00  2.341E-01
5.351940E+00  4.43928E+01  1.0250E+01  5.8683E+02  5.1181E+00  5.9195E+02  0.000E+00  2.317E-01
5.511128E+00  4.56654E+01  9.6197E+00  5.3485E+02  5.0161E+00  5.3987E+02  0.000E+00  2.250E-01
5.595482E+00  4.47233E+01  9.3495E+00  5.1199E+02  4.9632E+00  5.1695E+02  0.000E+00  2.216E-01
5.617976E+00  4.30095E+01  9.2804E+00  5.0618E+02  4.9492E+00  5.1113E+02  0.000E+00  2.207E-01
5.651718E+00  4.50562E+01  1.2800E+01  6.9398E+02  4.9283E+00  6.9891E+02  0.000E+00  2.194E-01
5.660855E+00  4.54367E+01  1.2760E+01  6.9066E+02  4.9226E+00  6.9558E+02  0.000E+00  2.190E-01
5.736072E+00  4.70616E+01  1.2435E+01  6.6427E+02  4.8766E+00  6.6915E+02  0.000E+00  2.161E-01
5.869024E+00  4.81910E+01  1.1901E+01  6.2132E+02  4.7966E+00  6.2612E+02  0.000E+00  2.113E-01
5.958856E+00  4.80966E+01  1.1578E+01  5.9535E+02  4.7436E+00  6.0009E+02  0.000E+00  2.081E-01
5.982811E+00  4.73384E+01  1.1497E+01  5.8882E+02  4.7296E+00  5.9355E+02  0.000E+00  2.072E-01
6.018744E+00  4.84624E+01  1.3172E+01  6.7059E+02  4.7088E+00  6.7530E+02  0.000E+00  2.060E-01
6.051453E+00  4.90789E+01  1.3061E+01  6.6133E+02  4.6899E+00  6.6602E+02  0.000E+00  2.049E-01
6.108576E+00  4.97589E+01  1.2872E+01  6.4567E+02  4.6571E+00  6.5033E+02  0.000E+00  2.030E-01
6.469004E+00  5.19659E+01  1.1807E+01  5.5924E+02  4.4579E+00  5.6370E+02  0.000E+00  1.917E-01
6.915365E+00  5.34251E+01  1.0692E+01  4.7375E+02  4.2280E+00  4.7798E+02  0.000E+00  1.793E-01
7.392525E+00  5.43968E+01  9.6457E+00  3.9981E+02  4.0012E+00  4.0381E+02  0.000E+00  1.677E-01
7.902609E+00  5.50660E+01  8.6788E+00  3.3651E+02  3.7784E+00  3.4029E+02  0.000E+00  1.569E-01
8.447890E+00  5.55333E+01  7.8032E+00  2.8303E+02  3.5606E+00  2.8659E+02  0.000E+00  1.468E-01
9.030794E+00  5.58880E+01  7.0067E+00  2.3774E+02  3.3485E+00  2.4109E+02  0.000E+00  1.373E-01
9.653919E+00  5.61120E+01  6.2554E+00  1.9855E+02  3.1428E+00  2.0169E+02  0.000E+00  1.284E-01
1.032004E+01  5.62453E+01  5.5897E+00  1.6597E+02  2.9441E+00  1.6891E+02  0.000E+00  1.201E-01
1.103212E+01  5.63911E+01  4.9844E+00  1.3844E+02  2.7527E+00  1.4119E+02  0.000E+00  1.124E-01
1.179334E+01  5.64523E+01  4.4369E+00  1.1528E+02  2.5691E+00  1.1785E+02  0.000E+00  1.051E-01
1.260708E+01  5.64722E+01  3.9400E+00  9.5763E+01  2.3936E+00  9.8157E+01  0.000E+00  9.834E-02
1.347697E+01  5.64235E+01  3.4989E+00  7.9553E+01  2.2263E+00  8.1779E+01  0.000E+00  9.200E-02
1.440688E+01  5.63541E+01  3.1098E+00  6.6143E+01  2.0674E+00  6.8210E+01  0.000E+00  8.606E-02
1.540095E+01  5.62713E+01  2.7659E+00  5.5031E+01  1.9170E+00  5.6948E+01  0.000E+00  8.050E-02
1.646362E+01  5.61795E+01  2.4620E+00  4.5823E+01  1.7749E+00  4.7598E+01  0.000E+00  7.531E-02
1.759961E+01  5.60818E+01  2.1935E+00  3.8190E+01  1.6411E+00  3.9831E+01  0.000E+00  7.045E-02
1.881398E+01  5.59801E+01  1.9560E+00  3.1858E+01  1.5155E+00  3.3374E+01  0.000E+00  6.590E-02
2.011215E+01  5.58754E+01  1.7459E+00  2.6599E+01  1.3979E+00  2.7997E+01  0.000E+00  6.165E-02
2.149988E+01  5.57679E+01  1.5597E+00  2.2229E+01  1.2881E+00  2.3517E+01  0.000E+00  5.767E-02
2.298338E+01  5.56571E+01  1.3938E+00  1.8582E+01  1.1858E+00  1.9768E+01  0.000E+00  5.395E-02
2.456923E+01  5.55396E+01  1.2429E+00  1.5501E+01  1.0907E+00  1.6592E+01  0.000E+00  5.046E-02
2.626450E+01  5.54124E+01  1.1072E+00  1.2917E+01  1.0026E+00  1.3920E+01  0.000E+00  4.721E-02
2.807676E+01  5.52621E+01  9.7560E-01  1.0647E+01  9.2114E-01  1.1568E+01  0.000E+00  4.416E-02
3.001405E+01  5.50700E+01  8.5752E-01  8.7545E+00  8.4595E-01  9.6004E+00  0.000E+00  4.131E-02
3.208502E+01  5.48096E+01  7.5436E-01  7.2043E+00  7.7673E-01  7.9810E+00  0.000E+00  3.864E-02
3.429889E+01  5.43908E+01  6.6418E-01  5.9336E+00  7.1312E-01  6.6467E+00  0.000E+00  3.615E-02
3.666551E+01  5.32415E+01  5.8526E-01  4.8911E+00  6.5480E-01  5.5459E+00  0.000E+00  3.381E-02
3.669179E+01  5.32120E+01  5.8447E-01  4.8810E+00  6.5420E-01  5.5352E+00  0.000E+00  3.379E-02
3.725340E+01  5.19948E+01  5.6795E-01  4.6715E+00  6.4164E-01  5.3131E+00  0.000E+00  3.328E-02
3.740316E+01  5.05352E+01  5.6367E-01  4.6177E+00  6.3836E-01  5.2561E+00  0.000E+00  3.315E-02
3.762780E+01  5.20120E+01  3.4315E+00  2.7944E+01  6.3351E-01  2.8578E+01  2.341E+01  3.295E-02
3.818941E+01  5.33471E+01  3.3512E+00  2.6889E+01  6.2166E-01  2.7511E+01  2.254E+01  3.247E-02
3.919543E+01  5.41930E+01  3.2150E+00  2.5133E+01  6.0143E-01  2.5734E+01  2.110E+01  3.163E-02
4.189992E+01  5.51167E+01  2.8831E+00  2.1084E+01  5.5267E-01  2.1637E+01  1.775E+01  2.959E-02
4.479101E+01  5.55719E+01  2.5829E+00  1.7670E+01  5.0820E-01  1.8178E+01  1.492E+01  2.768E-02
4.788159E+01  5.58522E+01  2.3128E+00  1.4801E+01  4.6772E-01  1.5269E+01  1.252E+01  2.589E-02
5.118542E+01  5.60387E+01  2.0659E+00  1.2367E+01  4.3092E-01  1.2798E+01  1.048E+01  2.422E-02
5.471721E+01  5.61622E+01  1.8434E+00  1.0323E+01  3.9751E-01  1.0721E+01  8.762E+00  2.266E-02
5.849270E+01  5.62448E+01  1.6446E+00  8.6151E+00  3.6722E-01  8.9823E+00  7.321E+00  2.120E-02
6.252870E+01  5.62991E+01  1.4669E+00  7.1886E+00  3.3979E-01  7.5284E+00  6.115E+00  1.983E-02
6.684318E+01  5.63333E+01  1.3083E+00  5.9975E+00  3.1497E-01  6.3125E+00  5.107E+00  1.855E-02
7.145536E+01  5.63534E+01  1.1668E+00  5.0034E+00  2.9252E-01  5.2959E+00  4.263E+00  1.735E-02
7.638578E+01  5.63946E+01  1.0396E+00  4.1703E+00  2.7225E-01  4.4426E+00  3.555E+00  1.623E-02
8.165640E+01  5.63972E+01  9.2298E-01  3.4635E+00  2.5393E-01  3.7174E+00  2.953E+00  1.518E-02
8.729069E+01  5.63892E+01  8.1666E-01  2.8667E+00  2.3739E-01  3.1041E+00  2.446E+00  1.420E-02
9.331374E+01  5.63757E+01  7.2265E-01  2.3730E+00  2.2244E-01  2.5954E+00  2.026E+00  1.329E-02
9.975239E+01  5.63589E+01  6.3952E-01  1.9645E+00  2.0894E-01  2.1734E+00  1.678E+00  1.243E-02
1.066353E+02  5.63400E+01  5.6600E-01  1.6264E+00  1.9673E-01  1.8231E+00  1.390E+00  1.163E-02
1.139931E+02  5.63200E+01  5.0098E-01  1.3466E+00  1.8567E-01  1.5323E+00  1.151E+00  1.088E-02
1.218587E+02  5.62996E+01  4.4346E-01  1.1151E+00  1.7565E-01  1.2908E+00  9.536E-01  1.017E-02
1.302669E+02  5.62792E+01  3.9257E-01  9.2341E-01  1.6655E-01  1.0900E+00  7.898E-01  9.518E-03
1.392553E+02  5.62592E+01  3.4755E-01  7.6474E-01  1.5827E-01  9.2301E-01  6.542E-01  8.903E-03
1.488640E+02  5.62398E+01  3.0771E-01  6.3338E-01  1.5071E-01  7.8409E-01  5.419E-01  8.329E-03
1.591356E+02  5.62212E+01  2.7246E-01  5.2462E-01  1.4380E-01  6.6842E-01  4.488E-01  7.791E-03
1.701159E+02  5.62034E+01  2.4145E-01  4.3491E-01  1.3745E-01  5.7236E-01  3.721E-01  7.288E-03
1.818539E+02  5.61868E+01  2.1406E-01  3.6068E-01  1.3161E-01  4.9229E-01  3.086E-01  6.818E-03
1.944018E+02  5.61713E+01  1.8978E-01  2.9914E-01  1.2621E-01  4.2535E-01  2.559E-01  6.378E-03
2.078156E+02  5.61568E+01  1.6827E-01  2.4811E-01  1.2120E-01  3.6931E-01  2.122E-01  5.966E-03
2.221548E+02  5.61433E+01  1.4921E-01  2.0580E-01  1.1653E-01  3.2233E-01  1.760E-01  5.581E-03
2.374835E+02  5.61308E+01  1.3231E-01  1.7071E-01  1.1216E-01  2.8287E-01  1.460E-01  5.221E-03
2.538699E+02  5.61192E+01  1.1733E-01  1.4162E-01  1.0805E-01  2.4967E-01  1.211E-01  4.884E-03
2.713869E+02  5.61085E+01  1.0406E-01  1.1749E-01  1.0417E-01  2.2166E-01  1.004E-01  4.569E-03
2.901126E+02  5.60987E+01  9.2287E-02  9.7474E-02  1.0049E-01  1.9796E-01  8.328E-02  4.274E-03
3.101304E+02  5.60897E+01  8.1854E-02  8.0874E-02  9.6989E-02  1.7786E-01  6.907E-02  3.998E-03
3.315294E+02  5.60814E+01  7.2604E-02  6.7104E-02  9.3645E-02  1.6075E-01  5.728E-02  3.740E-03
3.544049E+02  5.60738E+01  6.4402E-02  5.5682E-02  9.0438E-02  1.4612E-01  4.751E-02  3.498E-03
3.788588E+02  5.60669E+01  5.7129E-02  4.6206E-02  8.7353E-02  1.3356E-01  3.940E-02  3.273E-03
4.050001E+02  5.60606E+01  5.0681E-02  3.8344E-02  8.4377E-02  1.2272E-01  3.268E-02  3.061E-03
4.329451E+02  5.60548E+01  4.4962E-02  3.1822E-02  8.1498E-02  1.1332E-01  2.710E-02  2.864E-03


