1.0016605E+00 3.55075E+01  9.1789E+00  2.3730E+03  8.5394E+00  2.3815E+03  0.000E-01  1.238E+00
1.0066688E+00 3.54827E+01  9.1261E+00  2.3476E+03  8.5549E+00  2.3561E+03  0.000E-01  1.232E+00
1.0117021E+00 3.54478E+01  9.0736E+00  2.3225E+03  8.5703E+00  2.3310E+03  0.000E-01  1.226E+00
1.0167606E+00 3.54039E+01  9.0214E+00  2.2976E+03  8.5856E+00  2.3062E+03  0.000E-01  1.219E+00
1.0218444E+00 3.53516E+01  8.9696E+00  2.2731E+03  8.6007E+00  2.2817E+03  0.000E-01  1.213E+00
1.0269536E+00 3.52915E+01  8.9182E+00  2.2488E+03  8.6158E+00  2.2574E+03  0.000E-01  1.207E+00
1.0320884E+00 3.52241E+01  8.8671E+00  2.2248E+03  8.6307E+00  2.2334E+03  0.000E-01  1.201E+00
1.0372489E+00 3.51497E+01  8.8164E+00  2.2011E+03  8.6455E+00  2.2097E+03  0.000E-01  1.195E+00
1.0424351E+00 3.50684E+01  8.7660E+00  2.1776E+03  8.6602E+00  2.1863E+03  0.000E-01  1.189E+00
1.0476473E+00 3.49805E+01  8.7160E+00  2.1544E+03  8.6747E+00  2.1631E+03  0.000E-01  1.183E+00
1.0528855E+00 3.48859E+01  8.6663E+00  2.1315E+03  8.6891E+00  2.1401E+03  0.000E-01  1.178E+00
1.0581499E+00 3.47847E+01  8.6169E+00  2.1088E+03  8.7034E+00  2.1175E+03  0.000E-01  1.172E+00
1.0634407E+00 3.46769E+01  8.5679E+00  2.0864E+03  8.7176E+00  2.0951E+03  0.000E-01  1.166E+00
1.0687579E+00 3.45624E+01  8.5193E+00  2.0642E+03  8.7316E+00  2.0729E+03  0.000E-01  1.160E+00
1.0741017E+00 3.44411E+01  8.4709E+00  2.0423E+03  8.7455E+00  2.0510E+03  0.000E-01  1.154E+00
1.0794722E+00 3.43129E+01  8.4229E+00  2.0206E+03  8.7593E+00  2.0293E+03  0.000E-01  1.149E+00
1.0848695E+00 3.41775E+01  8.3753E+00  1.9992E+03  8.7730E+00  2.0079E+03  0.000E-01  1.143E+00
1.0902939E+00 3.40347E+01  8.3279E+00  1.9780E+03  8.7865E+00  1.9867E+03  0.000E-01  1.137E+00
1.0957454E+00 3.38842E+01  8.2809E+00  1.9570E+03  8.7999E+00  1.9658E+03  0.000E-01  1.132E+00
1.1012241E+00 3.37257E+01  8.2342E+00  1.9363E+03  8.8131E+00  1.9451E+03  0.000E-01  1.126E+00
1.1067302E+00 3.35589E+01  8.1878E+00  1.9158E+03  8.8263E+00  1.9246E+03  0.000E-01  1.120E+00
1.1122639E+00 3.33833E+01  8.1418E+00  1.8956E+03  8.8393E+00  1.9044E+03  0.000E-01  1.115E+00
1.1178252E+00 3.31985E+01  8.0961E+00  1.8755E+03  8.8521E+00  1.8844E+03  0.000E-01  1.109E+00
1.1234143E+00 3.30039E+01  8.0507E+00  1.8557E+03  8.8649E+00  1.8646E+03  0.000E-01  1.104E+00
1.1290314E+00 3.27990E+01  8.0056E+00  1.8362E+03  8.8775E+00  1.8450E+03  0.000E-01  1.098E+00
1.1346765E+00 3.25831E+01  7.9608E+00  1.8168E+03  8.8899E+00  1.8257E+03  0.000E-01  1.093E+00
1.1403499E+00 3.23554E+01  7.9163E+00  1.7977E+03  8.9022E+00  1.8066E+03  0.000E-01  1.087E+00
1.1460517E+00 3.21151E+01  7.8721E+00  1.7787E+03  8.9144E+00  1.7877E+03  0.000E-01  1.082E+00
1.1517819E+00 3.18612E+01  7.8283E+00  1.7600E+03  8.9265E+00  1.7690E+03  0.000E-01  1.076E+00
1.1575408E+00 3.15927E+01  7.7847E+00  1.7415E+03  8.9384E+00  1.7505E+03  0.000E-01  1.071E+00
1.1633285E+00 3.13083E+01  7.7415E+00  1.7232E+03  8.9502E+00  1.7322E+03  0.000E-01  1.066E+00
1.1691452E+00 3.10067E+01  7.6985E+00  1.7052E+03  8.9619E+00  1.7141E+03  0.000E-01  1.060E+00
1.1749909E+00 3.06860E+01  7.6548E+00  1.6870E+03  8.9734E+00  1.6960E+03  0.000E-01  1.055E+00
1.1808659E+00 3.03445E+01  7.6105E+00  1.6689E+03  8.9848E+00  1.6779E+03  0.000E-01  1.050E+00
1.1867702E+00 2.99798E+01  7.5666E+00  1.6510E+03  8.9960E+00  1.6600E+03  0.000E-01  1.045E+00
1.1927040E+00 2.95894E+01  7.5229E+00  1.6333E+03  9.0071E+00  1.6424E+03  0.000E-01  1.040E+00
1.1986676E+00 2.91703E+01  7.4795E+00  1.6159E+03  9.0180E+00  1.6249E+03  0.000E-01  1.034E+00
1.2046609E+00 2.87188E+01  7.4365E+00  1.5986E+03  9.0289E+00  1.6076E+03  0.000E-01  1.029E+00
1.2106842E+00 2.82306E+01  7.3938E+00  1.5815E+03  9.0395E+00  1.5905E+03  0.000E-01  1.024E+00
1.2167376E+00 2.77003E+01  7.3513E+00  1.5646E+03  9.0501E+00  1.5736E+03  0.000E-01  1.019E+00
1.2228213E+00 2.71213E+01  7.3092E+00  1.5479E+03  9.0605E+00  1.5569E+03  0.000E-01  1.014E+00
1.2289354E+00 2.64852E+01  7.2673E+00  1.5313E+03  9.0707E+00  1.5404E+03  0.000E-01  1.009E+00
1.2350801E+00 2.57812E+01  7.2258E+00  1.5150E+03  9.0809E+00  1.5241E+03  0.000E-01  1.004E+00
1.2412555E+00 2.49950E+01  7.1845E+00  1.4989E+03  9.0908E+00  1.5080E+03  0.000E-01  9.989E-01
1.2474618E+00 2.41072E+01  7.1435E+00  1.4829E+03  9.1007E+00  1.4920E+03  0.000E-01  9.939E-01
1.2536991E+00 2.30911E+01  7.1029E+00  1.4671E+03  9.1104E+00  1.4762E+03  0.000E-01  9.889E-01
1.2599676E+00 2.19047E+01  7.0625E+00  1.4515E+03  9.1199E+00  1.4606E+03  0.000E-01  9.840E-01
1.2662674E+00 2.04841E+01  7.0223E+00  1.4361E+03  9.1293E+00  1.4452E+03  0.000E-01  9.791E-01
1.2725988E+00 1.87174E+01  6.9825E+00  1.4208E+03  9.1386E+00  1.4300E+03  0.000E-01  9.743E-01
1.2789618E+00 1.63805E+01  6.9430E+00  1.4058E+03  9.1477E+00  1.4149E+03  0.000E-01  9.694E-01
1.2853566E+00 1.28991E+01  6.9037E+00  1.3909E+03  9.1566E+00  1.4000E+03  0.000E-01  9.646E-01
1.2917833E+00 5.58834E+00  6.8647E+00  1.3761E+03  9.1655E+00  1.3853E+03  0.000E-01  9.598E-01
1.2947290E+00  -1.27100E+01  6.8469E+00  1.3694E+03  9.1694E+00  1.3786E+03  0.000E-01  9.576E-01
1.2950709E+00  -1.30561E+01  2.6489E+01  5.2965E+03  9.1699E+00  5.3057E+03  0.000E-01  9.574E-01
1.2982423E+00 5.35530E+00  2.6389E+01  5.2636E+03  9.1741E+00  5.2728E+03  0.000E-01  9.550E-01
1.3047335E+00 1.15342E+01  2.6186E+01  5.1973E+03  9.1827E+00  5.2064E+03  0.000E-01  9.503E-01
1.3112571E+00 1.38769E+01  2.5985E+01  5.1317E+03  9.1911E+00  5.1409E+03  0.000E-01  9.455E-01
1.3178134E+00 1.47162E+01  2.5786E+01  5.0670E+03  9.1993E+00  5.0762E+03  0.000E-01  9.408E-01
1.3244025E+00 1.40991E+01  2.5588E+01  5.0032E+03  9.2074E+00  5.0124E+03  0.000E-01  9.362E-01
1.3310245E+00 8.65102E+00  2.5392E+01  4.9401E+03  9.2154E+00  4.9493E+03  0.000E-01  9.315E-01
1.3321988E+00 2.39694E+00  2.5357E+01  4.9290E+03  9.2167E+00  4.9382E+03  0.000E-01  9.307E-01
1.3328011E+00 2.31057E+00  3.8199E+01  7.4219E+03  9.2175E+00  7.4311E+03  0.000E-01  9.303E-01
1.3376796E+00 1.49106E+01  3.7980E+01  7.3524E+03  9.2232E+00  7.3616E+03  0.000E-01  9.269E-01
1.3443680E+00 1.94254E+01  3.7683E+01  7.2587E+03  9.2308E+00  7.2679E+03  0.000E-01  9.222E-01
1.3510899E+00 2.22413E+01  3.7389E+01  7.1661E+03  9.2383E+00  7.1754E+03  0.000E-01  9.177E-01
1.3578453E+00 2.43810E+01  3.7097E+01  7.0748E+03  9.2457E+00  7.0840E+03  0.000E-01  9.131E-01
1.3646345E+00 2.61366E+01  3.6807E+01  6.9846E+03  9.2529E+00  6.9939E+03  0.000E-01  9.086E-01
1.3714577E+00 2.76375E+01  3.6520E+01  6.8956E+03  9.2600E+00  6.9049E+03  0.000E-01  9.040E-01
1.3783150E+00 2.89537E+01  3.6235E+01  6.8078E+03  9.2669E+00  6.8170E+03  0.000E-01  8.995E-01
1.3852066E+00 3.01281E+01  3.5952E+01  6.7211E+03  9.2736E+00  6.7303E+03  0.000E-01  8.951E-01
1.3921326E+00 3.11894E+01  3.5672E+01  6.6355E+03  9.2802E+00  6.6447E+03  0.000E-01  8.906E-01
1.3990933E+00 3.21577E+01  3.5394E+01  6.5510E+03  9.2867E+00  6.5603E+03  0.000E-01  8.862E-01
1.4060887E+00 3.30477E+01  3.5118E+01  6.4676E+03  9.2930E+00  6.4769E+03  0.000E-01  8.818E-01
1.4131192E+00 3.38708E+01  3.4844E+01  6.3852E+03  9.2992E+00  6.3945E+03  0.000E-01  8.774E-01
1.4201848E+00 3.46356E+01  3.4573E+01  6.3040E+03  9.3052E+00  6.3133E+03  0.000E-01  8.730E-01
1.4272857E+00 3.53491E+01  3.4303E+01  6.2238E+03  9.3111E+00  6.2331E+03  0.000E-01  8.687E-01
1.4344221E+00 3.60170E+01  3.4036E+01  6.1446E+03  9.3168E+00  6.1539E+03  0.000E-01  8.643E-01
1.4415942E+00 3.66440E+01  3.3771E+01  6.0664E+03  9.3224E+00  6.0757E+03  0.000E-01  8.600E-01
1.4488022E+00 3.72340E+01  3.3509E+01  5.9893E+03  9.3278E+00  5.9986E+03  0.000E-01  8.558E-01
1.4560462E+00 3.77901E+01  3.3248E+01  5.9131E+03  9.3331E+00  5.9224E+03  0.000E-01  8.515E-01
1.4633265E+00 3.83152E+01  3.2989E+01  5.8379E+03  9.3382E+00  5.8473E+03  0.000E-01  8.473E-01
1.4706431E+00 3.88115E+01  3.2733E+01  5.7637E+03  9.3432E+00  5.7731E+03  0.000E-01  8.431E-01
1.4779963E+00 3.92812E+01  3.2479E+01  5.6905E+03  9.3480E+00  5.6998E+03  0.000E-01  8.389E-01
1.4853863E+00 3.97259E+01  3.2226E+01  5.6182E+03  9.3526E+00  5.6275E+03  0.000E-01  8.347E-01
1.4928132E+00 4.01470E+01  3.1976E+01  5.5468E+03  9.3572E+00  5.5562E+03  0.000E-01  8.305E-01
1.5002773E+00 4.05459E+01  3.1728E+01  5.4764E+03  9.3615E+00  5.4857E+03  0.000E-01  8.264E-01
1.5077787E+00 4.09237E+01  3.1481E+01  5.4068E+03  9.3657E+00  5.4162E+03  0.000E-01  8.223E-01
1.5153176E+00 4.12811E+01  3.1237E+01  5.3382E+03  9.3698E+00  5.3475E+03  0.000E-01  8.182E-01
1.5228942E+00 4.16190E+01  3.0995E+01  5.2704E+03  9.3737E+00  5.2798E+03  0.000E-01  8.141E-01
1.5305086E+00 4.19380E+01  3.0754E+01  5.2035E+03  9.3775E+00  5.2129E+03  0.000E-01  8.101E-01
1.5381612E+00 4.22384E+01  3.0516E+01  5.1375E+03  9.3811E+00  5.1469E+03  0.000E-01  8.061E-01
1.5458520E+00 4.25206E+01  3.0279E+01  5.0723E+03  9.3845E+00  5.0817E+03  0.000E-01  8.020E-01
1.5535812E+00 4.27846E+01  3.0045E+01  5.0079E+03  9.3878E+00  5.0173E+03  0.000E-01  7.981E-01
1.5613491E+00 4.30304E+01  2.9812E+01  4.9444E+03  9.3910E+00  4.9538E+03  0.000E-01  7.941E-01
1.5691559E+00 4.32576E+01  2.9581E+01  4.8817E+03  9.3940E+00  4.8911E+03  0.000E-01  7.901E-01
1.5770017E+00 4.34658E+01  2.9352E+01  4.8198E+03  9.3968E+00  4.8292E+03  0.000E-01  7.862E-01
1.5848867E+00 4.36539E+01  2.9125E+01  4.7587E+03  9.3995E+00  4.7681E+03  0.000E-01  7.823E-01
1.5928111E+00 4.38206E+01  2.8900E+01  4.6984E+03  9.4021E+00  4.7078E+03  0.000E-01  7.784E-01
1.6007752E+00 4.39641E+01  2.8676E+01  4.6389E+03  9.4044E+00  4.6483E+03  0.000E-01  7.745E-01
1.6087790E+00 4.40814E+01  2.8454E+01  4.5801E+03  9.4067E+00  4.5895E+03  0.000E-01  7.707E-01
1.6168229E+00 4.41685E+01  2.8234E+01  4.5221E+03  9.4088E+00  4.5315E+03  0.000E-01  7.668E-01
1.6249070E+00 4.42193E+01  2.8016E+01  4.4649E+03  9.4107E+00  4.4743E+03  0.000E-01  7.630E-01
1.6330316E+00 4.42240E+01  2.7800E+01  4.4083E+03  9.4125E+00  4.4177E+03  0.000E-01  7.592E-01
1.6411967E+00 4.41663E+01  2.7585E+01  4.3525E+03  9.4141E+00  4.3619E+03  0.000E-01  7.555E-01
1.6494027E+00 4.40159E+01  2.7372E+01  4.2974E+03  9.4156E+00  4.3068E+03  0.000E-01  7.517E-01
1.6576497E+00 4.37067E+01  2.7161E+01  4.2431E+03  9.4169E+00  4.2525E+03  0.000E-01  7.480E-01
1.6659380E+00 4.30420E+01  2.6951E+01  4.1894E+03  9.4181E+00  4.1988E+03  0.000E-01  7.442E-01
1.6740015E+00 4.06438E+01  2.6750E+01  4.1380E+03  9.4191E+00  4.1474E+03  0.000E-01  7.406E-01
1.6742677E+00 4.03848E+01  2.6743E+01  4.1363E+03  9.4191E+00  4.1457E+03  0.000E-01  7.405E-01
1.6771986E+00 4.06710E+01  3.1276E+01  4.8289E+03  9.4194E+00  4.8383E+03  0.000E-01  7.392E-01
1.6826390E+00 4.30080E+01  3.1109E+01  4.7876E+03  9.4200E+00  4.7970E+03  0.000E-01  7.368E-01
1.6910522E+00 4.43844E+01  3.0853E+01  4.7246E+03  9.4207E+00  4.7340E+03  0.000E-01  7.332E-01
1.6995075E+00 4.52282E+01  3.0599E+01  4.6624E+03  9.4213E+00  4.6719E+03  0.000E-01  7.295E-01
1.7080050E+00 4.58623E+01  3.0348E+01  4.6011E+03  9.4217E+00  4.6105E+03  0.000E-01  7.259E-01
1.7165450E+00 4.63795E+01  3.0098E+01  4.5406E+03  9.4220E+00  4.5500E+03  0.000E-01  7.223E-01
1.7251278E+00 4.68192E+01  2.9851E+01  4.4809E+03  9.4221E+00  4.4903E+03  0.000E-01  7.187E-01
1.7337534E+00 4.72017E+01  2.9606E+01  4.4220E+03  9.4220E+00  4.4314E+03  0.000E-01  7.151E-01
1.7424222E+00 4.75382E+01  2.9362E+01  4.3638E+03  9.4219E+00  4.3732E+03  0.000E-01  7.116E-01
1.7511343E+00 4.78347E+01  2.9120E+01  4.3063E+03  9.4215E+00  4.3157E+03  0.000E-01  7.080E-01
1.7598899E+00 4.80934E+01  2.8885E+01  4.2502E+03  9.4210E+00  4.2596E+03  0.000E-01  7.045E-01
1.7686894E+00 4.83245E+01  2.8668E+01  4.1973E+03  9.4204E+00  4.2067E+03  0.000E-01  7.010E-01
1.7775328E+00 4.85326E+01  2.8454E+01  4.1452E+03  9.4196E+00  4.1547E+03  0.000E-01  6.975E-01
1.7864205E+00 4.87158E+01  2.8243E+01  4.0940E+03  9.4187E+00  4.1034E+03  0.000E-01  6.940E-01
1.7953526E+00 4.88707E+01  2.8034E+01  4.0436E+03  9.4176E+00  4.0530E+03  0.000E-01  6.906E-01
1.8043294E+00 4.89917E+01  2.7829E+01  3.9940E+03  9.4163E+00  4.0034E+03  0.000E-01  6.871E-01
1.8133510E+00 4.90667E+01  2.7626E+01  3.9451E+03  9.4150E+00  3.9545E+03  0.000E-01  6.837E-01
1.8224178E+00 4.90685E+01  2.7425E+01  3.8970E+03  9.4134E+00  3.9064E+03  0.000E-01  6.803E-01
1.8315299E+00 4.89126E+01  2.7227E+01  3.8496E+03  9.4117E+00  3.8590E+03  0.000E-01  6.769E-01
1.8399858E+00 4.80751E+01  2.7047E+01  3.8065E+03  9.4100E+00  3.8159E+03  0.000E-01  6.738E-01
1.8406875E+00 4.77976E+01  2.7032E+01  3.8029E+03  9.4099E+00  3.8123E+03  0.000E-01  6.736E-01
1.8436141E+00 4.81344E+01  2.8861E+01  4.0538E+03  9.4093E+00  4.0633E+03  0.000E-01  6.725E-01
1.8498909E+00 4.91843E+01  2.8714E+01  4.0195E+03  9.4079E+00  4.0289E+03  0.000E-01  6.702E-01
1.8591404E+00 4.98465E+01  2.8500E+01  3.9697E+03  9.4058E+00  3.9791E+03  0.000E-01  6.669E-01
1.8684361E+00 5.02957E+01  2.8289E+01  3.9207E+03  9.4035E+00  3.9301E+03  0.000E-01  6.636E-01
1.8777783E+00 5.06570E+01  2.8080E+01  3.8724E+03  9.4011E+00  3.8818E+03  0.000E-01  6.603E-01
1.8871672E+00 5.09672E+01  2.7873E+01  3.8247E+03  9.3985E+00  3.8341E+03  0.000E-01  6.570E-01
1.8966030E+00 5.12425E+01  2.7669E+01  3.7778E+03  9.3958E+00  3.7872E+03  0.000E-01  6.537E-01
1.9060860E+00 5.14913E+01  2.7467E+01  3.7316E+03  9.3929E+00  3.7410E+03  0.000E-01  6.505E-01
1.9156165E+00 5.17182E+01  2.7267E+01  3.6860E+03  9.3899E+00  3.6953E+03  0.000E-01  6.472E-01
1.9251945E+00 5.19258E+01  2.7068E+01  3.6409E+03  9.3867E+00  3.6503E+03  0.000E-01  6.440E-01
1.9348205E+00 5.21149E+01  2.6875E+01  3.5969E+03  9.3834E+00  3.6063E+03  0.000E-01  6.408E-01
1.9444946E+00 5.22909E+01  2.6692E+01  3.5546E+03  9.3799E+00  3.5640E+03  0.000E-01  6.376E-01
1.9542171E+00 5.24563E+01  2.6511E+01  3.5130E+03  9.3763E+00  3.5224E+03  0.000E-01  6.344E-01
1.9639882E+00 5.26103E+01  2.6332E+01  3.4720E+03  9.3725E+00  3.4813E+03  0.000E-01  6.313E-01
1.9738081E+00 5.27525E+01  2.6156E+01  3.4316E+03  9.3686E+00  3.4410E+03  0.000E-01  6.281E-01
1.9836772E+00 5.28816E+01  2.5982E+01  3.3918E+03  9.3646E+00  3.4012E+03  0.000E-01  6.250E-01
1.9935955E+00 5.29957E+01  2.5811E+01  3.3527E+03  9.3604E+00  3.3620E+03  0.000E-01  6.219E-01
2.0035635E+00 5.30912E+01  2.5641E+01  3.3141E+03  9.3561E+00  3.3234E+03  0.000E-01  6.188E-01
2.0135813E+00 5.31611E+01  2.5474E+01  3.2760E+03  9.3516E+00  3.2854E+03  0.000E-01  6.157E-01
2.0236492E+00 5.31904E+01  2.5308E+01  3.2385E+03  9.3470E+00  3.2479E+03  0.000E-01  6.127E-01
2.0337675E+00 5.31357E+01  2.5144E+01  3.2016E+03  9.3422E+00  3.2109E+03  0.000E-01  6.096E-01
2.0432385E+00 5.27952E+01  2.4994E+01  3.1676E+03  9.3376E+00  3.1770E+03  0.000E-01  6.068E-01
2.0439363E+00 5.27239E+01  2.4983E+01  3.1652E+03  9.3373E+00  3.1745E+03  0.000E-01  6.066E-01
2.0503613E+00 5.28942E+01  2.6064E+01  3.2918E+03  9.3341E+00  3.3012E+03  0.000E-01  6.047E-01
2.0541560E+00 5.32252E+01  2.6003E+01  3.2781E+03  9.3322E+00  3.2874E+03  0.000E-01  6.036E-01
2.0644268E+00 5.37063E+01  2.5840E+01  3.2412E+03  9.3270E+00  3.2506E+03  0.000E-01  6.006E-01
2.0747489E+00 5.40275E+01  2.5678E+01  3.2049E+03  9.3217E+00  3.2142E+03  0.000E-01  5.976E-01
2.0851227E+00 5.42903E+01  2.5518E+01  3.1691E+03  9.3162E+00  3.1784E+03  0.000E-01  5.946E-01
2.0955483E+00 5.45215E+01  2.5359E+01  3.1337E+03  9.3106E+00  3.1430E+03  0.000E-01  5.917E-01
2.1060260E+00 5.47324E+01  2.5202E+01  3.0988E+03  9.3048E+00  3.1081E+03  0.000E-01  5.887E-01
2.1165562E+00 5.49288E+01  2.5046E+01  3.0643E+03  9.2989E+00  3.0736E+03  0.000E-01  5.858E-01
2.1271389E+00 5.51141E+01  2.4892E+01  3.0303E+03  9.2929E+00  3.0396E+03  0.000E-01  5.829E-01
2.1377746E+00 5.52905E+01  2.4739E+01  2.9967E+03  9.2867E+00  3.0060E+03  0.000E-01  5.800E-01
2.1484635E+00 5.54593E+01  2.4587E+01  2.9635E+03  9.2804E+00  2.9728E+03  0.000E-01  5.771E-01
2.1592058E+00 5.56224E+01  2.4438E+01  2.9309E+03  9.2739E+00  2.9402E+03  0.000E-01  5.742E-01
2.1700018E+00 5.57810E+01  2.4291E+01  2.8987E+03  9.2673E+00  2.9080E+03  0.000E-01  5.714E-01
2.1808519E+00 5.59360E+01  2.4143E+01  2.8668E+03  9.2606E+00  2.8760E+03  0.000E-01  5.685E-01
2.1917561E+00 5.60858E+01  2.3991E+01  2.8346E+03  9.2537E+00  2.8438E+03  0.000E-01  5.657E-01
2.2027149E+00 5.62307E+01  2.3841E+01  2.8028E+03  9.2467E+00  2.8120E+03  0.000E-01  5.629E-01
2.2137285E+00 5.63713E+01  2.3691E+01  2.7714E+03  9.2395E+00  2.7806E+03  0.000E-01  5.601E-01
2.2247971E+00 5.65079E+01  2.3543E+01  2.7403E+03  9.2322E+00  2.7495E+03  0.000E-01  5.573E-01
2.2359211E+00 5.66409E+01  2.3396E+01  2.7096E+03  9.2248E+00  2.7189E+03  0.000E-01  5.545E-01
2.2471007E+00 5.67706E+01  2.3250E+01  2.6793E+03  9.2172E+00  2.6885E+03  0.000E-01  5.518E-01
2.2583362E+00 5.68971E+01  2.3105E+01  2.6494E+03  9.2095E+00  2.6586E+03  0.000E-01  5.490E-01
2.2696279E+00 5.70207E+01  2.2961E+01  2.6197E+03  9.2017E+00  2.6289E+03  0.000E-01  5.463E-01
2.2809760E+00 5.71417E+01  2.2818E+01  2.5905E+03  9.1937E+00  2.5997E+03  0.000E-01  5.436E-01
2.2923809E+00 5.72600E+01  2.2676E+01  2.5615E+03  9.1856E+00  2.5707E+03  0.000E-01  5.409E-01
2.3038428E+00 5.73759E+01  2.2535E+01  2.5329E+03  9.1774E+00  2.5421E+03  0.000E-01  5.382E-01
2.3153620E+00 5.74896E+01  2.2395E+01  2.5047E+03  9.1690E+00  2.5138E+03  0.000E-01  5.355E-01
2.3269388E+00 5.76011E+01  2.2255E+01  2.4767E+03  9.1605E+00  2.4859E+03  0.000E-01  5.328E-01
2.3385735E+00 5.77105E+01  2.2117E+01  2.4491E+03  9.1519E+00  2.4582E+03  0.000E-01  5.302E-01
2.3502664E+00 5.78181E+01  2.1980E+01  2.4217E+03  9.1431E+00  2.4309E+03  0.000E-01  5.275E-01
2.3620177E+00 5.79238E+01  2.1843E+01  2.3947E+03  9.1342E+00  2.4039E+03  0.000E-01  5.249E-01
2.3738278E+00 5.80279E+01  2.1707E+01  2.3680E+03  9.1252E+00  2.3771E+03  0.000E-01  5.223E-01
2.3856970E+00 5.81305E+01  2.1573E+01  2.3416E+03  9.1160E+00  2.3507E+03  0.000E-01  5.197E-01
2.3976254E+00 5.82317E+01  2.1438E+01  2.3154E+03  9.1067E+00  2.3245E+03  0.000E-01  5.171E-01
2.4096136E+00 5.83307E+01  2.1301E+01  2.2892E+03  9.0973E+00  2.2983E+03  0.000E-01  5.145E-01
2.4216616E+00 5.84276E+01  2.1166E+01  2.2633E+03  9.0878E+00  2.2724E+03  0.000E-01  5.120E-01
2.4337699E+00 5.85224E+01  2.1031E+01  2.2377E+03  9.0781E+00  2.2468E+03  0.000E-01  5.094E-01
2.4459388E+00 5.86153E+01  2.0897E+01  2.2124E+03  9.0683E+00  2.2215E+03  0.000E-01  5.069E-01
2.4581685E+00 5.87064E+01  2.0764E+01  2.1874E+03  9.0584E+00  2.1965E+03  0.000E-01  5.044E-01
2.4704593E+00 5.87958E+01  2.0632E+01  2.1627E+03  9.0483E+00  2.1717E+03  0.000E-01  5.019E-01
2.4828116E+00 5.88835E+01  2.0500E+01  2.1382E+03  9.0381E+00  2.1472E+03  0.000E-01  4.994E-01
2.4952257E+00 5.89696E+01  2.0370E+01  2.1140E+03  9.0278E+00  2.1230E+03  0.000E-01  4.969E-01
2.5077018E+00 5.90542E+01  2.0240E+01  2.0901E+03  9.0174E+00  2.0991E+03  0.000E-01  4.944E-01
2.5202403E+00 5.91374E+01  2.0111E+01  2.0664E+03  9.0069E+00  2.0754E+03  0.000E-01  4.920E-01
2.5328415E+00 5.92191E+01  1.9983E+01  2.0430E+03  8.9962E+00  2.0520E+03  0.000E-01  4.895E-01
2.5455057E+00 5.92994E+01  1.9855E+01  2.0199E+03  8.9854E+00  2.0289E+03  0.000E-01  4.871E-01
2.5582333E+00 5.93784E+01  1.9728E+01  1.9970E+03  8.9745E+00  2.0060E+03  0.000E-01  4.846E-01
2.5710244E+00 5.94562E+01  1.9602E+01  1.9744E+03  8.9634E+00  1.9833E+03  0.000E-01  4.822E-01
2.5838796E+00 5.95328E+01  1.9477E+01  1.9520E+03  8.9523E+00  1.9610E+03  0.000E-01  4.798E-01
2.5967990E+00 5.98280E+01  1.9351E+01  1.9297E+03  8.9410E+00  1.9386E+03  0.000E-01  4.775E-01
2.6097829E+00 5.99021E+01  1.9223E+01  1.9074E+03  8.9296E+00  1.9163E+03  0.000E-01  4.751E-01
2.6228319E+00 5.99746E+01  1.9096E+01  1.8854E+03  8.9181E+00  1.8943E+03  0.000E-01  4.727E-01
2.6359460E+00 6.00456E+01  1.8970E+01  1.8636E+03  8.9064E+00  1.8725E+03  0.000E-01  4.704E-01
2.6491257E+00 6.01154E+01  1.8845E+01  1.8421E+03  8.8947E+00  1.8510E+03  0.000E-01  4.680E-01
2.6623714E+00 6.01838E+01  1.8721E+01  1.8209E+03  8.8828E+00  1.8298E+03  0.000E-01  4.657E-01
2.6756832E+00 6.03943E+01  1.8594E+01  1.7996E+03  8.8708E+00  1.8085E+03  0.000E-01  4.634E-01
2.6890617E+00 6.04596E+01  1.8469E+01  1.7785E+03  8.8587E+00  1.7874E+03  0.000E-01  4.611E-01
2.7025070E+00 6.05233E+01  1.8344E+01  1.7577E+03  8.8465E+00  1.7665E+03  0.000E-01  4.588E-01
2.7160195E+00 6.05855E+01  1.8220E+01  1.7371E+03  8.8341E+00  1.7460E+03  0.000E-01  4.565E-01
2.7295996E+00 6.06463E+01  1.8096E+01  1.7168E+03  8.8217E+00  1.7256E+03  0.000E-01  4.542E-01
2.7432476E+00 6.07057E+01  1.7974E+01  1.6967E+03  8.8091E+00  1.7055E+03  0.000E-01  4.520E-01
2.7569638E+00 6.07638E+01  1.7853E+01  1.6768E+03  8.7964E+00  1.6856E+03  0.000E-01  4.497E-01
2.7707486E+00 6.08207E+01  1.7732E+01  1.6572E+03  8.7836E+00  1.6660E+03  0.000E-01  4.475E-01
2.7846024E+00 6.08763E+01  1.7612E+01  1.6379E+03  8.7707E+00  1.6466E+03  0.000E-01  4.452E-01
2.7985254E+00 6.09309E+01  1.7493E+01  1.6187E+03  8.7577E+00  1.6275E+03  0.000E-01  4.430E-01
2.8125180E+00 6.09843E+01  1.7376E+01  1.5998E+03  8.7446E+00  1.6086E+03  0.000E-01  4.408E-01
2.8265806E+00 6.10368E+01  1.7259E+01  1.5811E+03  8.7313E+00  1.5899E+03  0.000E-01  4.386E-01
2.8407135E+00 6.10882E+01  1.7142E+01  1.5627E+03  8.7180E+00  1.5714E+03  0.000E-01  4.365E-01
2.8549171E+00 6.11387E+01  1.7027E+01  1.5445E+03  8.7045E+00  1.5532E+03  0.000E-01  4.343E-01
2.8691917E+00 6.11884E+01  1.6913E+01  1.5265E+03  8.6910E+00  1.5351E+03  0.000E-01  4.321E-01
2.8835376E+00 6.12372E+01  1.6799E+01  1.5087E+03  8.6773E+00  1.5174E+03  0.000E-01  4.300E-01
2.8979553E+00 6.12854E+01  1.6686E+01  1.4911E+03  8.6635E+00  1.4997E+03  0.000E-01  4.278E-01
2.9124451E+00 6.13328E+01  1.6572E+01  1.4735E+03  8.6496E+00  1.4821E+03  0.000E-01  4.257E-01
2.9270073E+00 6.13795E+01  1.6458E+01  1.4561E+03  8.6357E+00  1.4647E+03  0.000E-01  4.236E-01
2.9416424E+00 6.14255E+01  1.6345E+01  1.4389E+03  8.6216E+00  1.4475E+03  0.000E-01  4.215E-01
2.9563506E+00 6.14711E+01  1.6234E+01  1.4220E+03  8.6074E+00  1.4306E+03  0.000E-01  4.194E-01
2.9711323E+00 6.15162E+01  1.6123E+01  1.4052E+03  8.5931E+00  1.4138E+03  0.000E-01  4.173E-01
2.9859880E+00 6.15613E+01  1.6013E+01  1.3887E+03  8.5787E+00  1.3973E+03  0.000E-01  4.152E-01
3.0009179E+00 6.16075E+01  1.5903E+01  1.3723E+03  8.5642E+00  1.3808E+03  0.000E-01  4.132E-01
3.0159225E+00 6.16638E+01  1.5778E+01  1.3547E+03  8.5496E+00  1.3633E+03  0.000E-01  4.111E-01
3.0310021E+00 6.17137E+01  1.5654E+01  1.3374E+03  8.5349E+00  1.3459E+03  0.000E-01  4.091E-01
3.0461571E+00 6.17593E+01  1.5531E+01  1.3203E+03  8.5201E+00  1.3288E+03  0.000E-01  4.070E-01
3.0613879E+00 6.18015E+01  1.5410E+01  1.3035E+03  8.5052E+00  1.3120E+03  0.000E-01  4.050E-01
3.0766949E+00 6.18410E+01  1.5289E+01  1.2868E+03  8.4902E+00  1.2953E+03  0.000E-01  4.030E-01
3.0920783E+00 6.18782E+01  1.5170E+01  1.2704E+03  8.4751E+00  1.2789E+03  0.000E-01  4.010E-01
3.1075387E+00 6.19134E+01  1.5051E+01  1.2543E+03  8.4599E+00  1.2627E+03  0.000E-01  3.990E-01
3.1230764E+00 6.19468E+01  1.4934E+01  1.2383E+03  8.4446E+00  1.2467E+03  0.000E-01  3.970E-01
3.1386918E+00 6.19786E+01  1.4818E+01  1.2226E+03  8.4292E+00  1.2310E+03  0.000E-01  3.950E-01
3.1543853E+00 6.20089E+01  1.4703E+01  1.2070E+03  8.4138E+00  1.2154E+03  0.000E-01  3.931E-01
3.1701572E+00 6.20378E+01  1.4589E+01  1.1917E+03  8.3982E+00  1.2001E+03  0.000E-01  3.911E-01
3.1860080E+00 6.20654E+01  1.4476E+01  1.1766E+03  8.3825E+00  1.1850E+03  0.000E-01  3.892E-01
3.2019380E+00 6.20918E+01  1.4364E+01  1.1617E+03  8.3668E+00  1.1701E+03  0.000E-01  3.872E-01
3.2179477E+00 6.21171E+01  1.4253E+01  1.1470E+03  8.3509E+00  1.1553E+03  0.000E-01  3.853E-01
3.2340374E+00 6.21413E+01  1.4143E+01  1.1325E+03  8.3350E+00  1.1408E+03  0.000E-01  3.834E-01
3.2502076E+00 6.21646E+01  1.4035E+01  1.1182E+03  8.3190E+00  1.1265E+03  0.000E-01  3.815E-01
3.2664587E+00 6.21868E+01  1.3927E+01  1.1041E+03  8.3028E+00  1.1124E+03  0.000E-01  3.796E-01
3.2827910E+00 6.22082E+01  1.3820E+01  1.0901E+03  8.2866E+00  1.0984E+03  0.000E-01  3.777E-01
3.2992049E+00 6.22287E+01  1.3714E+01  1.0764E+03  8.2704E+00  1.0847E+03  0.000E-01  3.758E-01
3.3157009E+00 6.22484E+01  1.3609E+01  1.0628E+03  8.2540E+00  1.0711E+03  0.000E-01  3.739E-01
3.3322794E+00 6.22674E+01  1.3505E+01  1.0495E+03  8.2375E+00  1.0577E+03  0.000E-01  3.721E-01
3.3489408E+00 6.22856E+01  1.3402E+01  1.0363E+03  8.2210E+00  1.0445E+03  0.000E-01  3.702E-01
3.3656856E+00 6.24074E+01  1.3296E+01  1.0230E+03  8.2043E+00  1.0312E+03  0.000E-01  3.684E-01
3.3825140E+00 6.24245E+01  1.3191E+01  1.0099E+03  8.1876E+00  1.0181E+03  0.000E-01  3.665E-01
3.3994265E+00 6.24405E+01  1.3087E+01  9.9695E+02  8.1708E+00  1.0051E+03  0.000E-01  3.647E-01
3.4164237E+00 6.24556E+01  1.2984E+01  9.8418E+02  8.1539E+00  9.9233E+02  0.000E-01  3.629E-01
3.4335058E+00 6.24697E+01  1.2882E+01  9.7158E+02  8.1369E+00  9.7972E+02  0.000E-01  3.611E-01
3.4506733E+00 6.24829E+01  1.2781E+01  9.5915E+02  8.1199E+00  9.6727E+02  0.000E-01  3.593E-01
3.4679267E+00 6.24953E+01  1.2681E+01  9.4689E+02  8.1028E+00  9.5500E+02  0.000E-01  3.575E-01
3.4852663E+00 6.25068E+01  1.2581E+01  9.3480E+02  8.0856E+00  9.4288E+02  0.000E-01  3.557E-01
3.5026927E+00 6.25176E+01  1.2483E+01  9.2287E+02  8.0683E+00  9.3094E+02  0.000E-01  3.540E-01
3.5202061E+00 6.25276E+01  1.2385E+01  9.1110E+02  8.0509E+00  9.1915E+02  0.000E-01  3.522E-01
3.5378072E+00 6.25369E+01  1.2289E+01  8.9949E+02  8.0335E+00  9.0752E+02  0.000E-01  3.505E-01
3.5554962E+00 6.25456E+01  1.2193E+01  8.8804E+02  8.0159E+00  8.9605E+02  0.000E-01  3.487E-01
3.5732737E+00 6.25535E+01  1.2098E+01  8.7674E+02  7.9984E+00  8.8473E+02  0.000E-01  3.470E-01
3.5911400E+00 6.25608E+01  1.2004E+01  8.6559E+02  7.9807E+00  8.7357E+02  0.000E-01  3.453E-01
3.6090957E+00 6.25675E+01  1.1911E+01  8.5459E+02  7.9629E+00  8.6255E+02  0.000E-01  3.435E-01
3.6271412E+00 6.25737E+01  1.1818E+01  8.4374E+02  7.9451E+00  8.5169E+02  0.000E-01  3.418E-01
3.6452769E+00 6.25792E+01  1.1727E+01  8.3304E+02  7.9272E+00  8.4097E+02  0.000E-01  3.401E-01
3.6635033E+00 6.25843E+01  1.1636E+01  8.2248E+02  7.9093E+00  8.3039E+02  0.000E-01  3.384E-01
3.6818208E+00 6.25888E+01  1.1546E+01  8.1206E+02  7.8912E+00  8.1995E+02  0.000E-01  3.367E-01
3.7002299E+00 6.26415E+01  1.1455E+01  8.0164E+02  7.8731E+00  8.0952E+02  0.000E-01  3.351E-01
3.7187311E+00 6.26452E+01  1.1364E+01  7.9135E+02  7.8550E+00  7.9921E+02  0.000E-01  3.334E-01
3.7373247E+00 6.26482E+01  1.1274E+01  7.8120E+02  7.8367E+00  7.8904E+02  0.000E-01  3.317E-01
3.7560114E+00 6.26506E+01  1.1186E+01  7.7118E+02  7.8184E+00  7.7900E+02  0.000E-01  3.301E-01
3.7747914E+00 6.26523E+01  1.1097E+01  7.6130E+02  7.8000E+00  7.6910E+02  0.000E-01  3.285E-01
3.7936654E+00 6.26534E+01  1.1010E+01  7.5155E+02  7.7816E+00  7.5933E+02  0.000E-01  3.268E-01
3.8126337E+00 6.26538E+01  1.0924E+01  7.4194E+02  7.7631E+00  7.4970E+02  0.000E-01  3.252E-01
3.8316969E+00 6.26537E+01  1.0838E+01  7.3245E+02  7.7445E+00  7.4019E+02  0.000E-01  3.236E-01
3.8508554E+00 6.26531E+01  1.0753E+01  7.2309E+02  7.7259E+00  7.3081E+02  0.000E-01  3.220E-01
3.8701096E+00 6.26519E+01  1.0669E+01  7.1385E+02  7.7072E+00  7.2156E+02  0.000E-01  3.204E-01
3.8894602E+00 6.26502E+01  1.0585E+01  7.0474E+02  7.6884E+00  7.1243E+02  0.000E-01  3.188E-01
3.9089075E+00 6.26480E+01  1.0502E+01  6.9575E+02  7.6696E+00  7.0342E+02  0.000E-01  3.172E-01
3.9284520E+00 6.26452E+01  1.0420E+01  6.8688E+02  7.6507E+00  6.9453E+02  0.000E-01  3.156E-01
3.9480943E+00 6.26421E+01  1.0339E+01  6.7813E+02  7.6318E+00  6.8576E+02  0.000E-01  3.140E-01
3.9678347E+00 6.26384E+01  1.0258E+01  6.6950E+02  7.6128E+00  6.7711E+02  0.000E-01  3.125E-01
3.9876739E+00 6.26343E+01  1.0178E+01  6.6098E+02  7.5937E+00  6.6858E+02  0.000E-01  3.109E-01
4.055024E+00  6.30127E+01  9.9154E+00  6.3320E+02  7.5548E+00  6.4075E+02  0.000E+00  3.058E-01
4.334821E+00  6.28643E+01  8.9317E+00  5.3356E+02  7.2938E+00  5.4085E+02  0.000E+00  2.860E-01
4.633924E+00  6.26369E+01  8.0550E+00  4.5014E+02  7.0249E+00  4.5716E+02  0.000E+00  2.676E-01
4.953664E+00  6.23597E+01  7.2743E+00  3.8027E+02  6.7497E+00  3.8702E+02  0.000E+00  2.503E-01
5.295467E+00  6.20314E+01  6.5780E+00  3.2167E+02  6.4701E+00  3.2814E+02  0.000E+00  2.341E-01
5.660855E+00  6.16424E+01  5.9509E+00  2.7222E+02  6.1877E+00  2.7841E+02  0.000E+00  2.190E-01
6.051453E+00  6.11523E+01  5.3613E+00  2.2942E+02  5.9042E+00  2.3532E+02  0.000E+00  2.049E-01
6.469004E+00  6.04954E+01  4.8341E+00  1.9351E+02  5.6211E+00  1.9913E+02  0.000E+00  1.917E-01
6.915365E+00  5.95372E+01  4.3657E+00  1.6348E+02  5.3397E+00  1.6882E+02  0.000E+00  1.793E-01
7.392525E+00  5.77675E+01  3.9446E+00  1.3818E+02  5.0615E+00  1.4324E+02  0.000E+00  1.677E-01
7.634298E+00  5.57189E+01  3.7521E+00  1.2727E+02  4.9288E+00  1.3220E+02  0.000E+00  1.624E-01
7.751150E+00  5.27186E+01  3.6650E+00  1.2244E+02  4.8665E+00  1.2731E+02  0.000E+00  1.600E-01
7.782310E+00  4.92132E+01  3.6423E+00  1.2120E+02  4.8501E+00  1.2605E+02  0.000E+00  1.593E-01
7.829051E+00  5.27159E+01  1.0445E+01  3.4549E+02  4.8257E+00  3.5032E+02  0.000E+00  1.584E-01
7.902609E+00  5.50591E+01  1.0238E+01  3.3549E+02  4.7876E+00  3.4028E+02  0.000E+00  1.569E-01
7.945902E+00  5.57528E+01  1.0119E+01  3.2978E+02  4.7654E+00  3.3455E+02  0.000E+00  1.560E-01
8.408988E+00  5.74449E+01  9.0602E+00  2.7901E+02  4.5375E+00  2.8355E+02  0.000E+00  1.474E-01
8.447890E+00  5.72929E+01  8.9898E+00  2.7557E+02  4.5191E+00  2.8009E+02  0.000E+00  1.468E-01
8.537697E+00  5.63280E+01  8.8326E+00  2.6790E+02  4.4771E+00  2.7238E+02  0.000E+00  1.452E-01
8.572019E+00  5.46603E+01  8.7742E+00  2.6506E+02  4.4612E+00  2.6952E+02  0.000E+00  1.446E-01
8.623503E+00  5.65372E+01  1.2108E+01  3.6360E+02  4.4376E+00  3.6804E+02  0.000E+00  1.438E-01
8.752212E+00  5.82818E+01  1.1765E+01  3.4811E+02  4.3792E+00  3.5249E+02  0.000E+00  1.417E-01
8.864884E+00  5.88592E+01  1.1478E+01  3.3530E+02  4.3292E+00  3.3963E+02  0.000E+00  1.399E-01
9.000571E+00  5.87877E+01  1.1188E+01  3.2190E+02  4.2700E+00  3.2617E+02  0.000E+00  1.378E-01
9.030794E+00  5.83174E+01  1.1127E+01  3.1906E+02  4.2570E+00  3.2332E+02  0.000E+00  1.373E-01
9.036754E+00  5.80648E+01  1.1115E+01  3.1850E+02  4.2544E+00  3.2275E+02  0.000E+00  1.372E-01
9.091029E+00  5.91577E+01  1.2735E+01  3.6274E+02  4.2313E+00  3.6697E+02  0.000E+00  1.364E-01
9.226716E+00  6.04204E+01  1.2459E+01  3.4969E+02  4.1742E+00  3.5386E+02  0.000E+00  1.344E-01
9.653919E+00  6.22520E+01  1.1649E+01  3.1248E+02  4.0021E+00  3.1648E+02  0.000E+00  1.284E-01
1.032004E+01  6.38114E+01  1.0464E+01  2.6257E+02  3.7551E+00  2.6633E+02  0.000E+00  1.201E-01
1.103212E+01  6.47480E+01  9.3197E+00  2.1876E+02  3.5168E+00  2.2228E+02  0.000E+00  1.124E-01
1.179334E+01  6.53232E+01  8.3321E+00  1.8295E+02  3.2874E+00  1.8624E+02  0.000E+00  1.051E-01
1.260708E+01  6.57140E+01  7.4556E+00  1.5314E+02  3.0675E+00  1.5621E+02  0.000E+00  9.834E-02
1.347697E+01  6.59725E+01  6.6764E+00  1.2828E+02  2.8574E+00  1.3114E+02  0.000E+00  9.200E-02
1.440688E+01  6.61399E+01  5.9834E+00  1.0755E+02  2.6572E+00  1.1021E+02  0.000E+00  8.606E-02
1.540095E+01  6.62445E+01  5.3666E+00  9.0236E+01  2.4671E+00  9.2703E+01  0.000E+00  8.050E-02
1.646362E+01  6.63671E+01  4.8016E+00  7.5524E+01  2.2870E+00  7.7811E+01  0.000E+00  7.531E-02
1.759961E+01  6.64171E+01  4.2936E+00  6.3174E+01  2.1169E+00  6.5291E+01  0.000E+00  7.045E-02
1.881398E+01  6.64299E+01  3.8318E+00  5.2741E+01  1.9568E+00  5.4698E+01  0.000E+00  6.590E-02
2.011215E+01  6.63840E+01  3.4190E+00  4.4022E+01  1.8064E+00  4.5828E+01  0.000E+00  6.165E-02
2.149988E+01  6.63205E+01  3.0534E+00  3.6777E+01  1.6655E+00  3.8442E+01  0.000E+00  5.767E-02
2.298338E+01  6.62462E+01  2.7293E+00  3.0751E+01  1.5338E+00  3.2285E+01  0.000E+00  5.395E-02
2.456923E+01  6.61656E+01  2.4418E+00  2.5736E+01  1.4111E+00  2.7147E+01  0.000E+00  5.046E-02
2.626450E+01  6.60849E+01  2.1865E+00  2.1558E+01  1.2971E+00  2.2855E+01  0.000E+00  4.721E-02
2.807676E+01  6.60029E+01  1.9442E+00  1.7931E+01  1.1912E+00  1.9122E+01  0.000E+00  4.416E-02
3.001405E+01  6.59027E+01  1.7255E+00  1.4887E+01  1.0933E+00  1.5980E+01  0.000E+00  4.131E-02
3.208502E+01  6.57934E+01  1.5327E+00  1.2370E+01  1.0028E+00  1.3373E+01  0.000E+00  3.864E-02
3.429889E+01  6.56765E+01  1.3618E+00  1.0282E+01  9.1942E-01  1.1201E+01  0.000E+00  3.615E-02
3.666551E+01  6.55487E+01  1.2085E+00  8.5352E+00  8.4274E-01  9.3779E+00  0.000E+00  3.381E-02
3.919543E+01  6.54053E+01  1.0720E+00  7.0825E+00  7.7236E-01  7.8549E+00  0.000E+00  3.163E-02
4.189992E+01  6.52349E+01  9.4701E-01  5.8529E+00  7.0789E-01  6.5608E+00  0.000E+00  2.959E-02
4.479101E+01  6.50163E+01  8.3701E-01  4.8391E+00  6.4892E-01  5.4880E+00  0.000E+00  2.768E-02
4.788159E+01  6.46984E+01  7.4000E-01  4.0021E+00  5.9510E-01  4.5972E+00  0.000E+00  2.589E-02
5.118542E+01  6.40762E+01  6.5474E-01  3.3124E+00  5.4604E-01  3.8584E+00  0.000E+00  2.422E-02
5.271273E+01  6.33752E+01  6.2051E-01  3.0483E+00  5.2584E-01  3.5741E+00  0.000E+00  2.352E-02
5.351956E+01  6.22214E+01  6.0356E-01  2.9204E+00  5.1574E-01  3.4361E+00  0.000E+00  2.317E-02
5.373471E+01  6.08393E+01  5.9917E-01  2.8875E+00  5.1310E-01  3.4006E+00  0.000E+00  2.307E-02
5.405744E+01  6.22361E+01  3.3135E+00  1.5873E+01  5.0920E-01  1.6382E+01  1.303E+01  2.294E-02
5.471721E+01  6.33622E+01  3.2518E+00  1.5390E+01  5.0140E-01  1.5891E+01  1.265E+01  2.266E-02
5.486427E+01  6.34983E+01  3.2383E+00  1.5285E+01  4.9969E-01  1.5785E+01  1.256E+01  2.260E-02
5.849270E+01  6.48889E+01  2.9264E+00  1.2956E+01  4.6083E-01  1.3417E+01  1.068E+01  2.120E-02
6.252870E+01  6.54469E+01  2.6252E+00  1.0872E+01  4.2402E-01  1.1296E+01  8.985E+00  1.983E-02
6.684318E+01  6.57676E+01  2.3528E+00  9.1150E+00  3.9065E-01  9.5056E+00  7.549E+00  1.855E-02
7.145536E+01  6.59746E+01  2.1076E+00  7.6382E+00  3.6044E-01  7.9986E+00  6.337E+00  1.735E-02
7.638578E+01  6.61132E+01  1.8865E+00  6.3955E+00  3.3311E-01  6.7286E+00  5.314E+00  1.623E-02
8.165640E+01  6.62115E+01  1.6863E+00  5.3477E+00  3.0841E-01  5.6561E+00  4.450E+00  1.518E-02
8.729069E+01  6.62745E+01  1.5027E+00  4.4580E+00  2.8609E-01  4.7441E+00  3.718E+00  1.420E-02
9.331374E+01  6.63134E+01  1.3393E+00  3.7168E+00  2.6593E-01  3.9827E+00  3.106E+00  1.329E-02
9.975239E+01  6.63358E+01  1.1938E+00  3.0992E+00  2.4772E-01  3.3469E+00  2.595E+00  1.243E-02
1.066353E+02  6.63469E+01  1.0643E+00  2.5845E+00  2.3128E-01  2.8158E+00  2.168E+00  1.163E-02
1.139931E+02  6.63776E+01  9.4540E-01  2.1477E+00  2.1643E-01  2.3641E+00  1.803E+00  1.088E-02
1.218587E+02  6.63708E+01  8.3942E-01  1.7838E+00  2.0300E-01  1.9868E+00  1.499E+00  1.017E-02
1.302669E+02  6.63589E+01  7.4538E-01  1.4817E+00  1.9085E-01  1.6726E+00  1.246E+00  9.518E-03
1.392553E+02  6.63437E+01  6.6194E-01  1.2309E+00  1.7984E-01  1.4107E+00  1.035E+00  8.903E-03
1.488640E+02  6.63263E+01  5.8790E-01  1.0227E+00  1.6985E-01  1.1926E+00  8.606E-01  8.329E-03
1.591356E+02  6.63078E+01  5.2218E-01  8.4973E-01  1.6076E-01  1.0105E+00  7.153E-01  7.791E-03
1.701159E+02  6.62886E+01  4.6385E-01  7.0609E-01  1.5248E-01  8.5857E-01  5.945E-01  7.288E-03
1.818539E+02  6.62693E+01  4.1207E-01  5.8678E-01  1.4491E-01  7.3169E-01  4.942E-01  6.818E-03
1.944018E+02  6.62503E+01  3.6610E-01  4.8767E-01  1.3798E-01  6.2565E-01  4.108E-01  6.378E-03
2.078156E+02  6.62317E+01  3.2528E-01  4.0533E-01  1.3160E-01  5.3693E-01  3.414E-01  5.966E-03
2.221548E+02  6.62136E+01  2.8903E-01  3.3691E-01  1.2572E-01  4.6263E-01  2.838E-01  5.581E-03
2.374835E+02  6.61961E+01  2.5720E-01  2.8046E-01  1.2027E-01  4.0073E-01  2.363E-01  5.221E-03
2.538699E+02  6.61800E+01  2.2971E-01  2.3431E-01  1.1521E-01  3.4952E-01  1.975E-01  4.884E-03
2.713869E+02  6.61651E+01  2.0517E-01  1.9577E-01  1.1048E-01  3.0625E-01  1.652E-01  4.569E-03
2.901126E+02  6.61513E+01  1.8327E-01  1.6358E-01  1.0605E-01  2.6963E-01  1.381E-01  4.274E-03
3.101304E+02  6.61386E+01  1.6371E-01  1.3670E-01  1.0188E-01  2.3858E-01  1.155E-01  3.998E-03
3.315294E+02  6.61268E+01  1.4625E-01  1.1424E-01  9.7943E-02  2.1218E-01  9.653E-02  3.740E-03
3.544049E+02  6.61159E+01  1.3066E-01  9.5471E-02  9.4207E-02  1.8968E-01  8.071E-02  3.498E-03
3.788588E+02  6.61058E+01  1.1674E-01  7.9794E-02  9.0651E-02  1.7044E-01  6.748E-02  3.273E-03
4.050001E+02  6.60966E+01  1.0431E-01  6.6695E-02  8.7255E-02  1.5395E-01  5.642E-02  3.061E-03
4.329451E+02  6.60880E+01  9.3206E-02  5.5749E-02  8.4000E-02  1.3975E-01  4.717E-02  2.864E-03


