1.0016605E+00 3.86781E+01  1.0412E+01  2.6152E+03  8.8492E+00  2.6241E+03  0.000E-01  1.238E+00
1.0066688E+00 3.87605E+01  1.0350E+01  2.5867E+03  8.8655E+00  2.5955E+03  0.000E-01  1.232E+00
1.0117021E+00 3.88201E+01  1.0288E+01  2.5585E+03  8.8818E+00  2.5673E+03  0.000E-01  1.226E+00
1.0167606E+00 3.88620E+01  1.0227E+01  2.5306E+03  8.8979E+00  2.5395E+03  0.000E-01  1.219E+00
1.0218444E+00 3.88895E+01  1.0166E+01  2.5030E+03  8.9139E+00  2.5119E+03  0.000E-01  1.213E+00
1.0269536E+00 3.89049E+01  1.0106E+01  2.4758E+03  8.9297E+00  2.4847E+03  0.000E-01  1.207E+00
1.0320884E+00 3.89099E+01  1.0046E+01  2.4488E+03  8.9455E+00  2.4578E+03  0.000E-01  1.201E+00
1.0372489E+00 3.89060E+01  9.9865E+00  2.4222E+03  8.9611E+00  2.4312E+03  0.000E-01  1.195E+00
1.0424351E+00 3.88941E+01  9.9274E+00  2.3959E+03  8.9766E+00  2.4049E+03  0.000E-01  1.189E+00
1.0476473E+00 3.88750E+01  9.8688E+00  2.3699E+03  8.9919E+00  2.3789E+03  0.000E-01  1.183E+00
1.0528855E+00 3.88493E+01  9.8106E+00  2.3442E+03  9.0071E+00  2.3532E+03  0.000E-01  1.178E+00
1.0581499E+00 3.88175E+01  9.7528E+00  2.3188E+03  9.0222E+00  2.3279E+03  0.000E-01  1.172E+00
1.0634407E+00 3.87800E+01  9.6955E+00  2.2937E+03  9.0372E+00  2.3028E+03  0.000E-01  1.166E+00
1.0687579E+00 3.87372E+01  9.6386E+00  2.2689E+03  9.0520E+00  2.2780E+03  0.000E-01  1.160E+00
1.0741017E+00 3.86892E+01  9.5820E+00  2.2444E+03  9.0667E+00  2.2535E+03  0.000E-01  1.154E+00
1.0794722E+00 3.86362E+01  9.5259E+00  2.2202E+03  9.0813E+00  2.2292E+03  0.000E-01  1.149E+00
1.0848695E+00 3.85784E+01  9.4702E+00  2.1962E+03  9.0957E+00  2.2053E+03  0.000E-01  1.143E+00
1.0902939E+00 3.85159E+01  9.4149E+00  2.1725E+03  9.1100E+00  2.1816E+03  0.000E-01  1.137E+00
1.0957454E+00 3.84487E+01  9.3600E+00  2.1491E+03  9.1242E+00  2.1582E+03  0.000E-01  1.132E+00
1.1012241E+00 3.83780E+01  9.3055E+00  2.1259E+03  9.1382E+00  2.1351E+03  0.000E-01  1.126E+00
1.1067302E+00 3.83015E+01  9.2514E+00  2.1031E+03  9.1521E+00  2.1122E+03  0.000E-01  1.120E+00
1.1122639E+00 3.82205E+01  9.1977E+00  2.0805E+03  9.1659E+00  2.0896E+03  0.000E-01  1.115E+00
1.1178252E+00 3.81347E+01  9.1444E+00  2.0581E+03  9.1795E+00  2.0673E+03  0.000E-01  1.109E+00
1.1234143E+00 3.80443E+01  9.0914E+00  2.0360E+03  9.1930E+00  2.0452E+03  0.000E-01  1.104E+00
1.1290314E+00 3.79490E+01  9.0388E+00  2.0142E+03  9.2063E+00  2.0234E+03  0.000E-01  1.098E+00
1.1346765E+00 3.78488E+01  8.9866E+00  1.9925E+03  9.2195E+00  2.0018E+03  0.000E-01  1.093E+00
1.1403499E+00 3.77437E+01  8.9347E+00  1.9712E+03  9.2326E+00  1.9804E+03  0.000E-01  1.087E+00
1.1460517E+00 3.76333E+01  8.8832E+00  1.9501E+03  9.2455E+00  1.9593E+03  0.000E-01  1.082E+00
1.1517819E+00 3.75177E+01  8.8321E+00  1.9292E+03  9.2583E+00  1.9385E+03  0.000E-01  1.076E+00
1.1575408E+00 3.73966E+01  8.7813E+00  1.9086E+03  9.2710E+00  1.9179E+03  0.000E-01  1.071E+00
1.1633285E+00 3.72698E+01  8.7309E+00  1.8882E+03  9.2835E+00  1.8975E+03  0.000E-01  1.066E+00
1.1691452E+00 3.71371E+01  8.6809E+00  1.8680E+03  9.2959E+00  1.8773E+03  0.000E-01  1.060E+00
1.1749909E+00 3.69982E+01  8.6312E+00  1.8481E+03  9.3081E+00  1.8574E+03  0.000E-01  1.055E+00
1.1808659E+00 3.68529E+01  8.5819E+00  1.8284E+03  9.3202E+00  1.8377E+03  0.000E-01  1.050E+00
1.1867702E+00 3.67010E+01  8.5329E+00  1.8089E+03  9.3321E+00  1.8182E+03  0.000E-01  1.045E+00
1.1927040E+00 3.65419E+01  8.4843E+00  1.7897E+03  9.3439E+00  1.7990E+03  0.000E-01  1.040E+00
1.1986676E+00 3.63755E+01  8.4360E+00  1.7706E+03  9.3556E+00  1.7800E+03  0.000E-01  1.034E+00
1.2046609E+00 3.62012E+01  8.3881E+00  1.7518E+03  9.3671E+00  1.7612E+03  0.000E-01  1.029E+00
1.2106842E+00 3.60187E+01  8.3405E+00  1.7332E+03  9.3785E+00  1.7426E+03  0.000E-01  1.024E+00
1.2167376E+00 3.58274E+01  8.2933E+00  1.7148E+03  9.3897E+00  1.7242E+03  0.000E-01  1.019E+00
1.2228213E+00 3.56267E+01  8.2464E+00  1.6966E+03  9.4008E+00  1.7060E+03  0.000E-01  1.014E+00
1.2289354E+00 3.54162E+01  8.1998E+00  1.6787E+03  9.4117E+00  1.6881E+03  0.000E-01  1.009E+00
1.2350801E+00 3.51950E+01  8.1536E+00  1.6609E+03  9.4225E+00  1.6703E+03  0.000E-01  1.004E+00
1.2412555E+00 3.49624E+01  8.1076E+00  1.6433E+03  9.4331E+00  1.6527E+03  0.000E-01  9.989E-01
1.2474618E+00 3.47177E+01  8.0621E+00  1.6259E+03  9.4436E+00  1.6354E+03  0.000E-01  9.939E-01
1.2536991E+00 3.44597E+01  8.0168E+00  1.6088E+03  9.4540E+00  1.6182E+03  0.000E-01  9.889E-01
1.2599676E+00 3.41875E+01  7.9719E+00  1.5918E+03  9.4642E+00  1.6013E+03  0.000E-01  9.840E-01
1.2662674E+00 3.38997E+01  7.9272E+00  1.5750E+03  9.4742E+00  1.5845E+03  0.000E-01  9.791E-01
1.2725988E+00 3.35950E+01  7.8829E+00  1.5584E+03  9.4841E+00  1.5679E+03  0.000E-01  9.743E-01
1.2789618E+00 3.32718E+01  7.8390E+00  1.5420E+03  9.4939E+00  1.5515E+03  0.000E-01  9.694E-01
1.2853566E+00 3.29281E+01  7.7938E+00  1.5255E+03  9.5035E+00  1.5350E+03  0.000E-01  9.646E-01
1.2917833E+00 3.25616E+01  7.7486E+00  1.5091E+03  9.5130E+00  1.5186E+03  0.000E-01  9.598E-01
1.2982423E+00 3.21700E+01  7.7038E+00  1.4929E+03  9.5223E+00  1.5024E+03  0.000E-01  9.550E-01
1.3047335E+00 3.17500E+01  7.6593E+00  1.4769E+03  9.5314E+00  1.4864E+03  0.000E-01  9.503E-01
1.3112571E+00 3.12982E+01  7.6151E+00  1.4611E+03  9.5404E+00  1.4706E+03  0.000E-01  9.455E-01
1.3178134E+00 3.08101E+01  7.5713E+00  1.4454E+03  9.5493E+00  1.4550E+03  0.000E-01  9.408E-01
1.3244025E+00 3.02806E+01  7.5277E+00  1.4300E+03  9.5580E+00  1.4395E+03  0.000E-01  9.362E-01
1.3310245E+00 2.97029E+01  7.4845E+00  1.4147E+03  9.5665E+00  1.4243E+03  0.000E-01  9.315E-01
1.3376796E+00 2.90689E+01  7.4416E+00  1.3996E+03  9.5749E+00  1.4092E+03  0.000E-01  9.269E-01
1.3443680E+00 2.83678E+01  7.3990E+00  1.3847E+03  9.5832E+00  1.3942E+03  0.000E-01  9.222E-01
1.3510899E+00 2.75859E+01  7.3567E+00  1.3699E+03  9.5913E+00  1.3795E+03  0.000E-01  9.177E-01
1.3578453E+00 2.67029E+01  7.3147E+00  1.3553E+03  9.5992E+00  1.3649E+03  0.000E-01  9.131E-01
1.3646345E+00 2.56921E+01  7.2730E+00  1.3409E+03  9.6070E+00  1.3505E+03  0.000E-01  9.086E-01
1.3714577E+00 2.45128E+01  7.2316E+00  1.3266E+03  9.6146E+00  1.3362E+03  0.000E-01  9.040E-01
1.3783150E+00 2.31005E+01  7.1905E+00  1.3125E+03  9.6221E+00  1.3221E+03  0.000E-01  8.995E-01
1.3852066E+00 2.13426E+01  7.1496E+00  1.2985E+03  9.6294E+00  1.3082E+03  0.000E-01  8.951E-01
1.3921326E+00 1.90125E+01  7.1091E+00  1.2848E+03  9.6366E+00  1.2944E+03  0.000E-01  8.906E-01
1.3990933E+00 1.55226E+01  7.0689E+00  1.2711E+03  9.6436E+00  1.2808E+03  0.000E-01  8.862E-01
1.4060887E+00 8.03916E+00  7.0289E+00  1.2577E+03  9.6505E+00  1.2673E+03  0.000E-01  8.818E-01
1.4090970E+00  -9.27823E+00  7.0119E+00  1.2519E+03  9.6534E+00  1.2616E+03  0.000E-01  8.799E-01
1.4095029E+00  -9.62017E+00  2.6576E+01  4.7436E+03  9.6538E+00  4.7533E+03  0.000E-01  8.796E-01
1.4131192E+00 8.49489E+00  2.6471E+01  4.7128E+03  9.6572E+00  4.7224E+03  0.000E-01  8.774E-01
1.4201848E+00 1.45127E+01  2.6268E+01  4.6533E+03  9.6638E+00  4.6630E+03  0.000E-01  8.730E-01
1.4272857E+00 1.69061E+01  2.6066E+01  4.5947E+03  9.6702E+00  4.6043E+03  0.000E-01  8.687E-01
1.4344221E+00 1.79144E+01  2.5866E+01  4.5367E+03  9.6764E+00  4.5464E+03  0.000E-01  8.643E-01
1.4415942E+00 1.77593E+01  2.5668E+01  4.4796E+03  9.6825E+00  4.4892E+03  0.000E-01  8.600E-01
1.4488022E+00 1.53518E+01  2.5471E+01  4.4231E+03  9.6884E+00  4.4328E+03  0.000E-01  8.558E-01
1.4529192E+00 6.05814E+00  2.5360E+01  4.3913E+03  9.6917E+00  4.4010E+03  0.000E-01  8.533E-01
1.4536808E+00 5.98292E+00  3.8139E+01  6.6007E+03  9.6923E+00  6.6104E+03  0.000E-01  8.529E-01
1.4560462E+00 1.44499E+01  3.8042E+01  6.5732E+03  9.6942E+00  6.5829E+03  0.000E-01  8.515E-01
1.4633265E+00 2.08507E+01  3.7746E+01  6.4895E+03  9.6998E+00  6.4992E+03  0.000E-01  8.473E-01
1.4706431E+00 2.40594E+01  3.7451E+01  6.4068E+03  9.7053E+00  6.4165E+03  0.000E-01  8.431E-01
1.4779963E+00 2.63660E+01  3.7158E+01  6.3251E+03  9.7106E+00  6.3348E+03  0.000E-01  8.389E-01
1.4853863E+00 2.82119E+01  3.6868E+01  6.2445E+03  9.7158E+00  6.2542E+03  0.000E-01  8.347E-01
1.4928132E+00 2.97680E+01  3.6580E+01  6.1649E+03  9.7208E+00  6.1746E+03  0.000E-01  8.305E-01
1.5002773E+00 3.11205E+01  3.6295E+01  6.0863E+03  9.7256E+00  6.0961E+03  0.000E-01  8.264E-01
1.5077787E+00 3.23200E+01  3.6011E+01  6.0088E+03  9.7303E+00  6.0185E+03  0.000E-01  8.223E-01
1.5153176E+00 3.33990E+01  3.5730E+01  5.9323E+03  9.7348E+00  5.9420E+03  0.000E-01  8.182E-01
1.5228942E+00 3.43800E+01  3.5452E+01  5.8567E+03  9.7392E+00  5.8665E+03  0.000E-01  8.141E-01
1.5305086E+00 3.52792E+01  3.5175E+01  5.7822E+03  9.7434E+00  5.7919E+03  0.000E-01  8.101E-01
1.5381612E+00 3.61088E+01  3.4901E+01  5.7086E+03  9.7474E+00  5.7183E+03  0.000E-01  8.061E-01
1.5458520E+00 3.68781E+01  3.4629E+01  5.6359E+03  9.7513E+00  5.6457E+03  0.000E-01  8.020E-01
1.5535812E+00 3.75947E+01  3.4360E+01  5.5642E+03  9.7551E+00  5.5739E+03  0.000E-01  7.981E-01
1.5613491E+00 3.82644E+01  3.4092E+01  5.4934E+03  9.7587E+00  5.5032E+03  0.000E-01  7.941E-01
1.5691559E+00 3.88921E+01  3.3827E+01  5.4235E+03  9.7621E+00  5.4333E+03  0.000E-01  7.901E-01
1.5770017E+00 3.94818E+01  3.3564E+01  5.3545E+03  9.7653E+00  5.3643E+03  0.000E-01  7.862E-01
1.5848867E+00 4.00370E+01  3.3302E+01  5.2865E+03  9.7685E+00  5.2962E+03  0.000E-01  7.823E-01
1.5928111E+00 4.05605E+01  3.3043E+01  5.2193E+03  9.7714E+00  5.2290E+03  0.000E-01  7.784E-01
1.6007752E+00 4.10546E+01  3.2787E+01  5.1529E+03  9.7742E+00  5.1627E+03  0.000E-01  7.745E-01
1.6087790E+00 4.15215E+01  3.2532E+01  5.0874E+03  9.7768E+00  5.0972E+03  0.000E-01  7.707E-01
1.6168229E+00 4.19628E+01  3.2279E+01  5.0228E+03  9.7793E+00  5.0326E+03  0.000E-01  7.668E-01
1.6249070E+00 4.23800E+01  3.2028E+01  4.9590E+03  9.7816E+00  4.9688E+03  0.000E-01  7.630E-01
1.6330316E+00 4.27745E+01  3.1780E+01  4.8960E+03  9.7838E+00  4.9058E+03  0.000E-01  7.592E-01
1.6411967E+00 4.31472E+01  3.1533E+01  4.8338E+03  9.7858E+00  4.8436E+03  0.000E-01  7.555E-01
1.6494027E+00 4.34990E+01  3.1288E+01  4.7725E+03  9.7876E+00  4.7823E+03  0.000E-01  7.517E-01
1.6576497E+00 4.38306E+01  3.1046E+01  4.7119E+03  9.7893E+00  4.7217E+03  0.000E-01  7.480E-01
1.6659380E+00 4.41425E+01  3.0805E+01  4.6521E+03  9.7909E+00  4.6619E+03  0.000E-01  7.442E-01
1.6742677E+00 4.44350E+01  3.0566E+01  4.5931E+03  9.7922E+00  4.6029E+03  0.000E-01  7.405E-01
1.6826390E+00 4.47083E+01  3.0329E+01  4.5348E+03  9.7935E+00  4.5446E+03  0.000E-01  7.368E-01
1.6910522E+00 4.49622E+01  3.0095E+01  4.4773E+03  9.7945E+00  4.4871E+03  0.000E-01  7.332E-01
1.6995075E+00 4.51965E+01  2.9862E+01  4.4205E+03  9.7954E+00  4.4303E+03  0.000E-01  7.295E-01
1.7080050E+00 4.54105E+01  2.9630E+01  4.3645E+03  9.7962E+00  4.3743E+03  0.000E-01  7.259E-01
1.7165450E+00 4.56033E+01  2.9401E+01  4.3092E+03  9.7968E+00  4.3190E+03  0.000E-01  7.223E-01
1.7251278E+00 4.57732E+01  2.9174E+01  4.2546E+03  9.7972E+00  4.2644E+03  0.000E-01  7.187E-01
1.7337534E+00 4.59182E+01  2.8948E+01  4.2007E+03  9.7975E+00  4.2105E+03  0.000E-01  7.151E-01
1.7424222E+00 4.60350E+01  2.8724E+01  4.1475E+03  9.7976E+00  4.1573E+03  0.000E-01  7.116E-01
1.7511343E+00 4.61189E+01  2.8502E+01  4.0949E+03  9.7975E+00  4.1047E+03  0.000E-01  7.080E-01
1.7598899E+00 4.61625E+01  2.8282E+01  4.0431E+03  9.7974E+00  4.0529E+03  0.000E-01  7.045E-01
1.7686894E+00 4.61543E+01  2.8064E+01  3.9919E+03  9.7970E+00  4.0017E+03  0.000E-01  7.010E-01
1.7775328E+00 4.60738E+01  2.7847E+01  3.9414E+03  9.7965E+00  3.9512E+03  0.000E-01  6.975E-01
1.7864205E+00 4.58818E+01  2.7632E+01  3.8915E+03  9.7958E+00  3.9013E+03  0.000E-01  6.940E-01
1.7953526E+00 4.54850E+01  2.7419E+01  3.8423E+03  9.7950E+00  3.8521E+03  0.000E-01  6.906E-01
1.8043294E+00 4.45513E+01  2.7207E+01  3.7936E+03  9.7940E+00  3.8034E+03  0.000E-01  6.871E-01
1.8098795E+00 4.26606E+01  2.7078E+01  3.7640E+03  9.7934E+00  3.7738E+03  0.000E-01  6.850E-01
1.8133510E+00 4.23695E+01  3.1752E+01  4.4053E+03  9.7929E+00  4.4150E+03  0.000E-01  6.837E-01
1.8137205E+00 4.27054E+01  3.1741E+01  4.4028E+03  9.7929E+00  4.4126E+03  0.000E-01  6.836E-01
1.8224178E+00 4.55466E+01  3.1481E+01  4.3460E+03  9.7916E+00  4.3558E+03  0.000E-01  6.803E-01
1.8315299E+00 4.67160E+01  3.1213E+01  4.2876E+03  9.7902E+00  4.2973E+03  0.000E-01  6.769E-01
1.8406875E+00 4.75047E+01  3.0947E+01  4.2298E+03  9.7886E+00  4.2396E+03  0.000E-01  6.736E-01
1.8498909E+00 4.81184E+01  3.0683E+01  4.1729E+03  9.7868E+00  4.1827E+03  0.000E-01  6.702E-01
1.8591404E+00 4.86274E+01  3.0421E+01  4.1167E+03  9.7849E+00  4.1265E+03  0.000E-01  6.669E-01
1.8684361E+00 4.90644E+01  3.0162E+01  4.0614E+03  9.7828E+00  4.0712E+03  0.000E-01  6.636E-01
1.8777783E+00 4.94466E+01  2.9906E+01  4.0068E+03  9.7806E+00  4.0165E+03  0.000E-01  6.603E-01
1.8871672E+00 4.97839E+01  2.9651E+01  3.9529E+03  9.7783E+00  3.9627E+03  0.000E-01  6.570E-01
1.8966030E+00 5.00811E+01  2.9398E+01  3.8997E+03  9.7757E+00  3.9094E+03  0.000E-01  6.537E-01
1.9060860E+00 5.03408E+01  2.9160E+01  3.8489E+03  9.7731E+00  3.8587E+03  0.000E-01  6.505E-01
1.9156165E+00 5.05784E+01  2.8938E+01  3.8005E+03  9.7702E+00  3.8103E+03  0.000E-01  6.472E-01
1.9251945E+00 5.07951E+01  2.8718E+01  3.7529E+03  9.7672E+00  3.7627E+03  0.000E-01  6.440E-01
1.9348205E+00 5.09898E+01  2.8502E+01  3.7061E+03  9.7641E+00  3.7159E+03  0.000E-01  6.408E-01
1.9444946E+00 5.11607E+01  2.8289E+01  3.6601E+03  9.7608E+00  3.6699E+03  0.000E-01  6.376E-01
1.9542171E+00 5.13050E+01  2.8079E+01  3.6149E+03  9.7574E+00  3.6246E+03  0.000E-01  6.344E-01
1.9639882E+00 5.14170E+01  2.7871E+01  3.5702E+03  9.7538E+00  3.5800E+03  0.000E-01  6.313E-01
1.9738081E+00 5.14853E+01  2.7665E+01  3.5263E+03  9.7500E+00  3.5360E+03  0.000E-01  6.281E-01
1.9836772E+00 5.14844E+01  2.7463E+01  3.4830E+03  9.7461E+00  3.4928E+03  0.000E-01  6.250E-01
1.9935955E+00 5.13397E+01  2.7263E+01  3.4405E+03  9.7421E+00  3.4502E+03  0.000E-01  6.219E-01
2.0035635E+00 5.05184E+01  2.7065E+01  3.3986E+03  9.7379E+00  3.4083E+03  0.000E-01  6.188E-01
2.0036337E+00 5.05004E+01  2.7064E+01  3.3983E+03  9.7378E+00  3.4080E+03  0.000E-01  6.188E-01
2.0079663E+00 5.05651E+01  2.8901E+01  3.6211E+03  9.7360E+00  3.6309E+03  0.000E-01  6.175E-01
2.0135813E+00 5.14684E+01  2.8777E+01  3.5956E+03  9.7335E+00  3.6053E+03  0.000E-01  6.157E-01
2.0236492E+00 5.21751E+01  2.8558E+01  3.5504E+03  9.7290E+00  3.5602E+03  0.000E-01  6.127E-01
2.0337675E+00 5.26349E+01  2.8342E+01  3.5060E+03  9.7244E+00  3.5157E+03  0.000E-01  6.096E-01
2.0439363E+00 5.29986E+01  2.8128E+01  3.4623E+03  9.7196E+00  3.4720E+03  0.000E-01  6.066E-01
2.0541560E+00 5.33076E+01  2.7917E+01  3.4192E+03  9.7146E+00  3.4289E+03  0.000E-01  6.036E-01
2.0644268E+00 5.35797E+01  2.7709E+01  3.3768E+03  9.7095E+00  3.3865E+03  0.000E-01  6.006E-01
2.0747489E+00 5.38235E+01  2.7502E+01  3.3350E+03  9.7043E+00  3.3447E+03  0.000E-01  5.976E-01
2.0851227E+00 5.40442E+01  2.7298E+01  3.2938E+03  9.6989E+00  3.3035E+03  0.000E-01  5.946E-01
2.0955483E+00 5.42441E+01  2.7097E+01  3.2532E+03  9.6933E+00  3.2629E+03  0.000E-01  5.917E-01
2.1060260E+00 5.44238E+01  2.6899E+01  3.2134E+03  9.6877E+00  3.2231E+03  0.000E-01  5.887E-01
2.1165562E+00 5.45884E+01  2.6715E+01  3.1755E+03  9.6818E+00  3.1851E+03  0.000E-01  5.858E-01
2.1271389E+00 5.47410E+01  2.6533E+01  3.1382E+03  9.6758E+00  3.1478E+03  0.000E-01  5.829E-01
2.1377746E+00 5.48801E+01  2.6353E+01  3.1014E+03  9.6697E+00  3.1111E+03  0.000E-01  5.800E-01
2.1484635E+00 5.50036E+01  2.6177E+01  3.0653E+03  9.6634E+00  3.0750E+03  0.000E-01  5.771E-01
2.1592058E+00 5.51081E+01  2.6002E+01  3.0297E+03  9.6570E+00  3.0394E+03  0.000E-01  5.742E-01
2.1700018E+00 5.51871E+01  2.5830E+01  2.9947E+03  9.6504E+00  3.0043E+03  0.000E-01  5.714E-01
2.1808519E+00 5.52263E+01  2.5660E+01  2.9601E+03  9.6437E+00  2.9698E+03  0.000E-01  5.685E-01
2.1917561E+00 5.51860E+01  2.5492E+01  2.9261E+03  9.6369E+00  2.9358E+03  0.000E-01  5.657E-01
2.2022856E+00 5.48733E+01  2.5332E+01  2.8939E+03  9.6302E+00  2.9035E+03  0.000E-01  5.630E-01
2.2027149E+00 5.48392E+01  2.5326E+01  2.8926E+03  9.6299E+00  2.9022E+03  0.000E-01  5.629E-01
2.2107145E+00 5.49879E+01  2.6387E+01  3.0029E+03  9.6247E+00  3.0126E+03  0.000E-01  5.608E-01
2.2137285E+00 5.52349E+01  2.6341E+01  2.9936E+03  9.6227E+00  3.0032E+03  0.000E-01  5.601E-01
2.2247971E+00 5.57415E+01  2.6174E+01  2.9598E+03  9.6154E+00  2.9694E+03  0.000E-01  5.573E-01
2.2359211E+00 5.60726E+01  2.6008E+01  2.9264E+03  9.6080E+00  2.9360E+03  0.000E-01  5.545E-01
2.2471007E+00 5.63423E+01  2.5844E+01  2.8935E+03  9.6005E+00  2.9031E+03  0.000E-01  5.518E-01
2.2583362E+00 5.65792E+01  2.5682E+01  2.8610E+03  9.5927E+00  2.8706E+03  0.000E-01  5.490E-01
2.2696279E+00 5.67951E+01  2.5521E+01  2.8290E+03  9.5849E+00  2.8386E+03  0.000E-01  5.463E-01
2.2809760E+00 5.69959E+01  2.5362E+01  2.7973E+03  9.5769E+00  2.8069E+03  0.000E-01  5.436E-01
2.2923809E+00 5.71853E+01  2.5204E+01  2.7661E+03  9.5688E+00  2.7757E+03  0.000E-01  5.409E-01
2.3038428E+00 5.73655E+01  2.5048E+01  2.7353E+03  9.5605E+00  2.7448E+03  0.000E-01  5.382E-01
2.3153620E+00 5.75378E+01  2.4893E+01  2.7048E+03  9.5521E+00  2.7144E+03  0.000E-01  5.355E-01
2.3269388E+00 5.77040E+01  2.4741E+01  2.6750E+03  9.5435E+00  2.6845E+03  0.000E-01  5.328E-01
2.3385735E+00 5.78655E+01  2.4591E+01  2.6455E+03  9.5348E+00  2.6550E+03  0.000E-01  5.302E-01
2.3502664E+00 5.80232E+01  2.4442E+01  2.6164E+03  9.5260E+00  2.6259E+03  0.000E-01  5.275E-01
2.3620177E+00 5.81770E+01  2.4290E+01  2.5872E+03  9.5171E+00  2.5967E+03  0.000E-01  5.249E-01
2.3738278E+00 5.83257E+01  2.4137E+01  2.5581E+03  9.5080E+00  2.5676E+03  0.000E-01  5.223E-01
2.3856970E+00 5.84699E+01  2.3984E+01  2.5293E+03  9.4987E+00  2.5388E+03  0.000E-01  5.197E-01
2.3976254E+00 5.86099E+01  2.3833E+01  2.5009E+03  9.4894E+00  2.5103E+03  0.000E-01  5.171E-01
2.4096136E+00 5.87462E+01  2.3683E+01  2.4728E+03  9.4799E+00  2.4822E+03  0.000E-01  5.145E-01
2.4216616E+00 5.88791E+01  2.3535E+01  2.4450E+03  9.4702E+00  2.4545E+03  0.000E-01  5.120E-01
2.4337699E+00 5.90087E+01  2.3387E+01  2.4176E+03  9.4604E+00  2.4270E+03  0.000E-01  5.094E-01
2.4459388E+00 5.91353E+01  2.3240E+01  2.3904E+03  9.4505E+00  2.3999E+03  0.000E-01  5.069E-01
2.4581685E+00 5.92591E+01  2.3094E+01  2.3636E+03  9.4405E+00  2.3731E+03  0.000E-01  5.044E-01
2.4704593E+00 5.93802E+01  2.2950E+01  2.3371E+03  9.4303E+00  2.3466E+03  0.000E-01  5.019E-01
2.4828116E+00 5.94988E+01  2.2806E+01  2.3109E+03  9.4200E+00  2.3204E+03  0.000E-01  4.994E-01
2.4952257E+00 5.96151E+01  2.2663E+01  2.2850E+03  9.4096E+00  2.2944E+03  0.000E-01  4.969E-01
2.5077018E+00 5.97291E+01  2.2521E+01  2.2594E+03  9.3990E+00  2.2688E+03  0.000E-01  4.944E-01
2.5202403E+00 5.98409E+01  2.2380E+01  2.2341E+03  9.3883E+00  2.2435E+03  0.000E-01  4.920E-01
2.5328415E+00 5.99507E+01  2.2240E+01  2.2091E+03  9.3775E+00  2.2185E+03  0.000E-01  4.895E-01
2.5455057E+00 6.00586E+01  2.2101E+01  2.1843E+03  9.3666E+00  2.1937E+03  0.000E-01  4.871E-01
2.5582333E+00 6.01646E+01  2.1962E+01  2.1598E+03  9.3555E+00  2.1692E+03  0.000E-01  4.846E-01
2.5710244E+00 6.02689E+01  2.1825E+01  2.1356E+03  9.3443E+00  2.1450E+03  0.000E-01  4.822E-01
2.5838796E+00 6.03715E+01  2.1688E+01  2.1117E+03  9.3329E+00  2.1210E+03  0.000E-01  4.798E-01
2.5967990E+00 6.04727E+01  2.1552E+01  2.0880E+03  9.3215E+00  2.0973E+03  0.000E-01  4.775E-01
2.6097829E+00 6.05725E+01  2.1416E+01  2.0646E+03  9.3099E+00  2.0739E+03  0.000E-01  4.751E-01
2.6228319E+00 6.06703E+01  2.1279E+01  2.0411E+03  9.2982E+00  2.0504E+03  0.000E-01  4.727E-01
2.6359460E+00 6.07660E+01  2.1143E+01  2.0180E+03  9.2863E+00  2.0273E+03  0.000E-01  4.704E-01
2.6491257E+00 6.08597E+01  2.1007E+01  1.9951E+03  9.2744E+00  2.0043E+03  0.000E-01  4.680E-01
2.6623714E+00 6.09517E+01  2.0873E+01  1.9724E+03  9.2623E+00  1.9817E+03  0.000E-01  4.657E-01
2.6756832E+00 6.10419E+01  2.0739E+01  1.9500E+03  9.2501E+00  1.9593E+03  0.000E-01  4.634E-01
2.6890617E+00 6.11305E+01  2.0606E+01  1.9279E+03  9.2378E+00  1.9371E+03  0.000E-01  4.611E-01
2.7025070E+00 6.12175E+01  2.0474E+01  1.9060E+03  9.2253E+00  1.9152E+03  0.000E-01  4.588E-01
2.7160195E+00 6.13030E+01  2.0342E+01  1.8843E+03  9.2127E+00  1.8935E+03  0.000E-01  4.565E-01
2.7295996E+00 6.13870E+01  2.0212E+01  1.8629E+03  9.2001E+00  1.8721E+03  0.000E-01  4.542E-01
2.7432476E+00 6.14697E+01  2.0082E+01  1.8417E+03  9.1872E+00  1.8509E+03  0.000E-01  4.520E-01
2.7569638E+00 6.15510E+01  1.9953E+01  1.8208E+03  9.1743E+00  1.8300E+03  0.000E-01  4.497E-01
2.7707486E+00 6.16310E+01  1.9825E+01  1.8001E+03  9.1613E+00  1.8093E+03  0.000E-01  4.475E-01
2.7846024E+00 6.17099E+01  1.9697E+01  1.7796E+03  9.1481E+00  1.7888E+03  0.000E-01  4.452E-01
2.7985254E+00 6.17876E+01  1.9571E+01  1.7594E+03  9.1348E+00  1.7685E+03  0.000E-01  4.430E-01
2.8125180E+00 6.18643E+01  1.9445E+01  1.7394E+03  9.1214E+00  1.7485E+03  0.000E-01  4.408E-01
2.8265806E+00 6.21510E+01  1.9318E+01  1.7195E+03  9.1079E+00  1.7286E+03  0.000E-01  4.386E-01
2.8407135E+00 6.22255E+01  1.9191E+01  1.6996E+03  9.0943E+00  1.7087E+03  0.000E-01  4.365E-01
2.8549171E+00 6.22989E+01  1.9064E+01  1.6800E+03  9.0806E+00  1.6891E+03  0.000E-01  4.343E-01
2.8691917E+00 6.23712E+01  1.8939E+01  1.6607E+03  9.0667E+00  1.6697E+03  0.000E-01  4.321E-01
2.8835376E+00 6.24424E+01  1.8814E+01  1.6415E+03  9.0527E+00  1.6505E+03  0.000E-01  4.300E-01
2.8979553E+00 6.25128E+01  1.8689E+01  1.6225E+03  9.0387E+00  1.6315E+03  0.000E-01  4.278E-01
2.9124451E+00 6.27315E+01  1.8565E+01  1.6037E+03  9.0245E+00  1.6127E+03  0.000E-01  4.257E-01
2.9270073E+00 6.28009E+01  1.8440E+01  1.5850E+03  9.0102E+00  1.5940E+03  0.000E-01  4.236E-01
2.9416424E+00 6.28699E+01  1.8317E+01  1.5665E+03  8.9958E+00  1.5755E+03  0.000E-01  4.215E-01
2.9563506E+00 6.29388E+01  1.8194E+01  1.5483E+03  8.9813E+00  1.5573E+03  0.000E-01  4.194E-01
2.9711323E+00 6.30083E+01  1.8072E+01  1.5303E+03  8.9666E+00  1.5393E+03  0.000E-01  4.173E-01
2.9859880E+00 6.30795E+01  1.7951E+01  1.5125E+03  8.9519E+00  1.5214E+03  0.000E-01  4.152E-01
3.0009179E+00 6.31550E+01  1.7830E+01  1.4948E+03  8.9371E+00  1.5038E+03  0.000E-01  4.132E-01
3.0159225E+00 6.32207E+01  1.7691E+01  1.4758E+03  8.9221E+00  1.4847E+03  0.000E-01  4.111E-01
3.0310021E+00 6.32811E+01  1.7553E+01  1.4570E+03  8.9071E+00  1.4659E+03  0.000E-01  4.091E-01
3.0461571E+00 6.33383E+01  1.7416E+01  1.4384E+03  8.8919E+00  1.4473E+03  0.000E-01  4.070E-01
3.0613879E+00 6.33929E+01  1.7281E+01  1.4201E+03  8.8766E+00  1.4290E+03  0.000E-01  4.050E-01
3.0766949E+00 6.34452E+01  1.7146E+01  1.4021E+03  8.8613E+00  1.4109E+03  0.000E-01  4.030E-01
3.0920783E+00 6.34955E+01  1.7013E+01  1.3843E+03  8.8458E+00  1.3931E+03  0.000E-01  4.010E-01
3.1075387E+00 6.35439E+01  1.6881E+01  1.3667E+03  8.8303E+00  1.3755E+03  0.000E-01  3.990E-01
3.1230764E+00 6.35904E+01  1.6751E+01  1.3494E+03  8.8146E+00  1.3582E+03  0.000E-01  3.970E-01
3.1386918E+00 6.36352E+01  1.6621E+01  1.3323E+03  8.7988E+00  1.3411E+03  0.000E-01  3.950E-01
3.1543853E+00 6.36785E+01  1.6492E+01  1.3154E+03  8.7829E+00  1.3242E+03  0.000E-01  3.931E-01
3.1701572E+00 6.37201E+01  1.6364E+01  1.2987E+03  8.7670E+00  1.3074E+03  0.000E-01  3.911E-01
3.1860080E+00 6.37602E+01  1.6237E+01  1.2821E+03  8.7509E+00  1.2909E+03  0.000E-01  3.892E-01
3.2019380E+00 6.37989E+01  1.6111E+01  1.2659E+03  8.7348E+00  1.2746E+03  0.000E-01  3.872E-01
3.2179477E+00 6.38361E+01  1.5986E+01  1.2498E+03  8.7185E+00  1.2585E+03  0.000E-01  3.853E-01
3.2340374E+00 6.38720E+01  1.5862E+01  1.2339E+03  8.7021E+00  1.2426E+03  0.000E-01  3.834E-01
3.2502076E+00 6.39066E+01  1.5739E+01  1.2183E+03  8.6857E+00  1.2270E+03  0.000E-01  3.815E-01
3.2664587E+00 6.39399E+01  1.5618E+01  1.2029E+03  8.6692E+00  1.2115E+03  0.000E-01  3.796E-01
3.2827910E+00 6.39721E+01  1.5497E+01  1.1877E+03  8.6525E+00  1.1963E+03  0.000E-01  3.777E-01
3.2992049E+00 6.40031E+01  1.5378E+01  1.1727E+03  8.6358E+00  1.1813E+03  0.000E-01  3.758E-01
3.3157009E+00 6.40330E+01  1.5259E+01  1.1578E+03  8.6190E+00  1.1665E+03  0.000E-01  3.739E-01
3.3322794E+00 6.40618E+01  1.5142E+01  1.1432E+03  8.6021E+00  1.1518E+03  0.000E-01  3.721E-01
3.3489408E+00 6.40896E+01  1.5025E+01  1.1287E+03  8.5850E+00  1.1373E+03  0.000E-01  3.702E-01
3.3656856E+00 6.41163E+01  1.4909E+01  1.1144E+03  8.5680E+00  1.1230E+03  0.000E-01  3.684E-01
3.3825140E+00 6.41420E+01  1.4794E+01  1.1003E+03  8.5508E+00  1.1089E+03  0.000E-01  3.665E-01
3.3994265E+00 6.41668E+01  1.4680E+01  1.0865E+03  8.5335E+00  1.0950E+03  0.000E-01  3.647E-01
3.4164237E+00 6.41907E+01  1.4567E+01  1.0727E+03  8.5161E+00  1.0813E+03  0.000E-01  3.629E-01
3.4335058E+00 6.42137E+01  1.4456E+01  1.0592E+03  8.4987E+00  1.0677E+03  0.000E-01  3.611E-01
3.4506733E+00 6.42358E+01  1.4345E+01  1.0459E+03  8.4812E+00  1.0544E+03  0.000E-01  3.593E-01
3.4679267E+00 6.42571E+01  1.4235E+01  1.0327E+03  8.4636E+00  1.0412E+03  0.000E-01  3.575E-01
3.4852663E+00 6.42776E+01  1.4127E+01  1.0197E+03  8.4459E+00  1.0282E+03  0.000E-01  3.557E-01
3.5026927E+00 6.42973E+01  1.4019E+01  1.0069E+03  8.4281E+00  1.0154E+03  0.000E-01  3.540E-01
3.5202061E+00 6.43163E+01  1.3912E+01  9.9429E+02  8.4102E+00  1.0027E+03  0.000E-01  3.522E-01
3.5378072E+00 6.43346E+01  1.3806E+01  9.8183E+02  8.3923E+00  9.9022E+02  0.000E-01  3.505E-01
3.5554962E+00 6.43522E+01  1.3702E+01  9.6953E+02  8.3742E+00  9.7790E+02  0.000E-01  3.487E-01
3.5732737E+00 6.43692E+01  1.3598E+01  9.5739E+02  8.3561E+00  9.6575E+02  0.000E-01  3.470E-01
3.5911400E+00 6.43855E+01  1.3495E+01  9.4542E+02  8.3380E+00  9.5376E+02  0.000E-01  3.453E-01
3.6090957E+00 6.44013E+01  1.3393E+01  9.3361E+02  8.3197E+00  9.4193E+02  0.000E-01  3.435E-01
3.6271412E+00 6.45202E+01  1.3291E+01  9.2190E+02  8.3013E+00  9.3020E+02  0.000E-01  3.418E-01
3.6452769E+00 6.45356E+01  1.3187E+01  9.1012E+02  8.2829E+00  9.1840E+02  0.000E-01  3.401E-01
3.6635033E+00 6.45500E+01  1.3084E+01  8.9849E+02  8.2644E+00  9.0676E+02  0.000E-01  3.384E-01
3.6818208E+00 6.45634E+01  1.2981E+01  8.8703E+02  8.2459E+00  8.9528E+02  0.000E-01  3.367E-01
3.7002299E+00 6.45759E+01  1.2880E+01  8.7572E+02  8.2272E+00  8.8395E+02  0.000E-01  3.351E-01
3.7187311E+00 6.45876E+01  1.2779E+01  8.6456E+02  8.2085E+00  8.7277E+02  0.000E-01  3.334E-01
3.7373247E+00 6.45985E+01  1.2680E+01  8.5356E+02  8.1897E+00  8.6175E+02  0.000E-01  3.317E-01
3.7560114E+00 6.46087E+01  1.2581E+01  8.4270E+02  8.1708E+00  8.5087E+02  0.000E-01  3.301E-01
3.7747914E+00 6.46181E+01  1.2483E+01  8.3199E+02  8.1519E+00  8.4014E+02  0.000E-01  3.285E-01
3.7936654E+00 6.46267E+01  1.2386E+01  8.2142E+02  8.1329E+00  8.2955E+02  0.000E-01  3.268E-01
3.8126337E+00 6.46348E+01  1.2290E+01  8.1099E+02  8.1138E+00  8.1911E+02  0.000E-01  3.252E-01
3.8316969E+00 6.46421E+01  1.2195E+01  8.0071E+02  8.0947E+00  8.0880E+02  0.000E-01  3.236E-01
3.8508554E+00 6.46489E+01  1.2101E+01  7.9056E+02  8.0754E+00  7.9864E+02  0.000E-01  3.220E-01
3.8701096E+00 6.46550E+01  1.2007E+01  7.8055E+02  8.0562E+00  7.8861E+02  0.000E-01  3.204E-01
3.8894602E+00 6.46606E+01  1.1914E+01  7.7067E+02  8.0368E+00  7.7871E+02  0.000E-01  3.188E-01
3.9089075E+00 6.46656E+01  1.1823E+01  7.6093E+02  8.0174E+00  7.6894E+02  0.000E-01  3.172E-01
3.9284520E+00 6.46701E+01  1.1732E+01  7.5131E+02  7.9979E+00  7.5931E+02  0.000E-01  3.156E-01
3.9480943E+00 6.46741E+01  1.1641E+01  7.4183E+02  7.9784E+00  7.4981E+02  0.000E-01  3.140E-01
3.9678347E+00 6.46776E+01  1.1552E+01  7.3247E+02  7.9588E+00  7.4043E+02  0.000E-01  3.125E-01
3.9876739E+00 6.46807E+01  1.1463E+01  7.2324E+02  7.9391E+00  7.3118E+02  0.000E-01  3.109E-01
4.055024E+00  6.51585E+01  1.1166E+01  6.9280E+02  7.8974E+00  7.0070E+02  0.000E+00  3.058E-01
4.334821E+00  6.50633E+01  1.0057E+01  5.8370E+02  7.6278E+00  5.9133E+02  0.000E+00  2.860E-01
4.633924E+00  6.49252E+01  9.0625E+00  4.9202E+02  7.3495E+00  4.9937E+02  0.000E+00  2.676E-01
4.953664E+00  6.47070E+01  8.1745E+00  4.1517E+02  7.0646E+00  4.2223E+02  0.000E+00  2.503E-01
5.295467E+00  6.44383E+01  7.3833E+00  3.5078E+02  6.7747E+00  3.5755E+02  0.000E+00  2.341E-01
5.660855E+00  6.41184E+01  6.6775E+00  2.9677E+02  6.4816E+00  3.0325E+02  0.000E+00  2.190E-01
6.051453E+00  6.37384E+01  6.0465E+00  2.5138E+02  6.1871E+00  2.5757E+02  0.000E+00  2.049E-01
6.469004E+00  6.32673E+01  5.4548E+00  2.1214E+02  5.8927E+00  2.1803E+02  0.000E+00  1.917E-01
6.915365E+00  6.26355E+01  4.9195E+00  1.7898E+02  5.6000E+00  1.8458E+02  0.000E+00  1.793E-01
7.392525E+00  6.17181E+01  4.4427E+00  1.5120E+02  5.3103E+00  1.5651E+02  0.000E+00  1.677E-01
7.902609E+00  6.00572E+01  4.0175E+00  1.2790E+02  5.0248E+00  1.3292E+02  0.000E+00  1.569E-01
8.190742E+00  5.78968E+01  3.8007E+00  1.1674E+02  4.8738E+00  1.2161E+02  0.000E+00  1.514E-01
8.316110E+00  5.49282E+01  3.7129E+00  1.1233E+02  4.8102E+00  1.1714E+02  0.000E+00  1.491E-01
8.349542E+00  5.14509E+01  3.6901E+00  1.1119E+02  4.7935E+00  1.1598E+02  0.000E+00  1.485E-01
8.399689E+00  5.49359E+01  1.0444E+01  3.1282E+02  4.7685E+00  3.1759E+02  0.000E+00  1.476E-01
8.447890E+00  5.66313E+01  1.0315E+01  3.0720E+02  4.7448E+00  3.1194E+02  0.000E+00  1.468E-01
8.525058E+00  5.79659E+01  1.0115E+01  2.9850E+02  4.7071E+00  3.0321E+02  0.000E+00  1.454E-01
9.030794E+00  5.98477E+01  9.0727E+00  2.5275E+02  4.4712E+00  2.5722E+02  0.000E+00  1.373E-01
9.079014E+00  5.97452E+01  8.9917E+00  2.4917E+02  4.4497E+00  2.5362E+02  0.000E+00  1.366E-01
9.217979E+00  5.86124E+01  8.7652E+00  2.3923E+02  4.3885E+00  2.4362E+02  0.000E+00  1.345E-01
9.255036E+00  5.69490E+01  8.7063E+00  2.3667E+02  4.3724E+00  2.4104E+02  0.000E+00  1.340E-01
9.310622E+00  5.88004E+01  1.2022E+01  3.2485E+02  4.3485E+00  3.2920E+02  0.000E+00  1.332E-01
9.449586E+00  6.05211E+01  1.1691E+01  3.1127E+02  4.2895E+00  3.1556E+02  0.000E+00  1.312E-01
9.556274E+00  6.10405E+01  1.1445E+01  3.0131E+02  4.2450E+00  3.0556E+02  0.000E+00  1.297E-01
9.653919E+00  6.11845E+01  1.1224E+01  2.9251E+02  4.2049E+00  2.9671E+02  0.000E+00  1.284E-01
9.702543E+00  6.10288E+01  1.1116E+01  2.8823E+02  4.1852E+00  2.9242E+02  0.000E+00  1.278E-01
9.741549E+00  6.03128E+01  1.1033E+01  2.8493E+02  4.1695E+00  2.8910E+02  0.000E+00  1.273E-01
9.800056E+00  6.13998E+01  1.2628E+01  3.2418E+02  4.1461E+00  3.2833E+02  0.000E+00  1.265E-01
9.946326E+00  6.26541E+01  1.2323E+01  3.1169E+02  4.0885E+00  3.1578E+02  0.000E+00  1.247E-01
1.032004E+01  6.41771E+01  1.1592E+01  2.8260E+02  3.9468E+00  2.8655E+02  0.000E+00  1.201E-01
1.103212E+01  6.56930E+01  1.0376E+01  2.3662E+02  3.6975E+00  2.4032E+02  0.000E+00  1.124E-01
1.179334E+01  6.66121E+01  9.3223E+00  1.9887E+02  3.4575E+00  2.0233E+02  0.000E+00  1.051E-01
1.260708E+01  6.72371E+01  8.3663E+00  1.6696E+02  3.2272E+00  1.7019E+02  0.000E+00  9.834E-02
1.347697E+01  6.76565E+01  7.4967E+00  1.3995E+02  3.0070E+00  1.4296E+02  0.000E+00  9.200E-02
1.440688E+01  6.79349E+01  6.7173E+00  1.1730E+02  2.7971E+00  1.2010E+02  0.000E+00  8.606E-02
1.540095E+01  6.81159E+01  6.0205E+00  9.8349E+01  2.5976E+00  1.0095E+02  0.000E+00  8.050E-02
1.646362E+01  6.82286E+01  5.3984E+00  8.2495E+01  2.4085E+00  8.4904E+01  0.000E+00  7.531E-02
1.759961E+01  6.83550E+01  4.8304E+00  6.9051E+01  2.2299E+00  7.1281E+01  0.000E+00  7.045E-02
1.881398E+01  6.84065E+01  4.3214E+00  5.7787E+01  2.0615E+00  5.9848E+01  0.000E+00  6.590E-02
2.011215E+01  6.84211E+01  3.8614E+00  4.8302E+01  1.9034E+00  5.0205E+01  0.000E+00  6.165E-02
2.149988E+01  6.83798E+01  3.4490E+00  4.0360E+01  1.7551E+00  4.2115E+01  0.000E+00  5.767E-02
2.298338E+01  6.83214E+01  3.0834E+00  3.3752E+01  1.6165E+00  3.5368E+01  0.000E+00  5.395E-02
2.456923E+01  6.82530E+01  2.7590E+00  2.8251E+01  1.4872E+00  2.9738E+01  0.000E+00  5.046E-02
2.626450E+01  6.81838E+01  2.4708E+00  2.3668E+01  1.3670E+00  2.5035E+01  0.000E+00  4.721E-02
2.807676E+01  6.81129E+01  2.1971E+00  1.9687E+01  1.2554E+00  2.0942E+01  0.000E+00  4.416E-02
3.001405E+01  6.80170E+01  1.9502E+00  1.6347E+01  1.1520E+00  1.7499E+01  0.000E+00  4.131E-02
3.208502E+01  6.79127E+01  1.7322E+00  1.3583E+01  1.0565E+00  1.4640E+01  0.000E+00  3.864E-02
3.429889E+01  6.78019E+01  1.5400E+00  1.1296E+01  9.6844E-01  1.2264E+01  0.000E+00  3.615E-02
3.666551E+01  6.76845E+01  1.3696E+00  9.3978E+00  8.8741E-01  1.0285E+01  0.000E+00  3.381E-02
3.919543E+01  6.75570E+01  1.2165E+00  7.8085E+00  8.1300E-01  8.6215E+00  0.000E+00  3.163E-02
4.189992E+01  6.74143E+01  1.0801E+00  6.4856E+00  7.4480E-01  7.2304E+00  0.000E+00  2.959E-02
4.479101E+01  6.72454E+01  9.5556E-01  5.3673E+00  6.8240E-01  6.0497E+00  0.000E+00  2.768E-02
4.788159E+01  6.70286E+01  8.4529E-01  4.4414E+00  6.2541E-01  5.0668E+00  0.000E+00  2.589E-02
5.118542E+01  6.67132E+01  7.4787E-01  3.6759E+00  5.7345E-01  4.2494E+00  0.000E+00  2.422E-02
5.471721E+01  6.60951E+01  6.6218E-01  3.0447E+00  5.2615E-01  3.5708E+00  0.000E+00  2.266E-02
5.633579E+01  6.54055E+01  6.2805E-01  2.8047E+00  5.0686E-01  3.3116E+00  0.000E+00  2.201E-02
5.719807E+01  6.42643E+01  6.1100E-01  2.6875E+00  4.9712E-01  3.1846E+00  0.000E+00  2.168E-02
5.742801E+01  6.28976E+01  6.0658E-01  2.6573E+00  4.9458E-01  3.1519E+00  0.000E+00  2.159E-02
5.777293E+01  6.42790E+01  3.2906E+00  1.4330E+01  4.9083E-01  1.4821E+01  1.172E+01  2.146E-02
5.849270E+01  6.54056E+01  3.2283E+00  1.3885E+01  4.8316E-01  1.4368E+01  1.136E+01  2.120E-02
5.863521E+01  6.55268E+01  3.2162E+00  1.3800E+01  4.8167E-01  1.4282E+01  1.129E+01  2.115E-02
6.252870E+01  6.69049E+01  2.9062E+00  1.1693E+01  4.4413E-01  1.2137E+01  9.600E+00  1.983E-02
6.684318E+01  6.74553E+01  2.6074E+00  9.8139E+00  4.0874E-01  1.0223E+01  8.076E+00  1.855E-02
7.145536E+01  6.77716E+01  2.3374E+00  8.2298E+00  3.7669E-01  8.6065E+00  6.786E+00  1.735E-02
7.638578E+01  6.79759E+01  2.0950E+00  6.9001E+00  3.4769E-01  7.2478E+00  5.700E+00  1.623E-02
8.165640E+01  6.81195E+01  1.8742E+00  5.7745E+00  3.2147E-01  6.0960E+00  4.779E+00  1.518E-02
8.729069E+01  6.82120E+01  1.6714E+00  4.8172E+00  2.9778E-01  5.1150E+00  3.996E+00  1.420E-02
9.331374E+01  6.82714E+01  1.4907E+00  4.0192E+00  2.7639E-01  4.2956E+00  3.341E+00  1.329E-02
9.975239E+01  6.83086E+01  1.3298E+00  3.3538E+00  2.5707E-01  3.6109E+00  2.794E+00  1.243E-02
1.066353E+02  6.83301E+01  1.1863E+00  2.7989E+00  2.3963E-01  3.0385E+00  2.336E+00  1.163E-02
1.139931E+02  6.83409E+01  1.0585E+00  2.3362E+00  2.2387E-01  2.5601E+00  1.953E+00  1.088E-02
1.218587E+02  6.83712E+01  9.4103E-01  1.9428E+00  2.0963E-01  2.1524E+00  1.626E+00  1.017E-02
1.302669E+02  6.83646E+01  8.3621E-01  1.6150E+00  1.9675E-01  1.8118E+00  1.352E+00  9.518E-03
1.392553E+02  6.83529E+01  7.4314E-01  1.3426E+00  1.8509E-01  1.5277E+00  1.125E+00  8.903E-03
1.488640E+02  6.83380E+01  6.6049E-01  1.1163E+00  1.7452E-01  1.2908E+00  9.359E-01  8.329E-03
1.591356E+02  6.83210E+01  5.8709E-01  9.2817E-01  1.6491E-01  1.0931E+00  7.786E-01  7.791E-03
1.701159E+02  6.83027E+01  5.2189E-01  7.7183E-01  1.5617E-01  9.2800E-01  6.477E-01  7.288E-03
1.818539E+02  6.82839E+01  4.6397E-01  6.4189E-01  1.4819E-01  7.9008E-01  5.388E-01  6.818E-03
1.944018E+02  6.82650E+01  4.1252E-01  5.3386E-01  1.4089E-01  6.7475E-01  4.482E-01  6.378E-03
2.078156E+02  6.82463E+01  3.6680E-01  4.4405E-01  1.3418E-01  5.7823E-01  3.728E-01  5.966E-03
2.221548E+02  6.82279E+01  3.2617E-01  3.6938E-01  1.2801E-01  4.9739E-01  3.102E-01  5.581E-03
2.374835E+02  6.82101E+01  2.9007E-01  3.0729E-01  1.2230E-01  4.2959E-01  2.580E-01  5.221E-03
2.538699E+02  6.81928E+01  2.5839E-01  2.5607E-01  1.1701E-01  3.7308E-01  2.150E-01  4.884E-03
2.713869E+02  6.81769E+01  2.3113E-01  2.1427E-01  1.1208E-01  3.2635E-01  1.801E-01  4.569E-03
2.901126E+02  6.81622E+01  2.0676E-01  1.7930E-01  1.0747E-01  2.8677E-01  1.508E-01  4.274E-03
3.101304E+02  6.81487E+01  1.8498E-01  1.5006E-01  1.0314E-01  2.5320E-01  1.263E-01  3.998E-03
3.315294E+02  6.81363E+01  1.6550E-01  1.2559E-01  9.9054E-02  2.2464E-01  1.058E-01  3.740E-03
3.544049E+02  6.81247E+01  1.4808E-01  1.0512E-01  9.5192E-02  2.0031E-01  8.861E-02  3.498E-03
3.788588E+02  6.81141E+01  1.3250E-01  8.7988E-02  9.1523E-02  1.7951E-01  7.421E-02  3.273E-03
4.050001E+02  6.81042E+01  1.1857E-01  7.3654E-02  8.8026E-02  1.6168E-01  6.215E-02  3.061E-03
4.329451E+02  6.80951E+01  1.0611E-01  6.1659E-02  8.4682E-02  1.4634E-01  5.205E-02  2.864E-03


