1.067676E+00  8.97744E+00  2.2538E+00  4.6757E+03  1.7400E+00  4.6774E+03  4.430E+03  1.161E+00
1.141345E+00  9.11455E+00  2.0306E+00  3.9407E+03  1.7269E+00  3.9424E+03  3.737E+03  1.086E+00
1.220098E+00  9.21735E+00  1.8172E+00  3.2990E+03  1.7091E+00  3.3007E+03  3.130E+03  1.016E+00
1.304285E+00  9.28588E+00  1.6221E+00  2.7547E+03  1.6869E+00  2.7564E+03  2.615E+03  9.506E-01
1.394281E+00  9.33097E+00  1.4469E+00  2.2985E+03  1.6605E+00  2.3002E+03  2.182E+03  8.892E-01
1.490486E+00  9.35888E+00  1.2898E+00  1.9167E+03  1.6301E+00  1.9183E+03  1.820E+03  8.318E-01
1.593329E+00  9.37393E+00  1.1491E+00  1.5974E+03  1.5961E+00  1.5990E+03  1.517E+03  7.781E-01
1.703269E+00  9.37936E+00  1.0233E+00  1.3306E+03  1.5589E+00  1.3322E+03  1.264E+03  7.279E-01
1.820795E+00  9.37762E+00  9.1083E-01  1.1080E+03  1.5187E+00  1.1095E+03  1.053E+03  6.809E-01
1.946430E+00  9.37061E+00  8.1050E-01  9.2231E+02  1.4760E+00  9.2379E+02  8.762E+02  6.370E-01
2.080733E+00  9.36013E+00  7.2104E-01  7.6755E+02  1.4310E+00  7.6898E+02  7.292E+02  5.959E-01
2.224304E+00  9.34689E+00  6.4132E-01  6.3862E+02  1.3843E+00  6.4000E+02  6.067E+02  5.574E-01
2.377781E+00  9.33207E+00  5.7033E-01  5.3127E+02  1.3361E+00  5.3261E+02  5.046E+02  5.214E-01
2.541848E+00  9.31652E+00  5.0714E-01  4.4192E+02  1.2868E+00  4.4321E+02  4.197E+02  4.878E-01
2.717235E+00  9.30109E+00  4.5093E-01  3.6758E+02  1.2368E+00  3.6882E+02  3.491E+02  4.563E-01
2.904724E+00  9.28588E+00  3.9862E-01  3.0396E+02  1.1863E+00  3.0515E+02  2.885E+02  4.268E-01
3.105150E+00  9.26977E+00  3.5055E-01  2.5005E+02  1.1358E+00  2.5119E+02  2.373E+02  3.993E-01
3.319406E+00  9.25188E+00  3.0702E-01  2.0487E+02  1.0855E+00  2.0596E+02  1.944E+02  3.735E-01
3.548445E+00  9.23378E+00  2.6891E-01  1.6785E+02  1.0356E+00  1.6889E+02  1.593E+02  3.494E-01
3.793288E+00  9.21598E+00  2.3553E-01  1.3753E+02  9.8651E-01  1.3852E+02  1.305E+02  3.269E-01
4.055024E+00  9.19881E+00  2.0629E-01  1.1268E+02  9.3836E-01  1.1362E+02  1.069E+02  3.058E-01
4.334821E+00  9.18245E+00  1.8068E-01  9.2321E+01  8.9138E-01  9.3212E+01  8.760E+01  2.860E-01
4.633924E+00  9.16700E+00  1.5825E-01  7.5642E+01  8.4575E-01  7.6488E+01  7.178E+01  2.676E-01
4.953664E+00  9.15253E+00  1.3861E-01  6.1977E+01  8.0161E-01  6.2779E+01  5.881E+01  2.503E-01
5.295467E+00  9.13905E+00  1.2141E-01  5.0782E+01  7.5910E-01  5.1541E+01  4.818E+01  2.341E-01
5.660855E+00  9.12654E+00  1.0634E-01  4.1609E+01  7.1832E-01  4.2327E+01  3.948E+01  2.190E-01
6.051453E+00  9.11500E+00  9.3147E-02  3.4093E+01  6.7934E-01  3.4772E+01  3.234E+01  2.049E-01
6.469004E+00  9.10438E+00  8.1590E-02  2.7936E+01  6.4223E-01  2.8578E+01  2.650E+01  1.917E-01
6.915365E+00  9.09464E+00  7.1467E-02  2.2890E+01  6.0701E-01  2.3497E+01  2.171E+01  1.793E-01
7.392525E+00  9.08575E+00  6.2601E-02  1.8757E+01  5.7371E-01  1.9331E+01  1.779E+01  1.677E-01
7.902609E+00  9.07766E+00  5.4836E-02  1.5369E+01  5.4232E-01  1.5911E+01  1.457E+01  1.569E-01
8.447890E+00  9.07041E+00  4.8034E-02  1.2594E+01  5.1282E-01  1.3107E+01  1.194E+01  1.468E-01
9.030794E+00  9.06412E+00  4.1998E-02  1.0301E+01  4.8518E-01  1.0786E+01  9.765E+00  1.373E-01
9.653919E+00  9.05787E+00  3.6478E-02  8.3693E+00  4.5936E-01  8.8287E+00  7.934E+00  1.284E-01
1.032004E+01  9.05214E+00  3.1684E-02  6.8001E+00  4.3530E-01  7.2354E+00  6.446E+00  1.201E-01
1.103212E+01  9.04693E+00  2.7520E-02  5.5252E+00  4.1293E-01  5.9381E+00  5.238E+00  1.124E-01
1.179334E+01  9.04219E+00  2.3903E-02  4.4893E+00  3.9218E-01  4.8815E+00  4.255E+00  1.051E-01
1.260708E+01  9.03790E+00  2.0762E-02  3.6477E+00  3.7297E-01  4.0207E+00  3.458E+00  9.834E-02
1.347697E+01  9.03403E+00  1.7980E-02  2.9550E+00  3.5523E-01  3.3102E+00  2.800E+00  9.200E-02
1.440688E+01  9.03050E+00  1.5549E-02  2.3905E+00  3.3886E-01  2.7294E+00  2.265E+00  8.606E-02
1.540095E+01  9.02731E+00  1.3445E-02  1.9337E+00  3.2377E-01  2.2575E+00  1.832E+00  8.050E-02
1.646362E+01  9.02442E+00  1.1626E-02  1.5641E+00  3.0988E-01  1.8740E+00  1.482E+00  7.531E-02
1.759961E+01  9.02183E+00  1.0053E-02  1.2652E+00  2.9710E-01  1.5623E+00  1.198E+00  7.045E-02
1.881398E+01  9.01949E+00  8.6933E-03  1.0234E+00  2.8534E-01  1.3087E+00  9.691E-01  6.590E-02
2.011215E+01  9.01739E+00  7.5172E-03  8.2787E-01  2.7453E-01  1.1024E+00  7.838E-01  6.165E-02
2.149988E+01  9.01551E+00  6.5003E-03  6.6967E-01  2.6456E-01  9.3423E-01  6.339E-01  5.767E-02
2.298338E+01  9.01382E+00  5.6210E-03  5.4170E-01  2.5538E-01  7.9708E-01  5.127E-01  5.395E-02
2.456923E+01  9.01231E+00  4.8606E-03  4.3819E-01  2.4690E-01  6.8509E-01  4.147E-01  5.046E-02
2.626450E+01  9.01096E+00  4.2031E-03  3.5446E-01  2.3905E-01  5.9351E-01  3.354E-01  4.721E-02
2.807676E+01  9.00976E+00  3.6202E-03  2.8559E-01  2.3178E-01  5.1737E-01  2.702E-01  4.416E-02
3.001405E+01  9.00868E+00  3.1141E-03  2.2981E-01  2.2500E-01  4.5481E-01  2.174E-01  4.131E-02
3.208502E+01  9.00772E+00  2.6787E-03  1.8492E-01  2.1868E-01  4.0360E-01  1.749E-01  3.864E-02
3.429889E+01  9.00685E+00  2.3042E-03  1.4880E-01  2.1275E-01  3.6155E-01  1.407E-01  3.615E-02
3.666551E+01  9.00608E+00  1.9821E-03  1.1974E-01  2.0718E-01  3.2692E-01  1.132E-01  3.381E-02
3.919543E+01  9.00539E+00  1.7050E-03  9.6351E-02  2.0191E-01  2.9826E-01  9.106E-02  3.163E-02
4.189992E+01  9.00478E+00  1.4667E-03  7.7532E-02  1.9690E-01  2.7443E-01  7.326E-02  2.959E-02
4.479101E+01  9.00424E+00  1.2616E-03  6.2389E-02  1.9213E-01  2.5452E-01  5.894E-02  2.768E-02
4.788159E+01  9.00375E+00  1.0853E-03  5.0203E-02  1.8756E-01  2.3776E-01  4.742E-02  2.589E-02
5.118542E+01  9.00332E+00  9.3356E-04  4.0398E-02  1.8317E-01  2.2357E-01  3.815E-02  2.422E-02
5.471721E+01  9.00294E+00  8.0306E-04  3.2508E-02  1.7893E-01  2.1144E-01  3.069E-02  2.266E-02
5.849270E+01  9.00260E+00  6.9081E-04  2.6159E-02  1.7482E-01  2.0098E-01  2.469E-02  2.120E-02
6.252870E+01  9.00230E+00  5.9424E-04  2.1050E-02  1.7082E-01  1.9187E-01  1.987E-02  1.983E-02
6.684318E+01  9.00204E+00  5.1118E-04  1.6939E-02  1.6693E-01  1.8387E-01  1.598E-02  1.855E-02
7.145536E+01  9.00180E+00  4.3973E-04  1.3630E-02  1.6312E-01  1.7675E-01  1.286E-02  1.735E-02
7.638578E+01  9.00159E+00  3.7826E-04  1.0968E-02  1.5939E-01  1.7036E-01  1.035E-02  1.623E-02
8.165640E+01  9.00140E+00  3.2542E-04  8.8270E-03  1.5573E-01  1.6456E-01  8.324E-03  1.518E-02
8.729069E+01  9.00124E+00  2.8001E-04  7.1050E-03  1.5214E-01  1.5924E-01  6.699E-03  1.420E-02
9.331374E+01  9.00110E+00  2.4094E-04  5.7190E-03  1.4860E-01  1.5432E-01  5.391E-03  1.329E-02
9.975239E+01  9.00097E+00  2.0732E-04  4.6033E-03  1.4512E-01  1.4972E-01  4.339E-03  1.243E-02
1.066353E+02  9.00085E+00  1.7839E-04  3.7053E-03  1.4170E-01  1.4541E-01  3.492E-03  1.163E-02
1.139931E+02  9.00075E+00  1.5350E-04  2.9825E-03  1.3833E-01  1.4131E-01  2.810E-03  1.088E-02
1.218587E+02  9.00066E+00  1.3208E-04  2.4007E-03  1.3501E-01  1.3741E-01  2.261E-03  1.017E-02
1.302669E+02  9.00059E+00  1.1365E-04  1.9324E-03  1.3174E-01  1.3367E-01  1.820E-03  9.518E-03
1.392553E+02  9.00052E+00  9.7791E-05  1.5554E-03  1.2853E-01  1.3009E-01  1.465E-03  8.903E-03
1.488640E+02  9.00046E+00  8.4146E-05  1.2520E-03  1.2538E-01  1.2663E-01  1.179E-03  8.329E-03
1.591356E+02  9.00040E+00  7.2405E-05  1.0078E-03  1.2228E-01  1.2329E-01  9.485E-04  7.791E-03
1.701159E+02  9.00035E+00  6.2302E-05  8.1119E-04  1.1925E-01  1.2006E-01  7.633E-04  7.288E-03
1.818539E+02  9.00031E+00  5.3609E-05  6.5295E-04  1.1627E-01  1.1692E-01  6.143E-04  6.818E-03
1.944018E+02  9.00027E+00  4.6129E-05  5.2558E-04  1.1335E-01  1.1388E-01  4.944E-04  6.378E-03
2.078156E+02  9.00024E+00  3.9693E-05  4.2306E-04  1.1051E-01  1.1093E-01  3.978E-04  5.966E-03
2.221548E+02  9.00021E+00  3.4155E-05  3.4053E-04  1.0772E-01  1.0806E-01  3.202E-04  5.581E-03
2.374835E+02  9.00019E+00  2.9389E-05  2.7411E-04  1.0501E-01  1.0528E-01  2.577E-04  5.221E-03
2.538699E+02  9.00017E+00  2.5289E-05  2.2064E-04  1.0237E-01  1.0259E-01  2.074E-04  4.884E-03
2.713869E+02  9.00015E+00  2.1760E-05  1.7760E-04  9.9794E-02  9.9972E-02  1.669E-04  4.569E-03
2.901126E+02  9.00013E+00  1.8724E-05  1.4296E-04  9.7295E-02  9.7438E-02  1.343E-04  4.274E-03
3.101304E+02  9.00011E+00  1.6112E-05  1.1507E-04  9.4871E-02  9.4986E-02  1.081E-04  3.998E-03
3.315294E+02  9.00010E+00  1.3864E-05  9.2625E-05  9.2524E-02  9.2617E-02  8.697E-05  3.740E-03
3.544049E+02  9.00009E+00  1.1930E-05  7.4558E-05  9.0252E-02  9.0327E-02  6.999E-05  3.498E-03
3.788588E+02  9.00008E+00  1.0265E-05  6.0014E-05  8.8059E-02  8.8119E-02  5.633E-05  3.273E-03
4.050001E+02  9.00007E+00  8.8331E-06  4.8308E-05  8.5944E-02  8.5992E-02  4.533E-05  3.061E-03
4.329451E+02  9.00006E+00  7.6007E-06  3.8885E-05  8.3907E-02  8.3946E-02  3.648E-05  2.864E-03

