1.0001211E+00 5.85305E+01  3.0749E+01  5.8017E+03  1.0168E+01  5.8118E+03  0.000E-01  1.240E+00
1.0051217E+00 5.87261E+01  3.0568E+01  5.7388E+03  1.0191E+01  5.7490E+03  0.000E-01  1.234E+00
1.0101473E+00 5.89113E+01  3.0388E+01  5.6767E+03  1.0214E+01  5.6869E+03  0.000E-01  1.227E+00
1.0151980E+00 5.90881E+01  3.0210E+01  5.6154E+03  1.0237E+01  5.6256E+03  0.000E-01  1.221E+00
1.0202740E+00 5.92577E+01  3.0033E+01  5.5546E+03  1.0260E+01  5.5649E+03  0.000E-01  1.215E+00
1.0253754E+00 5.94197E+01  2.9850E+01  5.4933E+03  1.0283E+01  5.5036E+03  0.000E-01  1.209E+00
1.0305023E+00 5.95748E+01  2.9667E+01  5.4325E+03  1.0306E+01  5.4428E+03  0.000E-01  1.203E+00
1.0356548E+00 5.97237E+01  2.9485E+01  5.3724E+03  1.0328E+01  5.3827E+03  0.000E-01  1.197E+00
1.0408331E+00 5.98667E+01  2.9305E+01  5.3130E+03  1.0351E+01  5.3234E+03  0.000E-01  1.191E+00
1.0460372E+00 6.00043E+01  2.9127E+01  5.2544E+03  1.0373E+01  5.2648E+03  0.000E-01  1.185E+00
1.0512674E+00 6.01367E+01  2.8950E+01  5.1964E+03  1.0395E+01  5.2068E+03  0.000E-01  1.179E+00
1.0565238E+00 6.02641E+01  2.8774E+01  5.1392E+03  1.0417E+01  5.1496E+03  0.000E-01  1.174E+00
1.0618064E+00 6.03869E+01  2.8600E+01  5.0827E+03  1.0438E+01  5.0931E+03  0.000E-01  1.168E+00
1.0671154E+00 6.05051E+01  2.8427E+01  5.0268E+03  1.0460E+01  5.0373E+03  0.000E-01  1.162E+00
1.0724510E+00 6.06190E+01  2.8255E+01  4.9716E+03  1.0482E+01  4.9821E+03  0.000E-01  1.156E+00
1.0778132E+00 6.07285E+01  2.8085E+01  4.9171E+03  1.0503E+01  4.9276E+03  0.000E-01  1.150E+00
1.0832023E+00 6.08337E+01  2.7916E+01  4.8632E+03  1.0524E+01  4.8737E+03  0.000E-01  1.145E+00
1.0886183E+00 6.09345E+01  2.7748E+01  4.8099E+03  1.0545E+01  4.8205E+03  0.000E-01  1.139E+00
1.0940614E+00 6.10309E+01  2.7582E+01  4.7573E+03  1.0566E+01  4.7678E+03  0.000E-01  1.133E+00
1.0995317E+00 6.11226E+01  2.7417E+01  4.7053E+03  1.0587E+01  4.7159E+03  0.000E-01  1.128E+00
1.1050294E+00 6.12096E+01  2.7253E+01  4.6539E+03  1.0608E+01  4.6645E+03  0.000E-01  1.122E+00
1.1105545E+00 6.12913E+01  2.7090E+01  4.6031E+03  1.0628E+01  4.6137E+03  0.000E-01  1.116E+00
1.1161073E+00 6.13673E+01  2.6929E+01  4.5529E+03  1.0648E+01  4.5636E+03  0.000E-01  1.111E+00
1.1216878E+00 6.14365E+01  2.6768E+01  4.5032E+03  1.0669E+01  4.5139E+03  0.000E-01  1.105E+00
1.1272963E+00 6.14974E+01  2.6608E+01  4.4540E+03  1.0689E+01  4.4647E+03  0.000E-01  1.100E+00
1.1329328E+00 6.15470E+01  2.6449E+01  4.4054E+03  1.0708E+01  4.4161E+03  0.000E-01  1.094E+00
1.1385974E+00 6.15793E+01  2.6292E+01  4.3574E+03  1.0728E+01  4.3681E+03  0.000E-01  1.089E+00
1.1442904E+00 6.15791E+01  2.6135E+01  4.3099E+03  1.0748E+01  4.3207E+03  0.000E-01  1.084E+00
1.1500119E+00 6.14763E+01  2.5980E+01  4.2630E+03  1.0767E+01  4.2738E+03  0.000E-01  1.078E+00
1.1516164E+00 6.13637E+01  2.5937E+01  4.2500E+03  1.0772E+01  4.2608E+03  0.000E-01  1.077E+00
1.1543836E+00 6.14176E+01  2.6420E+01  4.3188E+03  1.0782E+01  4.3296E+03  0.000E-01  1.074E+00
1.1557619E+00 6.15604E+01  2.6383E+01  4.3076E+03  1.0786E+01  4.3184E+03  0.000E-01  1.073E+00
1.1615407E+00 6.18434E+01  2.6230E+01  4.2612E+03  1.0805E+01  4.2720E+03  0.000E-01  1.067E+00
1.1673484E+00 6.20159E+01  2.6077E+01  4.2154E+03  1.0824E+01  4.2262E+03  0.000E-01  1.062E+00
1.1731852E+00 6.21549E+01  2.5926E+01  4.1701E+03  1.0843E+01  4.1810E+03  0.000E-01  1.057E+00
1.1790511E+00 6.22765E+01  2.5776E+01  4.1254E+03  1.0862E+01  4.1362E+03  0.000E-01  1.052E+00
1.1849464E+00 6.23872E+01  2.5627E+01  4.0811E+03  1.0880E+01  4.0920E+03  0.000E-01  1.046E+00
1.1908711E+00 6.24900E+01  2.5480E+01  4.0374E+03  1.0898E+01  4.0483E+03  0.000E-01  1.041E+00
1.1968254E+00 6.25866E+01  2.5333E+01  3.9942E+03  1.0917E+01  4.0051E+03  0.000E-01  1.036E+00
1.2028096E+00 6.26782E+01  2.5188E+01  3.9515E+03  1.0934E+01  3.9625E+03  0.000E-01  1.031E+00
1.2088236E+00 6.27655E+01  2.5044E+01  3.9094E+03  1.0952E+01  3.9203E+03  0.000E-01  1.026E+00
1.2148677E+00 6.28490E+01  2.4901E+01  3.8678E+03  1.0970E+01  3.8787E+03  0.000E-01  1.021E+00
1.2209421E+00 6.29295E+01  2.4759E+01  3.8267E+03  1.0987E+01  3.8376E+03  0.000E-01  1.015E+00
1.2270468E+00 6.30072E+01  2.4619E+01  3.7860E+03  1.1005E+01  3.7970E+03  0.000E-01  1.010E+00
1.2331820E+00 6.30823E+01  2.4480E+01  3.7459E+03  1.1022E+01  3.7569E+03  0.000E-01  1.005E+00
1.2393479E+00 6.31550E+01  2.4342E+01  3.7063E+03  1.1039E+01  3.7173E+03  0.000E-01  1.000E+00
1.2455447E+00 6.32254E+01  2.4205E+01  3.6671E+03  1.1056E+01  3.6781E+03  0.000E-01  9.954E-01
1.2517724E+00 6.32938E+01  2.4069E+01  3.6283E+03  1.1072E+01  3.6394E+03  0.000E-01  9.905E-01
1.2580312E+00 6.33602E+01  2.3934E+01  3.5901E+03  1.1089E+01  3.6012E+03  0.000E-01  9.855E-01
1.2643214E+00 6.34247E+01  2.3801E+01  3.5522E+03  1.1105E+01  3.5634E+03  0.000E-01  9.806E-01
1.2706430E+00 6.34875E+01  2.3668E+01  3.5149E+03  1.1121E+01  3.5260E+03  0.000E-01  9.758E-01
1.2769962E+00 6.35485E+01  2.3536E+01  3.4779E+03  1.1137E+01  3.4891E+03  0.000E-01  9.709E-01
1.2833812E+00 6.36080E+01  2.3406E+01  3.4414E+03  1.1153E+01  3.4526E+03  0.000E-01  9.661E-01
1.2897981E+00 6.36659E+01  2.3276E+01  3.4054E+03  1.1168E+01  3.4165E+03  0.000E-01  9.613E-01
1.2962471E+00 6.37223E+01  2.3148E+01  3.3697E+03  1.1184E+01  3.3809E+03  0.000E-01  9.565E-01
1.3027283E+00 6.37773E+01  2.3020E+01  3.3345E+03  1.1199E+01  3.3457E+03  0.000E-01  9.517E-01
1.3092420E+00 6.38309E+01  2.2894E+01  3.2997E+03  1.1214E+01  3.3109E+03  0.000E-01  9.470E-01
1.3157882E+00 6.38832E+01  2.2768E+01  3.2653E+03  1.1229E+01  3.2765E+03  0.000E-01  9.423E-01
1.3223671E+00 6.39343E+01  2.2644E+01  3.2313E+03  1.1244E+01  3.2425E+03  0.000E-01  9.376E-01
1.3289790E+00 6.39841E+01  2.2520E+01  3.1976E+03  1.1258E+01  3.2089E+03  0.000E-01  9.329E-01
1.3356239E+00 6.40328E+01  2.2398E+01  3.1644E+03  1.1273E+01  3.1757E+03  0.000E-01  9.283E-01
1.3423020E+00 6.40803E+01  2.2276E+01  3.1316E+03  1.1287E+01  3.1429E+03  0.000E-01  9.237E-01
1.3490135E+00 6.41268E+01  2.2156E+01  3.0991E+03  1.1301E+01  3.1104E+03  0.000E-01  9.191E-01
1.3557586E+00 6.41723E+01  2.2036E+01  3.0671E+03  1.1315E+01  3.0784E+03  0.000E-01  9.145E-01
1.3625374E+00 6.42169E+01  2.1917E+01  3.0353E+03  1.1328E+01  3.0467E+03  0.000E-01  9.100E-01
1.3693500E+00 6.42605E+01  2.1799E+01  3.0040E+03  1.1342E+01  3.0153E+03  0.000E-01  9.054E-01
1.3761968E+00 6.43028E+01  2.1680E+01  2.9727E+03  1.1355E+01  2.9840E+03  0.000E-01  9.009E-01
1.3830778E+00 6.43439E+01  2.1561E+01  2.9417E+03  1.1368E+01  2.9531E+03  0.000E-01  8.964E-01
1.3899932E+00 6.43837E+01  2.1444E+01  2.9111E+03  1.1381E+01  2.9225E+03  0.000E-01  8.920E-01
1.3969431E+00 6.44223E+01  2.1327E+01  2.8809E+03  1.1394E+01  2.8923E+03  0.000E-01  8.875E-01
1.4039278E+00 6.44599E+01  2.1211E+01  2.8510E+03  1.1406E+01  2.8624E+03  0.000E-01  8.831E-01
1.4109475E+00 6.44963E+01  2.1097E+01  2.8215E+03  1.1419E+01  2.8329E+03  0.000E-01  8.787E-01
1.4180022E+00 6.45317E+01  2.0982E+01  2.7922E+03  1.1431E+01  2.8037E+03  0.000E-01  8.744E-01
1.4250922E+00 6.45660E+01  2.0869E+01  2.7634E+03  1.1443E+01  2.7748E+03  0.000E-01  8.700E-01
1.4322177E+00 6.45993E+01  2.0757E+01  2.7348E+03  1.1455E+01  2.7463E+03  0.000E-01  8.657E-01
1.4393788E+00 6.46317E+01  2.0646E+01  2.7066E+03  1.1467E+01  2.7181E+03  0.000E-01  8.614E-01
1.4465757E+00 6.46630E+01  2.0535E+01  2.6787E+03  1.1478E+01  2.6902E+03  0.000E-01  8.571E-01
1.4538086E+00 6.46935E+01  2.0425E+01  2.6511E+03  1.1489E+01  2.6626E+03  0.000E-01  8.528E-01
1.4610776E+00 6.47230E+01  2.0316E+01  2.6239E+03  1.1500E+01  2.6354E+03  0.000E-01  8.486E-01
1.4683830E+00 6.47517E+01  2.0208E+01  2.5969E+03  1.1511E+01  2.6084E+03  0.000E-01  8.444E-01
1.4757249E+00 6.47795E+01  2.0100E+01  2.5703E+03  1.1522E+01  2.5818E+03  0.000E-01  8.402E-01
1.4831035E+00 6.48064E+01  1.9994E+01  2.5439E+03  1.1533E+01  2.5554E+03  0.000E-01  8.360E-01
1.4905190E+00 6.48326E+01  1.9888E+01  2.5179E+03  1.1543E+01  2.5294E+03  0.000E-01  8.318E-01
1.4979716E+00 6.48579E+01  1.9783E+01  2.4921E+03  1.1553E+01  2.5037E+03  0.000E-01  8.277E-01
1.5054615E+00 6.48825E+01  1.9678E+01  2.4666E+03  1.1563E+01  2.4781E+03  0.000E-01  8.236E-01
1.5129888E+00 6.49060E+01  1.9574E+01  2.4413E+03  1.1573E+01  2.4529E+03  0.000E-01  8.195E-01
1.5205537E+00 6.49287E+01  1.9471E+01  2.4163E+03  1.1582E+01  2.4279E+03  0.000E-01  8.154E-01
1.5281565E+00 6.49506E+01  1.9368E+01  2.3916E+03  1.1592E+01  2.4032E+03  0.000E-01  8.113E-01
1.5357973E+00 6.49715E+01  1.9266E+01  2.3672E+03  1.1601E+01  2.3788E+03  0.000E-01  8.073E-01
1.5434763E+00 6.49916E+01  1.9165E+01  2.3431E+03  1.1610E+01  2.3547E+03  0.000E-01  8.033E-01
1.5511937E+00 6.50109E+01  1.9065E+01  2.3192E+03  1.1619E+01  2.3308E+03  0.000E-01  7.993E-01
1.5589496E+00 6.50295E+01  1.8965E+01  2.2956E+03  1.1627E+01  2.3072E+03  0.000E-01  7.953E-01
1.5667444E+00 6.50472E+01  1.8866E+01  2.2723E+03  1.1636E+01  2.2839E+03  0.000E-01  7.913E-01
1.5745781E+00 6.50641E+01  1.8768E+01  2.2492E+03  1.1644E+01  2.2609E+03  0.000E-01  7.874E-01
1.5824510E+00 6.50803E+01  1.8671E+01  2.2264E+03  1.1652E+01  2.2380E+03  0.000E-01  7.835E-01
1.5903633E+00 6.50957E+01  1.8574E+01  2.2038E+03  1.1660E+01  2.2155E+03  0.000E-01  7.796E-01
1.5983151E+00 6.51103E+01  1.8478E+01  2.1815E+03  1.1668E+01  2.1932E+03  0.000E-01  7.757E-01
1.6063066E+00 6.51243E+01  1.8382E+01  2.1595E+03  1.1675E+01  2.1711E+03  0.000E-01  7.719E-01
1.6143382E+00 6.51375E+01  1.8288E+01  2.1376E+03  1.1682E+01  2.1493E+03  0.000E-01  7.680E-01
1.6224099E+00 6.51500E+01  1.8194E+01  2.1161E+03  1.1690E+01  2.1278E+03  0.000E-01  7.642E-01
1.6305219E+00 6.51618E+01  1.8100E+01  2.0947E+03  1.1696E+01  2.1064E+03  0.000E-01  7.604E-01
1.6386745E+00 6.51729E+01  1.8008E+01  2.0737E+03  1.1703E+01  2.0854E+03  0.000E-01  7.566E-01
1.6468679E+00 6.51834E+01  1.7916E+01  2.0528E+03  1.1710E+01  2.0645E+03  0.000E-01  7.528E-01
1.6551022E+00 6.51932E+01  1.7824E+01  2.0322E+03  1.1716E+01  2.0439E+03  0.000E-01  7.491E-01
1.6633777E+00 6.52022E+01  1.7733E+01  2.0117E+03  1.1722E+01  2.0234E+03  0.000E-01  7.454E-01
1.6716946E+00 6.52104E+01  1.7641E+01  1.9914E+03  1.1728E+01  2.0031E+03  0.000E-01  7.417E-01
1.6800531E+00 6.52178E+01  1.7551E+01  1.9713E+03  1.1734E+01  1.9830E+03  0.000E-01  7.380E-01
1.6884534E+00 6.52243E+01  1.7461E+01  1.9514E+03  1.1739E+01  1.9632E+03  0.000E-01  7.343E-01
1.6968956E+00 6.52300E+01  1.7372E+01  1.9318E+03  1.1745E+01  1.9435E+03  0.000E-01  7.307E-01
1.7053801E+00 6.52350E+01  1.7283E+01  1.9124E+03  1.1750E+01  1.9241E+03  0.000E-01  7.270E-01
1.7139070E+00 6.52392E+01  1.7195E+01  1.8932E+03  1.1755E+01  1.9049E+03  0.000E-01  7.234E-01
1.7224766E+00 6.52425E+01  1.7107E+01  1.8742E+03  1.1760E+01  1.8859E+03  0.000E-01  7.198E-01
1.7310889E+00 6.52683E+01  1.7021E+01  1.8554E+03  1.1764E+01  1.8671E+03  0.000E-01  7.162E-01
1.7397444E+00 6.52703E+01  1.6934E+01  1.8368E+03  1.1769E+01  1.8486E+03  0.000E-01  7.127E-01
1.7484431E+00 6.52715E+01  1.6849E+01  1.8184E+03  1.1773E+01  1.8302E+03  0.000E-01  7.091E-01
1.7571853E+00 6.52720E+01  1.6764E+01  1.8002E+03  1.1777E+01  1.8120E+03  0.000E-01  7.056E-01
1.7659712E+00 6.52717E+01  1.6679E+01  1.7823E+03  1.1781E+01  1.7940E+03  0.000E-01  7.021E-01
1.7748011E+00 6.52706E+01  1.6596E+01  1.7645E+03  1.1784E+01  1.7763E+03  0.000E-01  6.986E-01
1.7836751E+00 6.52687E+01  1.6512E+01  1.7469E+03  1.1788E+01  1.7587E+03  0.000E-01  6.951E-01
1.7925935E+00 6.52661E+01  1.6430E+01  1.7295E+03  1.1791E+01  1.7413E+03  0.000E-01  6.916E-01
1.8015565E+00 6.52627E+01  1.6347E+01  1.7123E+03  1.1794E+01  1.7241E+03  0.000E-01  6.882E-01
1.8105642E+00 6.52614E+01  1.6266E+01  1.6953E+03  1.1797E+01  1.7071E+03  0.000E-01  6.848E-01
1.8196171E+00 6.52565E+01  1.6185E+01  1.6784E+03  1.1799E+01  1.6902E+03  0.000E-01  6.814E-01
1.8287151E+00 6.52508E+01  1.6104E+01  1.6618E+03  1.1802E+01  1.6736E+03  0.000E-01  6.780E-01
1.8378587E+00 6.52443E+01  1.6025E+01  1.6453E+03  1.1804E+01  1.6571E+03  0.000E-01  6.746E-01
1.8470480E+00 6.52370E+01  1.5945E+01  1.6290E+03  1.1806E+01  1.6408E+03  0.000E-01  6.713E-01
1.8562833E+00 6.52290E+01  1.5867E+01  1.6129E+03  1.1808E+01  1.6247E+03  0.000E-01  6.679E-01
1.8655647E+00 6.52201E+01  1.5788E+01  1.5970E+03  1.1809E+01  1.6088E+03  0.000E-01  6.646E-01
1.8748925E+00 6.52105E+01  1.5711E+01  1.5812E+03  1.1811E+01  1.5930E+03  0.000E-01  6.613E-01
1.8842670E+00 6.52000E+01  1.5633E+01  1.5656E+03  1.1812E+01  1.5774E+03  0.000E-01  6.580E-01
1.8936883E+00 6.51887E+01  1.5557E+01  1.5502E+03  1.1813E+01  1.5620E+03  0.000E-01  6.547E-01
1.9031567E+00 6.51766E+01  1.5481E+01  1.5349E+03  1.1814E+01  1.5468E+03  0.000E-01  6.515E-01
1.9126725E+00 6.51636E+01  1.5405E+01  1.5199E+03  1.1815E+01  1.5317E+03  0.000E-01  6.482E-01
1.9222359E+00 6.51498E+01  1.5330E+01  1.5049E+03  1.1815E+01  1.5167E+03  0.000E-01  6.450E-01
1.9318471E+00 6.51352E+01  1.5256E+01  1.4902E+03  1.1815E+01  1.5020E+03  0.000E-01  6.418E-01
1.9415063E+00 6.51197E+01  1.5182E+01  1.4755E+03  1.1816E+01  1.4874E+03  0.000E-01  6.386E-01
1.9512138E+00 6.51033E+01  1.5108E+01  1.4611E+03  1.1815E+01  1.4729E+03  0.000E-01  6.354E-01
1.9609699E+00 6.50860E+01  1.5035E+01  1.4468E+03  1.1815E+01  1.4586E+03  0.000E-01  6.323E-01
1.9707747E+00 6.50679E+01  1.4963E+01  1.4327E+03  1.1815E+01  1.4445E+03  0.000E-01  6.291E-01
1.9806286E+00 6.50488E+01  1.4891E+01  1.4187E+03  1.1814E+01  1.4305E+03  0.000E-01  6.260E-01
1.9905318E+00 6.50288E+01  1.4819E+01  1.4048E+03  1.1813E+01  1.4166E+03  0.000E-01  6.229E-01
2.0004844E+00 6.50079E+01  1.4748E+01  1.3911E+03  1.1812E+01  1.4030E+03  0.000E-01  6.198E-01
2.0104868E+00 6.49860E+01  1.4677E+01  1.3776E+03  1.1811E+01  1.3894E+03  0.000E-01  6.167E-01
2.0205393E+00 6.49632E+01  1.4607E+01  1.3642E+03  1.1809E+01  1.3760E+03  0.000E-01  6.136E-01
2.0306420E+00 6.49394E+01  1.4538E+01  1.3510E+03  1.1808E+01  1.3628E+03  0.000E-01  6.106E-01
2.0407952E+00 6.49146E+01  1.4469E+01  1.3378E+03  1.1806E+01  1.3496E+03  0.000E-01  6.075E-01
2.0509992E+00 6.48887E+01  1.4400E+01  1.3249E+03  1.1804E+01  1.3367E+03  0.000E-01  6.045E-01
2.0612542E+00 6.48619E+01  1.4332E+01  1.3120E+03  1.1801E+01  1.3238E+03  0.000E-01  6.015E-01
2.0715604E+00 6.48340E+01  1.4264E+01  1.2993E+03  1.1799E+01  1.3111E+03  0.000E-01  5.985E-01
2.0819182E+00 6.48050E+01  1.4197E+01  1.2868E+03  1.1796E+01  1.2986E+03  0.000E-01  5.955E-01
2.0923278E+00 6.47749E+01  1.4130E+01  1.2744E+03  1.1794E+01  1.2862E+03  0.000E-01  5.926E-01
2.1027895E+00 6.47437E+01  1.4064E+01  1.2621E+03  1.1791E+01  1.2739E+03  0.000E-01  5.896E-01
2.1133034E+00 6.47114E+01  1.3998E+01  1.2499E+03  1.1787E+01  1.2617E+03  0.000E-01  5.867E-01
2.1238699E+00 6.46779E+01  1.3933E+01  1.2379E+03  1.1784E+01  1.2497E+03  0.000E-01  5.838E-01
2.1344893E+00 6.46433E+01  1.3868E+01  1.2260E+03  1.1781E+01  1.2377E+03  0.000E-01  5.809E-01
2.1451617E+00 6.46074E+01  1.3803E+01  1.2142E+03  1.1777E+01  1.2260E+03  0.000E-01  5.780E-01
2.1558875E+00 6.45702E+01  1.3739E+01  1.2025E+03  1.1773E+01  1.2143E+03  0.000E-01  5.751E-01
2.1666670E+00 6.45318E+01  1.3675E+01  1.1910E+03  1.1769E+01  1.2028E+03  0.000E-01  5.722E-01
2.1775003E+00 6.44921E+01  1.3612E+01  1.1796E+03  1.1764E+01  1.1914E+03  0.000E-01  5.694E-01
2.1883878E+00 6.44511E+01  1.3549E+01  1.1683E+03  1.1760E+01  1.1801E+03  0.000E-01  5.666E-01
2.1993297E+00 6.44086E+01  1.3487E+01  1.1572E+03  1.1755E+01  1.1689E+03  0.000E-01  5.637E-01
2.2103264E+00 6.43648E+01  1.3425E+01  1.1461E+03  1.1750E+01  1.1579E+03  0.000E-01  5.609E-01
2.2213780E+00 6.43196E+01  1.3363E+01  1.1352E+03  1.1745E+01  1.1469E+03  0.000E-01  5.581E-01
2.2324849E+00 6.42728E+01  1.3302E+01  1.1244E+03  1.1740E+01  1.1361E+03  0.000E-01  5.554E-01
2.2436473E+00 6.42245E+01  1.3241E+01  1.1137E+03  1.1735E+01  1.1254E+03  0.000E-01  5.526E-01
2.2548656E+00 6.41747E+01  1.3181E+01  1.1031E+03  1.1729E+01  1.1148E+03  0.000E-01  5.499E-01
2.2661399E+00 6.41233E+01  1.3121E+01  1.0926E+03  1.1723E+01  1.1043E+03  0.000E-01  5.471E-01
2.2774706E+00 6.40702E+01  1.3062E+01  1.0822E+03  1.1717E+01  1.0939E+03  0.000E-01  5.444E-01
2.2888579E+00 6.40154E+01  1.3003E+01  1.0720E+03  1.1711E+01  1.0837E+03  0.000E-01  5.417E-01
2.3003022E+00 6.39588E+01  1.2944E+01  1.0618E+03  1.1705E+01  1.0735E+03  0.000E-01  5.390E-01
2.3118037E+00 6.38966E+01  1.2883E+01  1.0515E+03  1.1698E+01  1.0632E+03  0.000E-01  5.363E-01
2.3233628E+00 6.38359E+01  1.2816E+01  1.0409E+03  1.1691E+01  1.0526E+03  0.000E-01  5.336E-01
2.3349796E+00 6.37726E+01  1.2750E+01  1.0304E+03  1.1684E+01  1.0421E+03  0.000E-01  5.310E-01
2.3466545E+00 6.37066E+01  1.2684E+01  1.0200E+03  1.1677E+01  1.0316E+03  0.000E-01  5.283E-01
2.3583878E+00 6.36378E+01  1.2619E+01  1.0097E+03  1.1670E+01  1.0213E+03  0.000E-01  5.257E-01
2.3701797E+00 6.35662E+01  1.2554E+01  9.9948E+02  1.1663E+01  1.0111E+03  0.000E-01  5.231E-01
2.3820306E+00 6.34916E+01  1.2490E+01  9.8941E+02  1.1655E+01  1.0011E+03  0.000E-01  5.205E-01
2.3939407E+00 6.34141E+01  1.2426E+01  9.7946E+02  1.1647E+01  9.9110E+02  0.000E-01  5.179E-01
2.4059104E+00 6.33334E+01  1.2362E+01  9.6960E+02  1.1639E+01  9.8124E+02  0.000E-01  5.153E-01
2.4179400E+00 6.32495E+01  1.2297E+01  9.5969E+02  1.1631E+01  9.7132E+02  0.000E-01  5.128E-01
2.4300297E+00 6.31683E+01  1.2229E+01  9.4962E+02  1.1623E+01  9.6125E+02  0.000E-01  5.102E-01
2.4421798E+00 6.30769E+01  1.2161E+01  9.3967E+02  1.1614E+01  9.5128E+02  0.000E-01  5.077E-01
2.4543907E+00 6.29814E+01  1.2094E+01  9.2983E+02  1.1605E+01  9.4143E+02  0.000E-01  5.052E-01
2.4666627E+00 6.28818E+01  1.2027E+01  9.2009E+02  1.1596E+01  9.3169E+02  0.000E-01  5.026E-01
2.4789960E+00 6.27778E+01  1.1961E+01  9.1047E+02  1.1587E+01  9.2206E+02  0.000E-01  5.001E-01
2.4913910E+00 6.26692E+01  1.1895E+01  9.0095E+02  1.1578E+01  9.1253E+02  0.000E-01  4.977E-01
2.5038479E+00 6.25559E+01  1.1830E+01  8.9153E+02  1.1569E+01  9.0310E+02  0.000E-01  4.952E-01
2.5163672E+00 6.24376E+01  1.1764E+01  8.8220E+02  1.1559E+01  8.9376E+02  0.000E-01  4.927E-01
2.5289490E+00 6.23142E+01  1.1700E+01  8.7298E+02  1.1549E+01  8.8453E+02  0.000E-01  4.903E-01
2.5415938E+00 6.21852E+01  1.1635E+01  8.6386E+02  1.1539E+01  8.7540E+02  0.000E-01  4.878E-01
2.5543017E+00 6.20504E+01  1.1571E+01  8.5484E+02  1.1529E+01  8.6637E+02  0.000E-01  4.854E-01
2.5670732E+00 6.19096E+01  1.1508E+01  8.4592E+02  1.1519E+01  8.5744E+02  0.000E-01  4.830E-01
2.5799086E+00 6.17623E+01  1.1445E+01  8.3710E+02  1.1509E+01  8.4861E+02  0.000E-01  4.806E-01
2.5928082E+00 6.16081E+01  1.1382E+01  8.2838E+02  1.1498E+01  8.3988E+02  0.000E-01  4.782E-01
2.6057722E+00 6.14466E+01  1.1320E+01  8.1976E+02  1.1487E+01  8.3124E+02  0.000E-01  4.758E-01
2.6188011E+00 6.12773E+01  1.1258E+01  8.1123E+02  1.1476E+01  8.2271E+02  0.000E-01  4.734E-01
2.6318951E+00 6.10997E+01  1.1197E+01  8.0280E+02  1.1465E+01  8.1426E+02  0.000E-01  4.711E-01
2.6450545E+00 6.09132E+01  1.1136E+01  7.9446E+02  1.1454E+01  8.0591E+02  0.000E-01  4.687E-01
2.6582798E+00 6.07171E+01  1.1076E+01  7.8621E+02  1.1442E+01  7.9766E+02  0.000E-01  4.664E-01
2.6715712E+00 6.05106E+01  1.1016E+01  7.7806E+02  1.1431E+01  7.8949E+02  0.000E-01  4.641E-01
2.6849291E+00 6.02928E+01  1.0956E+01  7.7000E+02  1.1419E+01  7.8141E+02  0.000E-01  4.618E-01
2.6983537E+00 6.00629E+01  1.0897E+01  7.6202E+02  1.1407E+01  7.7343E+02  0.000E-01  4.595E-01
2.7118455E+00 5.98196E+01  1.0838E+01  7.5414E+02  1.1395E+01  7.6553E+02  0.000E-01  4.572E-01
2.7254047E+00 5.95617E+01  1.0779E+01  7.4634E+02  1.1383E+01  7.5772E+02  0.000E-01  4.549E-01
2.7390317E+00 5.92877E+01  1.0721E+01  7.3863E+02  1.1370E+01  7.5000E+02  0.000E-01  4.527E-01
2.7527269E+00 5.89959E+01  1.0664E+01  7.3100E+02  1.1357E+01  7.4236E+02  0.000E-01  4.504E-01
2.7664905E+00 5.86842E+01  1.0606E+01  7.2346E+02  1.1345E+01  7.3480E+02  0.000E-01  4.482E-01
2.7803230E+00 5.83502E+01  1.0550E+01  7.1600E+02  1.1332E+01  7.2733E+02  0.000E-01  4.459E-01
2.7942246E+00 5.79911E+01  1.0493E+01  7.0862E+02  1.1319E+01  7.1994E+02  0.000E-01  4.437E-01
2.8081957E+00 5.76033E+01  1.0437E+01  7.0133E+02  1.1305E+01  7.1263E+02  0.000E-01  4.415E-01
2.8222367E+00 5.71826E+01  1.0381E+01  6.9412E+02  1.1292E+01  7.0541E+02  0.000E-01  4.393E-01
2.8363479E+00 5.67236E+01  1.0326E+01  6.8698E+02  1.1278E+01  6.9826E+02  0.000E-01  4.371E-01
2.8505296E+00 5.62195E+01  1.0271E+01  6.7992E+02  1.1265E+01  6.9119E+02  0.000E-01  4.350E-01
2.8647823E+00 5.56615E+01  1.0216E+01  6.7295E+02  1.1251E+01  6.8420E+02  0.000E-01  4.328E-01
2.8791062E+00 5.50377E+01  1.0162E+01  6.6604E+02  1.1237E+01  6.7728E+02  0.000E-01  4.306E-01
2.8935017E+00 5.43319E+01  1.0108E+01  6.5922E+02  1.1222E+01  6.7044E+02  0.000E-01  4.285E-01
2.9079692E+00 5.35207E+01  1.0055E+01  6.5247E+02  1.1208E+01  6.6368E+02  0.000E-01  4.264E-01
2.9225091E+00 5.25686E+01  1.0002E+01  6.4579E+02  1.1194E+01  6.5699E+02  0.000E-01  4.242E-01
2.9371216E+00 5.14179E+01  9.9489E+00  6.3919E+02  1.1179E+01  6.5037E+02  0.000E-01  4.221E-01
2.9518072E+00 4.99695E+01  9.8965E+00  6.3266E+02  1.1164E+01  6.4382E+02  0.000E-01  4.200E-01
2.9665662E+00 4.79916E+01  9.8445E+00  6.2620E+02  1.1149E+01  6.3735E+02  0.000E-01  4.179E-01
2.9813991E+00 4.48559E+01  9.7928E+00  6.1981E+02  1.1134E+01  6.3094E+02  0.000E-01  4.159E-01
2.9963061E+00 3.61443E+01  9.7414E+00  6.1349E+02  1.1119E+01  6.2461E+02  0.000E-01  4.138E-01
2.9988482E+00 2.90598E+01  9.7327E+00  6.1243E+02  1.1116E+01  6.2354E+02  0.000E-01  4.134E-01
3.0005520E+00 2.87932E+01  2.5805E+01  1.6228E+03  1.1114E+01  1.6339E+03  0.000E-01  4.132E-01
3.0112876E+00 4.21044E+01  2.5649E+01  1.6073E+03  1.1103E+01  1.6184E+03  0.000E-01  4.117E-01
3.0263440E+00 4.61755E+01  2.5434E+01  1.5859E+03  1.1088E+01  1.5970E+03  0.000E-01  4.097E-01
3.0414758E+00 4.81844E+01  2.5220E+01  1.5647E+03  1.1072E+01  1.5758E+03  0.000E-01  4.076E-01
3.0566831E+00 4.93687E+01  2.5009E+01  1.5439E+03  1.1056E+01  1.5549E+03  0.000E-01  4.056E-01
3.0719666E+00 5.00364E+01  2.4799E+01  1.5233E+03  1.1040E+01  1.5344E+03  0.000E-01  4.036E-01
3.0873264E+00 5.02632E+01  2.4591E+01  1.5030E+03  1.1024E+01  1.5141E+03  0.000E-01  4.016E-01
3.1027630E+00 4.99701E+01  2.4385E+01  1.4830E+03  1.1008E+01  1.4941E+03  0.000E-01  3.996E-01
3.1182768E+00 4.87402E+01  2.4181E+01  1.4633E+03  1.0991E+01  1.4743E+03  0.000E-01  3.976E-01
3.1338682E+00 4.26489E+01  2.3979E+01  1.4439E+03  1.0975E+01  1.4548E+03  0.000E-01  3.956E-01
3.1352340E+00 3.97354E+01  2.3962E+01  1.4422E+03  1.0973E+01  1.4532E+03  0.000E-01  3.955E-01
3.1371659E+00 3.96606E+01  3.4572E+01  2.0795E+03  1.0971E+01  2.0905E+03  0.000E-01  3.952E-01
3.1495376E+00 4.91388E+01  3.4343E+01  2.0576E+03  1.0958E+01  2.0686E+03  0.000E-01  3.937E-01
3.1652853E+00 5.24315E+01  3.4055E+01  2.0302E+03  1.0941E+01  2.0411E+03  0.000E-01  3.917E-01
3.1811117E+00 5.44860E+01  3.3769E+01  2.0032E+03  1.0924E+01  2.0141E+03  0.000E-01  3.898E-01
3.1970172E+00 5.60404E+01  3.3486E+01  1.9765E+03  1.0907E+01  1.9874E+03  0.000E-01  3.878E-01
3.2130023E+00 5.73118E+01  3.3206E+01  1.9502E+03  1.0890E+01  1.9611E+03  0.000E-01  3.859E-01
3.2290673E+00 5.83958E+01  3.2928E+01  1.9242E+03  1.0872E+01  1.9351E+03  0.000E-01  3.840E-01
3.2452127E+00 5.93438E+01  3.2652E+01  1.8986E+03  1.0855E+01  1.9095E+03  0.000E-01  3.821E-01
3.2614387E+00 6.01871E+01  3.2377E+01  1.8732E+03  1.0837E+01  1.8841E+03  0.000E-01  3.802E-01
3.2777459E+00 6.09461E+01  3.2104E+01  1.8482E+03  1.0819E+01  1.8591E+03  0.000E-01  3.783E-01
3.2941347E+00 6.16351E+01  3.1834E+01  1.8236E+03  1.0801E+01  1.8344E+03  0.000E-01  3.764E-01
3.3106053E+00 6.22646E+01  3.1566E+01  1.7992E+03  1.0783E+01  1.8100E+03  0.000E-01  3.745E-01
3.3271584E+00 6.28423E+01  3.1301E+01  1.7752E+03  1.0765E+01  1.7860E+03  0.000E-01  3.726E-01
3.3437941E+00 6.33742E+01  3.1038E+01  1.7515E+03  1.0746E+01  1.7623E+03  0.000E-01  3.708E-01
3.3605131E+00 6.38649E+01  3.0777E+01  1.7282E+03  1.0728E+01  1.7389E+03  0.000E-01  3.689E-01
3.3773157E+00 6.43180E+01  3.0518E+01  1.7051E+03  1.0709E+01  1.7159E+03  0.000E-01  3.671E-01
3.3942023E+00 6.47364E+01  3.0262E+01  1.6824E+03  1.0691E+01  1.6931E+03  0.000E-01  3.653E-01
3.4111733E+00 6.51221E+01  3.0008E+01  1.6600E+03  1.0672E+01  1.6707E+03  0.000E-01  3.635E-01
3.4282291E+00 6.54767E+01  2.9756E+01  1.6379E+03  1.0653E+01  1.6485E+03  0.000E-01  3.617E-01
3.4453703E+00 6.58011E+01  2.9507E+01  1.6161E+03  1.0634E+01  1.6267E+03  0.000E-01  3.599E-01
3.4625971E+00 6.60957E+01  2.9259E+01  1.5945E+03  1.0614E+01  1.6052E+03  0.000E-01  3.581E-01
3.4799101E+00 6.63603E+01  2.9014E+01  1.5733E+03  1.0595E+01  1.5839E+03  0.000E-01  3.563E-01
3.4973097E+00 6.65938E+01  2.8771E+01  1.5524E+03  1.0575E+01  1.5630E+03  0.000E-01  3.545E-01
3.5147962E+00 6.67943E+01  2.8530E+01  1.5317E+03  1.0556E+01  1.5423E+03  0.000E-01  3.527E-01
3.5323702E+00 6.69584E+01  2.8291E+01  1.5113E+03  1.0536E+01  1.5219E+03  0.000E-01  3.510E-01
3.5500321E+00 6.70806E+01  2.8055E+01  1.4912E+03  1.0516E+01  1.5018E+03  0.000E-01  3.492E-01
3.5677822E+00 6.71519E+01  2.7820E+01  1.4714E+03  1.0496E+01  1.4819E+03  0.000E-01  3.475E-01
3.5856211E+00 6.71568E+01  2.7587E+01  1.4518E+03  1.0476E+01  1.4623E+03  0.000E-01  3.458E-01
3.6035492E+00 6.70666E+01  2.7357E+01  1.4326E+03  1.0456E+01  1.4430E+03  0.000E-01  3.441E-01
3.6215670E+00 6.68193E+01  2.7128E+01  1.4135E+03  1.0436E+01  1.4240E+03  0.000E-01  3.423E-01
3.6396748E+00 6.62394E+01  2.6902E+01  1.3947E+03  1.0415E+01  1.4052E+03  0.000E-01  3.406E-01
3.6578732E+00 6.42154E+01  2.6677E+01  1.3762E+03  1.0395E+01  1.3866E+03  0.000E-01  3.390E-01
3.6585679E+00 6.40033E+01  2.6669E+01  1.3755E+03  1.0394E+01  1.3859E+03  0.000E-01  3.389E-01
3.6674323E+00 6.40829E+01  3.1386E+01  1.6149E+03  1.0384E+01  1.6253E+03  0.000E-01  3.381E-01
3.6761626E+00 6.59033E+01  3.1255E+01  1.6043E+03  1.0374E+01  1.6147E+03  0.000E-01  3.373E-01
3.6945434E+00 6.75280E+01  3.0981E+01  1.5824E+03  1.0353E+01  1.5927E+03  0.000E-01  3.356E-01
3.7130161E+00 6.84959E+01  3.0711E+01  1.5608E+03  1.0332E+01  1.5711E+03  0.000E-01  3.339E-01
3.7315812E+00 6.92238E+01  3.0442E+01  1.5394E+03  1.0311E+01  1.5497E+03  0.000E-01  3.323E-01
3.7502391E+00 6.98219E+01  3.0176E+01  1.5184E+03  1.0290E+01  1.5287E+03  0.000E-01  3.306E-01
3.7689903E+00 7.03363E+01  2.9913E+01  1.4976E+03  1.0269E+01  1.5079E+03  0.000E-01  3.290E-01
3.7878352E+00 7.07903E+01  2.9652E+01  1.4772E+03  1.0248E+01  1.4874E+03  0.000E-01  3.273E-01
3.8067744E+00 7.11976E+01  2.9393E+01  1.4570E+03  1.0226E+01  1.4673E+03  0.000E-01  3.257E-01
3.8258083E+00 7.15662E+01  2.9137E+01  1.4371E+03  1.0205E+01  1.4473E+03  0.000E-01  3.241E-01
3.8449373E+00 7.19002E+01  2.8885E+01  1.4176E+03  1.0183E+01  1.4278E+03  0.000E-01  3.225E-01
3.8641620E+00 7.22091E+01  2.8652E+01  1.3992E+03  1.0161E+01  1.4093E+03  0.000E-01  3.209E-01
3.8834828E+00 7.25011E+01  2.8422E+01  1.3810E+03  1.0140E+01  1.3912E+03  0.000E-01  3.193E-01
3.9029002E+00 7.27771E+01  2.8194E+01  1.3631E+03  1.0118E+01  1.3733E+03  0.000E-01  3.177E-01
3.9224147E+00 7.30372E+01  2.7965E+01  1.3454E+03  1.0096E+01  1.3555E+03  0.000E-01  3.161E-01
3.9420268E+00 7.32824E+01  2.7739E+01  1.3278E+03  1.0073E+01  1.3379E+03  0.000E-01  3.145E-01
3.9617369E+00 7.35138E+01  2.7515E+01  1.3106E+03  1.0051E+01  1.3206E+03  0.000E-01  3.130E-01
3.9815456E+00 7.37322E+01  2.7294E+01  1.2936E+03  1.0029E+01  1.3036E+03  0.000E-01  3.114E-01
4.0014533E+00 7.39385E+01  2.7076E+01  1.2768E+03  1.0006E+01  1.2868E+03  0.000E-01  3.098E-01
4.0214606E+00 7.41333E+01  2.6860E+01  1.2604E+03  9.9840E+00  1.2703E+03  0.000E-01  3.083E-01
4.0415679E+00 7.43170E+01  2.6647E+01  1.2441E+03  9.9613E+00  1.2541E+03  0.000E-01  3.068E-01
4.0617757E+00 7.44900E+01  2.6436E+01  1.2282E+03  9.9386E+00  1.2381E+03  0.000E-01  3.052E-01
4.0820846E+00 7.46524E+01  2.6227E+01  1.2124E+03  9.9158E+00  1.2223E+03  0.000E-01  3.037E-01
4.1024950E+00 7.48034E+01  2.6018E+01  1.1967E+03  9.8929E+00  1.2066E+03  0.000E-01  3.022E-01
4.1230075E+00 7.49424E+01  2.5811E+01  1.1813E+03  9.8699E+00  1.1912E+03  0.000E-01  3.007E-01
4.1436226E+00 7.50692E+01  2.5607E+01  1.1661E+03  9.8469E+00  1.1760E+03  0.000E-01  2.992E-01
4.1643407E+00 7.51826E+01  2.5405E+01  1.1512E+03  9.8237E+00  1.1610E+03  0.000E-01  2.977E-01
4.1851624E+00 7.52813E+01  2.5205E+01  1.1364E+03  9.8005E+00  1.1462E+03  0.000E-01  2.962E-01
4.2060882E+00 7.53628E+01  2.5007E+01  1.1219E+03  9.7771E+00  1.1317E+03  0.000E-01  2.948E-01
4.2271186E+00 7.54230E+01  2.4811E+01  1.1076E+03  9.7537E+00  1.1173E+03  0.000E-01  2.933E-01
4.2482542E+00 7.54545E+01  2.4617E+01  1.0934E+03  9.7302E+00  1.1032E+03  0.000E-01  2.918E-01
4.2694955E+00 7.54430E+01  2.4425E+01  1.0795E+03  9.7066E+00  1.0892E+03  0.000E-01  2.904E-01
4.2908430E+00 7.53525E+01  2.4235E+01  1.0658E+03  9.6829E+00  1.0755E+03  0.000E-01  2.890E-01
4.3122972E+00 7.50426E+01  2.4047E+01  1.0523E+03  9.6592E+00  1.0619E+03  0.000E-01  2.875E-01
4.3208125E+00 7.46680E+01  2.3973E+01  1.0470E+03  9.6498E+00  1.0566E+03  0.000E-01  2.869E-01
4.3331878E+00 7.47152E+01  2.5411E+01  1.1066E+03  9.6361E+00  1.1162E+03  0.000E-01  2.861E-01
4.3338587E+00 7.47698E+01  2.5405E+01  1.1062E+03  9.6353E+00  1.1158E+03  0.000E-01  2.861E-01
4.3555280E+00 7.55931E+01  2.5219E+01  1.0926E+03  9.6114E+00  1.1022E+03  0.000E-01  2.847E-01
4.3773056E+00 7.59883E+01  2.5035E+01  1.0792E+03  9.5874E+00  1.0888E+03  0.000E-01  2.832E-01
4.3991921E+00 7.62762E+01  2.4852E+01  1.0660E+03  9.5634E+00  1.0756E+03  0.000E-01  2.818E-01
4.4211881E+00 7.65112E+01  2.4671E+01  1.0530E+03  9.5392E+00  1.0625E+03  0.000E-01  2.804E-01
4.4432940E+00 7.67127E+01  2.4491E+01  1.0401E+03  9.5150E+00  1.0496E+03  0.000E-01  2.790E-01
4.4655105E+00 7.68894E+01  2.4314E+01  1.0274E+03  9.4907E+00  1.0369E+03  0.000E-01  2.776E-01
4.4878381E+00 7.70459E+01  2.4138E+01  1.0149E+03  9.4664E+00  1.0244E+03  0.000E-01  2.763E-01
4.5102772E+00 7.71840E+01  2.3962E+01  1.0025E+03  9.4419E+00  1.0120E+03  0.000E-01  2.749E-01
4.5328286E+00 7.73038E+01  2.3789E+01  9.9032E+02  9.4174E+00  9.9974E+02  0.000E-01  2.735E-01
4.5554928E+00 7.74031E+01  2.3617E+01  9.7826E+02  9.3928E+00  9.8765E+02  0.000E-01  2.722E-01
4.5782702E+00 7.74765E+01  2.3446E+01  9.6636E+02  9.3682E+00  9.7573E+02  0.000E-01  2.708E-01
4.6011616E+00 7.75107E+01  2.3277E+01  9.5462E+02  9.3435E+00  9.6396E+02  0.000E-01  2.695E-01
4.6241674E+00 7.74652E+01  2.3109E+01  9.4302E+02  9.3187E+00  9.5234E+02  0.000E-01  2.681E-01
4.6423238E+00 7.72379E+01  2.2978E+01  9.3401E+02  9.2992E+00  9.4331E+02  0.000E-01  2.671E-01
4.6472882E+00 7.70364E+01  2.2942E+01  9.3156E+02  9.2938E+00  9.4086E+02  0.000E-01  2.668E-01
4.6616761E+00 7.73474E+01  2.3853E+01  9.6553E+02  9.2784E+00  9.7481E+02  0.000E-01  2.660E-01
4.6705247E+00 7.76095E+01  2.3789E+01  9.6115E+02  9.2689E+00  9.7042E+02  0.000E-01  2.655E-01
4.6938773E+00 7.80081E+01  2.3624E+01  9.4973E+02  9.2439E+00  9.5897E+02  0.000E-01  2.641E-01
4.7173467E+00 7.82833E+01  2.3460E+01  9.3845E+02  9.2189E+00  9.4767E+02  0.000E-01  2.628E-01
4.7409334E+00 7.85112E+01  2.3298E+01  9.2731E+02  9.1938E+00  9.3650E+02  0.000E-01  2.615E-01
4.7646381E+00 7.87131E+01  2.3136E+01  9.1628E+02  9.1686E+00  9.2545E+02  0.000E-01  2.602E-01
4.7884613E+00 7.88967E+01  2.2970E+01  9.0518E+02  9.1434E+00  9.1433E+02  0.000E-01  2.589E-01
4.8124036E+00 7.90663E+01  2.2805E+01  8.9422E+02  9.1181E+00  9.0334E+02  0.000E-01  2.576E-01
4.8364656E+00 7.92252E+01  2.2642E+01  8.8339E+02  9.0928E+00  8.9248E+02  0.000E-01  2.564E-01
4.8606479E+00 7.93752E+01  2.2479E+01  8.7269E+02  9.0674E+00  8.8176E+02  0.000E-01  2.551E-01
4.8849512E+00 7.95178E+01  2.2318E+01  8.6213E+02  9.0419E+00  8.7117E+02  0.000E-01  2.538E-01
4.9093759E+00 7.96539E+01  2.2158E+01  8.5168E+02  9.0164E+00  8.6070E+02  0.000E-01  2.525E-01
4.9339228E+00 7.97842E+01  2.1999E+01  8.4136E+02  8.9909E+00  8.5035E+02  0.000E-01  2.513E-01
4.9585924E+00 7.99094E+01  2.1841E+01  8.3117E+02  8.9652E+00  8.4014E+02  0.000E-01  2.500E-01
4.9833854E+00 8.00298E+01  2.1684E+01  8.2110E+02  8.9396E+00  8.3004E+02  0.000E-01  2.488E-01
5.0083023E+00 8.01459E+01  2.1529E+01  8.1115E+02  8.9138E+00  8.2007E+02  0.000E-01  2.476E-01
5.0333438E+00 8.02581E+01  2.1374E+01  8.0132E+02  8.8881E+00  8.1020E+02  0.000E-01  2.463E-01
5.0585105E+00 8.03665E+01  2.1220E+01  7.9160E+02  8.8623E+00  8.0046E+02  0.000E-01  2.451E-01
5.0838031E+00 8.04715E+01  2.1068E+01  7.8201E+02  8.8364E+00  7.9084E+02  0.000E-01  2.439E-01
5.1092221E+00 8.05732E+01  2.0917E+01  7.7253E+02  8.8105E+00  7.8134E+02  0.000E-01  2.427E-01
5.1347682E+00 8.06718E+01  2.0767E+01  7.6317E+02  8.7845E+00  7.7195E+02  0.000E-01  2.415E-01
5.1604421E+00 8.07675E+01  2.0618E+01  7.5392E+02  8.7585E+00  7.6268E+02  0.000E-01  2.403E-01
5.1862443E+00 8.08605E+01  2.0470E+01  7.4478E+02  8.7324E+00  7.5352E+02  0.000E-01  2.391E-01
5.2121755E+00 8.09508E+01  2.0323E+01  7.3576E+02  8.7063E+00  7.4447E+02  0.000E-01  2.379E-01
5.2382364E+00 8.10386E+01  2.0177E+01  7.2685E+02  8.6802E+00  7.3553E+02  0.000E-01  2.367E-01
5.2644276E+00 8.11240E+01  2.0032E+01  7.1805E+02  8.6540E+00  7.2670E+02  0.000E-01  2.355E-01
5.2907497E+00 8.12071E+01  1.9889E+01  7.0935E+02  8.6278E+00  7.1798E+02  0.000E-01  2.343E-01
5.3172034E+00 8.12880E+01  1.9746E+01  7.0076E+02  8.6016E+00  7.0936E+02  0.000E-01  2.332E-01
5.3437895E+00 8.13668E+01  1.9605E+01  6.9228E+02  8.5753E+00  7.0086E+02  0.000E-01  2.320E-01
5.3705084E+00 8.14436E+01  1.9464E+01  6.8390E+02  8.5489E+00  6.9245E+02  0.000E-01  2.309E-01
5.3973609E+00 8.15184E+01  1.9325E+01  6.7563E+02  8.5225E+00  6.8415E+02  0.000E-01  2.297E-01
5.4243477E+00 8.15914E+01  1.9186E+01  6.6745E+02  8.4961E+00  6.7595E+02  0.000E-01  2.286E-01
5.4514695E+00 8.16625E+01  1.9049E+01  6.5938E+02  8.4697E+00  6.6785E+02  0.000E-01  2.274E-01
5.4787268E+00 8.17320E+01  1.8913E+01  6.5141E+02  8.4432E+00  6.5985E+02  0.000E-01  2.263E-01
5.5061205E+00 8.17998E+01  1.8778E+01  6.4353E+02  8.4167E+00  6.5195E+02  0.000E-01  2.252E-01
5.5336511E+00 8.18660E+01  1.8643E+01  6.3575E+02  8.3902E+00  6.4414E+02  0.000E-01  2.241E-01
5.5613193E+00 8.19308E+01  1.8510E+01  6.2807E+02  8.3636E+00  6.3644E+02  0.000E-01  2.229E-01
5.5891259E+00 8.19942E+01  1.8378E+01  6.2049E+02  8.3370E+00  6.2882E+02  0.000E-01  2.218E-01
5.6170716E+00 8.20563E+01  1.8247E+01  6.1299E+02  8.3104E+00  6.2130E+02  0.000E-01  2.207E-01
5.6451569E+00 8.21170E+01  1.8116E+01  6.0555E+02  8.2837E+00  6.1383E+02  0.000E-01  2.196E-01
5.6733827E+00 8.21760E+01  1.7985E+01  5.9818E+02  8.2570E+00  6.0644E+02  0.000E-01  2.185E-01
5.7017496E+00 8.22334E+01  1.7855E+01  5.9090E+02  8.2303E+00  5.9913E+02  0.000E-01  2.174E-01
5.7302584E+00 8.22892E+01  1.7726E+01  5.8372E+02  8.2036E+00  5.9192E+02  0.000E-01  2.164E-01
5.7589096E+00 8.23437E+01  1.7598E+01  5.7662E+02  8.1768E+00  5.8479E+02  0.000E-01  2.153E-01
5.7877042E+00 8.23967E+01  1.7471E+01  5.6961E+02  8.1500E+00  5.7776E+02  0.000E-01  2.142E-01
5.8166427E+00 8.24484E+01  1.7345E+01  5.6268E+02  8.1232E+00  5.7081E+02  0.000E-01  2.132E-01
5.8457259E+00 8.24988E+01  1.7219E+01  5.5585E+02  8.0964E+00  5.6394E+02  0.000E-01  2.121E-01
5.8749546E+00 8.25480E+01  1.7095E+01  5.4909E+02  8.0695E+00  5.5716E+02  0.000E-01  2.110E-01
5.9043293E+00 8.25960E+01  1.6972E+01  5.4242E+02  8.0426E+00  5.5047E+02  0.000E-01  2.100E-01
5.9338510E+00 8.26429E+01  1.6850E+01  5.3584E+02  8.0157E+00  5.4385E+02  0.000E-01  2.089E-01
5.9635202E+00 8.26887E+01  1.6729E+01  5.2933E+02  7.9888E+00  5.3732E+02  0.000E-01  2.079E-01
5.9933378E+00 8.27336E+01  1.6608E+01  5.2291E+02  7.9619E+00  5.3087E+02  0.000E-01  2.069E-01
6.0233045E+00 8.29336E+01  1.6486E+01  5.1648E+02  7.9350E+00  5.2441E+02  0.000E-01  2.058E-01
6.0534210E+00 8.29761E+01  1.6364E+01  5.1010E+02  7.9080E+00  5.1801E+02  0.000E-01  2.048E-01
6.0836882E+00 8.30172E+01  1.6242E+01  5.0379E+02  7.8810E+00  5.1167E+02  0.000E-01  2.038E-01
6.1141066E+00 8.30569E+01  1.6121E+01  4.9756E+02  7.8540E+00  5.0541E+02  0.000E-01  2.028E-01
6.1446771E+00 8.30953E+01  1.6002E+01  4.9141E+02  7.8270E+00  4.9923E+02  0.000E-01  2.018E-01
6.1754005E+00 8.31324E+01  1.5883E+01  4.8533E+02  7.8000E+00  4.9313E+02  0.000E-01  2.008E-01
6.2062775E+00 8.31684E+01  1.5765E+01  4.7934E+02  7.7730E+00  4.8711E+02  0.000E-01  1.998E-01
6.2373089E+00 8.32032E+01  1.5648E+01  4.7342E+02  7.7460E+00  4.8117E+02  0.000E-01  1.988E-01
6.2684954E+00 8.32370E+01  1.5533E+01  4.6758E+02  7.7189E+00  4.7530E+02  0.000E-01  1.978E-01
6.2998379E+00 8.33781E+01  1.5416E+01  4.6175E+02  7.6919E+00  4.6944E+02  0.000E-01  1.968E-01
6.3313371E+00 8.34095E+01  1.5299E+01  4.5599E+02  7.6648E+00  4.6365E+02  0.000E-01  1.958E-01
6.3629938E+00 8.34397E+01  1.5184E+01  4.5030E+02  7.6377E+00  4.5794E+02  0.000E-01  1.949E-01
6.3948088E+00 8.34687E+01  1.5070E+01  4.4469E+02  7.6107E+00  4.5230E+02  0.000E-01  1.939E-01
6.4267828E+00 8.34966E+01  1.4957E+01  4.3915E+02  7.5836E+00  4.4674E+02  0.000E-01  1.929E-01
6.4589167E+00 8.35234E+01  1.4844E+01  4.3368E+02  7.5565E+00  4.4124E+02  0.000E-01  1.920E-01
6.4912113E+00 8.35492E+01  1.4733E+01  4.2829E+02  7.5294E+00  4.3581E+02  0.000E-01  1.910E-01
6.5236674E+00 8.35740E+01  1.4622E+01  4.2296E+02  7.5023E+00  4.3046E+02  0.000E-01  1.901E-01
6.5562857E+00 8.35978E+01  1.4513E+01  4.1770E+02  7.4752E+00  4.2517E+02  0.000E-01  1.891E-01
6.5890671E+00 8.36208E+01  1.4404E+01  4.1251E+02  7.4481E+00  4.1996E+02  0.000E-01  1.882E-01
6.6220125E+00 8.36428E+01  1.4296E+01  4.0738E+02  7.4210E+00  4.1480E+02  0.000E-01  1.872E-01
6.6551225E+00 8.36639E+01  1.4189E+01  4.0233E+02  7.3939E+00  4.0972E+02  0.000E-01  1.863E-01
6.6883981E+00 8.36842E+01  1.4083E+01  3.9734E+02  7.3669E+00  4.0470E+02  0.000E-01  1.854E-01
6.7218401E+00 8.37036E+01  1.3978E+01  3.9241E+02  7.3398E+00  3.9975E+02  0.000E-01  1.844E-01
6.7554493E+00 8.37223E+01  1.3874E+01  3.8755E+02  7.3127E+00  3.9486E+02  0.000E-01  1.835E-01
6.7892266E+00 8.37402E+01  1.3771E+01  3.8275E+02  7.2856E+00  3.9003E+02  0.000E-01  1.826E-01
6.8231727E+00 8.37573E+01  1.3668E+01  3.7801E+02  7.2585E+00  3.8527E+02  0.000E-01  1.817E-01
6.8572886E+00 8.37737E+01  1.3567E+01  3.7333E+02  7.2314E+00  3.8056E+02  0.000E-01  1.808E-01
6.8915750E+00 8.37895E+01  1.3466E+01  3.6872E+02  7.2044E+00  3.7592E+02  0.000E-01  1.799E-01
6.9260329E+00 8.38045E+01  1.3366E+01  3.6416E+02  7.1773E+00  3.7134E+02  0.000E-01  1.790E-01
6.9606631E+00 8.38189E+01  1.3267E+01  3.5967E+02  7.1503E+00  3.6682E+02  0.000E-01  1.781E-01
6.9954664E+00 8.38326E+01  1.3169E+01  3.5523E+02  7.1232E+00  3.6235E+02  0.000E-01  1.772E-01
7.0304437E+00 8.38457E+01  1.3072E+01  3.5085E+02  7.0962E+00  3.5795E+02  0.000E-01  1.764E-01
7.0655959E+00 8.38582E+01  1.2975E+01  3.4653E+02  7.0692E+00  3.5360E+02  0.000E-01  1.755E-01
7.1009239E+00 8.38701E+01  1.2879E+01  3.4226E+02  7.0421E+00  3.4930E+02  0.000E-01  1.746E-01
7.1364285E+00 8.38814E+01  1.2785E+01  3.3805E+02  7.0151E+00  3.4506E+02  0.000E-01  1.737E-01
7.1721107E+00 8.38922E+01  1.2691E+01  3.3389E+02  6.9882E+00  3.4088E+02  0.000E-01  1.729E-01
7.2079712E+00 8.39025E+01  1.2597E+01  3.2979E+02  6.9612E+00  3.3675E+02  0.000E-01  1.720E-01
7.2440111E+00 8.39123E+01  1.2505E+01  3.2574E+02  6.9342E+00  3.3268E+02  0.000E-01  1.712E-01
7.2802311E+00 8.39216E+01  1.2413E+01  3.2175E+02  6.9073E+00  3.2865E+02  0.000E-01  1.703E-01
7.3166323E+00 8.39304E+01  1.2322E+01  3.1780E+02  6.8803E+00  3.2468E+02  0.000E-01  1.695E-01
7.3532155E+00 8.40293E+01  1.2231E+01  3.1388E+02  6.8534E+00  3.2073E+02  0.000E-01  1.686E-01
7.3899815E+00 8.40375E+01  1.2140E+01  3.0999E+02  6.8265E+00  3.1682E+02  0.000E-01  1.678E-01
7.4269314E+00 8.40449E+01  1.2050E+01  3.0615E+02  6.7996E+00  3.1295E+02  0.000E-01  1.669E-01
7.4640661E+00 8.40518E+01  1.1960E+01  3.0237E+02  6.7728E+00  3.0914E+02  0.000E-01  1.661E-01
7.5013864E+00 8.40582E+01  1.1871E+01  2.9863E+02  6.7459E+00  3.0538E+02  0.000E-01  1.653E-01
7.5388934E+00 8.40639E+01  1.1783E+01  2.9494E+02  6.7191E+00  3.0166E+02  0.000E-01  1.645E-01
7.5765878E+00 8.40692E+01  1.1696E+01  2.9130E+02  6.6923E+00  2.9799E+02  0.000E-01  1.636E-01
7.6144708E+00 8.40739E+01  1.1610E+01  2.8771E+02  6.6655E+00  2.9438E+02  0.000E-01  1.628E-01
7.6525431E+00 8.40782E+01  1.1524E+01  2.8416E+02  6.6387E+00  2.9080E+02  0.000E-01  1.620E-01
7.6908058E+00 8.40820E+01  1.1439E+01  2.8066E+02  6.6120E+00  2.8728E+02  0.000E-01  1.612E-01
7.7292599E+00 8.40853E+01  1.1355E+01  2.7721E+02  6.5853E+00  2.8379E+02  0.000E-01  1.604E-01
7.7679062E+00 8.40882E+01  1.1271E+01  2.7380E+02  6.5586E+00  2.8036E+02  0.000E-01  1.596E-01
7.8067457E+00 8.40906E+01  1.1188E+01  2.7043E+02  6.5319E+00  2.7696E+02  0.000E-01  1.588E-01
7.8457794E+00 8.40927E+01  1.1106E+01  2.6711E+02  6.5053E+00  2.7362E+02  0.000E-01  1.580E-01
7.8850083E+00 8.40943E+01  1.1024E+01  2.6383E+02  6.4786E+00  2.7031E+02  0.000E-01  1.572E-01
7.9244334E+00 8.40955E+01  1.0944E+01  2.6060E+02  6.4520E+00  2.6705E+02  0.000E-01  1.565E-01
7.9640555E+00 8.40964E+01  1.0864E+01  2.5740E+02  6.4255E+00  2.6383E+02  0.000E-01  1.557E-01
8.0038758E+00 8.40969E+01  1.0784E+01  2.5425E+02  6.3989E+00  2.6065E+02  0.000E-01  1.549E-01
8.0438952E+00 8.40971E+01  1.0705E+01  2.5114E+02  6.3724E+00  2.5751E+02  0.000E-01  1.541E-01
8.0841147E+00 8.40969E+01  1.0627E+01  2.4807E+02  6.3459E+00  2.5441E+02  0.000E-01  1.534E-01
8.1245352E+00 8.40964E+01  1.0550E+01  2.4503E+02  6.3195E+00  2.5135E+02  0.000E-01  1.526E-01
8.1651579E+00 8.40956E+01  1.0473E+01  2.4204E+02  6.2931E+00  2.4833E+02  0.000E-01  1.518E-01
8.2059837E+00 8.40945E+01  1.0397E+01  2.3909E+02  6.2667E+00  2.4535E+02  0.000E-01  1.511E-01
8.2470136E+00 8.40931E+01  1.0322E+01  2.3617E+02  6.2403E+00  2.4241E+02  0.000E-01  1.503E-01
8.2882487E+00 8.40914E+01  1.0247E+01  2.3329E+02  6.2140E+00  2.3951E+02  0.000E-01  1.496E-01
8.3296899E+00 8.40895E+01  1.0173E+01  2.3045E+02  6.1877E+00  2.3664E+02  0.000E-01  1.488E-01
8.3713384E+00 8.40873E+01  1.0099E+01  2.2765E+02  6.1614E+00  2.3381E+02  0.000E-01  1.481E-01
8.4131951E+00 8.40849E+01  1.0026E+01  2.2488E+02  6.1352E+00  2.3102E+02  0.000E-01  1.474E-01
8.4552610E+00 8.40823E+01  9.9540E+00  2.2215E+02  6.1090E+00  2.2826E+02  0.000E-01  1.466E-01
8.4975373E+00 8.40795E+01  9.8824E+00  2.1945E+02  6.0828E+00  2.2554E+02  0.000E-01  1.459E-01
8.5400250E+00 8.40766E+01  9.8113E+00  2.1679E+02  6.0567E+00  2.2285E+02  0.000E-01  1.452E-01
9.030794E+00  8.44112E+01  9.0167E+00  1.8841E+02  5.8093E+00  1.9422E+02  0.000E+00  1.373E-01
9.653919E+00  8.42523E+01  8.0629E+00  1.5760E+02  5.4721E+00  1.6307E+02  0.000E+00  1.284E-01
1.032004E+01  8.39640E+01  7.2189E+00  1.3200E+02  5.1437E+00  1.3714E+02  0.000E+00  1.201E-01
1.103212E+01  8.35906E+01  6.4723E+00  1.1071E+02  4.8250E+00  1.1554E+02  0.000E+00  1.124E-01
1.179334E+01  8.31200E+01  5.8069E+00  9.2914E+01  4.5171E+00  9.7431E+01  0.000E+00  1.051E-01
1.260708E+01  8.25053E+01  5.2175E+00  7.8095E+01  4.2205E+00  8.2316E+01  0.000E+00  9.834E-02
1.347697E+01  8.16146E+01  4.6884E+00  6.5646E+01  3.9358E+00  6.9582E+01  0.000E+00  9.200E-02
1.440688E+01  7.98741E+01  4.2089E+00  5.5128E+01  3.6636E+00  5.8792E+01  0.000E+00  8.606E-02
1.473058E+01  7.85098E+01  4.0619E+00  5.2034E+01  3.5757E+00  5.5610E+01  0.000E+00  8.417E-02
1.495604E+01  7.59168E+01  3.9650E+00  5.0026E+01  3.5164E+00  5.3542E+01  0.000E+00  8.290E-02
1.501617E+01  7.28721E+01  3.9398E+00  4.9510E+01  3.5009E+00  5.3011E+01  0.000E+00  8.257E-02
1.510636E+01  7.59044E+01  9.8591E+00  1.2316E+02  3.4778E+00  1.2664E+02  0.000E+00  8.207E-02
1.533182E+01  7.85922E+01  9.6263E+00  1.1848E+02  3.4211E+00  1.2190E+02  0.000E+00  8.087E-02
1.540095E+01  7.89881E+01  9.5566E+00  1.1709E+02  3.4040E+00  1.2049E+02  0.000E+00  8.050E-02
1.646362E+01  8.12238E+01  8.5482E+00  9.7977E+01  3.1573E+00  1.0113E+02  0.000E+00  7.531E-02
1.754837E+01  8.08361E+01  7.6554E+00  8.2320E+01  2.9334E+00  8.5253E+01  0.000E+00  7.065E-02
1.759961E+01  8.07123E+01  7.6167E+00  8.1666E+01  2.9235E+00  8.4590E+01  0.000E+00  7.045E-02
1.781697E+01  7.96108E+01  7.4561E+00  7.8968E+01  2.8819E+00  8.1850E+01  0.000E+00  6.959E-02
1.788859E+01  7.80761E+01  7.4043E+00  7.8105E+01  2.8684E+00  8.0973E+01  0.000E+00  6.931E-02
1.799603E+01  7.96241E+01  1.0358E+01  1.0861E+02  2.8483E+00  1.1146E+02  0.000E+00  6.890E-02
1.826622E+01  8.09327E+01  1.0107E+01  1.0441E+02  2.7988E+00  1.0721E+02  0.000E+00  6.788E-02
1.854580E+01  8.10130E+01  9.8572E+00  1.0030E+02  2.7490E+00  1.0305E+02  0.000E+00  6.685E-02
1.862036E+01  8.03858E+01  9.7923E+00  9.9236E+01  2.7360E+00  1.0197E+02  0.000E+00  6.659E-02
1.873219E+01  8.13617E+01  1.1222E+01  1.1305E+02  2.7166E+00  1.1577E+02  0.000E+00  6.619E-02
1.881398E+01  8.18093E+01  1.1149E+01  1.1182E+02  2.7026E+00  1.1452E+02  0.000E+00  6.590E-02
1.901178E+01  8.24782E+01  1.0972E+01  1.0891E+02  2.6691E+00  1.1158E+02  0.000E+00  6.521E-02
2.011215E+01  8.42648E+01  1.0061E+01  9.4398E+01  2.4945E+00  9.6892E+01  0.000E+00  6.165E-02
2.149988E+01  8.53656E+01  9.0600E+00  7.9518E+01  2.2990E+00  8.1817E+01  0.000E+00  5.767E-02
2.298338E+01  8.60511E+01  8.1590E+00  6.6988E+01  2.1159E+00  6.9104E+01  0.000E+00  5.395E-02
2.456923E+01  8.65130E+01  7.3481E+00  5.6436E+01  1.9447E+00  5.8381E+01  0.000E+00  5.046E-02
2.626450E+01  8.68367E+01  6.6190E+00  4.7555E+01  1.7851E+00  4.9340E+01  0.000E+00  4.721E-02
2.807676E+01  8.70718E+01  5.9278E+00  3.9840E+01  1.6368E+00  4.1477E+01  0.000E+00  4.416E-02
3.001405E+01  8.72035E+01  5.3022E+00  3.3335E+01  1.4992E+00  3.4834E+01  0.000E+00  4.131E-02
3.208502E+01  8.73281E+01  4.7340E+00  2.7842E+01  1.3718E+00  2.9214E+01  0.000E+00  3.864E-02
3.429889E+01  8.73466E+01  4.2308E+00  2.3276E+01  1.2542E+00  2.4530E+01  0.000E+00  3.615E-02
3.666551E+01  8.73712E+01  3.7818E+00  1.9463E+01  1.1459E+00  2.0609E+01  0.000E+00  3.381E-02
3.919543E+01  8.73621E+01  3.3698E+00  1.6223E+01  1.0463E+00  1.7269E+01  0.000E+00  3.163E-02
4.189992E+01  8.73029E+01  3.0024E+00  1.3522E+01  9.5489E-01  1.4477E+01  0.000E+00  2.959E-02
4.479101E+01  8.72287E+01  2.6771E+00  1.1278E+01  8.7121E-01  1.2149E+01  0.000E+00  2.768E-02
4.788159E+01  8.71447E+01  2.3889E+00  9.4146E+00  7.9474E-01  1.0209E+01  0.000E+00  2.589E-02
5.118542E+01  8.70540E+01  2.1333E+00  7.8647E+00  7.2498E-01  8.5897E+00  0.000E+00  2.422E-02
5.471721E+01  8.69582E+01  1.9065E+00  6.5749E+00  6.6145E-01  7.2364E+00  0.000E+00  2.266E-02
5.849270E+01  8.68580E+01  1.7051E+00  5.5007E+00  6.0370E-01  6.1044E+00  0.000E+00  2.120E-02
6.252870E+01  8.67531E+01  1.5260E+00  4.6053E+00  5.5127E-01  5.1566E+00  0.000E+00  1.983E-02
6.684318E+01  8.66420E+01  1.3656E+00  3.8553E+00  5.0376E-01  4.3591E+00  0.000E+00  1.855E-02
7.145536E+01  8.65199E+01  1.2215E+00  3.2258E+00  4.6075E-01  3.6866E+00  0.000E+00  1.735E-02
7.638578E+01  8.63810E+01  1.0936E+00  2.7015E+00  4.2188E-01  3.1234E+00  0.000E+00  1.623E-02
8.165640E+01  8.62161E+01  9.7562E-01  2.2546E+00  3.8677E-01  2.6414E+00  0.000E+00  1.518E-02
8.729069E+01  8.59879E+01  8.6330E-01  1.8662E+00  3.5510E-01  2.2213E+00  0.000E+00  1.420E-02
9.331374E+01  8.56091E+01  7.6448E-01  1.5459E+00  3.2656E-01  1.8725E+00  0.000E+00  1.329E-02
9.911426E+01  8.46796E+01  6.8536E-01  1.3048E+00  3.0321E-01  1.6080E+00  0.000E+00  1.251E-02
9.975239E+01  8.44086E+01  6.7746E-01  1.2815E+00  3.0085E-01  1.5824E+00  0.000E+00  1.243E-02
1.006313E+02  8.36723E+01  6.6682E-01  1.2504E+00  2.9767E-01  1.5481E+00  0.000E+00  1.232E-02
1.010359E+02  8.24676E+01  6.6201E-01  1.2364E+00  2.9623E-01  1.5326E+00  0.000E+00  1.227E-02
1.016427E+02  8.37230E+01  3.0253E+00  5.6165E+00  2.9409E-01  5.9106E+00  4.401E+00  1.220E-02
1.031597E+02  8.48204E+01  2.9566E+00  5.4082E+00  2.8890E-01  5.6971E+00  4.242E+00  1.202E-02
1.066353E+02  8.56341E+01  2.8079E+00  4.9688E+00  2.7771E-01  5.2465E+00  3.906E+00  1.163E-02
1.139931E+02  8.63148E+01  2.5290E+00  4.1864E+00  2.5688E-01  4.4433E+00  3.304E+00  1.088E-02
1.218587E+02  8.66638E+01  2.2750E+00  3.5229E+00  2.3814E-01  3.7610E+00  2.790E+00  1.017E-02
1.302669E+02  8.68793E+01  2.0454E+00  2.9629E+00  2.2127E-01  3.1842E+00  2.353E+00  9.518E-03
1.392553E+02  8.70218E+01  1.8386E+00  2.4915E+00  2.0608E-01  2.6976E+00  1.984E+00  8.903E-03
1.488640E+02  8.71190E+01  1.6513E+00  2.0932E+00  1.9239E-01  2.2856E+00  1.671E+00  8.329E-03
1.591356E+02  8.71836E+01  1.4820E+00  1.7574E+00  1.8005E-01  1.9374E+00  1.406E+00  7.791E-03
1.701159E+02  8.72258E+01  1.3301E+00  1.4754E+00  1.6891E-01  1.6443E+00  1.182E+00  7.288E-03
1.818539E+02  8.72519E+01  1.1938E+00  1.2388E+00  1.5883E-01  1.3976E+00  9.944E-01  6.818E-03
1.944018E+02  8.72664E+01  1.0716E+00  1.0402E+00  1.4970E-01  1.1899E+00  8.362E-01  6.378E-03
2.078156E+02  8.72723E+01  9.6198E-01  8.7350E-01  1.4142E-01  1.0149E+00  7.032E-01  5.966E-03
2.221548E+02  8.72719E+01  8.6395E-01  7.3385E-01  1.3387E-01  8.6772E-01  5.916E-01  5.581E-03
2.374835E+02  8.72673E+01  7.7605E-01  6.1664E-01  1.2698E-01  7.4362E-01  4.977E-01  5.221E-03
2.538699E+02  8.72596E+01  6.9718E-01  5.1821E-01  1.2068E-01  6.3889E-01  4.187E-01  4.884E-03
2.713869E+02  8.72496E+01  6.2639E-01  4.3554E-01  1.1489E-01  5.5043E-01  3.523E-01  4.569E-03
2.901126E+02  8.72382E+01  5.6285E-01  3.6610E-01  1.0955E-01  4.7565E-01  2.964E-01  4.274E-03
3.101304E+02  8.72258E+01  5.0581E-01  3.0777E-01  1.0461E-01  4.1238E-01  2.493E-01  3.998E-03
3.315294E+02  8.72130E+01  4.5460E-01  2.5875E-01  1.0002E-01  3.5877E-01  2.098E-01  3.740E-03
3.544049E+02  8.72000E+01  4.0861E-01  2.1756E-01  9.5737E-02  3.1330E-01  1.765E-01  3.498E-03
3.788588E+02  8.71870E+01  3.6731E-01  1.8295E-01  9.1730E-02  2.7468E-01  1.485E-01  3.273E-03
4.050001E+02  8.71742E+01  3.3021E-01  1.5385E-01  8.7965E-02  2.4182E-01  1.249E-01  3.061E-03
4.329451E+02  8.71619E+01  2.9688E-01  1.2940E-01  8.4414E-02  2.1381E-01  1.051E-01  2.864E-03
