1.0016605E+00 3.17259E+01  8.0996E+00  2.1639E+03  8.2072E+00  2.1721E+03  0.000E-01  1.238E+00
1.0066688E+00 3.15686E+01  8.0546E+00  2.1412E+03  8.2219E+00  2.1494E+03  0.000E-01  1.232E+00
1.0117021E+00 3.14033E+01  8.0100E+00  2.1187E+03  8.2364E+00  2.1269E+03  0.000E-01  1.226E+00
1.0167606E+00 3.12296E+01  7.9656E+00  2.0965E+03  8.2507E+00  2.1047E+03  0.000E-01  1.219E+00
1.0218444E+00 3.10473E+01  7.9215E+00  2.0745E+03  8.2650E+00  2.0827E+03  0.000E-01  1.213E+00
1.0269536E+00 3.08556E+01  7.8777E+00  2.0527E+03  8.2792E+00  2.0610E+03  0.000E-01  1.207E+00
1.0320884E+00 3.06542E+01  7.8341E+00  2.0312E+03  8.2932E+00  2.0395E+03  0.000E-01  1.201E+00
1.0372489E+00 3.04423E+01  7.7909E+00  2.0100E+03  8.3071E+00  2.0183E+03  0.000E-01  1.195E+00
1.0424351E+00 3.02191E+01  7.7479E+00  1.9890E+03  8.3209E+00  1.9973E+03  0.000E-01  1.189E+00
1.0476473E+00 2.99839E+01  7.7053E+00  1.9682E+03  8.3346E+00  1.9765E+03  0.000E-01  1.183E+00
1.0528855E+00 2.97357E+01  7.6629E+00  1.9476E+03  8.3481E+00  1.9559E+03  0.000E-01  1.178E+00
1.0581499E+00 2.94734E+01  7.6208E+00  1.9273E+03  8.3615E+00  1.9356E+03  0.000E-01  1.172E+00
1.0634407E+00 2.91958E+01  7.5789E+00  1.9071E+03  8.3748E+00  1.9155E+03  0.000E-01  1.166E+00
1.0687579E+00 2.89016E+01  7.5374E+00  1.8873E+03  8.3880E+00  1.8956E+03  0.000E-01  1.160E+00
1.0741017E+00 2.85893E+01  7.4961E+00  1.8676E+03  8.4011E+00  1.8760E+03  0.000E-01  1.154E+00
1.0794722E+00 2.82568E+01  7.4551E+00  1.8481E+03  8.4140E+00  1.8565E+03  0.000E-01  1.149E+00
1.0848695E+00 2.79023E+01  7.4140E+00  1.8288E+03  8.4268E+00  1.8372E+03  0.000E-01  1.143E+00
1.0902939E+00 2.75231E+01  7.3716E+00  1.8093E+03  8.4395E+00  1.8177E+03  0.000E-01  1.137E+00
1.0957454E+00 2.71163E+01  7.3296E+00  1.7900E+03  8.4521E+00  1.7985E+03  0.000E-01  1.132E+00
1.1012241E+00 2.66784E+01  7.2878E+00  1.7710E+03  8.4645E+00  1.7794E+03  0.000E-01  1.126E+00
1.1067302E+00 2.62054E+01  7.2464E+00  1.7521E+03  8.4768E+00  1.7606E+03  0.000E-01  1.120E+00
1.1122639E+00 2.56921E+01  7.2052E+00  1.7335E+03  8.4890E+00  1.7420E+03  0.000E-01  1.115E+00
1.1178252E+00 2.51323E+01  7.1643E+00  1.7151E+03  8.5010E+00  1.7236E+03  0.000E-01  1.109E+00
1.1234143E+00 2.45182E+01  7.1237E+00  1.6969E+03  8.5129E+00  1.7054E+03  0.000E-01  1.104E+00
1.1290314E+00 2.38396E+01  7.0834E+00  1.6789E+03  8.5247E+00  1.6874E+03  0.000E-01  1.098E+00
1.1346765E+00 2.30837E+01  7.0433E+00  1.6611E+03  8.5364E+00  1.6696E+03  0.000E-01  1.093E+00
1.1403499E+00 2.22325E+01  7.0035E+00  1.6435E+03  8.5479E+00  1.6520E+03  0.000E-01  1.087E+00
1.1460517E+00 2.12613E+01  6.9640E+00  1.6261E+03  8.5593E+00  1.6346E+03  0.000E-01  1.082E+00
1.1517819E+00 2.01339E+01  6.9248E+00  1.6089E+03  8.5706E+00  1.6175E+03  0.000E-01  1.076E+00
1.1575408E+00 1.87939E+01  6.8853E+00  1.5917E+03  8.5817E+00  1.6003E+03  0.000E-01  1.071E+00
1.1633285E+00 1.71463E+01  6.8457E+00  1.5747E+03  8.5927E+00  1.5833E+03  0.000E-01  1.066E+00
1.1691452E+00 1.50091E+01  6.8064E+00  1.5579E+03  8.6036E+00  1.5665E+03  0.000E-01  1.060E+00
1.1749909E+00 1.19519E+01  6.7674E+00  1.5412E+03  8.6144E+00  1.5499E+03  0.000E-01  1.055E+00
1.1808659E+00 6.37618E+00  6.7286E+00  1.5248E+03  8.6250E+00  1.5334E+03  0.000E-01  1.050E+00
1.1850578E+00  -1.47683E+01  6.7012E+00  1.5132E+03  8.6324E+00  1.5218E+03  0.000E-01  1.046E+00
1.1853422E+00  -1.51056E+01  2.5900E+01  5.8472E+03  8.6329E+00  5.8559E+03  0.000E-01  1.046E+00
1.1867702E+00  -5.17733E-01  2.5854E+01  5.8297E+03  8.6354E+00  5.8383E+03  0.000E-01  1.045E+00
1.1927040E+00 8.46718E+00  2.5662E+01  5.7577E+03  8.6458E+00  5.7663E+03  0.000E-01  1.040E+00
1.1986676E+00 1.11758E+01  2.5472E+01  5.6866E+03  8.6560E+00  5.6952E+03  0.000E-01  1.034E+00
1.2046609E+00 1.20958E+01  2.5283E+01  5.6164E+03  8.6661E+00  5.6251E+03  0.000E-01  1.029E+00
1.2106842E+00 1.13510E+01  2.5096E+01  5.5471E+03  8.6760E+00  5.5557E+03  0.000E-01  1.024E+00
1.2167376E+00 2.28360E+00  2.4910E+01  5.4786E+03  8.6858E+00  5.4873E+03  0.000E-01  1.019E+00
1.2169590E+00  -2.80404E-01  2.4904E+01  5.4761E+03  8.6862E+00  5.4848E+03  0.000E-01  1.019E+00
1.2174410E+00  -3.74992E-01  3.7507E+01  8.2443E+03  8.6869E+00  8.2530E+03  0.000E-01  1.018E+00
1.2228213E+00 1.34452E+01  3.7258E+01  8.1534E+03  8.6955E+00  8.1621E+03  0.000E-01  1.014E+00
1.2289354E+00 1.75253E+01  3.6978E+01  8.0519E+03  8.7050E+00  8.0606E+03  0.000E-01  1.009E+00
1.2350801E+00 2.01965E+01  3.6700E+01  7.9516E+03  8.7144E+00  7.9604E+03  0.000E-01  1.004E+00
1.2412555E+00 2.22583E+01  3.6424E+01  7.8526E+03  8.7237E+00  7.8614E+03  0.000E-01  9.989E-01
1.2474618E+00 2.39629E+01  3.6151E+01  7.7549E+03  8.7328E+00  7.7636E+03  0.000E-01  9.939E-01
1.2536991E+00 2.54265E+01  3.5879E+01  7.6584E+03  8.7418E+00  7.6671E+03  0.000E-01  9.889E-01
1.2599676E+00 2.67135E+01  3.5610E+01  7.5631E+03  8.7506E+00  7.5718E+03  0.000E-01  9.840E-01
1.2662674E+00 2.78643E+01  3.5343E+01  7.4690E+03  8.7593E+00  7.4777E+03  0.000E-01  9.791E-01
1.2725988E+00 2.89059E+01  3.5077E+01  7.3760E+03  8.7679E+00  7.3848E+03  0.000E-01  9.743E-01
1.2789618E+00 2.98574E+01  3.4814E+01  7.2843E+03  8.7764E+00  7.2931E+03  0.000E-01  9.694E-01
1.2853566E+00 3.07332E+01  3.4553E+01  7.1937E+03  8.7846E+00  7.2025E+03  0.000E-01  9.646E-01
1.2917833E+00 3.15438E+01  3.4294E+01  7.1042E+03  8.7928E+00  7.1130E+03  0.000E-01  9.598E-01
1.2982423E+00 3.22980E+01  3.4037E+01  7.0159E+03  8.8008E+00  7.0247E+03  0.000E-01  9.550E-01
1.3047335E+00 3.30023E+01  3.3782E+01  6.9287E+03  8.8087E+00  6.9375E+03  0.000E-01  9.503E-01
1.3112571E+00 3.36624E+01  3.3529E+01  6.8426E+03  8.8164E+00  6.8514E+03  0.000E-01  9.455E-01
1.3178134E+00 3.42827E+01  3.3278E+01  6.7575E+03  8.8240E+00  6.7664E+03  0.000E-01  9.408E-01
1.3244025E+00 3.48671E+01  3.3029E+01  6.6736E+03  8.8315E+00  6.6824E+03  0.000E-01  9.362E-01
1.3310245E+00 3.54186E+01  3.2781E+01  6.5907E+03  8.8388E+00  6.5995E+03  0.000E-01  9.315E-01
1.3376796E+00 3.59401E+01  3.2536E+01  6.5088E+03  8.8460E+00  6.5176E+03  0.000E-01  9.269E-01
1.3443680E+00 3.64337E+01  3.2293E+01  6.4280E+03  8.8530E+00  6.4368E+03  0.000E-01  9.222E-01
1.3510899E+00 3.69016E+01  3.2051E+01  6.3481E+03  8.8599E+00  6.3570E+03  0.000E-01  9.177E-01
1.3578453E+00 3.73453E+01  3.1811E+01  6.2693E+03  8.8666E+00  6.2782E+03  0.000E-01  9.131E-01
1.3646345E+00 3.77665E+01  3.1574E+01  6.1915E+03  8.8732E+00  6.2004E+03  0.000E-01  9.086E-01
1.3714577E+00 3.81662E+01  3.1338E+01  6.1146E+03  8.8797E+00  6.1235E+03  0.000E-01  9.040E-01
1.3783150E+00 3.85457E+01  3.1103E+01  6.0388E+03  8.8860E+00  6.0476E+03  0.000E-01  8.995E-01
1.3852066E+00 3.89058E+01  3.0871E+01  5.9638E+03  8.8922E+00  5.9727E+03  0.000E-01  8.951E-01
1.3921326E+00 3.92473E+01  3.0640E+01  5.8898E+03  8.8982E+00  5.8987E+03  0.000E-01  8.906E-01
1.3990933E+00 3.95709E+01  3.0412E+01  5.8168E+03  8.9041E+00  5.8257E+03  0.000E-01  8.862E-01
1.4060887E+00 3.98771E+01  3.0185E+01  5.7446E+03  8.9099E+00  5.7535E+03  0.000E-01  8.818E-01
1.4131192E+00 4.01663E+01  2.9959E+01  5.6734E+03  8.9155E+00  5.6823E+03  0.000E-01  8.774E-01
1.4201848E+00 4.04386E+01  2.9736E+01  5.6030E+03  8.9209E+00  5.6120E+03  0.000E-01  8.730E-01
1.4272857E+00 4.06942E+01  2.9514E+01  5.5336E+03  8.9262E+00  5.5425E+03  0.000E-01  8.687E-01
1.4344221E+00 4.09331E+01  2.9294E+01  5.4650E+03  8.9314E+00  5.4739E+03  0.000E-01  8.643E-01
1.4415942E+00 4.11549E+01  2.9076E+01  5.3973E+03  8.9364E+00  5.4062E+03  0.000E-01  8.600E-01
1.4488022E+00 4.13593E+01  2.8859E+01  5.3304E+03  8.9413E+00  5.3393E+03  0.000E-01  8.558E-01
1.4560462E+00 4.15454E+01  2.8644E+01  5.2644E+03  8.9461E+00  5.2733E+03  0.000E-01  8.515E-01
1.4633265E+00 4.17121E+01  2.8431E+01  5.1991E+03  8.9507E+00  5.2081E+03  0.000E-01  8.473E-01
1.4706431E+00 4.18580E+01  2.8219E+01  5.1348E+03  8.9551E+00  5.1437E+03  0.000E-01  8.431E-01
1.4779963E+00 4.19806E+01  2.8009E+01  5.0712E+03  8.9594E+00  5.0801E+03  0.000E-01  8.389E-01
1.4853863E+00 4.20769E+01  2.7800E+01  5.0084E+03  8.9636E+00  5.0173E+03  0.000E-01  8.347E-01
1.4928132E+00 4.21419E+01  2.7593E+01  4.9464E+03  8.9676E+00  4.9553E+03  0.000E-01  8.305E-01
1.5002773E+00 4.21684E+01  2.7388E+01  4.8852E+03  8.9715E+00  4.8941E+03  0.000E-01  8.264E-01
1.5077787E+00 4.21448E+01  2.7184E+01  4.8247E+03  8.9752E+00  4.8336E+03  0.000E-01  8.223E-01
1.5153176E+00 4.20507E+01  2.6982E+01  4.7649E+03  8.9788E+00  4.7739E+03  0.000E-01  8.182E-01
1.5228942E+00 4.18463E+01  2.6781E+01  4.7059E+03  8.9822E+00  4.7149E+03  0.000E-01  8.141E-01
1.5305086E+00 4.14359E+01  2.6582E+01  4.6477E+03  8.9855E+00  4.6567E+03  0.000E-01  8.101E-01
1.5381612E+00 4.04625E+01  2.6384E+01  4.5901E+03  8.9886E+00  4.5991E+03  0.000E-01  8.061E-01
1.5427108E+00 3.84229E+01  2.6267E+01  4.5563E+03  8.9904E+00  4.5653E+03  0.000E-01  8.037E-01
1.5452893E+00 3.84315E+01  3.0743E+01  5.3238E+03  8.9914E+00  5.3328E+03  0.000E-01  8.023E-01
1.5458520E+00 3.89750E+01  3.0725E+01  5.3187E+03  8.9916E+00  5.3277E+03  0.000E-01  8.020E-01
1.5535812E+00 4.15876E+01  3.0476E+01  5.2494E+03  8.9945E+00  5.2584E+03  0.000E-01  7.981E-01
1.5613491E+00 4.26547E+01  3.0229E+01  5.1809E+03  8.9972E+00  5.1899E+03  0.000E-01  7.941E-01
1.5691559E+00 4.33830E+01  2.9984E+01  5.1134E+03  8.9998E+00  5.1224E+03  0.000E-01  7.901E-01
1.5770017E+00 4.39517E+01  2.9741E+01  5.0467E+03  9.0022E+00  5.0557E+03  0.000E-01  7.862E-01
1.5848867E+00 4.44237E+01  2.9499E+01  4.9808E+03  9.0044E+00  4.9898E+03  0.000E-01  7.823E-01
1.5928111E+00 4.48279E+01  2.9258E+01  4.9155E+03  9.0066E+00  4.9245E+03  0.000E-01  7.784E-01
1.6007752E+00 4.51798E+01  2.9019E+01  4.8511E+03  9.0085E+00  4.8601E+03  0.000E-01  7.745E-01
1.6087790E+00 4.54880E+01  2.8782E+01  4.7875E+03  9.0104E+00  4.7965E+03  0.000E-01  7.707E-01
1.6168229E+00 4.57569E+01  2.8547E+01  4.7248E+03  9.0121E+00  4.7338E+03  0.000E-01  7.668E-01
1.6249070E+00 4.59888E+01  2.8326E+01  4.6650E+03  9.0136E+00  4.6740E+03  0.000E-01  7.630E-01
1.6330316E+00 4.61953E+01  2.8116E+01  4.6074E+03  9.0150E+00  4.6164E+03  0.000E-01  7.592E-01
1.6411967E+00 4.63751E+01  2.7910E+01  4.5507E+03  9.0163E+00  4.5597E+03  0.000E-01  7.555E-01
1.6494027E+00 4.65238E+01  2.7705E+01  4.4950E+03  9.0174E+00  4.5040E+03  0.000E-01  7.517E-01
1.6576497E+00 4.66335E+01  2.7504E+01  4.4401E+03  9.0183E+00  4.4491E+03  0.000E-01  7.480E-01
1.6659380E+00 4.66876E+01  2.7305E+01  4.3860E+03  9.0192E+00  4.3950E+03  0.000E-01  7.442E-01
1.6742677E+00 4.66433E+01  2.7108E+01  4.3328E+03  9.0198E+00  4.3418E+03  0.000E-01  7.405E-01
1.6826390E+00 4.63288E+01  2.6914E+01  4.2804E+03  9.0204E+00  4.2894E+03  0.000E-01  7.368E-01
1.6868076E+00 4.56433E+01  2.6819E+01  4.2547E+03  9.0206E+00  4.2637E+03  0.000E-01  7.350E-01
1.6897925E+00 4.56961E+01  2.8633E+01  4.5343E+03  9.0207E+00  4.5434E+03  0.000E-01  7.337E-01
1.6910522E+00 4.60974E+01  2.8601E+01  4.5259E+03  9.0207E+00  4.5349E+03  0.000E-01  7.332E-01
1.6995075E+00 4.71547E+01  2.8389E+01  4.4700E+03  9.0210E+00  4.4791E+03  0.000E-01  7.295E-01
1.7080050E+00 4.76933E+01  2.8179E+01  4.4150E+03  9.0211E+00  4.4240E+03  0.000E-01  7.259E-01
1.7165450E+00 4.80981E+01  2.7972E+01  4.3608E+03  9.0210E+00  4.3698E+03  0.000E-01  7.223E-01
1.7251278E+00 4.84359E+01  2.7768E+01  4.3073E+03  9.0208E+00  4.3164E+03  0.000E-01  7.187E-01
1.7337534E+00 4.87315E+01  2.7566E+01  4.2547E+03  9.0205E+00  4.2637E+03  0.000E-01  7.151E-01
1.7424222E+00 4.89965E+01  2.7366E+01  4.2028E+03  9.0200E+00  4.2118E+03  0.000E-01  7.116E-01
1.7511343E+00 4.92374E+01  2.7168E+01  4.1517E+03  9.0194E+00  4.1607E+03  0.000E-01  7.080E-01
1.7598899E+00 4.94580E+01  2.6972E+01  4.1013E+03  9.0186E+00  4.1103E+03  0.000E-01  7.045E-01
1.7686894E+00 4.96599E+01  2.6779E+01  4.0516E+03  9.0177E+00  4.0606E+03  0.000E-01  7.010E-01
1.7775328E+00 4.98450E+01  2.6594E+01  4.0037E+03  9.0166E+00  4.0127E+03  0.000E-01  6.975E-01
1.7864205E+00 5.00193E+01  2.6416E+01  3.9570E+03  9.0154E+00  3.9660E+03  0.000E-01  6.940E-01
1.7953526E+00 5.01830E+01  2.6240E+01  3.9111E+03  9.0141E+00  3.9201E+03  0.000E-01  6.906E-01
1.8043294E+00 5.03355E+01  2.6066E+01  3.8658E+03  9.0126E+00  3.8748E+03  0.000E-01  6.871E-01
1.8133510E+00 5.04763E+01  2.5894E+01  3.8212E+03  9.0109E+00  3.8303E+03  0.000E-01  6.837E-01
1.8224178E+00 5.06043E+01  2.5725E+01  3.7774E+03  9.0092E+00  3.7864E+03  0.000E-01  6.803E-01
1.8315299E+00 5.07176E+01  2.5557E+01  3.7341E+03  9.0073E+00  3.7431E+03  0.000E-01  6.769E-01
1.8406875E+00 5.08127E+01  2.5392E+01  3.6915E+03  9.0052E+00  3.7005E+03  0.000E-01  6.736E-01
1.8498909E+00 5.08829E+01  2.5229E+01  3.6495E+03  9.0030E+00  3.6585E+03  0.000E-01  6.702E-01
1.8591404E+00 5.09135E+01  2.5067E+01  3.6081E+03  9.0006E+00  3.6171E+03  0.000E-01  6.669E-01
1.8684361E+00 5.08640E+01  2.4908E+01  3.5673E+03  8.9982E+00  3.5763E+03  0.000E-01  6.636E-01
1.8777783E+00 5.04941E+01  2.4750E+01  3.5271E+03  8.9955E+00  3.5361E+03  0.000E-01  6.603E-01
1.8778472E+00 5.04867E+01  2.4749E+01  3.5268E+03  8.9955E+00  3.5358E+03  0.000E-01  6.602E-01
1.8837529E+00 5.05743E+01  2.5825E+01  3.6687E+03  8.9938E+00  3.6777E+03  0.000E-01  6.582E-01
1.8871672E+00 5.09179E+01  2.5767E+01  3.6538E+03  8.9928E+00  3.6628E+03  0.000E-01  6.570E-01
1.8966030E+00 5.14087E+01  2.5609E+01  3.6133E+03  8.9898E+00  3.6223E+03  0.000E-01  6.537E-01
1.9060860E+00 5.17311E+01  2.5452E+01  3.5733E+03  8.9868E+00  3.5823E+03  0.000E-01  6.505E-01
1.9156165E+00 5.19939E+01  2.5297E+01  3.5338E+03  8.9836E+00  3.5428E+03  0.000E-01  6.472E-01
1.9251945E+00 5.22248E+01  2.5143E+01  3.4949E+03  8.9803E+00  3.5038E+03  0.000E-01  6.440E-01
1.9348205E+00 5.24354E+01  2.4991E+01  3.4564E+03  8.9768E+00  3.4654E+03  0.000E-01  6.408E-01
1.9444946E+00 5.26314E+01  2.4840E+01  3.4184E+03  8.9732E+00  3.4274E+03  0.000E-01  6.376E-01
1.9542171E+00 5.28165E+01  2.4690E+01  3.3810E+03  8.9694E+00  3.3899E+03  0.000E-01  6.344E-01
1.9639882E+00 5.29929E+01  2.4542E+01  3.3440E+03  8.9655E+00  3.3529E+03  0.000E-01  6.313E-01
1.9738081E+00 5.31619E+01  2.4395E+01  3.3074E+03  8.9615E+00  3.3164E+03  0.000E-01  6.281E-01
1.9836772E+00 5.33252E+01  2.4251E+01  3.2715E+03  8.9573E+00  3.2804E+03  0.000E-01  6.250E-01
1.9935955E+00 5.34841E+01  2.4108E+01  3.2360E+03  8.9530E+00  3.2450E+03  0.000E-01  6.219E-01
2.0035635E+00 5.36394E+01  2.3966E+01  3.2010E+03  8.9486E+00  3.2099E+03  0.000E-01  6.188E-01
2.0135813E+00 5.37909E+01  2.3821E+01  3.1657E+03  8.9440E+00  3.1746E+03  0.000E-01  6.157E-01
2.0236492E+00 5.39373E+01  2.3673E+01  3.1305E+03  8.9393E+00  3.1394E+03  0.000E-01  6.127E-01
2.0337675E+00 5.40792E+01  2.3527E+01  3.0957E+03  8.9344E+00  3.1046E+03  0.000E-01  6.096E-01
2.0439363E+00 5.42170E+01  2.3382E+01  3.0613E+03  8.9294E+00  3.0702E+03  0.000E-01  6.066E-01
2.0541560E+00 5.43512E+01  2.3238E+01  3.0273E+03  8.9243E+00  3.0362E+03  0.000E-01  6.036E-01
2.0644268E+00 5.44819E+01  2.3095E+01  2.9937E+03  8.9190E+00  3.0026E+03  0.000E-01  6.006E-01
2.0747489E+00 5.46095E+01  2.2953E+01  2.9605E+03  8.9136E+00  2.9694E+03  0.000E-01  5.976E-01
2.0851227E+00 5.47342E+01  2.2812E+01  2.9277E+03  8.9081E+00  2.9366E+03  0.000E-01  5.946E-01
2.0955483E+00 5.48562E+01  2.2672E+01  2.8953E+03  8.9024E+00  2.9042E+03  0.000E-01  5.917E-01
2.1060260E+00 5.49756E+01  2.2533E+01  2.8632E+03  8.8966E+00  2.8721E+03  0.000E-01  5.887E-01
2.1165562E+00 5.50926E+01  2.2395E+01  2.8315E+03  8.8907E+00  2.8404E+03  0.000E-01  5.858E-01
2.1271389E+00 5.52073E+01  2.2258E+01  2.8002E+03  8.8846E+00  2.8090E+03  0.000E-01  5.829E-01
2.1377746E+00 5.53199E+01  2.2122E+01  2.7692E+03  8.8784E+00  2.7780E+03  0.000E-01  5.800E-01
2.1484635E+00 5.54305E+01  2.1987E+01  2.7385E+03  8.8721E+00  2.7474E+03  0.000E-01  5.771E-01
2.1592058E+00 5.55393E+01  2.1852E+01  2.7082E+03  8.8656E+00  2.7171E+03  0.000E-01  5.742E-01
2.1700018E+00 5.56464E+01  2.1718E+01  2.6783E+03  8.8590E+00  2.6871E+03  0.000E-01  5.714E-01
2.1808519E+00 5.57519E+01  2.1586E+01  2.6487E+03  8.8522E+00  2.6575E+03  0.000E-01  5.685E-01
2.1917561E+00 5.58560E+01  2.1454E+01  2.6194E+03  8.8454E+00  2.6282E+03  0.000E-01  5.657E-01
2.2027149E+00 5.59585E+01  2.1320E+01  2.5901E+03  8.8384E+00  2.5989E+03  0.000E-01  5.629E-01
2.2137285E+00 5.60586E+01  2.1186E+01  2.5610E+03  8.8312E+00  2.5698E+03  0.000E-01  5.601E-01
2.2247971E+00 5.61566E+01  2.1052E+01  2.5322E+03  8.8240E+00  2.5410E+03  0.000E-01  5.573E-01
2.2359211E+00 5.62525E+01  2.0920E+01  2.5038E+03  8.8166E+00  2.5126E+03  0.000E-01  5.545E-01
2.2471007E+00 5.63466E+01  2.0788E+01  2.4756E+03  8.8091E+00  2.4844E+03  0.000E-01  5.518E-01
2.2583362E+00 5.64389E+01  2.0657E+01  2.4478E+03  8.8014E+00  2.4566E+03  0.000E-01  5.490E-01
2.2696279E+00 5.65294E+01  2.0527E+01  2.4203E+03  8.7937E+00  2.4291E+03  0.000E-01  5.463E-01
2.2809760E+00 5.66183E+01  2.0398E+01  2.3930E+03  8.7858E+00  2.4018E+03  0.000E-01  5.436E-01
2.2923809E+00 5.67056E+01  2.0269E+01  2.3661E+03  8.7777E+00  2.3749E+03  0.000E-01  5.409E-01
2.3038428E+00 5.67914E+01  2.0141E+01  2.3395E+03  8.7696E+00  2.3483E+03  0.000E-01  5.382E-01
2.3153620E+00 5.68757E+01  2.0014E+01  2.3132E+03  8.7613E+00  2.3219E+03  0.000E-01  5.355E-01
2.3269388E+00 5.69586E+01  1.9888E+01  2.2871E+03  8.7529E+00  2.2959E+03  0.000E-01  5.328E-01
2.3385735E+00 5.70402E+01  1.9762E+01  2.2614E+03  8.7443E+00  2.2701E+03  0.000E-01  5.302E-01
2.3502664E+00 5.71205E+01  1.9637E+01  2.2359E+03  8.7357E+00  2.2446E+03  0.000E-01  5.275E-01
2.3620177E+00 5.71996E+01  1.9513E+01  2.2107E+03  8.7269E+00  2.2195E+03  0.000E-01  5.249E-01
2.3738278E+00 5.74955E+01  1.9389E+01  2.1857E+03  8.7180E+00  2.1944E+03  0.000E-01  5.223E-01
2.3856970E+00 5.75721E+01  1.9261E+01  2.1605E+03  8.7089E+00  2.1692E+03  0.000E-01  5.197E-01
2.3976254E+00 5.76471E+01  1.9134E+01  2.1356E+03  8.6998E+00  2.1443E+03  0.000E-01  5.171E-01
2.4096136E+00 5.77206E+01  1.9009E+01  2.1110E+03  8.6905E+00  2.1197E+03  0.000E-01  5.145E-01
2.4216616E+00 5.77926E+01  1.8884E+01  2.0867E+03  8.6811E+00  2.0954E+03  0.000E-01  5.120E-01
2.4337699E+00 5.78632E+01  1.8759E+01  2.0627E+03  8.6716E+00  2.0713E+03  0.000E-01  5.094E-01
2.4459388E+00 5.80807E+01  1.8633E+01  2.0386E+03  8.6620E+00  2.0472E+03  0.000E-01  5.069E-01
2.4581685E+00 5.81483E+01  1.8507E+01  2.0147E+03  8.6522E+00  2.0233E+03  0.000E-01  5.044E-01
2.4704593E+00 5.82142E+01  1.8381E+01  1.9910E+03  8.6423E+00  1.9997E+03  0.000E-01  5.019E-01
2.4828116E+00 5.82783E+01  1.8256E+01  1.9677E+03  8.6323E+00  1.9763E+03  0.000E-01  4.994E-01
2.4952257E+00 5.83409E+01  1.8132E+01  1.9446E+03  8.6222E+00  1.9532E+03  0.000E-01  4.969E-01
2.5077018E+00 5.84020E+01  1.8009E+01  1.9218E+03  8.6120E+00  1.9304E+03  0.000E-01  4.944E-01
2.5202403E+00 5.84617E+01  1.7887E+01  1.8993E+03  8.6016E+00  1.9079E+03  0.000E-01  4.920E-01
2.5328415E+00 5.85199E+01  1.7766E+01  1.8770E+03  8.5911E+00  1.8856E+03  0.000E-01  4.895E-01
2.5455057E+00 5.85768E+01  1.7645E+01  1.8550E+03  8.5805E+00  1.8636E+03  0.000E-01  4.871E-01
2.5582333E+00 5.86324E+01  1.7525E+01  1.8332E+03  8.5698E+00  1.8418E+03  0.000E-01  4.846E-01
2.5710244E+00 5.86868E+01  1.7407E+01  1.8117E+03  8.5590E+00  1.8203E+03  0.000E-01  4.822E-01
2.5838796E+00 5.87400E+01  1.7289E+01  1.7905E+03  8.5481E+00  1.7991E+03  0.000E-01  4.798E-01
2.5967990E+00 5.87920E+01  1.7172E+01  1.7695E+03  8.5370E+00  1.7781E+03  0.000E-01  4.775E-01
2.6097829E+00 5.88429E+01  1.7055E+01  1.7488E+03  8.5259E+00  1.7573E+03  0.000E-01  4.751E-01
2.6228319E+00 5.88927E+01  1.6940E+01  1.7283E+03  8.5146E+00  1.7369E+03  0.000E-01  4.727E-01
2.6359460E+00 5.89415E+01  1.6825E+01  1.7081E+03  8.5032E+00  1.7166E+03  0.000E-01  4.704E-01
2.6491257E+00 5.89893E+01  1.6709E+01  1.6879E+03  8.4917E+00  1.6964E+03  0.000E-01  4.680E-01
2.6623714E+00 5.90360E+01  1.6594E+01  1.6679E+03  8.4801E+00  1.6763E+03  0.000E-01  4.657E-01
2.6756832E+00 5.90817E+01  1.6479E+01  1.6481E+03  8.4684E+00  1.6565E+03  0.000E-01  4.634E-01
2.6890617E+00 5.91263E+01  1.6365E+01  1.6285E+03  8.4565E+00  1.6370E+03  0.000E-01  4.611E-01
2.7025070E+00 5.91700E+01  1.6252E+01  1.6092E+03  8.4446E+00  1.6177E+03  0.000E-01  4.588E-01
2.7160195E+00 5.92127E+01  1.6140E+01  1.5902E+03  8.4325E+00  1.5986E+03  0.000E-01  4.565E-01
2.7295996E+00 5.92546E+01  1.6028E+01  1.5714E+03  8.4204E+00  1.5798E+03  0.000E-01  4.542E-01
2.7432476E+00 5.92955E+01  1.5918E+01  1.5528E+03  8.4081E+00  1.5612E+03  0.000E-01  4.520E-01
2.7569638E+00 5.93356E+01  1.5808E+01  1.5344E+03  8.3958E+00  1.5428E+03  0.000E-01  4.497E-01
2.7707486E+00 5.93750E+01  1.5700E+01  1.5163E+03  8.3833E+00  1.5247E+03  0.000E-01  4.475E-01
2.7846024E+00 5.94135E+01  1.5592E+01  1.4984E+03  8.3707E+00  1.5067E+03  0.000E-01  4.452E-01
2.7985254E+00 5.94514E+01  1.5485E+01  1.4807E+03  8.3580E+00  1.4890E+03  0.000E-01  4.430E-01
2.8125180E+00 5.94885E+01  1.5379E+01  1.4632E+03  8.3452E+00  1.4716E+03  0.000E-01  4.408E-01
2.8265806E+00 5.95250E+01  1.5273E+01  1.4460E+03  8.3323E+00  1.4543E+03  0.000E-01  4.386E-01
2.8407135E+00 5.95610E+01  1.5169E+01  1.4290E+03  8.3193E+00  1.4373E+03  0.000E-01  4.365E-01
2.8549171E+00 5.95963E+01  1.5065E+01  1.4121E+03  8.3062E+00  1.4204E+03  0.000E-01  4.343E-01
2.8691917E+00 5.96312E+01  1.4963E+01  1.3955E+03  8.2930E+00  1.4038E+03  0.000E-01  4.321E-01
2.8835376E+00 5.96655E+01  1.4861E+01  1.3791E+03  8.2797E+00  1.3874E+03  0.000E-01  4.300E-01
2.8979553E+00 5.96995E+01  1.4760E+01  1.3629E+03  8.2663E+00  1.3712E+03  0.000E-01  4.278E-01
2.9124451E+00 5.97331E+01  1.4660E+01  1.3470E+03  8.2528E+00  1.3552E+03  0.000E-01  4.257E-01
2.9270073E+00 5.97664E+01  1.4560E+01  1.3312E+03  8.2392E+00  1.3394E+03  0.000E-01  4.236E-01
2.9416424E+00 5.97994E+01  1.4462E+01  1.3156E+03  8.2255E+00  1.3238E+03  0.000E-01  4.215E-01
2.9563506E+00 5.98323E+01  1.4364E+01  1.3002E+03  8.2117E+00  1.3084E+03  0.000E-01  4.194E-01
2.9711323E+00 5.98651E+01  1.4267E+01  1.2850E+03  8.1978E+00  1.2932E+03  0.000E-01  4.173E-01
2.9859880E+00 5.98980E+01  1.4171E+01  1.2700E+03  8.1838E+00  1.2782E+03  0.000E-01  4.152E-01
3.0009179E+00 5.99312E+01  1.4075E+01  1.2551E+03  8.1697E+00  1.2633E+03  0.000E-01  4.132E-01
3.0159225E+00 5.99661E+01  1.3966E+01  1.2392E+03  8.1555E+00  1.2473E+03  0.000E-01  4.111E-01
3.0310021E+00 5.99971E+01  1.3857E+01  1.2234E+03  8.1412E+00  1.2316E+03  0.000E-01  4.091E-01
3.0461571E+00 6.00255E+01  1.3750E+01  1.2079E+03  8.1269E+00  1.2161E+03  0.000E-01  4.070E-01
3.0613879E+00 6.00522E+01  1.3644E+01  1.1926E+03  8.1124E+00  1.2008E+03  0.000E-01  4.050E-01
3.0766949E+00 6.00773E+01  1.3539E+01  1.1775E+03  8.0978E+00  1.1856E+03  0.000E-01  4.030E-01
3.0920783E+00 6.02037E+01  1.3433E+01  1.1626E+03  8.0832E+00  1.1707E+03  0.000E-01  4.010E-01
3.1075387E+00 6.02269E+01  1.3327E+01  1.1476E+03  8.0684E+00  1.1557E+03  0.000E-01  3.990E-01
3.1230764E+00 6.02486E+01  1.3221E+01  1.1328E+03  8.0536E+00  1.1409E+03  0.000E-01  3.970E-01
3.1386918E+00 6.02690E+01  1.3116E+01  1.1183E+03  8.0387E+00  1.1263E+03  0.000E-01  3.950E-01
3.1543853E+00 6.02883E+01  1.3012E+01  1.1039E+03  8.0237E+00  1.1119E+03  0.000E-01  3.931E-01
3.1701572E+00 6.03063E+01  1.2909E+01  1.0897E+03  8.0086E+00  1.0977E+03  0.000E-01  3.911E-01
3.1860080E+00 6.03233E+01  1.2807E+01  1.0757E+03  7.9934E+00  1.0837E+03  0.000E-01  3.892E-01
3.2019380E+00 6.03392E+01  1.2706E+01  1.0619E+03  7.9781E+00  1.0699E+03  0.000E-01  3.872E-01
3.2179477E+00 6.03542E+01  1.2606E+01  1.0483E+03  7.9628E+00  1.0563E+03  0.000E-01  3.853E-01
3.2340374E+00 6.03682E+01  1.2507E+01  1.0349E+03  7.9473E+00  1.0428E+03  0.000E-01  3.834E-01
3.2502076E+00 6.03813E+01  1.2409E+01  1.0216E+03  7.9318E+00  1.0296E+03  0.000E-01  3.815E-01
3.2664587E+00 6.03936E+01  1.2311E+01  1.0086E+03  7.9162E+00  1.0165E+03  0.000E-01  3.796E-01
3.2827910E+00 6.04051E+01  1.2215E+01  9.9568E+02  7.9005E+00  1.0036E+03  0.000E-01  3.777E-01
3.2992049E+00 6.04158E+01  1.2119E+01  9.8297E+02  7.8847E+00  9.9085E+02  0.000E-01  3.758E-01
3.3157009E+00 6.04257E+01  1.2024E+01  9.7042E+02  7.8688E+00  9.7829E+02  0.000E-01  3.739E-01
3.3322794E+00 6.04350E+01  1.1930E+01  9.5805E+02  7.8529E+00  9.6590E+02  0.000E-01  3.721E-01
3.3489408E+00 6.04435E+01  1.1837E+01  9.4584E+02  7.8369E+00  9.5368E+02  0.000E-01  3.702E-01
3.3656856E+00 6.04514E+01  1.1745E+01  9.3380E+02  7.8208E+00  9.4162E+02  0.000E-01  3.684E-01
3.3825140E+00 6.05064E+01  1.1652E+01  9.2186E+02  7.8046E+00  9.2967E+02  0.000E-01  3.665E-01
3.3994265E+00 6.05134E+01  1.1560E+01  9.0999E+02  7.7883E+00  9.1778E+02  0.000E-01  3.647E-01
3.4164237E+00 6.05195E+01  1.1468E+01  8.9828E+02  7.7720E+00  9.0605E+02  0.000E-01  3.629E-01
3.4335058E+00 6.05249E+01  1.1377E+01  8.8672E+02  7.7556E+00  8.9448E+02  0.000E-01  3.611E-01
3.4506733E+00 6.05295E+01  1.1287E+01  8.7532E+02  7.7391E+00  8.8306E+02  0.000E-01  3.593E-01
3.4679267E+00 6.05334E+01  1.1198E+01  8.6407E+02  7.7225E+00  8.7180E+02  0.000E-01  3.575E-01
3.4852663E+00 6.05367E+01  1.1109E+01  8.5298E+02  7.7059E+00  8.6069E+02  0.000E-01  3.557E-01
3.5026927E+00 6.05393E+01  1.1022E+01  8.4203E+02  7.6892E+00  8.4972E+02  0.000E-01  3.540E-01
3.5202061E+00 6.05412E+01  1.0935E+01  8.3124E+02  7.6724E+00  8.3891E+02  0.000E-01  3.522E-01
3.5378072E+00 6.05426E+01  1.0849E+01  8.2059E+02  7.6555E+00  8.2824E+02  0.000E-01  3.505E-01
3.5554962E+00 6.05434E+01  1.0763E+01  8.1008E+02  7.6386E+00  8.1772E+02  0.000E-01  3.487E-01
3.5732737E+00 6.05436E+01  1.0678E+01  7.9971E+02  7.6216E+00  8.0733E+02  0.000E-01  3.470E-01
3.5911400E+00 6.05432E+01  1.0595E+01  7.8948E+02  7.6045E+00  7.9709E+02  0.000E-01  3.453E-01
3.6090957E+00 6.05423E+01  1.0512E+01  7.7939E+02  7.5874E+00  7.8698E+02  0.000E-01  3.435E-01
3.6271412E+00 6.05409E+01  1.0429E+01  7.6944E+02  7.5702E+00  7.7701E+02  0.000E-01  3.418E-01
3.6452769E+00 6.05389E+01  1.0347E+01  7.5961E+02  7.5529E+00  7.6717E+02  0.000E-01  3.401E-01
3.6635033E+00 6.05365E+01  1.0267E+01  7.4992E+02  7.5355E+00  7.5746E+02  0.000E-01  3.384E-01
3.6818208E+00 6.05336E+01  1.0186E+01  7.4036E+02  7.5181E+00  7.4788E+02  0.000E-01  3.367E-01
3.7002299E+00 6.05303E+01  1.0107E+01  7.3093E+02  7.5007E+00  7.3843E+02  0.000E-01  3.351E-01
3.7187311E+00 6.05265E+01  1.0028E+01  7.2163E+02  7.4831E+00  7.2911E+02  0.000E-01  3.334E-01
3.7373247E+00 6.05222E+01  9.9500E+00  7.1245E+02  7.4655E+00  7.1991E+02  0.000E-01  3.317E-01
3.7560114E+00 6.05175E+01  9.8726E+00  7.0339E+02  7.4478E+00  7.1083E+02  0.000E-01  3.301E-01
3.7747914E+00 6.05343E+01  9.7954E+00  6.9441E+02  7.4301E+00  7.0184E+02  0.000E-01  3.285E-01
3.7936654E+00 6.05290E+01  9.7185E+00  6.8553E+02  7.4123E+00  6.9295E+02  0.000E-01  3.268E-01
3.8126337E+00 6.05231E+01  9.6424E+00  6.7678E+02  7.3945E+00  6.8417E+02  0.000E-01  3.252E-01
3.8316969E+00 6.05168E+01  9.5669E+00  6.6814E+02  7.3765E+00  6.7552E+02  0.000E-01  3.236E-01
3.8508554E+00 6.05100E+01  9.4921E+00  6.5962E+02  7.3586E+00  6.6698E+02  0.000E-01  3.220E-01
3.8701096E+00 6.05027E+01  9.4179E+00  6.5121E+02  7.3405E+00  6.5855E+02  0.000E-01  3.204E-01
3.8894602E+00 6.04950E+01  9.3444E+00  6.4291E+02  7.3224E+00  6.5023E+02  0.000E-01  3.188E-01
3.9089075E+00 6.04869E+01  9.2715E+00  6.3472E+02  7.3043E+00  6.4203E+02  0.000E-01  3.172E-01
3.9284520E+00 6.04784E+01  9.1993E+00  6.2665E+02  7.2861E+00  6.3393E+02  0.000E-01  3.156E-01
3.9480943E+00 6.04695E+01  9.1277E+00  6.1868E+02  7.2678E+00  6.2594E+02  0.000E-01  3.140E-01
3.9678347E+00 6.04602E+01  9.0567E+00  6.1081E+02  7.2495E+00  6.1806E+02  0.000E-01  3.125E-01
3.9876739E+00 6.04504E+01  8.9864E+00  6.0305E+02  7.2311E+00  6.1028E+02  0.000E-01  3.109E-01
4.055024E+00  6.07797E+01  8.7546E+00  5.7774E+02  7.1955E+00  5.8494E+02  0.000E+00  3.058E-01
4.334821E+00  6.05462E+01  7.8959E+00  4.8744E+02  6.9443E+00  4.9438E+02  0.000E+00  2.860E-01
4.633924E+00  6.02633E+01  7.1311E+00  4.1181E+02  6.6857E+00  4.1850E+02  0.000E+00  2.676E-01
4.953664E+00  5.99288E+01  6.4492E+00  3.4839E+02  6.4215E+00  3.5481E+02  0.000E+00  2.503E-01
5.295467E+00  5.95306E+01  5.8260E+00  2.9441E+02  6.1533E+00  3.0056E+02  0.000E+00  2.341E-01
5.660855E+00  5.90193E+01  5.2446E+00  2.4792E+02  5.8827E+00  2.5380E+02  0.000E+00  2.190E-01
6.051453E+00  5.83326E+01  4.7294E+00  2.0914E+02  5.6112E+00  2.1475E+02  0.000E+00  2.049E-01
6.469004E+00  5.73192E+01  4.2728E+00  1.7675E+02  5.3403E+00  1.8209E+02  0.000E+00  1.917E-01
6.915365E+00  5.53684E+01  3.8570E+00  1.4925E+02  5.0714E+00  1.5432E+02  0.000E+00  1.793E-01
7.097944E+00  5.35634E+01  3.7036E+00  1.3963E+02  4.9671E+00  1.4460E+02  0.000E+00  1.747E-01
7.206586E+00  5.05305E+01  3.6172E+00  1.3432E+02  4.9066E+00  1.3923E+02  0.000E+00  1.720E-01
7.235557E+00  4.69937E+01  3.5948E+00  1.3295E+02  4.8907E+00  1.3784E+02  0.000E+00  1.714E-01
7.279014E+00  5.05208E+01  1.0455E+01  3.8435E+02  4.8669E+00  3.8922E+02  0.000E+00  1.703E-01
7.392525E+00  5.36385E+01  1.0112E+01  3.6606E+02  4.8056E+00  3.7087E+02  0.000E+00  1.677E-01
7.771694E+00  5.52011E+01  9.1507E+00  3.1509E+02  4.6092E+00  3.1970E+02  0.000E+00  1.595E-01
7.890649E+00  5.41336E+01  8.9120E+00  3.0224E+02  4.5500E+00  3.0679E+02  0.000E+00  1.571E-01
7.902609E+00  5.37852E+01  8.8889E+00  3.0100E+02  4.5442E+00  3.0554E+02  0.000E+00  1.569E-01
7.922370E+00  5.25006E+01  8.8510E+00  2.9897E+02  4.5345E+00  3.0350E+02  0.000E+00  1.565E-01
7.969952E+00  5.43302E+01  1.2125E+01  4.0710E+02  4.5113E+00  4.1161E+02  0.000E+00  1.556E-01
8.088906E+00  5.60583E+01  1.1824E+01  3.9117E+02  4.4541E+00  3.9562E+02  0.000E+00  1.533E-01
8.208088E+00  5.67170E+01  1.1537E+01  3.7614E+02  4.3979E+00  3.8054E+02  0.000E+00  1.511E-01
8.333722E+00  5.66681E+01  1.1249E+01  3.6120E+02  4.3398E+00  3.6554E+02  0.000E+00  1.488E-01
8.367224E+00  5.59394E+01  1.1175E+01  3.5740E+02  4.3245E+00  3.6172E+02  0.000E+00  1.482E-01
8.417478E+00  5.70383E+01  1.2806E+01  4.0712E+02  4.3017E+00  4.1142E+02  0.000E+00  1.473E-01
8.447890E+00  5.74719E+01  1.2738E+01  4.0351E+02  4.2880E+00  4.0780E+02  0.000E+00  1.468E-01
8.543112E+00  5.83113E+01  1.2530E+01  3.9249E+02  4.2456E+00  3.9674E+02  0.000E+00  1.451E-01
9.030794E+00  6.04779E+01  1.1524E+01  3.4148E+02  4.0382E+00  3.4552E+02  0.000E+00  1.373E-01
9.653919E+00  6.18945E+01  1.0333E+01  2.8642E+02  3.7953E+00  2.9022E+02  0.000E+00  1.284E-01
1.032004E+01  6.27750E+01  9.2524E+00  2.3992E+02  3.5602E+00  2.4348E+02  0.000E+00  1.201E-01
1.103212E+01  6.33568E+01  8.2759E+00  2.0074E+02  3.3334E+00  2.0407E+02  0.000E+00  1.124E-01
1.179334E+01  6.37404E+01  7.4018E+00  1.6795E+02  3.1153E+00  1.7107E+02  0.000E+00  1.051E-01
1.260708E+01  6.39922E+01  6.6258E+00  1.4064E+02  2.9063E+00  1.4355E+02  0.000E+00  9.834E-02
1.347697E+01  6.41543E+01  5.9363E+00  1.1787E+02  2.7067E+00  1.2058E+02  0.000E+00  9.200E-02
1.440688E+01  6.42554E+01  5.3231E+00  9.8875E+01  2.5166E+00  1.0139E+02  0.000E+00  8.606E-02
1.540095E+01  6.43753E+01  4.7588E+00  8.2687E+01  2.3362E+00  8.5023E+01  0.000E+00  8.050E-02
1.646362E+01  6.44222E+01  4.2515E+00  6.9104E+01  2.1654E+00  7.1269E+01  0.000E+00  7.531E-02
1.759961E+01  6.44323E+01  3.7894E+00  5.7618E+01  2.0042E+00  5.9622E+01  0.000E+00  7.045E-02
1.881398E+01  6.43823E+01  3.3778E+00  4.8045E+01  1.8525E+00  4.9898E+01  0.000E+00  6.590E-02
2.011215E+01  6.43148E+01  3.0136E+00  4.0097E+01  1.7100E+00  4.1807E+01  0.000E+00  6.165E-02
2.149988E+01  6.42361E+01  2.6910E+00  3.3494E+01  1.5767E+00  3.5071E+01  0.000E+00  5.767E-02
2.298338E+01  6.41503E+01  2.4051E+00  2.8004E+01  1.4521E+00  2.9456E+01  0.000E+00  5.395E-02
2.456923E+01  6.40603E+01  2.1515E+00  2.3434E+01  1.3361E+00  2.4770E+01  0.000E+00  5.046E-02
2.626450E+01  6.39699E+01  1.9262E+00  1.9626E+01  1.2282E+00  2.0854E+01  0.000E+00  4.721E-02
2.807676E+01  6.38844E+01  1.7125E+00  1.6322E+01  1.1282E+00  1.7450E+01  0.000E+00  4.416E-02
3.001405E+01  6.37780E+01  1.5200E+00  1.3552E+01  1.0357E+00  1.4588E+01  0.000E+00  4.131E-02
3.208502E+01  6.36621E+01  1.3491E+00  1.1252E+01  9.5030E-01  1.2202E+01  0.000E+00  3.864E-02
3.429889E+01  6.35343E+01  1.1961E+00  9.3320E+00  8.7163E-01  1.0204E+01  0.000E+00  3.615E-02
3.666551E+01  6.33900E+01  1.0592E+00  7.7302E+00  7.9930E-01  8.5295E+00  0.000E+00  3.381E-02
3.919543E+01  6.32174E+01  9.3498E-01  6.3835E+00  7.3293E-01  7.1164E+00  0.000E+00  3.163E-02
4.189992E+01  6.29955E+01  8.2563E-01  5.2730E+00  6.7216E-01  5.9452E+00  0.000E+00  2.959E-02
4.479101E+01  6.26711E+01  7.2944E-01  4.3580E+00  6.1660E-01  4.9746E+00  0.000E+00  2.768E-02
4.788159E+01  6.20283E+01  6.4496E-01  3.6045E+00  5.6590E-01  4.1704E+00  0.000E+00  2.589E-02
4.923432E+01  6.13442E+01  6.1279E-01  3.3307E+00  5.4608E-01  3.8768E+00  0.000E+00  2.518E-02
4.998791E+01  6.01781E+01  5.9596E-01  3.1904E+00  5.3560E-01  3.7260E+00  0.000E+00  2.480E-02
5.018886E+01  5.87811E+01  5.9160E-01  3.1543E+00  5.3287E-01  3.6872E+00  0.000E+00  2.470E-02
5.049030E+01  6.01934E+01  3.3355E+00  1.7679E+01  5.2882E-01  1.8208E+01  1.458E+01  2.456E-02
5.118542E+01  6.14133E+01  3.2652E+00  1.7071E+01  5.1971E-01  1.7591E+01  1.409E+01  2.422E-02
5.124388E+01  6.14695E+01  3.2594E+00  1.7021E+01  5.1895E-01  1.7540E+01  1.405E+01  2.419E-02
5.471721E+01  6.28932E+01  2.9371E+00  1.4364E+01  4.7768E-01  1.4842E+01  1.189E+01  2.266E-02
5.849270E+01  6.34489E+01  2.6343E+00  1.2052E+01  4.3951E-01  1.2492E+01  1.000E+01  2.120E-02
6.252870E+01  6.37699E+01  2.3606E+00  1.0103E+01  4.0487E-01  1.0508E+01  8.403E+00  1.983E-02
6.684318E+01  6.39778E+01  2.1138E+00  8.4624E+00  3.7348E-01  8.8359E+00  7.051E+00  1.855E-02
7.145536E+01  6.41165E+01  1.8907E+00  7.0807E+00  3.4506E-01  7.4258E+00  5.908E+00  1.735E-02
7.638578E+01  6.42109E+01  1.6911E+00  5.9244E+00  3.1936E-01  6.2438E+00  4.950E+00  1.623E-02
8.165640E+01  6.42766E+01  1.5105E+00  4.9501E+00  2.9612E-01  5.2462E+00  4.141E+00  1.518E-02
8.729069E+01  6.43175E+01  1.3450E+00  4.1234E+00  2.7513E-01  4.3985E+00  3.456E+00  1.420E-02
9.331374E+01  6.43408E+01  1.1979E+00  3.4352E+00  2.5616E-01  3.6914E+00  2.885E+00  1.329E-02
9.975239E+01  6.43522E+01  1.0669E+00  2.8622E+00  2.3904E-01  3.1012E+00  2.408E+00  1.243E-02
1.066353E+02  6.43832E+01  9.4693E-01  2.3763E+00  2.2356E-01  2.5999E+00  2.001E+00  1.163E-02
1.139931E+02  6.43762E+01  8.4015E-01  1.9723E+00  2.0958E-01  2.1819E+00  1.662E+00  1.088E-02
1.218587E+02  6.43640E+01  7.4547E-01  1.6371E+00  1.9692E-01  1.8340E+00  1.380E+00  1.017E-02
1.302669E+02  6.43484E+01  6.6153E-01  1.3589E+00  1.8547E-01  1.5444E+00  1.146E+00  9.518E-03
1.392553E+02  6.43308E+01  5.8709E-01  1.1282E+00  1.7508E-01  1.3033E+00  9.522E-01  8.903E-03
1.488640E+02  6.43119E+01  5.2107E-01  9.3668E-01  1.6564E-01  1.1023E+00  7.909E-01  8.329E-03
1.591356E+02  6.42924E+01  4.6251E-01  7.7775E-01  1.5705E-01  9.3480E-01  6.569E-01  7.791E-03
1.701159E+02  6.42729E+01  4.1057E-01  6.4585E-01  1.4920E-01  7.9505E-01  5.456E-01  7.288E-03
1.818539E+02  6.42535E+01  3.6449E-01  5.3635E-01  1.4203E-01  6.7838E-01  4.532E-01  6.818E-03
1.944018E+02  6.42347E+01  3.2360E-01  4.4545E-01  1.3544E-01  5.8089E-01  3.764E-01  6.378E-03
2.078156E+02  6.42164E+01  2.8733E-01  3.6999E-01  1.2937E-01  4.9936E-01  3.126E-01  5.966E-03
2.221548E+02  6.41988E+01  2.5546E-01  3.0772E-01  1.2377E-01  4.3149E-01  2.600E-01  5.581E-03
2.374835E+02  6.41825E+01  2.2781E-01  2.5670E-01  1.1856E-01  3.7526E-01  2.171E-01  5.221E-03
2.538699E+02  6.41674E+01  2.0316E-01  2.1415E-01  1.1371E-01  3.2786E-01  1.812E-01  4.884E-03
2.713869E+02  6.41534E+01  1.8119E-01  1.7866E-01  1.0917E-01  2.8783E-01  1.512E-01  4.569E-03
2.901126E+02  6.41404E+01  1.6161E-01  1.4907E-01  1.0491E-01  2.5398E-01  1.262E-01  4.274E-03
3.101304E+02  6.41284E+01  1.4415E-01  1.2438E-01  1.0089E-01  2.2527E-01  1.054E-01  3.998E-03
3.315294E+02  6.41173E+01  1.2859E-01  1.0379E-01  9.7085E-02  2.0088E-01  8.795E-02  3.740E-03
3.544049E+02  6.41071E+01  1.1471E-01  8.6616E-02  9.3465E-02  1.8008E-01  7.341E-02  3.498E-03
3.788588E+02  6.40977E+01  1.0234E-01  7.2286E-02  9.0012E-02  1.6230E-01  6.127E-02  3.273E-03
4.050001E+02  6.40890E+01  9.1305E-02  6.0329E-02  8.6706E-02  1.4704E-01  5.114E-02  3.061E-03
4.329451E+02  6.40810E+01  8.1465E-02  5.0353E-02  8.3531E-02  1.3388E-01  4.269E-02  2.864E-03


