1.067676E+00  1.00058E+00  1.4211E-04  5.5566E+00  5.7360E-01  6.1302E+00  5.557E+00  1.161E+00
1.141345E+00  1.00052E+00  1.2142E-04  4.4410E+00  5.4880E-01  4.9898E+00  4.441E+00  1.086E+00
1.220098E+00  1.00046E+00  1.0370E-04  3.5480E+00  5.2557E-01  4.0736E+00  3.548E+00  1.016E+00
1.304285E+00  1.00040E+00  8.8528E-05  2.8335E+00  5.0394E-01  3.3374E+00  2.834E+00  9.506E-01
1.394281E+00  1.00036E+00  7.5550E-05  2.2620E+00  4.8391E-01  2.7459E+00  2.262E+00  8.892E-01
1.490486E+00  1.00031E+00  6.4451E-05  1.8052E+00  4.6548E-01  2.2707E+00  1.805E+00  8.318E-01
1.593329E+00  1.00028E+00  5.4965E-05  1.4401E+00  4.4866E-01  1.8888E+00  1.440E+00  7.781E-01
1.703269E+00  1.00024E+00  4.6859E-05  1.1485E+00  4.3341E-01  1.5819E+00  1.148E+00  7.279E-01
1.820795E+00  1.00022E+00  3.9935E-05  9.1562E-01  4.1970E-01  1.3353E+00  9.156E-01  6.809E-01
1.946430E+00  1.00019E+00  3.4025E-05  7.2975E-01  4.0750E-01  1.1373E+00  7.297E-01  6.370E-01
2.080733E+00  1.00017E+00  2.8980E-05  5.8144E-01  3.9676E-01  9.7820E-01  5.814E-01  5.959E-01
2.224304E+00  1.00015E+00  2.4677E-05  4.6314E-01  3.8743E-01  8.5057E-01  4.631E-01  5.574E-01
2.377781E+00  1.00013E+00  2.1007E-05  3.6881E-01  3.7944E-01  7.4825E-01  3.688E-01  5.214E-01
2.541848E+00  1.00011E+00  1.7878E-05  2.9362E-01  3.7272E-01  6.6634E-01  2.936E-01  4.878E-01
2.717235E+00  1.00010E+00  1.5211E-05  2.3370E-01  3.6721E-01  6.0091E-01  2.337E-01  4.563E-01
2.904724E+00  1.00009E+00  1.2940E-05  1.8597E-01  3.6283E-01  5.4880E-01  1.860E-01  4.268E-01
3.105150E+00  1.00008E+00  1.1005E-05  1.4795E-01  3.5950E-01  5.0745E-01  1.479E-01  3.993E-01
3.319406E+00  1.00007E+00  9.3572E-06  1.1768E-01  3.5714E-01  4.7482E-01  1.177E-01  3.735E-01
3.548445E+00  1.00006E+00  7.9549E-06  9.3586E-02  3.5567E-01  4.4926E-01  9.359E-02  3.494E-01
3.793288E+00  1.00005E+00  6.7615E-06  7.4412E-02  3.5500E-01  4.2941E-01  7.441E-02  3.269E-01
4.055024E+00  1.00005E+00  5.7461E-06  5.9156E-02  3.5506E-01  4.1422E-01  5.916E-02  3.058E-01
4.334821E+00  1.00004E+00  4.8825E-06  4.7021E-02  3.5575E-01  4.0277E-01  4.702E-02  2.860E-01
4.633924E+00  1.00004E+00  4.1481E-06  3.7370E-02  3.5700E-01  3.9437E-01  3.737E-02  2.676E-01
4.953664E+00  1.00003E+00  3.5237E-06  2.9696E-02  3.5872E-01  3.8842E-01  2.970E-02  2.503E-01
5.295467E+00  1.00003E+00  2.9930E-06  2.3595E-02  3.6084E-01  3.8444E-01  2.359E-02  2.341E-01
5.660855E+00  1.00002E+00  2.5419E-06  1.8745E-02  3.6328E-01  3.8202E-01  1.875E-02  2.190E-01
6.051453E+00  1.00002E+00  2.1586E-06  1.4891E-02  3.6596E-01  3.8085E-01  1.489E-02  2.049E-01
6.469004E+00  1.00002E+00  1.8330E-06  1.1829E-02  3.6882E-01  3.8065E-01  1.183E-02  1.917E-01
6.915365E+00  1.00002E+00  1.5564E-06  9.3954E-03  3.7180E-01  3.8120E-01  9.395E-03  1.793E-01
7.392525E+00  1.00001E+00  1.3214E-06  7.4622E-03  3.7482E-01  3.8228E-01  7.462E-03  1.677E-01
7.902609E+00  1.00001E+00  1.1219E-06  5.9266E-03  3.7783E-01  3.8376E-01  5.927E-03  1.569E-01
8.447890E+00  1.00001E+00  9.5248E-07  4.7068E-03  3.8077E-01  3.8548E-01  4.707E-03  1.468E-01
9.030794E+00  1.00001E+00  8.0863E-07  3.7380E-03  3.8360E-01  3.8734E-01  3.738E-03  1.373E-01
9.653919E+00  1.00001E+00  6.8651E-07  2.9687E-03  3.8627E-01  3.8924E-01  2.969E-03  1.284E-01
1.032004E+01  1.00001E+00  5.8283E-07  2.3577E-03  3.8874E-01  3.9110E-01  2.358E-03  1.201E-01
1.103212E+01  1.00001E+00  4.9482E-07  1.8724E-03  3.9097E-01  3.9284E-01  1.872E-03  1.124E-01
1.179334E+01  1.00001E+00  4.2012E-07  1.4872E-03  3.9293E-01  3.9442E-01  1.487E-03  1.051E-01
1.260708E+01  1.00001E+00  3.5671E-07  1.1812E-03  3.9459E-01  3.9577E-01  1.181E-03  9.834E-02
1.347697E+01  1.00000E+00  3.0289E-07  9.3824E-04  3.9593E-01  3.9687E-01  9.382E-04  9.200E-02
1.440688E+01  1.00000E+00  2.5721E-07  7.4532E-04  3.9693E-01  3.9768E-01  7.453E-04  8.606E-02
1.540095E+01  1.00000E+00  2.1844E-07  5.9211E-04  3.9757E-01  3.9816E-01  5.921E-04  8.050E-02
1.646362E+01  1.00000E+00  1.8553E-07  4.7044E-04  3.9784E-01  3.9831E-01  4.704E-04  7.531E-02
1.759961E+01  1.00000E+00  1.5760E-07  3.7382E-04  3.9773E-01  3.9810E-01  3.738E-04  7.045E-02
1.881398E+01  1.00000E+00  1.3389E-07  2.9708E-04  3.9725E-01  3.9755E-01  2.971E-04  6.590E-02
2.011215E+01  1.00000E+00  1.1376E-07  2.3612E-04  3.9638E-01  3.9662E-01  2.361E-04  6.165E-02
2.149988E+01  1.00000E+00  9.6669E-08  1.8770E-04  3.9513E-01  3.9532E-01  1.877E-04  5.767E-02
2.298338E+01  1.00000E+00  8.2161E-08  1.4924E-04  3.9350E-01  3.9365E-01  1.492E-04  5.395E-02
2.456923E+01  1.00000E+00  6.9843E-08  1.1867E-04  3.9150E-01  3.9162E-01  1.187E-04  5.046E-02
2.626450E+01  1.00000E+00  5.9383E-08  9.4387E-05  3.8914E-01  3.8923E-01  9.439E-05  4.721E-02
2.807676E+01  1.00000E+00  5.0499E-08  7.5086E-05  3.8643E-01  3.8651E-01  7.509E-05  4.416E-02
3.001405E+01  1.00000E+00  4.2954E-08  5.9744E-05  3.8338E-01  3.8344E-01  5.974E-05  4.131E-02
3.208502E+01  1.00000E+00  3.6544E-08  4.7548E-05  3.8001E-01  3.8006E-01  4.755E-05  3.864E-02
3.429889E+01  1.00000E+00  3.1098E-08  3.7851E-05  3.7633E-01  3.7637E-01  3.785E-05  3.615E-02
3.666551E+01  1.00000E+00  2.6471E-08  3.0139E-05  3.7236E-01  3.7239E-01  3.014E-05  3.381E-02
3.919543E+01  1.00000E+00  2.2537E-08  2.4004E-05  3.6812E-01  3.6814E-01  2.400E-05  3.163E-02
4.189992E+01  1.00000E+00  1.9194E-08  1.9124E-05  3.6362E-01  3.6364E-01  1.912E-05  2.959E-02
4.479101E+01  1.00000E+00  1.6351E-08  1.5240E-05  3.5889E-01  3.5891E-01  1.524E-05  2.768E-02
4.788159E+01  1.00000E+00  1.3934E-08  1.2148E-05  3.5395E-01  3.5396E-01  1.215E-05  2.589E-02
5.118542E+01  1.00000E+00  1.1877E-08  9.6871E-06  3.4880E-01  3.4881E-01  9.687E-06  2.422E-02
5.471721E+01  1.00000E+00  1.0128E-08  7.7271E-06  3.4349E-01  3.4350E-01  7.727E-06  2.266E-02
5.849270E+01  1.00000E+00  8.6390E-09  6.1657E-06  3.3801E-01  3.3802E-01  6.166E-06  2.120E-02
6.252870E+01  1.00000E+00  7.3715E-09  4.9215E-06  3.3240E-01  3.3240E-01  4.922E-06  1.983E-02
6.684318E+01  1.00000E+00  6.2923E-09  3.9298E-06  3.2668E-01  3.2668E-01  3.930E-06  1.855E-02
7.145536E+01  1.00000E+00  5.3732E-09  3.1392E-06  3.2085E-01  3.2085E-01  3.139E-06  1.735E-02
7.638578E+01  1.00000E+00  4.5901E-09  2.5086E-06  3.1494E-01  3.1494E-01  2.509E-06  1.623E-02
8.165640E+01  1.00000E+00  3.9227E-09  2.0054E-06  3.0898E-01  3.0898E-01  2.005E-06  1.518E-02
8.729069E+01  1.00000E+00  3.3537E-09  1.6039E-06  3.0296E-01  3.0296E-01  1.604E-06  1.420E-02
9.331374E+01  1.00000E+00  2.8685E-09  1.2833E-06  2.9691E-01  2.9691E-01  1.283E-06  1.329E-02
9.975239E+01  1.00000E+00  2.4545E-09  1.0272E-06  2.9086E-01  2.9086E-01  1.027E-06  1.243E-02
1.066353E+02  1.00000E+00  2.1013E-09  8.2263E-07  2.8480E-01  2.8480E-01  8.226E-07  1.163E-02
1.139931E+02  1.00000E+00  1.7997E-09  6.5909E-07  2.7875E-01  2.7875E-01  6.591E-07  1.088E-02
1.218587E+02  1.00000E+00  1.5422E-09  5.2832E-07  2.7274E-01  2.7274E-01  5.283E-07  1.017E-02
1.302669E+02  1.00000E+00  1.3221E-09  4.2370E-07  2.6676E-01  2.6676E-01  4.237E-07  9.518E-03
1.392553E+02  1.00000E+00  1.1341E-09  3.3997E-07  2.6083E-01  2.6083E-01  3.400E-07  8.903E-03
1.488640E+02  1.00000E+00  9.7323E-10  2.7293E-07  2.5497E-01  2.5497E-01  2.729E-07  8.329E-03
1.591356E+02  1.00000E+00  8.3566E-10  2.1922E-07  2.4918E-01  2.4918E-01  2.192E-07  7.791E-03
1.701159E+02  1.00000E+00  7.1792E-10  1.7618E-07  2.4346E-01  2.4346E-01  1.762E-07  7.288E-03
1.818539E+02  1.00000E+00  6.1711E-10  1.4166E-07  2.3784E-01  2.3784E-01  1.417E-07  6.818E-03
1.944018E+02  1.00000E+00  5.3076E-10  1.1398E-07  2.3231E-01  2.3231E-01  1.140E-07  6.378E-03
2.078156E+02  1.00000E+00  4.5676E-10  9.1755E-08  2.2689E-01  2.2689E-01  9.175E-08  5.966E-03
2.221548E+02  1.00000E+00  3.9331E-10  7.3908E-08  2.2157E-01  2.2157E-01  7.391E-08  5.581E-03
2.374835E+02  1.00000E+00  3.3887E-10  5.9569E-08  2.1637E-01  2.1637E-01  5.957E-08  5.221E-03
2.538699E+02  1.00000E+00  2.9216E-10  4.8042E-08  2.1129E-01  2.1129E-01  4.804E-08  4.884E-03
2.713869E+02  1.00000E+00  2.5204E-10  3.8770E-08  2.0633E-01  2.0633E-01  3.877E-08  4.569E-03
2.901126E+02  1.00000E+00  2.1757E-10  3.1307E-08  2.0150E-01  2.0150E-01  3.131E-08  4.274E-03
3.101304E+02  1.00000E+00  1.8793E-10  2.5298E-08  1.9680E-01  1.9680E-01  2.530E-08  3.998E-03
3.315294E+02  1.00000E+00  1.6245E-10  2.0455E-08  1.9223E-01  1.9223E-01  2.046E-08  3.740E-03
3.544049E+02  1.00000E+00  1.4051E-10  1.6551E-08  1.8779E-01  1.8779E-01  1.655E-08  3.498E-03
3.788588E+02  1.00000E+00  1.2162E-10  1.3401E-08  1.8349E-01  1.8349E-01  1.340E-08  3.273E-03
4.050001E+02  1.00000E+00  1.0534E-10  1.0859E-08  1.7933E-01  1.7933E-01  1.086E-08  3.061E-03
4.329451E+02  1.00000E+00  9.1313E-11  8.8048E-09  1.7530E-01  1.7530E-01  8.805E-09  2.864E-03
