1.0016605E+00 3.71944E+01  9.7664E+00  2.4877E+03  8.6941E+00  2.4963E+03  0.000E-01  1.238E+00
1.0066688E+00 3.71717E+01  9.7094E+00  2.4608E+03  8.7100E+00  2.4695E+03  0.000E-01  1.232E+00
1.0117021E+00 3.71444E+01  9.6527E+00  2.4343E+03  8.7258E+00  2.4430E+03  0.000E-01  1.226E+00
1.0167606E+00 3.71126E+01  9.5965E+00  2.4081E+03  8.7415E+00  2.4168E+03  0.000E-01  1.219E+00
1.0218444E+00 3.70764E+01  9.5407E+00  2.3822E+03  8.7571E+00  2.3909E+03  0.000E-01  1.213E+00
1.0269536E+00 3.70358E+01  9.4853E+00  2.3566E+03  8.7725E+00  2.3653E+03  0.000E-01  1.207E+00
1.0320884E+00 3.69915E+01  9.4303E+00  2.3312E+03  8.7878E+00  2.3400E+03  0.000E-01  1.201E+00
1.0372489E+00 3.69422E+01  9.3756E+00  2.3062E+03  8.8030E+00  2.3150E+03  0.000E-01  1.195E+00
1.0424351E+00 3.68886E+01  9.3213E+00  2.2814E+03  8.8180E+00  2.2903E+03  0.000E-01  1.189E+00
1.0476473E+00 3.68306E+01  9.2674E+00  2.2570E+03  8.8329E+00  2.2658E+03  0.000E-01  1.183E+00
1.0528855E+00 3.67682E+01  9.2139E+00  2.2328E+03  8.8477E+00  2.2416E+03  0.000E-01  1.178E+00
1.0581499E+00 3.67014E+01  9.1608E+00  2.2088E+03  8.8624E+00  2.2177E+03  0.000E-01  1.172E+00
1.0634407E+00 3.66301E+01  9.1080E+00  2.1852E+03  8.8769E+00  2.1941E+03  0.000E-01  1.166E+00
1.0687579E+00 3.65542E+01  9.0556E+00  2.1618E+03  8.8914E+00  2.1707E+03  0.000E-01  1.160E+00
1.0741017E+00 3.64737E+01  9.0036E+00  2.1387E+03  8.9056E+00  2.1476E+03  0.000E-01  1.154E+00
1.0794722E+00 3.63884E+01  8.9519E+00  2.1158E+03  8.9198E+00  2.1247E+03  0.000E-01  1.149E+00
1.0848695E+00 3.62982E+01  8.9005E+00  2.0932E+03  8.9338E+00  2.1022E+03  0.000E-01  1.143E+00
1.0902939E+00 3.62031E+01  8.8496E+00  2.0709E+03  8.9477E+00  2.0798E+03  0.000E-01  1.137E+00
1.0957454E+00 3.61028E+01  8.7990E+00  2.0488E+03  8.9615E+00  2.0578E+03  0.000E-01  1.132E+00
1.1012241E+00 3.59972E+01  8.7487E+00  2.0270E+03  8.9751E+00  2.0359E+03  0.000E-01  1.126E+00
1.1067302E+00 3.58862E+01  8.6988E+00  2.0054E+03  8.9886E+00  2.0144E+03  0.000E-01  1.120E+00
1.1122639E+00 3.57695E+01  8.6492E+00  1.9840E+03  9.0019E+00  1.9930E+03  0.000E-01  1.115E+00
1.1178252E+00 3.56469E+01  8.6000E+00  1.9629E+03  9.0151E+00  1.9719E+03  0.000E-01  1.109E+00
1.1234143E+00 3.55182E+01  8.5511E+00  1.9421E+03  9.0282E+00  1.9511E+03  0.000E-01  1.104E+00
1.1290314E+00 3.53831E+01  8.5026E+00  1.9214E+03  9.0412E+00  1.9305E+03  0.000E-01  1.098E+00
1.1346765E+00 3.52413E+01  8.4544E+00  1.9010E+03  9.0540E+00  1.9101E+03  0.000E-01  1.093E+00
1.1403499E+00 3.50925E+01  8.4065E+00  1.8809E+03  9.0667E+00  1.8899E+03  0.000E-01  1.087E+00
1.1460517E+00 3.49364E+01  8.3590E+00  1.8609E+03  9.0792E+00  1.8700E+03  0.000E-01  1.082E+00
1.1517819E+00 3.47725E+01  8.3118E+00  1.8412E+03  9.0916E+00  1.8503E+03  0.000E-01  1.076E+00
1.1575408E+00 3.46005E+01  8.2649E+00  1.8217E+03  9.1039E+00  1.8308E+03  0.000E-01  1.071E+00
1.1633285E+00 3.44198E+01  8.2183E+00  1.8024E+03  9.1160E+00  1.8116E+03  0.000E-01  1.066E+00
1.1691452E+00 3.42300E+01  8.1721E+00  1.7834E+03  9.1280E+00  1.7925E+03  0.000E-01  1.060E+00
1.1749909E+00 3.40305E+01  8.1262E+00  1.7645E+03  9.1399E+00  1.7737E+03  0.000E-01  1.055E+00
1.1808659E+00 3.38205E+01  8.0806E+00  1.7459E+03  9.1516E+00  1.7551E+03  0.000E-01  1.050E+00
1.1867702E+00 3.35995E+01  8.0353E+00  1.7275E+03  9.1631E+00  1.7367E+03  0.000E-01  1.045E+00
1.1927040E+00 3.33666E+01  7.9904E+00  1.7093E+03  9.1746E+00  1.7185E+03  0.000E-01  1.040E+00
1.1986676E+00 3.31208E+01  7.9457E+00  1.6913E+03  9.1859E+00  1.7005E+03  0.000E-01  1.034E+00
1.2046609E+00 3.28613E+01  7.9014E+00  1.6735E+03  9.1970E+00  1.6827E+03  0.000E-01  1.029E+00
1.2106842E+00 3.25867E+01  7.8574E+00  1.6559E+03  9.2080E+00  1.6651E+03  0.000E-01  1.024E+00
1.2167376E+00 3.22959E+01  7.8137E+00  1.6385E+03  9.2189E+00  1.6477E+03  0.000E-01  1.019E+00
1.2228213E+00 3.19872E+01  7.7702E+00  1.6212E+03  9.2296E+00  1.6305E+03  0.000E-01  1.014E+00
1.2289354E+00 3.16591E+01  7.7264E+00  1.6041E+03  9.2402E+00  1.6133E+03  0.000E-01  1.009E+00
1.2350801E+00 3.13092E+01  7.6817E+00  1.5869E+03  9.2506E+00  1.5961E+03  0.000E-01  1.004E+00
1.2412555E+00 3.09354E+01  7.6374E+00  1.5699E+03  9.2609E+00  1.5791E+03  0.000E-01  9.989E-01
1.2474618E+00 3.05348E+01  7.5934E+00  1.5531E+03  9.2710E+00  1.5623E+03  0.000E-01  9.939E-01
1.2536991E+00 3.01041E+01  7.5497E+00  1.5364E+03  9.2810E+00  1.5457E+03  0.000E-01  9.889E-01
1.2599676E+00 2.96396E+01  7.5063E+00  1.5200E+03  9.2909E+00  1.5293E+03  0.000E-01  9.840E-01
1.2662674E+00 2.91364E+01  7.4632E+00  1.5038E+03  9.3006E+00  1.5131E+03  0.000E-01  9.791E-01
1.2725988E+00 2.85886E+01  7.4204E+00  1.4877E+03  9.3101E+00  1.4970E+03  0.000E-01  9.743E-01
1.2789618E+00 2.79891E+01  7.3779E+00  1.4718E+03  9.3195E+00  1.4811E+03  0.000E-01  9.694E-01
1.2853566E+00 2.73285E+01  7.3357E+00  1.4561E+03  9.3288E+00  1.4655E+03  0.000E-01  9.646E-01
1.2917833E+00 2.65947E+01  7.2939E+00  1.4406E+03  9.3379E+00  1.4499E+03  0.000E-01  9.598E-01
1.2982423E+00 2.57716E+01  7.2523E+00  1.4253E+03  9.3469E+00  1.4346E+03  0.000E-01  9.550E-01
1.3047335E+00 2.48368E+01  7.2110E+00  1.4101E+03  9.3557E+00  1.4195E+03  0.000E-01  9.503E-01
1.3112571E+00 2.37589E+01  7.1700E+00  1.3951E+03  9.3644E+00  1.4045E+03  0.000E-01  9.455E-01
1.3178134E+00 2.24875E+01  7.1292E+00  1.3803E+03  9.3729E+00  1.3897E+03  0.000E-01  9.408E-01
1.3244025E+00 2.09428E+01  7.0888E+00  1.3656E+03  9.3813E+00  1.3750E+03  0.000E-01  9.362E-01
1.3310245E+00 1.89771E+01  7.0486E+00  1.3511E+03  9.3895E+00  1.3605E+03  0.000E-01  9.315E-01
1.3376796E+00 1.62672E+01  7.0088E+00  1.3368E+03  9.3976E+00  1.3462E+03  0.000E-01  9.269E-01
1.3443680E+00 1.18184E+01  6.9692E+00  1.3226E+03  9.4055E+00  1.3320E+03  0.000E-01  9.222E-01
1.3510899E+00  -7.94075E+00  6.9299E+00  1.3086E+03  9.4133E+00  1.3180E+03  0.000E-01  9.177E-01
1.3512135E+00  -1.11161E+01  6.9291E+00  1.3084E+03  9.4135E+00  1.3178E+03  0.000E-01  9.176E-01
1.3515865E+00  -1.14577E+01  2.6506E+01  5.0035E+03  9.4139E+00  5.0129E+03  0.000E-01  9.173E-01
1.3578453E+00 1.02390E+01  2.6318E+01  4.9451E+03  9.4209E+00  4.9545E+03  0.000E-01  9.131E-01
1.3646345E+00 1.40730E+01  2.6116E+01  4.8828E+03  9.4284E+00  4.8923E+03  0.000E-01  9.086E-01
1.3714577E+00 1.57145E+01  2.5916E+01  4.8214E+03  9.4358E+00  4.8308E+03  0.000E-01  9.040E-01
1.3783150E+00 1.60735E+01  2.5718E+01  4.7606E+03  9.4429E+00  4.7700E+03  0.000E-01  8.995E-01
1.3852066E+00 1.47112E+01  2.5520E+01  4.7006E+03  9.4500E+00  4.7100E+03  0.000E-01  8.951E-01
1.3911646E+00 3.96765E+00  2.5352E+01  4.6495E+03  9.4559E+00  4.6590E+03  0.000E-01  8.912E-01
1.3918353E+00 3.88801E+00  3.8170E+01  6.9971E+03  9.4565E+00  7.0065E+03  0.000E-01  8.908E-01
1.3921326E+00 6.54188E+00  3.8158E+01  6.9932E+03  9.4568E+00  7.0027E+03  0.000E-01  8.906E-01
1.3990933E+00 1.79314E+01  3.7860E+01  6.9041E+03  9.4636E+00  6.9136E+03  0.000E-01  8.862E-01
1.4060887E+00 2.16526E+01  3.7564E+01  6.8161E+03  9.4701E+00  6.8256E+03  0.000E-01  8.818E-01
1.4131192E+00 2.41870E+01  3.7271E+01  6.7293E+03  9.4766E+00  6.7388E+03  0.000E-01  8.774E-01
1.4201848E+00 2.61718E+01  3.6980E+01  6.6436E+03  9.4828E+00  6.6531E+03  0.000E-01  8.730E-01
1.4272857E+00 2.78253E+01  3.6692E+01  6.5590E+03  9.4889E+00  6.5685E+03  0.000E-01  8.687E-01
1.4344221E+00 2.92520E+01  3.6406E+01  6.4755E+03  9.4949E+00  6.4850E+03  0.000E-01  8.643E-01
1.4415942E+00 3.05108E+01  3.6122E+01  6.3930E+03  9.5007E+00  6.4025E+03  0.000E-01  8.600E-01
1.4488022E+00 3.16391E+01  3.5840E+01  6.3117E+03  9.5064E+00  6.3212E+03  0.000E-01  8.558E-01
1.4560462E+00 3.26620E+01  3.5561E+01  6.2313E+03  9.5119E+00  6.2408E+03  0.000E-01  8.515E-01
1.4633265E+00 3.35976E+01  3.5284E+01  6.1520E+03  9.5172E+00  6.1616E+03  0.000E-01  8.473E-01
1.4706431E+00 3.44594E+01  3.5010E+01  6.0738E+03  9.5224E+00  6.0833E+03  0.000E-01  8.431E-01
1.4779963E+00 3.52575E+01  3.4737E+01  5.9965E+03  9.5275E+00  6.0061E+03  0.000E-01  8.389E-01
1.4853863E+00 3.60001E+01  3.4467E+01  5.9203E+03  9.5323E+00  5.9298E+03  0.000E-01  8.347E-01
1.4928132E+00 3.66936E+01  3.4199E+01  5.8450E+03  9.5371E+00  5.8545E+03  0.000E-01  8.305E-01
1.5002773E+00 3.73433E+01  3.3933E+01  5.7707E+03  9.5417E+00  5.7802E+03  0.000E-01  8.264E-01
1.5077787E+00 3.79536E+01  3.3669E+01  5.6973E+03  9.5461E+00  5.7069E+03  0.000E-01  8.223E-01
1.5153176E+00 3.85279E+01  3.3407E+01  5.6249E+03  9.5504E+00  5.6345E+03  0.000E-01  8.182E-01
1.5228942E+00 3.90695E+01  3.3148E+01  5.5535E+03  9.5545E+00  5.5630E+03  0.000E-01  8.141E-01
1.5305086E+00 3.95808E+01  3.2890E+01  5.4829E+03  9.5584E+00  5.4925E+03  0.000E-01  8.101E-01
1.5381612E+00 4.00641E+01  3.2635E+01  5.4133E+03  9.5623E+00  5.4228E+03  0.000E-01  8.061E-01
1.5458520E+00 4.05212E+01  3.2382E+01  5.3445E+03  9.5659E+00  5.3541E+03  0.000E-01  8.020E-01
1.5535812E+00 4.09537E+01  3.2130E+01  5.2767E+03  9.5694E+00  5.2863E+03  0.000E-01  7.981E-01
1.5613491E+00 4.13631E+01  3.1881E+01  5.2097E+03  9.5728E+00  5.2193E+03  0.000E-01  7.941E-01
1.5691559E+00 4.17504E+01  3.1634E+01  5.1436E+03  9.5760E+00  5.1532E+03  0.000E-01  7.901E-01
1.5770017E+00 4.21167E+01  3.1389E+01  5.0783E+03  9.5790E+00  5.0879E+03  0.000E-01  7.862E-01
1.5848867E+00 4.24626E+01  3.1145E+01  5.0139E+03  9.5819E+00  5.0235E+03  0.000E-01  7.823E-01
1.5928111E+00 4.27889E+01  3.0904E+01  4.9503E+03  9.5846E+00  4.9599E+03  0.000E-01  7.784E-01
1.6007752E+00 4.30961E+01  3.0665E+01  4.8875E+03  9.5872E+00  4.8971E+03  0.000E-01  7.745E-01
1.6087790E+00 4.33842E+01  3.0427E+01  4.8255E+03  9.5896E+00  4.8351E+03  0.000E-01  7.707E-01
1.6168229E+00 4.36536E+01  3.0192E+01  4.7644E+03  9.5919E+00  4.7740E+03  0.000E-01  7.668E-01
1.6249070E+00 4.39041E+01  2.9958E+01  4.7040E+03  9.5940E+00  4.7136E+03  0.000E-01  7.630E-01
1.6330316E+00 4.41353E+01  2.9726E+01  4.6444E+03  9.5959E+00  4.6540E+03  0.000E-01  7.592E-01
1.6411967E+00 4.43466E+01  2.9497E+01  4.5855E+03  9.5977E+00  4.5951E+03  0.000E-01  7.555E-01
1.6494027E+00 4.45370E+01  2.9268E+01  4.5274E+03  9.5994E+00  4.5370E+03  0.000E-01  7.517E-01
1.6576497E+00 4.47050E+01  2.9042E+01  4.4701E+03  9.6009E+00  4.4797E+03  0.000E-01  7.480E-01
1.6659380E+00 4.48485E+01  2.8818E+01  4.4135E+03  9.6022E+00  4.4231E+03  0.000E-01  7.442E-01
1.6742677E+00 4.49643E+01  2.8595E+01  4.3576E+03  9.6034E+00  4.3672E+03  0.000E-01  7.405E-01
1.6826390E+00 4.50477E+01  2.8374E+01  4.3024E+03  9.6044E+00  4.3120E+03  0.000E-01  7.368E-01
1.6910522E+00 4.50918E+01  2.8154E+01  4.2478E+03  9.6053E+00  4.2574E+03  0.000E-01  7.332E-01
1.6995075E+00 4.50849E+01  2.7936E+01  4.1939E+03  9.6060E+00  4.2035E+03  0.000E-01  7.295E-01
1.7080050E+00 4.50075E+01  2.7719E+01  4.1407E+03  9.6066E+00  4.1503E+03  0.000E-01  7.259E-01
1.7165450E+00 4.48213E+01  2.7505E+01  4.0882E+03  9.6070E+00  4.0978E+03  0.000E-01  7.223E-01
1.7251278E+00 4.44371E+01  2.7292E+01  4.0363E+03  9.6072E+00  4.0459E+03  0.000E-01  7.187E-01
1.7337534E+00 4.35431E+01  2.7080E+01  3.9851E+03  9.6073E+00  3.9947E+03  0.000E-01  7.151E-01
1.7394239E+00 4.15726E+01  2.6943E+01  3.9520E+03  9.6073E+00  3.9616E+03  0.000E-01  7.128E-01
1.7424222E+00 4.10342E+01  3.1568E+01  4.6224E+03  9.6073E+00  4.6320E+03  0.000E-01  7.116E-01
1.7429760E+00 4.16119E+01  3.1550E+01  4.6184E+03  9.6073E+00  4.6280E+03  0.000E-01  7.113E-01
1.7511343E+00 4.44274E+01  3.1301E+01  4.5606E+03  9.6071E+00  4.5702E+03  0.000E-01  7.080E-01
1.7598899E+00 4.55999E+01  3.1037E+01  4.4996E+03  9.6067E+00  4.5092E+03  0.000E-01  7.045E-01
1.7686894E+00 4.63850E+01  3.0775E+01  4.4394E+03  9.6062E+00  4.4490E+03  0.000E-01  7.010E-01
1.7775328E+00 4.69944E+01  3.0515E+01  4.3800E+03  9.6056E+00  4.3896E+03  0.000E-01  6.975E-01
1.7864205E+00 4.74994E+01  3.0257E+01  4.3214E+03  9.6047E+00  4.3310E+03  0.000E-01  6.940E-01
1.7953526E+00 4.79326E+01  3.0002E+01  4.2636E+03  9.6038E+00  4.2732E+03  0.000E-01  6.906E-01
1.8043294E+00 4.83114E+01  2.9749E+01  4.2066E+03  9.6026E+00  4.2162E+03  0.000E-01  6.871E-01
1.8133510E+00 4.86457E+01  2.9498E+01  4.1503E+03  9.6014E+00  4.1599E+03  0.000E-01  6.837E-01
1.8224178E+00 4.89403E+01  2.9248E+01  4.0948E+03  9.5999E+00  4.1044E+03  0.000E-01  6.803E-01
1.8315299E+00 4.91977E+01  2.9013E+01  4.0416E+03  9.5984E+00  4.0512E+03  0.000E-01  6.769E-01
1.8406875E+00 4.94321E+01  2.8792E+01  3.9909E+03  9.5966E+00  4.0004E+03  0.000E-01  6.736E-01
1.8498909E+00 4.96449E+01  2.8574E+01  3.9410E+03  9.5947E+00  3.9506E+03  0.000E-01  6.702E-01
1.8591404E+00 4.98346E+01  2.8359E+01  3.8919E+03  9.5927E+00  3.9015E+03  0.000E-01  6.669E-01
1.8684361E+00 4.99991E+01  2.8148E+01  3.8436E+03  9.5905E+00  3.8532E+03  0.000E-01  6.636E-01
1.8777783E+00 5.01343E+01  2.7939E+01  3.7961E+03  9.5882E+00  3.8057E+03  0.000E-01  6.603E-01
1.8871672E+00 5.02326E+01  2.7733E+01  3.7494E+03  9.5857E+00  3.7590E+03  0.000E-01  6.570E-01
1.8966030E+00 5.02778E+01  2.7530E+01  3.7034E+03  9.5830E+00  3.7130E+03  0.000E-01  6.537E-01
1.9060860E+00 5.02299E+01  2.7329E+01  3.6581E+03  9.5803E+00  3.6677E+03  0.000E-01  6.505E-01
1.9156165E+00 4.99370E+01  2.7131E+01  3.6136E+03  9.5773E+00  3.6231E+03  0.000E-01  6.472E-01
1.9208002E+00 4.92783E+01  2.7025E+01  3.5897E+03  9.5757E+00  3.5993E+03  0.000E-01  6.455E-01
1.9247997E+00 4.93413E+01  2.8854E+01  3.8247E+03  9.5743E+00  3.8343E+03  0.000E-01  6.441E-01
1.9251945E+00 4.94604E+01  2.8845E+01  3.8227E+03  9.5742E+00  3.8323E+03  0.000E-01  6.440E-01
1.9348205E+00 5.06537E+01  2.8626E+01  3.7749E+03  9.5710E+00  3.7845E+03  0.000E-01  6.408E-01
1.9444946E+00 5.12077E+01  2.8411E+01  3.7278E+03  9.5676E+00  3.7374E+03  0.000E-01  6.376E-01
1.9542171E+00 5.16160E+01  2.8198E+01  3.6814E+03  9.5640E+00  3.6910E+03  0.000E-01  6.344E-01
1.9639882E+00 5.19535E+01  2.7987E+01  3.6358E+03  9.5604E+00  3.6453E+03  0.000E-01  6.313E-01
1.9738081E+00 5.22468E+01  2.7779E+01  3.5908E+03  9.5565E+00  3.6003E+03  0.000E-01  6.281E-01
1.9836772E+00 5.25085E+01  2.7573E+01  3.5465E+03  9.5525E+00  3.5560E+03  0.000E-01  6.250E-01
1.9935955E+00 5.27452E+01  2.7370E+01  3.5028E+03  9.5484E+00  3.5123E+03  0.000E-01  6.219E-01
2.0035635E+00 5.29608E+01  2.7169E+01  3.4597E+03  9.5441E+00  3.4693E+03  0.000E-01  6.188E-01
2.0135813E+00 5.31570E+01  2.6970E+01  3.4173E+03  9.5397E+00  3.4268E+03  0.000E-01  6.157E-01
2.0236492E+00 5.33351E+01  2.6780E+01  3.3764E+03  9.5351E+00  3.3859E+03  0.000E-01  6.127E-01
2.0337675E+00 5.35019E+01  2.6597E+01  3.3367E+03  9.5304E+00  3.3462E+03  0.000E-01  6.096E-01
2.0439363E+00 5.36573E+01  2.6417E+01  3.2976E+03  9.5255E+00  3.3071E+03  0.000E-01  6.066E-01
2.0541560E+00 5.38004E+01  2.6240E+01  3.2592E+03  9.5205E+00  3.2687E+03  0.000E-01  6.036E-01
2.0644268E+00 5.39300E+01  2.6065E+01  3.2213E+03  9.5153E+00  3.2308E+03  0.000E-01  6.006E-01
2.0747489E+00 5.40439E+01  2.5892E+01  3.1840E+03  9.5100E+00  3.1935E+03  0.000E-01  5.976E-01
2.0851227E+00 5.41380E+01  2.5721E+01  3.1473E+03  9.5046E+00  3.1568E+03  0.000E-01  5.946E-01
2.0955483E+00 5.42047E+01  2.5552E+01  3.1111E+03  9.4990E+00  3.1206E+03  0.000E-01  5.917E-01
2.1060260E+00 5.42263E+01  2.5386E+01  3.0754E+03  9.4933E+00  3.0849E+03  0.000E-01  5.887E-01
2.1165562E+00 5.41485E+01  2.5221E+01  3.0402E+03  9.4874E+00  3.0497E+03  0.000E-01  5.858E-01
2.1244052E+00 5.38523E+01  2.5100E+01  3.0145E+03  9.4829E+00  3.0240E+03  0.000E-01  5.836E-01
2.1271389E+00 5.34378E+01  2.5058E+01  3.0056E+03  9.4813E+00  3.0151E+03  0.000E-01  5.829E-01
2.1321947E+00 5.39589E+01  2.6163E+01  3.1307E+03  9.4784E+00  3.1402E+03  0.000E-01  5.815E-01
2.1377746E+00 5.43759E+01  2.6076E+01  3.1122E+03  9.4752E+00  3.1217E+03  0.000E-01  5.800E-01
2.1484635E+00 5.48132E+01  2.5912E+01  3.0772E+03  9.4689E+00  3.0866E+03  0.000E-01  5.771E-01
2.1592058E+00 5.51226E+01  2.5749E+01  3.0426E+03  9.4624E+00  3.0521E+03  0.000E-01  5.742E-01
2.1700018E+00 5.53804E+01  2.5588E+01  3.0086E+03  9.4558E+00  3.0180E+03  0.000E-01  5.714E-01
2.1808519E+00 5.56091E+01  2.5429E+01  2.9749E+03  9.4491E+00  2.9844E+03  0.000E-01  5.685E-01
2.1917561E+00 5.58188E+01  2.5271E+01  2.9417E+03  9.4422E+00  2.9512E+03  0.000E-01  5.657E-01
2.2027149E+00 5.60145E+01  2.5114E+01  2.9090E+03  9.4352E+00  2.9184E+03  0.000E-01  5.629E-01
2.2137285E+00 5.61996E+01  2.4959E+01  2.8766E+03  9.4280E+00  2.8860E+03  0.000E-01  5.601E-01
2.2247971E+00 5.63761E+01  2.4805E+01  2.8447E+03  9.4207E+00  2.8541E+03  0.000E-01  5.573E-01
2.2359211E+00 5.65451E+01  2.4653E+01  2.8132E+03  9.4133E+00  2.8226E+03  0.000E-01  5.545E-01
2.2471007E+00 5.67088E+01  2.4504E+01  2.7822E+03  9.4057E+00  2.7916E+03  0.000E-01  5.518E-01
2.2583362E+00 5.68683E+01  2.4356E+01  2.7516E+03  9.3980E+00  2.7610E+03  0.000E-01  5.490E-01
2.2696279E+00 5.70237E+01  2.4205E+01  2.7210E+03  9.3901E+00  2.7304E+03  0.000E-01  5.463E-01
2.2809760E+00 5.71737E+01  2.4053E+01  2.6904E+03  9.3821E+00  2.6998E+03  0.000E-01  5.436E-01
2.2923809E+00 5.73191E+01  2.3901E+01  2.6602E+03  9.3740E+00  2.6696E+03  0.000E-01  5.409E-01
2.3038428E+00 5.74601E+01  2.3751E+01  2.6304E+03  9.3657E+00  2.6397E+03  0.000E-01  5.382E-01
2.3153620E+00 5.75972E+01  2.3602E+01  2.6008E+03  9.3573E+00  2.6102E+03  0.000E-01  5.355E-01
2.3269388E+00 5.77308E+01  2.3454E+01  2.5717E+03  9.3488E+00  2.5810E+03  0.000E-01  5.328E-01
2.3385735E+00 5.78610E+01  2.3308E+01  2.5429E+03  9.3401E+00  2.5522E+03  0.000E-01  5.302E-01
2.3502664E+00 5.79882E+01  2.3162E+01  2.5144E+03  9.3313E+00  2.5237E+03  0.000E-01  5.275E-01
2.3620177E+00 5.81124E+01  2.3017E+01  2.4862E+03  9.3224E+00  2.4956E+03  0.000E-01  5.249E-01
2.3738278E+00 5.82340E+01  2.2873E+01  2.4584E+03  9.3133E+00  2.4677E+03  0.000E-01  5.223E-01
2.3856970E+00 5.83530E+01  2.2730E+01  2.4309E+03  9.3041E+00  2.4402E+03  0.000E-01  5.197E-01
2.3976254E+00 5.84696E+01  2.2589E+01  2.4037E+03  9.2948E+00  2.4130E+03  0.000E-01  5.171E-01
2.4096136E+00 5.85839E+01  2.2448E+01  2.3769E+03  9.2853E+00  2.3861E+03  0.000E-01  5.145E-01
2.4216616E+00 5.86960E+01  2.2308E+01  2.3503E+03  9.2757E+00  2.3596E+03  0.000E-01  5.120E-01
2.4337699E+00 5.88061E+01  2.2169E+01  2.3240E+03  9.2660E+00  2.3333E+03  0.000E-01  5.094E-01
2.4459388E+00 5.89142E+01  2.2030E+01  2.2980E+03  9.2561E+00  2.3073E+03  0.000E-01  5.069E-01
2.4581685E+00 5.90205E+01  2.1893E+01  2.2723E+03  9.2461E+00  2.2816E+03  0.000E-01  5.044E-01
2.4704593E+00 5.91251E+01  2.1757E+01  2.2469E+03  9.2360E+00  2.2562E+03  0.000E-01  5.019E-01
2.4828116E+00 5.92282E+01  2.1621E+01  2.2218E+03  9.2258E+00  2.2310E+03  0.000E-01  4.994E-01
2.4952257E+00 5.93298E+01  2.1486E+01  2.1970E+03  9.2154E+00  2.2062E+03  0.000E-01  4.969E-01
2.5077018E+00 5.94298E+01  2.1350E+01  2.1722E+03  9.2049E+00  2.1814E+03  0.000E-01  4.944E-01
2.5202403E+00 5.95276E+01  2.1214E+01  2.1476E+03  9.1942E+00  2.1568E+03  0.000E-01  4.920E-01
2.5328415E+00 5.96233E+01  2.1078E+01  2.1233E+03  9.1835E+00  2.1325E+03  0.000E-01  4.895E-01
2.5455057E+00 5.97171E+01  2.0944E+01  2.0992E+03  9.1726E+00  2.1084E+03  0.000E-01  4.871E-01
2.5582333E+00 5.98091E+01  2.0810E+01  2.0754E+03  9.1616E+00  2.0846E+03  0.000E-01  4.846E-01
2.5710244E+00 5.98993E+01  2.0677E+01  2.0519E+03  9.1505E+00  2.0611E+03  0.000E-01  4.822E-01
2.5838796E+00 5.99879E+01  2.0545E+01  2.0287E+03  9.1392E+00  2.0378E+03  0.000E-01  4.798E-01
2.5967990E+00 6.00748E+01  2.0414E+01  2.0057E+03  9.1278E+00  2.0148E+03  0.000E-01  4.775E-01
2.6097829E+00 6.01603E+01  2.0283E+01  1.9829E+03  9.1163E+00  1.9920E+03  0.000E-01  4.751E-01
2.6228319E+00 6.02443E+01  2.0153E+01  1.9604E+03  9.1047E+00  1.9695E+03  0.000E-01  4.727E-01
2.6359460E+00 6.03268E+01  2.0024E+01  1.9382E+03  9.0930E+00  1.9473E+03  0.000E-01  4.704E-01
2.6491257E+00 6.04081E+01  1.9896E+01  1.9162E+03  9.0811E+00  1.9253E+03  0.000E-01  4.680E-01
2.6623714E+00 6.04880E+01  1.9769E+01  1.8945E+03  9.0691E+00  1.9035E+03  0.000E-01  4.657E-01
2.6756832E+00 6.05667E+01  1.9642E+01  1.8730E+03  9.0570E+00  1.8820E+03  0.000E-01  4.634E-01
2.6890617E+00 6.06442E+01  1.9516E+01  1.8517E+03  9.0448E+00  1.8608E+03  0.000E-01  4.611E-01
2.7025070E+00 6.07206E+01  1.9391E+01  1.8307E+03  9.0324E+00  1.8397E+03  0.000E-01  4.588E-01
2.7160195E+00 6.09983E+01  1.9263E+01  1.8096E+03  9.0200E+00  1.8186E+03  0.000E-01  4.565E-01
2.7295996E+00 6.10715E+01  1.9136E+01  1.7887E+03  9.0074E+00  1.7977E+03  0.000E-01  4.542E-01
2.7432476E+00 6.11433E+01  1.9010E+01  1.7681E+03  8.9947E+00  1.7771E+03  0.000E-01  4.520E-01
2.7569638E+00 6.12137E+01  1.8885E+01  1.7477E+03  8.9819E+00  1.7567E+03  0.000E-01  4.497E-01
2.7707486E+00 6.12830E+01  1.8760E+01  1.7275E+03  8.9690E+00  1.7365E+03  0.000E-01  4.475E-01
2.7846024E+00 6.14922E+01  1.8636E+01  1.7075E+03  8.9559E+00  1.7164E+03  0.000E-01  4.452E-01
2.7985254E+00 6.15586E+01  1.8510E+01  1.6875E+03  8.9428E+00  1.6965E+03  0.000E-01  4.430E-01
2.8125180E+00 6.16236E+01  1.8385E+01  1.6678E+03  8.9295E+00  1.6767E+03  0.000E-01  4.408E-01
2.8265806E+00 6.16872E+01  1.8261E+01  1.6483E+03  8.9161E+00  1.6572E+03  0.000E-01  4.386E-01
2.8407135E+00 6.17495E+01  1.8138E+01  1.6291E+03  8.9026E+00  1.6380E+03  0.000E-01  4.365E-01
2.8549171E+00 6.18106E+01  1.8016E+01  1.6101E+03  8.8890E+00  1.6190E+03  0.000E-01  4.343E-01
2.8691917E+00 6.18707E+01  1.7895E+01  1.5913E+03  8.8753E+00  1.6002E+03  0.000E-01  4.321E-01
2.8835376E+00 6.19297E+01  1.7774E+01  1.5727E+03  8.8615E+00  1.5816E+03  0.000E-01  4.300E-01
2.8979553E+00 6.19878E+01  1.7655E+01  1.5544E+03  8.8476E+00  1.5632E+03  0.000E-01  4.278E-01
2.9124451E+00 6.20452E+01  1.7537E+01  1.5363E+03  8.8335E+00  1.5451E+03  0.000E-01  4.257E-01
2.9270073E+00 6.21020E+01  1.7419E+01  1.5184E+03  8.8194E+00  1.5272E+03  0.000E-01  4.236E-01
2.9416424E+00 6.21583E+01  1.7302E+01  1.5007E+03  8.8051E+00  1.5095E+03  0.000E-01  4.215E-01
2.9563506E+00 6.22144E+01  1.7187E+01  1.4833E+03  8.7908E+00  1.4921E+03  0.000E-01  4.194E-01
2.9711323E+00 6.22708E+01  1.7072E+01  1.4660E+03  8.7763E+00  1.4748E+03  0.000E-01  4.173E-01
2.9859880E+00 6.23279E+01  1.6958E+01  1.4490E+03  8.7618E+00  1.4578E+03  0.000E-01  4.152E-01
3.0009179E+00 6.23911E+01  1.6844E+01  1.4321E+03  8.7471E+00  1.4408E+03  0.000E-01  4.132E-01
3.0159225E+00 6.24781E+01  1.6713E+01  1.4139E+03  8.7323E+00  1.4226E+03  0.000E-01  4.111E-01
3.0310021E+00 6.25382E+01  1.6583E+01  1.3959E+03  8.7174E+00  1.4046E+03  0.000E-01  4.091E-01
3.0461571E+00 6.25903E+01  1.6452E+01  1.3780E+03  8.7024E+00  1.3867E+03  0.000E-01  4.070E-01
3.0613879E+00 6.26380E+01  1.6322E+01  1.3603E+03  8.6874E+00  1.3690E+03  0.000E-01  4.050E-01
3.0766949E+00 6.26828E+01  1.6194E+01  1.3429E+03  8.6722E+00  1.3516E+03  0.000E-01  4.030E-01
3.0920783E+00 6.27251E+01  1.6067E+01  1.3258E+03  8.6569E+00  1.3344E+03  0.000E-01  4.010E-01
3.1075387E+00 6.27655E+01  1.5941E+01  1.3088E+03  8.6415E+00  1.3175E+03  0.000E-01  3.990E-01
3.1230764E+00 6.28040E+01  1.5816E+01  1.2921E+03  8.6260E+00  1.3007E+03  0.000E-01  3.970E-01
3.1386918E+00 6.28409E+01  1.5693E+01  1.2756E+03  8.6105E+00  1.2843E+03  0.000E-01  3.950E-01
3.1543853E+00 6.28762E+01  1.5570E+01  1.2594E+03  8.5948E+00  1.2680E+03  0.000E-01  3.931E-01
3.1701572E+00 6.29101E+01  1.5449E+01  1.2434E+03  8.5790E+00  1.2519E+03  0.000E-01  3.911E-01
3.1860080E+00 6.29427E+01  1.5329E+01  1.2276E+03  8.5631E+00  1.2361E+03  0.000E-01  3.892E-01
3.2019380E+00 6.29740E+01  1.5210E+01  1.2120E+03  8.5472E+00  1.2205E+03  0.000E-01  3.872E-01
3.2179477E+00 6.30041E+01  1.5092E+01  1.1966E+03  8.5311E+00  1.2051E+03  0.000E-01  3.853E-01
3.2340374E+00 6.30330E+01  1.4975E+01  1.1814E+03  8.5150E+00  1.1899E+03  0.000E-01  3.834E-01
3.2502076E+00 6.30608E+01  1.4859E+01  1.1664E+03  8.4987E+00  1.1749E+03  0.000E-01  3.815E-01
3.2664587E+00 6.30876E+01  1.4744E+01  1.1516E+03  8.4824E+00  1.1601E+03  0.000E-01  3.796E-01
3.2827910E+00 6.31133E+01  1.4630E+01  1.1371E+03  8.4660E+00  1.1455E+03  0.000E-01  3.777E-01
3.2992049E+00 6.31381E+01  1.4518E+01  1.1227E+03  8.4495E+00  1.1311E+03  0.000E-01  3.758E-01
3.3157009E+00 6.31619E+01  1.4406E+01  1.1085E+03  8.4329E+00  1.1169E+03  0.000E-01  3.739E-01
3.3322794E+00 6.31848E+01  1.4295E+01  1.0945E+03  8.4162E+00  1.1029E+03  0.000E-01  3.721E-01
3.3489408E+00 6.32068E+01  1.4185E+01  1.0807E+03  8.3994E+00  1.0891E+03  0.000E-01  3.702E-01
3.3656856E+00 6.32280E+01  1.4077E+01  1.0671E+03  8.3825E+00  1.0755E+03  0.000E-01  3.684E-01
3.3825140E+00 6.32485E+01  1.3969E+01  1.0537E+03  8.3656E+00  1.0620E+03  0.000E-01  3.665E-01
3.3994265E+00 6.32681E+01  1.3862E+01  1.0404E+03  8.3486E+00  1.0488E+03  0.000E-01  3.647E-01
3.4164237E+00 6.32870E+01  1.3757E+01  1.0273E+03  8.3314E+00  1.0357E+03  0.000E-01  3.629E-01
3.4335058E+00 6.33053E+01  1.3652E+01  1.0145E+03  8.3142E+00  1.0228E+03  0.000E-01  3.611E-01
3.4506733E+00 6.33228E+01  1.3548E+01  1.0017E+03  8.2969E+00  1.0100E+03  0.000E-01  3.593E-01
3.4679267E+00 6.33398E+01  1.3445E+01  9.8917E+02  8.2796E+00  9.9745E+02  0.000E-01  3.575E-01
3.4852663E+00 6.34590E+01  1.3342E+01  9.7674E+02  8.2621E+00  9.8500E+02  0.000E-01  3.557E-01
3.5026927E+00 6.34754E+01  1.3237E+01  9.6423E+02  8.2446E+00  9.7248E+02  0.000E-01  3.540E-01
3.5202061E+00 6.34908E+01  1.3133E+01  9.5190E+02  8.2270E+00  9.6012E+02  0.000E-01  3.522E-01
3.5378072E+00 6.35051E+01  1.3030E+01  9.3973E+02  8.2093E+00  9.4794E+02  0.000E-01  3.505E-01
3.5554962E+00 6.35186E+01  1.2928E+01  9.2772E+02  8.1915E+00  9.3592E+02  0.000E-01  3.487E-01
3.5732737E+00 6.35312E+01  1.2827E+01  9.1588E+02  8.1737E+00  9.2406E+02  0.000E-01  3.470E-01
3.5911400E+00 6.35430E+01  1.2727E+01  9.0420E+02  8.1557E+00  9.1235E+02  0.000E-01  3.453E-01
3.6090957E+00 6.35540E+01  1.2627E+01  8.9267E+02  8.1377E+00  9.0081E+02  0.000E-01  3.435E-01
3.6271412E+00 6.35643E+01  1.2529E+01  8.8131E+02  8.1196E+00  8.8942E+02  0.000E-01  3.418E-01
3.6452769E+00 6.35738E+01  1.2431E+01  8.7009E+02  8.1015E+00  8.7819E+02  0.000E-01  3.401E-01
3.6635033E+00 6.35826E+01  1.2335E+01  8.5902E+02  8.0833E+00  8.6711E+02  0.000E-01  3.384E-01
3.6818208E+00 6.35908E+01  1.2239E+01  8.4811E+02  8.0650E+00  8.5617E+02  0.000E-01  3.367E-01
3.7002299E+00 6.35983E+01  1.2144E+01  8.3734E+02  8.0466E+00  8.4538E+02  0.000E-01  3.351E-01
3.7187311E+00 6.36052E+01  1.2050E+01  8.2671E+02  8.0281E+00  8.3474E+02  0.000E-01  3.334E-01
3.7373247E+00 6.36115E+01  1.1956E+01  8.1623E+02  8.0096E+00  8.2424E+02  0.000E-01  3.317E-01
3.7560114E+00 6.36172E+01  1.1864E+01  8.0589E+02  7.9910E+00  8.1388E+02  0.000E-01  3.301E-01
3.7747914E+00 6.36224E+01  1.1772E+01  7.9569E+02  7.9724E+00  8.0366E+02  0.000E-01  3.285E-01
3.7936654E+00 6.36271E+01  1.1681E+01  7.8562E+02  7.9537E+00  7.9358E+02  0.000E-01  3.268E-01
3.8126337E+00 6.36313E+01  1.1591E+01  7.7569E+02  7.9349E+00  7.8363E+02  0.000E-01  3.252E-01
3.8316969E+00 6.36349E+01  1.1502E+01  7.6589E+02  7.9160E+00  7.7381E+02  0.000E-01  3.236E-01
3.8508554E+00 6.36885E+01  1.1413E+01  7.5618E+02  7.8971E+00  7.6408E+02  0.000E-01  3.220E-01
3.8701096E+00 6.36917E+01  1.1323E+01  7.4650E+02  7.8781E+00  7.5437E+02  0.000E-01  3.204E-01
3.8894602E+00 6.36941E+01  1.1234E+01  7.3694E+02  7.8591E+00  7.4480E+02  0.000E-01  3.188E-01
3.9089075E+00 6.36959E+01  1.1146E+01  7.2751E+02  7.8399E+00  7.3535E+02  0.000E-01  3.172E-01
3.9284520E+00 6.36970E+01  1.1058E+01  7.1820E+02  7.8208E+00  7.2602E+02  0.000E-01  3.156E-01
3.9480943E+00 6.36975E+01  1.0972E+01  7.0903E+02  7.8015E+00  7.1683E+02  0.000E-01  3.140E-01
3.9678347E+00 6.36975E+01  1.0886E+01  6.9997E+02  7.7822E+00  7.0775E+02  0.000E-01  3.125E-01
3.9876739E+00 6.36969E+01  1.0800E+01  6.9104E+02  7.7628E+00  6.9880E+02  0.000E-01  3.109E-01
4.055024E+00  6.40956E+01  1.0520E+01  6.6190E+02  7.7225E+00  6.6962E+02  0.000E+00  3.058E-01
4.334821E+00  6.39832E+01  9.4779E+00  5.5785E+02  7.4573E+00  5.6531E+02  0.000E+00  2.860E-01
4.633924E+00  6.37889E+01  8.5432E+00  4.7038E+02  7.1838E+00  4.7756E+02  0.000E+00  2.676E-01
4.953664E+00  6.35420E+01  7.7110E+00  3.9716E+02  6.9038E+00  4.0406E+02  0.000E+00  2.503E-01
5.295467E+00  6.32455E+01  6.9692E+00  3.3578E+02  6.6191E+00  3.4240E+02  0.000E+00  2.341E-01
5.660855E+00  6.28946E+01  6.3070E+00  2.8426E+02  6.3315E+00  2.9059E+02  0.000E+00  2.190E-01
6.051453E+00  6.24720E+01  5.7000E+00  2.4032E+02  6.0426E+00  2.4636E+02  0.000E+00  2.049E-01
6.469004E+00  6.19213E+01  5.1362E+00  2.0257E+02  5.7540E+00  2.0832E+02  0.000E+00  1.917E-01
6.915365E+00  6.11594E+01  4.6345E+00  1.7099E+02  5.4670E+00  1.7646E+02  0.000E+00  1.793E-01
7.392525E+00  5.99548E+01  4.1893E+00  1.4459E+02  5.1832E+00  1.4977E+02  0.000E+00  1.677E-01
7.902609E+00  5.69139E+01  3.7812E+00  1.2208E+02  4.9037E+00  1.2698E+02  0.000E+00  1.569E-01
7.909678E+00  5.68216E+01  3.7760E+00  1.2180E+02  4.8999E+00  1.2670E+02  0.000E+00  1.568E-01
8.030745E+00  5.38366E+01  3.6885E+00  1.1719E+02  4.8370E+00  1.2203E+02  0.000E+00  1.544E-01
8.063029E+00  5.03421E+01  3.6658E+00  1.1600E+02  4.8205E+00  1.2082E+02  0.000E+00  1.538E-01
8.111456E+00  5.38428E+01  1.0452E+01  3.2876E+02  4.7958E+00  3.3356E+02  0.000E+00  1.529E-01
8.232522E+00  5.68834E+01  1.0119E+01  3.1360E+02  4.7349E+00  3.1833E+02  0.000E+00  1.506E-01
8.447890E+00  5.84369E+01  9.5635E+00  2.8883E+02  4.6295E+00  2.9346E+02  0.000E+00  1.468E-01
8.739444E+00  5.86150E+01  9.0214E+00  2.6337E+02  4.4925E+00  2.6786E+02  0.000E+00  1.419E-01
8.873211E+00  5.75023E+01  8.8050E+00  2.5318E+02  4.4318E+00  2.5761E+02  0.000E+00  1.397E-01
8.908882E+00  5.58405E+01  8.7477E+00  2.5052E+02  4.4158E+00  2.5494E+02  0.000E+00  1.392E-01
8.962389E+00  5.77058E+01  1.2075E+01  3.4374E+02  4.3920E+00  3.4813E+02  0.000E+00  1.383E-01
9.030794E+00  5.88604E+01  1.1899E+01  3.3617E+02  4.3618E+00  3.4053E+02  0.000E+00  1.373E-01
9.096156E+00  5.94438E+01  1.1735E+01  3.2915E+02  4.3333E+00  3.3348E+02  0.000E+00  1.363E-01
9.206316E+00  5.99990E+01  1.1465E+01  3.1774E+02  4.2859E+00  3.2203E+02  0.000E+00  1.347E-01
9.347229E+00  5.99731E+01  1.1132E+01  3.0386E+02  4.2264E+00  3.0809E+02  0.000E+00  1.326E-01
9.384806E+00  5.92505E+01  1.1049E+01  3.0040E+02  4.2108E+00  3.0461E+02  0.000E+00  1.321E-01
9.441171E+00  6.03395E+01  1.2653E+01  3.4194E+02  4.1875E+00  3.4613E+02  0.000E+00  1.313E-01
9.582084E+00  6.15929E+01  1.2348E+01  3.2880E+02  4.1301E+00  3.3293E+02  0.000E+00  1.294E-01
9.653919E+00  6.19877E+01  1.2198E+01  3.2238E+02  4.1014E+00  3.2648E+02  0.000E+00  1.284E-01
1.032004E+01  6.40767E+01  1.0941E+01  2.7049E+02  3.8490E+00  2.7434E+02  0.000E+00  1.201E-01
1.103212E+01  6.52185E+01  9.8237E+00  2.2719E+02  3.6052E+00  2.3080E+02  0.000E+00  1.124E-01
1.179334E+01  6.59704E+01  8.8246E+00  1.9091E+02  3.3707E+00  1.9428E+02  0.000E+00  1.051E-01
1.260708E+01  6.64794E+01  7.9097E+00  1.6007E+02  3.1457E+00  1.6322E+02  0.000E+00  9.834E-02
1.347697E+01  6.68189E+01  7.0859E+00  1.3415E+02  2.9307E+00  1.3708E+02  0.000E+00  9.200E-02
1.440688E+01  6.70426E+01  6.3487E+00  1.1243E+02  2.7257E+00  1.1516E+02  0.000E+00  8.606E-02
1.540095E+01  6.71849E+01  5.6900E+00  9.4263E+01  2.5310E+00  9.6794E+01  0.000E+00  8.050E-02
1.646362E+01  6.73367E+01  5.0967E+00  7.8985E+01  2.3465E+00  8.1332E+01  0.000E+00  7.531E-02
1.759961E+01  6.73708E+01  4.5570E+00  6.6063E+01  2.1723E+00  6.8235E+01  0.000E+00  7.045E-02
1.881398E+01  6.74348E+01  4.0737E+00  5.5244E+01  2.0082E+00  5.7252E+01  0.000E+00  6.590E-02
2.011215E+01  6.74038E+01  3.6352E+00  4.6116E+01  1.8539E+00  4.7970E+01  0.000E+00  6.165E-02
2.149988E+01  6.73504E+01  3.2468E+00  3.8530E+01  1.7095E+00  4.0240E+01  0.000E+00  5.767E-02
2.298338E+01  6.72834E+01  2.9024E+00  3.2220E+01  1.5744E+00  3.3794E+01  0.000E+00  5.395E-02
2.456923E+01  6.72083E+01  2.5968E+00  2.6967E+01  1.4485E+00  2.8416E+01  0.000E+00  5.046E-02
2.626450E+01  6.71306E+01  2.3254E+00  2.2590E+01  1.3314E+00  2.3921E+01  0.000E+00  4.721E-02
2.807676E+01  6.70572E+01  2.0677E+00  1.8790E+01  1.2227E+00  2.0013E+01  0.000E+00  4.416E-02
3.001405E+01  6.69602E+01  1.8352E+00  1.5600E+01  1.1221E+00  1.6722E+01  0.000E+00  4.131E-02
3.208502E+01  6.68537E+01  1.6301E+00  1.2962E+01  1.0292E+00  1.3991E+01  0.000E+00  3.864E-02
3.429889E+01  6.67401E+01  1.4491E+00  1.0780E+01  9.4351E-01  1.1724E+01  0.000E+00  3.615E-02
3.666551E+01  6.66184E+01  1.2871E+00  8.9566E+00  8.6470E-01  9.8213E+00  0.000E+00  3.381E-02
3.919543E+01  6.64839E+01  1.1426E+00  7.4375E+00  7.9234E-01  8.2298E+00  0.000E+00  3.163E-02
4.189992E+01  6.63296E+01  1.0121E+00  6.1627E+00  7.2603E-01  6.8887E+00  0.000E+00  2.959E-02
4.479101E+01  6.61395E+01  8.9477E-01  5.0968E+00  6.6538E-01  5.7622E+00  0.000E+00  2.768E-02
4.788159E+01  6.58829E+01  7.9118E-01  4.2158E+00  6.1000E-01  4.8258E+00  0.000E+00  2.589E-02
5.118542E+01  6.54662E+01  7.0001E-01  3.4893E+00  5.5952E-01  4.0488E+00  0.000E+00  2.422E-02
5.450534E+01  6.43897E+01  6.2421E-01  2.9219E+00  5.1613E-01  3.4380E+00  0.000E+00  2.275E-02
5.471721E+01  6.42184E+01  6.1983E-01  2.8902E+00  5.1357E-01  3.4038E+00  0.000E+00  2.266E-02
5.533961E+01  6.32423E+01  6.0722E-01  2.7996E+00  5.0621E-01  3.3058E+00  0.000E+00  2.240E-02
5.556208E+01  6.18682E+01  6.0281E-01  2.7681E+00  5.0362E-01  3.2717E+00  0.000E+00  2.231E-02
5.589579E+01  6.32566E+01  3.3013E+00  1.5069E+01  4.9979E-01  1.5569E+01  1.235E+01  2.218E-02
5.673005E+01  6.45109E+01  3.2271E+00  1.4514E+01  4.9046E-01  1.5004E+01  1.190E+01  2.186E-02
5.849270E+01  6.53995E+01  3.0790E+00  1.3430E+01  4.7181E-01  1.3902E+01  1.103E+01  2.120E-02
6.252870E+01  6.62164E+01  2.7650E+00  1.1282E+01  4.3391E-01  1.1716E+01  9.295E+00  1.983E-02
6.684318E+01  6.66288E+01  2.4787E+00  9.4613E+00  3.9954E-01  9.8608E+00  7.812E+00  1.855E-02
7.145536E+01  6.68827E+01  2.2211E+00  7.9308E+00  3.6843E-01  8.2992E+00  6.560E+00  1.735E-02
7.638578E+01  6.70512E+01  1.9890E+00  6.6437E+00  3.4027E-01  6.9840E+00  5.504E+00  1.623E-02
8.165640E+01  6.71685E+01  1.7786E+00  5.5572E+00  3.1482E-01  5.8720E+00  4.612E+00  1.518E-02
8.729069E+01  6.72458E+01  1.5856E+00  4.6344E+00  2.9183E-01  4.9262E+00  3.855E+00  1.420E-02
9.331374E+01  6.72943E+01  1.4137E+00  3.8653E+00  2.7106E-01  4.1364E+00  3.222E+00  1.329E-02
9.975239E+01  6.73236E+01  1.2606E+00  3.2243E+00  2.5231E-01  3.4766E+00  2.693E+00  1.243E-02
1.066353E+02  6.73395E+01  1.1242E+00  2.6899E+00  2.3537E-01  2.9253E+00  2.250E+00  1.163E-02
1.139931E+02  6.73751E+01  1.0012E+00  2.2408E+00  2.2007E-01  2.4609E+00  1.877E+00  1.088E-02
1.218587E+02  6.73719E+01  8.8923E-01  1.8618E+00  2.0624E-01  2.0680E+00  1.561E+00  1.017E-02
1.302669E+02  6.73624E+01  7.8989E-01  1.5471E+00  1.9373E-01  1.7408E+00  1.298E+00  9.518E-03
1.392553E+02  6.73488E+01  7.0172E-01  1.2857E+00  1.8240E-01  1.4681E+00  1.079E+00  8.903E-03
1.488640E+02  6.73325E+01  6.2345E-01  1.0685E+00  1.7212E-01  1.2406E+00  8.976E-01  8.329E-03
1.591356E+02  6.73146E+01  5.5395E-01  8.8815E-01  1.6278E-01  1.0509E+00  7.463E-01  7.791E-03
1.701159E+02  6.72959E+01  4.9225E-01  7.3828E-01  1.5427E-01  8.9255E-01  6.206E-01  7.288E-03
1.818539E+02  6.72768E+01  4.3746E-01  6.1375E-01  1.4649E-01  7.6024E-01  5.160E-01  6.818E-03
1.944018E+02  6.72578E+01  3.8879E-01  5.1027E-01  1.3938E-01  6.4965E-01  4.291E-01  6.378E-03
2.078156E+02  6.72390E+01  3.4557E-01  4.2427E-01  1.3284E-01  5.5711E-01  3.568E-01  5.966E-03
2.221548E+02  6.72208E+01  3.0718E-01  3.5279E-01  1.2681E-01  4.7960E-01  2.967E-01  5.581E-03
2.374835E+02  6.72031E+01  2.7307E-01  2.9337E-01  1.2124E-01  4.1461E-01  2.467E-01  5.221E-03
2.538699E+02  6.71863E+01  2.4378E-01  2.4500E-01  1.1606E-01  3.6106E-01  2.062E-01  4.884E-03
2.713869E+02  6.71709E+01  2.1790E-01  2.0485E-01  1.1123E-01  3.1608E-01  1.725E-01  4.569E-03
2.901126E+02  6.71568E+01  1.9478E-01  1.7130E-01  1.0671E-01  2.7801E-01  1.444E-01  4.274E-03
3.101304E+02  6.71436E+01  1.7413E-01  1.4325E-01  1.0246E-01  2.4571E-01  1.208E-01  3.998E-03
3.315294E+02  6.71315E+01  1.5567E-01  1.1980E-01  9.8455E-02  2.1826E-01  1.011E-01  3.740E-03
3.544049E+02  6.71203E+01  1.3919E-01  1.0020E-01  9.4657E-02  1.9486E-01  8.459E-02  3.498E-03
3.788588E+02  6.71099E+01  1.2445E-01  8.3811E-02  9.1045E-02  1.7486E-01  7.079E-02  3.273E-03
4.050001E+02  6.71004E+01  1.1128E-01  7.0106E-02  8.7599E-02  1.5771E-01  5.924E-02  3.061E-03
4.329451E+02  6.70916E+01  9.9514E-02  5.8645E-02  8.4301E-02  1.4295E-01  4.957E-02  2.864E-03

