1.0016605E+00 4.40197E+01  1.2556E+01  3.0148E+03  9.2101E+00  3.0240E+03  0.000E-01  1.238E+00
1.0066688E+00 4.40422E+01  1.2475E+01  2.9803E+03  9.2277E+00  2.9896E+03  0.000E-01  1.232E+00
1.0117021E+00 4.40588E+01  1.2394E+01  2.9463E+03  9.2452E+00  2.9556E+03  0.000E-01  1.226E+00
1.0167606E+00 4.40703E+01  1.2314E+01  2.9128E+03  9.2626E+00  2.9220E+03  0.000E-01  1.219E+00
1.0218444E+00 4.40775E+01  1.2235E+01  2.8796E+03  9.2798E+00  2.8889E+03  0.000E-01  1.213E+00
1.0269536E+00 4.40810E+01  1.2156E+01  2.8469E+03  9.2969E+00  2.8562E+03  0.000E-01  1.207E+00
1.0320884E+00 4.40811E+01  1.2078E+01  2.8146E+03  9.3139E+00  2.8239E+03  0.000E-01  1.201E+00
1.0372489E+00 4.40781E+01  1.2001E+01  2.7826E+03  9.3307E+00  2.7920E+03  0.000E-01  1.195E+00
1.0424351E+00 4.40722E+01  1.1924E+01  2.7511E+03  9.3474E+00  2.7605E+03  0.000E-01  1.189E+00
1.0476473E+00 4.40636E+01  1.1848E+01  2.7200E+03  9.3640E+00  2.7293E+03  0.000E-01  1.183E+00
1.0528855E+00 4.40524E+01  1.1773E+01  2.6892E+03  9.3804E+00  2.6986E+03  0.000E-01  1.178E+00
1.0581499E+00 4.40388E+01  1.1698E+01  2.6589E+03  9.3968E+00  2.6683E+03  0.000E-01  1.172E+00
1.0634407E+00 4.40228E+01  1.1624E+01  2.6289E+03  9.4129E+00  2.6383E+03  0.000E-01  1.166E+00
1.0687579E+00 4.40046E+01  1.1551E+01  2.5993E+03  9.4290E+00  2.6087E+03  0.000E-01  1.160E+00
1.0741017E+00 4.39841E+01  1.1478E+01  2.5700E+03  9.4449E+00  2.5795E+03  0.000E-01  1.154E+00
1.0794722E+00 4.39634E+01  1.1405E+01  2.5411E+03  9.4607E+00  2.5506E+03  0.000E-01  1.149E+00
1.0848695E+00 4.39386E+01  1.1334E+01  2.5126E+03  9.4763E+00  2.5220E+03  0.000E-01  1.143E+00
1.0902939E+00 4.39117E+01  1.1263E+01  2.4844E+03  9.4918E+00  2.4939E+03  0.000E-01  1.137E+00
1.0957454E+00 4.38826E+01  1.1192E+01  2.4565E+03  9.5072E+00  2.4660E+03  0.000E-01  1.132E+00
1.1012241E+00 4.38515E+01  1.1122E+01  2.4290E+03  9.5224E+00  2.4386E+03  0.000E-01  1.126E+00
1.1067302E+00 4.38182E+01  1.1053E+01  2.4019E+03  9.5375E+00  2.4114E+03  0.000E-01  1.120E+00
1.1122639E+00 4.37828E+01  1.0984E+01  2.3751E+03  9.5524E+00  2.3846E+03  0.000E-01  1.115E+00
1.1178252E+00 4.37453E+01  1.0916E+01  2.3486E+03  9.5672E+00  2.3581E+03  0.000E-01  1.109E+00
1.1234143E+00 4.37057E+01  1.0848E+01  2.3224E+03  9.5819E+00  2.3320E+03  0.000E-01  1.104E+00
1.1290314E+00 4.36639E+01  1.0781E+01  2.2965E+03  9.5964E+00  2.3061E+03  0.000E-01  1.098E+00
1.1346765E+00 4.36200E+01  1.0714E+01  2.2710E+03  9.6108E+00  2.2806E+03  0.000E-01  1.093E+00
1.1403499E+00 4.35739E+01  1.0648E+01  2.2458E+03  9.6250E+00  2.2554E+03  0.000E-01  1.087E+00
1.1460517E+00 4.35255E+01  1.0583E+01  2.2209E+03  9.6391E+00  2.2305E+03  0.000E-01  1.082E+00
1.1517819E+00 4.34749E+01  1.0518E+01  2.1963E+03  9.6530E+00  2.2059E+03  0.000E-01  1.076E+00
1.1575408E+00 4.34221E+01  1.0454E+01  2.1720E+03  9.6668E+00  2.1816E+03  0.000E-01  1.071E+00
1.1633285E+00 4.33669E+01  1.0390E+01  2.1479E+03  9.6805E+00  2.1576E+03  0.000E-01  1.066E+00
1.1691452E+00 4.33094E+01  1.0326E+01  2.1242E+03  9.6940E+00  2.1339E+03  0.000E-01  1.060E+00
1.1749909E+00 4.32494E+01  1.0263E+01  2.1008E+03  9.7074E+00  2.1105E+03  0.000E-01  1.055E+00
1.1808659E+00 4.31870E+01  1.0201E+01  2.0776E+03  9.7206E+00  2.0874E+03  0.000E-01  1.050E+00
1.1867702E+00 4.31220E+01  1.0139E+01  2.0548E+03  9.7337E+00  2.0645E+03  0.000E-01  1.045E+00
1.1927040E+00 4.30545E+01  1.0078E+01  2.0322E+03  9.7466E+00  2.0419E+03  0.000E-01  1.040E+00
1.1986676E+00 4.29844E+01  1.0017E+01  2.0099E+03  9.7593E+00  2.0196E+03  0.000E-01  1.034E+00
1.2046609E+00 4.29115E+01  9.9568E+00  1.9878E+03  9.7720E+00  1.9976E+03  0.000E-01  1.029E+00
1.2106842E+00 4.28359E+01  9.8969E+00  1.9660E+03  9.7844E+00  1.9758E+03  0.000E-01  1.024E+00
1.2167376E+00 4.27573E+01  9.8375E+00  1.9445E+03  9.7968E+00  1.9543E+03  0.000E-01  1.019E+00
1.2228213E+00 4.26759E+01  9.7786E+00  1.9233E+03  9.8089E+00  1.9331E+03  0.000E-01  1.014E+00
1.2289354E+00 4.25914E+01  9.7202E+00  1.9023E+03  9.8210E+00  1.9121E+03  0.000E-01  1.009E+00
1.2350801E+00 4.25047E+01  9.6622E+00  1.8815E+03  9.8328E+00  1.8913E+03  0.000E-01  1.004E+00
1.2412555E+00 4.24138E+01  9.6047E+00  1.8610E+03  9.8446E+00  1.8708E+03  0.000E-01  9.989E-01
1.2474618E+00 4.23196E+01  9.5477E+00  1.8407E+03  9.8561E+00  1.8506E+03  0.000E-01  9.939E-01
1.2536991E+00 4.22218E+01  9.4911E+00  1.8207E+03  9.8676E+00  1.8306E+03  0.000E-01  9.889E-01
1.2599676E+00 4.21205E+01  9.4349E+00  1.8010E+03  9.8788E+00  1.8108E+03  0.000E-01  9.840E-01
1.2662674E+00 4.20154E+01  9.3792E+00  1.7814E+03  9.8899E+00  1.7913E+03  0.000E-01  9.791E-01
1.2725988E+00 4.19064E+01  9.3240E+00  1.7621E+03  9.9009E+00  1.7720E+03  0.000E-01  9.743E-01
1.2789618E+00 4.17933E+01  9.2692E+00  1.7430E+03  9.9117E+00  1.7529E+03  0.000E-01  9.694E-01
1.2853566E+00 4.16761E+01  9.2148E+00  1.7242E+03  9.9223E+00  1.7341E+03  0.000E-01  9.646E-01
1.2917833E+00 4.15544E+01  9.1609E+00  1.7056E+03  9.9328E+00  1.7155E+03  0.000E-01  9.598E-01
1.2982423E+00 4.14281E+01  9.1073E+00  1.6872E+03  9.9432E+00  1.6971E+03  0.000E-01  9.550E-01
1.3047335E+00 4.12970E+01  9.0542E+00  1.6690E+03  9.9533E+00  1.6789E+03  0.000E-01  9.503E-01
1.3112571E+00 4.11609E+01  9.0015E+00  1.6510E+03  9.9634E+00  1.6610E+03  0.000E-01  9.455E-01
1.3178134E+00 4.10194E+01  8.9493E+00  1.6333E+03  9.9732E+00  1.6432E+03  0.000E-01  9.408E-01
1.3244025E+00 4.08724E+01  8.8974E+00  1.6157E+03  9.9829E+00  1.6257E+03  0.000E-01  9.362E-01
1.3310245E+00 4.07195E+01  8.8460E+00  1.5984E+03  9.9925E+00  1.6084E+03  0.000E-01  9.315E-01
1.3376796E+00 4.05604E+01  8.7949E+00  1.5813E+03  1.0002E+01  1.5913E+03  0.000E-01  9.269E-01
1.3443680E+00 4.03948E+01  8.7443E+00  1.5643E+03  1.0011E+01  1.5743E+03  0.000E-01  9.222E-01
1.3510899E+00 4.02223E+01  8.6940E+00  1.5476E+03  1.0020E+01  1.5576E+03  0.000E-01  9.177E-01
1.3578453E+00 4.00424E+01  8.6442E+00  1.5311E+03  1.0029E+01  1.5411E+03  0.000E-01  9.131E-01
1.3646345E+00 3.98548E+01  8.5947E+00  1.5147E+03  1.0038E+01  1.5248E+03  0.000E-01  9.086E-01
1.3714577E+00 3.96588E+01  8.5456E+00  1.4986E+03  1.0046E+01  1.5086E+03  0.000E-01  9.040E-01
1.3783150E+00 3.94541E+01  8.4969E+00  1.4826E+03  1.0055E+01  1.4927E+03  0.000E-01  8.995E-01
1.3852066E+00 3.92398E+01  8.4486E+00  1.4669E+03  1.0063E+01  1.4769E+03  0.000E-01  8.951E-01
1.3921326E+00 3.90155E+01  8.4006E+00  1.4513E+03  1.0071E+01  1.4614E+03  0.000E-01  8.906E-01
1.3990933E+00 3.87802E+01  8.3530E+00  1.4359E+03  1.0079E+01  1.4460E+03  0.000E-01  8.862E-01
1.4060887E+00 3.85332E+01  8.3058E+00  1.4207E+03  1.0087E+01  1.4308E+03  0.000E-01  8.818E-01
1.4131192E+00 3.82736E+01  8.2590E+00  1.4056E+03  1.0095E+01  1.4157E+03  0.000E-01  8.774E-01
1.4201848E+00 3.80001E+01  8.2125E+00  1.3908E+03  1.0102E+01  1.4009E+03  0.000E-01  8.730E-01
1.4272857E+00 3.77117E+01  8.1664E+00  1.3761E+03  1.0109E+01  1.3862E+03  0.000E-01  8.687E-01
1.4344221E+00 3.74070E+01  8.1206E+00  1.3616E+03  1.0117E+01  1.3717E+03  0.000E-01  8.643E-01
1.4415942E+00 3.70843E+01  8.0741E+00  1.3470E+03  1.0124E+01  1.3572E+03  0.000E-01  8.600E-01
1.4488022E+00 3.67416E+01  8.0274E+00  1.3326E+03  1.0130E+01  1.3427E+03  0.000E-01  8.558E-01
1.4560462E+00 3.63770E+01  7.9810E+00  1.3183E+03  1.0137E+01  1.3284E+03  0.000E-01  8.515E-01
1.4633265E+00 3.59879E+01  7.9350E+00  1.3042E+03  1.0144E+01  1.3143E+03  0.000E-01  8.473E-01
1.4706431E+00 3.55713E+01  7.8893E+00  1.2902E+03  1.0150E+01  1.3003E+03  0.000E-01  8.431E-01
1.4779963E+00 3.51237E+01  7.8440E+00  1.2764E+03  1.0156E+01  1.2866E+03  0.000E-01  8.389E-01
1.4853863E+00 3.46410E+01  7.7991E+00  1.2628E+03  1.0162E+01  1.2729E+03  0.000E-01  8.347E-01
1.4928132E+00 3.41180E+01  7.7545E+00  1.2493E+03  1.0168E+01  1.2595E+03  0.000E-01  8.305E-01
1.5002773E+00 3.35481E+01  7.7102E+00  1.2360E+03  1.0174E+01  1.2462E+03  0.000E-01  8.264E-01
1.5077787E+00 3.29234E+01  7.6663E+00  1.2228E+03  1.0179E+01  1.2330E+03  0.000E-01  8.223E-01
1.5153176E+00 3.22334E+01  7.6227E+00  1.2098E+03  1.0185E+01  1.2200E+03  0.000E-01  8.182E-01
1.5228942E+00 3.14659E+01  7.5794E+00  1.1970E+03  1.0190E+01  1.2072E+03  0.000E-01  8.141E-01
1.5305086E+00 3.05989E+01  7.5365E+00  1.1843E+03  1.0195E+01  1.1945E+03  0.000E-01  8.101E-01
1.5381612E+00 2.96074E+01  7.4939E+00  1.1717E+03  1.0200E+01  1.1819E+03  0.000E-01  8.061E-01
1.5458520E+00 2.84518E+01  7.4516E+00  1.1593E+03  1.0204E+01  1.1695E+03  0.000E-01  8.020E-01
1.5535812E+00 2.70693E+01  7.4096E+00  1.1471E+03  1.0209E+01  1.1573E+03  0.000E-01  7.981E-01
1.5613491E+00 2.53499E+01  7.3680E+00  1.1349E+03  1.0213E+01  1.1452E+03  0.000E-01  7.941E-01
1.5691559E+00 2.30725E+01  7.3267E+00  1.1230E+03  1.0217E+01  1.1332E+03  0.000E-01  7.901E-01
1.5770017E+00 1.96632E+01  7.2857E+00  1.1111E+03  1.0222E+01  1.1213E+03  0.000E-01  7.862E-01
1.5848867E+00 1.23501E+01  7.2450E+00  1.0994E+03  1.0225E+01  1.1096E+03  0.000E-01  7.823E-01
1.5882395E+00  -3.75676E+00  7.2278E+00  1.0945E+03  1.0227E+01  1.1047E+03  0.000E-01  7.806E-01
1.5887605E+00  -4.09227E+00  2.6332E+01  3.9860E+03  1.0227E+01  3.9963E+03  0.000E-01  7.804E-01
1.5928111E+00 1.28184E+01  2.6231E+01  3.9607E+03  1.0229E+01  3.9709E+03  0.000E-01  7.784E-01
1.6007752E+00 1.87021E+01  2.6034E+01  3.9115E+03  1.0233E+01  3.9217E+03  0.000E-01  7.745E-01
1.6087790E+00 2.10642E+01  2.5840E+01  3.8629E+03  1.0236E+01  3.8731E+03  0.000E-01  7.707E-01
1.6168229E+00 2.21012E+01  2.5646E+01  3.8149E+03  1.0239E+01  3.8252E+03  0.000E-01  7.668E-01
1.6249070E+00 2.20761E+01  2.5455E+01  3.7676E+03  1.0242E+01  3.7778E+03  0.000E-01  7.630E-01
1.6330316E+00 2.02447E+01  2.5265E+01  3.7208E+03  1.0245E+01  3.7311E+03  0.000E-01  7.592E-01
1.6388836E+00 1.11683E+01  2.5129E+01  3.6877E+03  1.0247E+01  3.6979E+03  0.000E-01  7.565E-01
1.6399164E+00 1.11210E+01  3.7610E+01  5.5157E+03  1.0247E+01  5.5259E+03  0.000E-01  7.560E-01
1.6411967E+00 1.62781E+01  3.7565E+01  5.5048E+03  1.0248E+01  5.5151E+03  0.000E-01  7.555E-01
1.6494027E+00 2.42105E+01  3.7278E+01  5.4357E+03  1.0250E+01  5.4459E+03  0.000E-01  7.517E-01
1.6576497E+00 2.75530E+01  3.6994E+01  5.3674E+03  1.0253E+01  5.3777E+03  0.000E-01  7.480E-01
1.6659380E+00 2.98847E+01  3.6712E+01  5.3000E+03  1.0255E+01  5.3103E+03  0.000E-01  7.442E-01
1.6742677E+00 3.17276E+01  3.6433E+01  5.2335E+03  1.0257E+01  5.2437E+03  0.000E-01  7.405E-01
1.6826390E+00 3.32704E+01  3.6155E+01  5.1678E+03  1.0259E+01  5.1781E+03  0.000E-01  7.368E-01
1.6910522E+00 3.46057E+01  3.5880E+01  5.1030E+03  1.0261E+01  5.1132E+03  0.000E-01  7.332E-01
1.6995075E+00 3.57863E+01  3.5607E+01  5.0389E+03  1.0262E+01  5.0492E+03  0.000E-01  7.295E-01
1.7080050E+00 3.68459E+01  3.5337E+01  4.9757E+03  1.0264E+01  4.9860E+03  0.000E-01  7.259E-01
1.7165450E+00 3.78077E+01  3.5068E+01  4.9133E+03  1.0265E+01  4.9236E+03  0.000E-01  7.223E-01
1.7251278E+00 3.86880E+01  3.4801E+01  4.8518E+03  1.0266E+01  4.8620E+03  0.000E-01  7.187E-01
1.7337534E+00 3.94991E+01  3.4537E+01  4.7909E+03  1.0267E+01  4.8012E+03  0.000E-01  7.151E-01
1.7424222E+00 4.02505E+01  3.4275E+01  4.7309E+03  1.0268E+01  4.7412E+03  0.000E-01  7.116E-01
1.7511343E+00 4.09496E+01  3.4015E+01  4.6716E+03  1.0268E+01  4.6819E+03  0.000E-01  7.080E-01
1.7598899E+00 4.16024E+01  3.3757E+01  4.6131E+03  1.0269E+01  4.6234E+03  0.000E-01  7.045E-01
1.7686894E+00 4.22135E+01  3.3500E+01  4.5554E+03  1.0269E+01  4.5656E+03  0.000E-01  7.010E-01
1.7775328E+00 4.27872E+01  3.3246E+01  4.4983E+03  1.0269E+01  4.5086E+03  0.000E-01  6.975E-01
1.7864205E+00 4.33266E+01  3.2994E+01  4.4420E+03  1.0269E+01  4.4523E+03  0.000E-01  6.940E-01
1.7953526E+00 4.38346E+01  3.2744E+01  4.3864E+03  1.0269E+01  4.3967E+03  0.000E-01  6.906E-01
1.8043294E+00 4.43134E+01  3.2496E+01  4.3315E+03  1.0268E+01  4.3418E+03  0.000E-01  6.871E-01
1.8133510E+00 4.47651E+01  3.2250E+01  4.2774E+03  1.0268E+01  4.2876E+03  0.000E-01  6.837E-01
1.8224178E+00 4.51914E+01  3.2006E+01  4.2239E+03  1.0267E+01  4.2341E+03  0.000E-01  6.803E-01
1.8315299E+00 4.55935E+01  3.1764E+01  4.1711E+03  1.0266E+01  4.1813E+03  0.000E-01  6.769E-01
1.8406875E+00 4.59728E+01  3.1524E+01  4.1189E+03  1.0265E+01  4.1292E+03  0.000E-01  6.736E-01
1.8498909E+00 4.63300E+01  3.1286E+01  4.0674E+03  1.0264E+01  4.0777E+03  0.000E-01  6.702E-01
1.8591404E+00 4.66660E+01  3.1049E+01  4.0166E+03  1.0262E+01  4.0269E+03  0.000E-01  6.669E-01
1.8684361E+00 4.69813E+01  3.0815E+01  3.9665E+03  1.0261E+01  3.9767E+03  0.000E-01  6.636E-01
1.8777783E+00 4.72760E+01  3.0582E+01  3.9169E+03  1.0259E+01  3.9272E+03  0.000E-01  6.603E-01
1.8871672E+00 4.75504E+01  3.0351E+01  3.8680E+03  1.0257E+01  3.8783E+03  0.000E-01  6.570E-01
1.8966030E+00 4.78043E+01  3.0122E+01  3.8197E+03  1.0255E+01  3.8300E+03  0.000E-01  6.537E-01
1.9060860E+00 4.80371E+01  2.9895E+01  3.7721E+03  1.0253E+01  3.7823E+03  0.000E-01  6.505E-01
1.9156165E+00 4.82481E+01  2.9670E+01  3.7250E+03  1.0251E+01  3.7352E+03  0.000E-01  6.472E-01
1.9251945E+00 4.84357E+01  2.9446E+01  3.6785E+03  1.0248E+01  3.6888E+03  0.000E-01  6.440E-01
1.9348205E+00 4.85981E+01  2.9224E+01  3.6326E+03  1.0246E+01  3.6429E+03  0.000E-01  6.408E-01
1.9444946E+00 4.87323E+01  2.9004E+01  3.5873E+03  1.0243E+01  3.5976E+03  0.000E-01  6.376E-01
1.9542171E+00 4.88337E+01  2.8786E+01  3.5426E+03  1.0240E+01  3.5529E+03  0.000E-01  6.344E-01
1.9639882E+00 4.88955E+01  2.8569E+01  3.4985E+03  1.0237E+01  3.5087E+03  0.000E-01  6.313E-01
1.9738081E+00 4.89070E+01  2.8354E+01  3.4549E+03  1.0233E+01  3.4651E+03  0.000E-01  6.281E-01
1.9836772E+00 4.88495E+01  2.8141E+01  3.4118E+03  1.0230E+01  3.4221E+03  0.000E-01  6.250E-01
1.9935955E+00 4.86876E+01  2.7929E+01  3.3694E+03  1.0226E+01  3.3796E+03  0.000E-01  6.219E-01
2.0035635E+00 4.83410E+01  2.7720E+01  3.3274E+03  1.0222E+01  3.3376E+03  0.000E-01  6.188E-01
2.0135813E+00 4.75503E+01  2.7511E+01  3.2860E+03  1.0218E+01  3.2962E+03  0.000E-01  6.157E-01
2.0213134E+00 4.54969E+01  2.7352E+01  3.2545E+03  1.0215E+01  3.2647E+03  0.000E-01  6.134E-01
2.0236492E+00 3.95706E+01  3.2141E+01  3.8198E+03  1.0214E+01  3.8300E+03  0.000E-01  6.127E-01
2.0258868E+00 4.55521E+01  3.2081E+01  3.8085E+03  1.0213E+01  3.8187E+03  0.000E-01  6.120E-01
2.0337675E+00 4.80629E+01  3.1873E+01  3.7691E+03  1.0210E+01  3.7794E+03  0.000E-01  6.096E-01
2.0439363E+00 4.93775E+01  3.1608E+01  3.7192E+03  1.0205E+01  3.7294E+03  0.000E-01  6.066E-01
2.0541560E+00 5.02322E+01  3.1345E+01  3.6699E+03  1.0201E+01  3.6801E+03  0.000E-01  6.036E-01
2.0644268E+00 5.08904E+01  3.1084E+01  3.6213E+03  1.0196E+01  3.6315E+03  0.000E-01  6.006E-01
2.0747489E+00 5.14348E+01  3.0823E+01  3.5730E+03  1.0191E+01  3.5832E+03  0.000E-01  5.976E-01
2.0851227E+00 5.19021E+01  3.0564E+01  3.5254E+03  1.0186E+01  3.5356E+03  0.000E-01  5.946E-01
2.0955483E+00 5.23120E+01  3.0308E+01  3.4784E+03  1.0181E+01  3.4886E+03  0.000E-01  5.917E-01
2.1060260E+00 5.26757E+01  3.0054E+01  3.4321E+03  1.0176E+01  3.4422E+03  0.000E-01  5.887E-01
2.1165562E+00 5.29993E+01  2.9801E+01  3.3863E+03  1.0170E+01  3.3965E+03  0.000E-01  5.858E-01
2.1271389E+00 5.32853E+01  2.9561E+01  3.3423E+03  1.0164E+01  3.3525E+03  0.000E-01  5.829E-01
2.1377746E+00 5.35488E+01  2.9338E+01  3.3006E+03  1.0159E+01  3.3108E+03  0.000E-01  5.800E-01
2.1484635E+00 5.37932E+01  2.9118E+01  3.2595E+03  1.0153E+01  3.2697E+03  0.000E-01  5.771E-01
2.1592058E+00 5.40184E+01  2.8901E+01  3.2191E+03  1.0146E+01  3.2293E+03  0.000E-01  5.742E-01
2.1700018E+00 5.42241E+01  2.8687E+01  3.1794E+03  1.0140E+01  3.1895E+03  0.000E-01  5.714E-01
2.1808519E+00 5.44098E+01  2.8475E+01  3.1403E+03  1.0134E+01  3.1504E+03  0.000E-01  5.685E-01
2.1917561E+00 5.45741E+01  2.8267E+01  3.1018E+03  1.0127E+01  3.1119E+03  0.000E-01  5.657E-01
2.2027149E+00 5.47142E+01  2.8062E+01  3.0639E+03  1.0120E+01  3.0740E+03  0.000E-01  5.629E-01
2.2137285E+00 5.48252E+01  2.7859E+01  3.0266E+03  1.0113E+01  3.0368E+03  0.000E-01  5.601E-01
2.2247971E+00 5.48972E+01  2.7659E+01  2.9899E+03  1.0106E+01  3.0000E+03  0.000E-01  5.573E-01
2.2359211E+00 5.49095E+01  2.7461E+01  2.9538E+03  1.0099E+01  2.9639E+03  0.000E-01  5.545E-01
2.2471007E+00 5.48064E+01  2.7265E+01  2.9182E+03  1.0092E+01  2.9283E+03  0.000E-01  5.518E-01
2.2583362E+00 5.43130E+01  2.7072E+01  2.8831E+03  1.0084E+01  2.8932E+03  0.000E-01  5.490E-01
2.2608064E+00 5.39624E+01  2.7030E+01  2.8755E+03  1.0083E+01  2.8856E+03  0.000E-01  5.484E-01
2.2661935E+00 5.40354E+01  2.8855E+01  3.0623E+03  1.0079E+01  3.0724E+03  0.000E-01  5.471E-01
2.2696279E+00 5.46022E+01  2.8789E+01  3.0507E+03  1.0077E+01  3.0608E+03  0.000E-01  5.463E-01
2.2809760E+00 5.54404E+01  2.8574E+01  3.0128E+03  1.0069E+01  3.0229E+03  0.000E-01  5.436E-01
2.2923809E+00 5.59313E+01  2.8361E+01  2.9755E+03  1.0061E+01  2.9856E+03  0.000E-01  5.409E-01
2.3038428E+00 5.63087E+01  2.8151E+01  2.9387E+03  1.0053E+01  2.9488E+03  0.000E-01  5.382E-01
2.3153620E+00 5.66256E+01  2.7943E+01  2.9025E+03  1.0044E+01  2.9126E+03  0.000E-01  5.355E-01
2.3269388E+00 5.69029E+01  2.7737E+01  2.8668E+03  1.0036E+01  2.8768E+03  0.000E-01  5.328E-01
2.3385735E+00 5.71509E+01  2.7533E+01  2.8316E+03  1.0027E+01  2.8416E+03  0.000E-01  5.302E-01
2.3502664E+00 5.73751E+01  2.7332E+01  2.7969E+03  1.0019E+01  2.8069E+03  0.000E-01  5.275E-01
2.3620177E+00 5.75785E+01  2.7133E+01  2.7627E+03  1.0010E+01  2.7727E+03  0.000E-01  5.249E-01
2.3738278E+00 5.77621E+01  2.6935E+01  2.7289E+03  1.0001E+01  2.7389E+03  0.000E-01  5.223E-01
2.3856970E+00 5.79287E+01  2.6752E+01  2.6969E+03  9.9918E+00  2.7069E+03  0.000E-01  5.197E-01
2.3976254E+00 5.80841E+01  2.6572E+01  2.6654E+03  9.9825E+00  2.6754E+03  0.000E-01  5.171E-01
2.4096136E+00 5.82269E+01  2.6395E+01  2.6345E+03  9.9731E+00  2.6444E+03  0.000E-01  5.145E-01
2.4216616E+00 5.83553E+01  2.6220E+01  2.6040E+03  9.9635E+00  2.6139E+03  0.000E-01  5.120E-01
2.4337699E+00 5.84665E+01  2.6047E+01  2.5739E+03  9.9538E+00  2.5839E+03  0.000E-01  5.094E-01
2.4459388E+00 5.85554E+01  2.5876E+01  2.5443E+03  9.9440E+00  2.5543E+03  0.000E-01  5.069E-01
2.4581685E+00 5.86112E+01  2.5707E+01  2.5152E+03  9.9340E+00  2.5251E+03  0.000E-01  5.044E-01
2.4704593E+00 5.86071E+01  2.5541E+01  2.4864E+03  9.9239E+00  2.4964E+03  0.000E-01  5.019E-01
2.4828116E+00 5.84361E+01  2.5376E+01  2.4581E+03  9.9136E+00  2.4680E+03  0.000E-01  4.994E-01
2.4861428E+00 5.82920E+01  2.5332E+01  2.4505E+03  9.9108E+00  2.4604E+03  0.000E-01  4.987E-01
2.4952257E+00 5.83177E+01  2.6380E+01  2.5427E+03  9.9032E+00  2.5526E+03  0.000E-01  4.969E-01
2.4962571E+00 5.84160E+01  2.6366E+01  2.5403E+03  9.9023E+00  2.5502E+03  0.000E-01  4.967E-01
2.5077018E+00 5.90018E+01  2.6214E+01  2.5141E+03  9.8927E+00  2.5239E+03  0.000E-01  4.944E-01
2.5202403E+00 5.93665E+01  2.6049E+01  2.4858E+03  9.8820E+00  2.4957E+03  0.000E-01  4.920E-01
2.5328415E+00 5.96510E+01  2.5885E+01  2.4579E+03  9.8711E+00  2.4678E+03  0.000E-01  4.895E-01
2.5455057E+00 5.98968E+01  2.5724E+01  2.4304E+03  9.8602E+00  2.4403E+03  0.000E-01  4.871E-01
2.5582333E+00 6.01188E+01  2.5563E+01  2.4032E+03  9.8491E+00  2.4131E+03  0.000E-01  4.846E-01
2.5710244E+00 6.03246E+01  2.5404E+01  2.3764E+03  9.8379E+00  2.3862E+03  0.000E-01  4.822E-01
2.5838796E+00 6.05180E+01  2.5246E+01  2.3499E+03  9.8265E+00  2.3597E+03  0.000E-01  4.798E-01
2.5967990E+00 6.07018E+01  2.5089E+01  2.3237E+03  9.8150E+00  2.3335E+03  0.000E-01  4.775E-01
2.6097829E+00 6.08776E+01  2.4934E+01  2.2978E+03  9.8034E+00  2.3076E+03  0.000E-01  4.751E-01
2.6228319E+00 6.10466E+01  2.4781E+01  2.2723E+03  9.7916E+00  2.2821E+03  0.000E-01  4.727E-01
2.6359460E+00 6.12107E+01  2.4627E+01  2.2470E+03  9.7797E+00  2.2568E+03  0.000E-01  4.704E-01
2.6491257E+00 6.13691E+01  2.4472E+01  2.2217E+03  9.7677E+00  2.2315E+03  0.000E-01  4.680E-01
2.6623714E+00 6.15223E+01  2.4318E+01  2.1968E+03  9.7555E+00  2.2065E+03  0.000E-01  4.657E-01
2.6756832E+00 6.16710E+01  2.4166E+01  2.1721E+03  9.7432E+00  2.1819E+03  0.000E-01  4.634E-01
2.6890617E+00 6.18155E+01  2.4014E+01  2.1478E+03  9.7308E+00  2.1575E+03  0.000E-01  4.611E-01
2.7025070E+00 6.19562E+01  2.3863E+01  2.1237E+03  9.7182E+00  2.1334E+03  0.000E-01  4.588E-01
2.7160195E+00 6.20933E+01  2.3714E+01  2.0999E+03  9.7055E+00  2.1096E+03  0.000E-01  4.565E-01
2.7295996E+00 6.22273E+01  2.3565E+01  2.0763E+03  9.6927E+00  2.0860E+03  0.000E-01  4.542E-01
2.7432476E+00 6.23581E+01  2.3418E+01  2.0531E+03  9.6798E+00  2.0627E+03  0.000E-01  4.520E-01
2.7569638E+00 6.24862E+01  2.3271E+01  2.0301E+03  9.6667E+00  2.0397E+03  0.000E-01  4.497E-01
2.7707486E+00 6.26115E+01  2.3125E+01  2.0073E+03  9.6535E+00  2.0170E+03  0.000E-01  4.475E-01
2.7846024E+00 6.27344E+01  2.2981E+01  1.9848E+03  9.6402E+00  1.9945E+03  0.000E-01  4.452E-01
2.7985254E+00 6.28549E+01  2.2837E+01  1.9626E+03  9.6268E+00  1.9722E+03  0.000E-01  4.430E-01
2.8125180E+00 6.29732E+01  2.2694E+01  1.9406E+03  9.6132E+00  1.9502E+03  0.000E-01  4.408E-01
2.8265806E+00 6.30894E+01  2.2552E+01  1.9189E+03  9.5995E+00  1.9285E+03  0.000E-01  4.386E-01
2.8407135E+00 6.32036E+01  2.2410E+01  1.8973E+03  9.5857E+00  1.9069E+03  0.000E-01  4.365E-01
2.8549171E+00 6.33160E+01  2.2270E+01  1.8761E+03  9.5718E+00  1.8856E+03  0.000E-01  4.343E-01
2.8691917E+00 6.34266E+01  2.2130E+01  1.8550E+03  9.5577E+00  1.8646E+03  0.000E-01  4.321E-01
2.8835376E+00 6.35356E+01  2.1991E+01  1.8342E+03  9.5435E+00  1.8437E+03  0.000E-01  4.300E-01
2.8979553E+00 6.36432E+01  2.1853E+01  1.8136E+03  9.5292E+00  1.8231E+03  0.000E-01  4.278E-01
2.9124451E+00 6.37495E+01  2.1716E+01  1.7932E+03  9.5148E+00  1.8028E+03  0.000E-01  4.257E-01
2.9270073E+00 6.38548E+01  2.1579E+01  1.7731E+03  9.5003E+00  1.7826E+03  0.000E-01  4.236E-01
2.9416424E+00 6.39593E+01  2.1443E+01  1.7532E+03  9.4856E+00  1.7626E+03  0.000E-01  4.215E-01
2.9563506E+00 6.40632E+01  2.1307E+01  1.7333E+03  9.4709E+00  1.7428E+03  0.000E-01  4.194E-01
2.9711323E+00 6.41671E+01  2.1171E+01  1.7138E+03  9.4560E+00  1.7232E+03  0.000E-01  4.173E-01
2.9859880E+00 6.42727E+01  2.1037E+01  1.6944E+03  9.4410E+00  1.7038E+03  0.000E-01  4.152E-01
3.0009179E+00 6.43872E+01  2.0902E+01  1.6752E+03  9.4259E+00  1.6846E+03  0.000E-01  4.132E-01
3.0159225E+00 6.44921E+01  2.0751E+01  1.6548E+03  9.4106E+00  1.6642E+03  0.000E-01  4.111E-01
3.0310021E+00 6.45929E+01  2.0602E+01  1.6347E+03  9.3953E+00  1.6441E+03  0.000E-01  4.091E-01
3.0461571E+00 6.46902E+01  2.0453E+01  1.6148E+03  9.3798E+00  1.6242E+03  0.000E-01  4.070E-01
3.0613879E+00 6.47842E+01  2.0306E+01  1.5952E+03  9.3643E+00  1.6046E+03  0.000E-01  4.050E-01
3.0766949E+00 6.48752E+01  2.0159E+01  1.5759E+03  9.3486E+00  1.5852E+03  0.000E-01  4.030E-01
3.0920783E+00 6.49635E+01  2.0014E+01  1.5567E+03  9.3328E+00  1.5661E+03  0.000E-01  4.010E-01
3.1075387E+00 6.50491E+01  1.9870E+01  1.5378E+03  9.3169E+00  1.5471E+03  0.000E-01  3.990E-01
3.1230764E+00 6.51324E+01  1.9727E+01  1.5192E+03  9.3009E+00  1.5285E+03  0.000E-01  3.970E-01
3.1386918E+00 6.52134E+01  1.9585E+01  1.5007E+03  9.2848E+00  1.5100E+03  0.000E-01  3.950E-01
3.1543853E+00 6.52924E+01  1.9444E+01  1.4825E+03  9.2686E+00  1.4918E+03  0.000E-01  3.931E-01
3.1701572E+00 6.53695E+01  1.9304E+01  1.4645E+03  9.2522E+00  1.4738E+03  0.000E-01  3.911E-01
3.1860080E+00 6.56549E+01  1.9161E+01  1.4464E+03  9.2358E+00  1.4557E+03  0.000E-01  3.892E-01
3.2019380E+00 6.57286E+01  1.9016E+01  1.4284E+03  9.2193E+00  1.4376E+03  0.000E-01  3.872E-01
3.2179477E+00 6.57998E+01  1.8873E+01  1.4105E+03  9.2026E+00  1.4197E+03  0.000E-01  3.853E-01
3.2340374E+00 6.58688E+01  1.8730E+01  1.3929E+03  9.1859E+00  1.4021E+03  0.000E-01  3.834E-01
3.2502076E+00 6.59355E+01  1.8589E+01  1.3755E+03  9.1690E+00  1.3847E+03  0.000E-01  3.815E-01
3.2664587E+00 6.60001E+01  1.8448E+01  1.3583E+03  9.1521E+00  1.3675E+03  0.000E-01  3.796E-01
3.2827910E+00 6.62105E+01  1.8308E+01  1.3413E+03  9.1350E+00  1.3504E+03  0.000E-01  3.777E-01
3.2992049E+00 6.62710E+01  1.8165E+01  1.3242E+03  9.1179E+00  1.3333E+03  0.000E-01  3.758E-01
3.3157009E+00 6.63292E+01  1.8023E+01  1.3073E+03  9.1006E+00  1.3164E+03  0.000E-01  3.739E-01
3.3322794E+00 6.63852E+01  1.7883E+01  1.2907E+03  9.0833E+00  1.2998E+03  0.000E-01  3.721E-01
3.3489408E+00 6.64391E+01  1.7744E+01  1.2743E+03  9.0658E+00  1.2833E+03  0.000E-01  3.702E-01
3.3656856E+00 6.64910E+01  1.7606E+01  1.2581E+03  9.0483E+00  1.2671E+03  0.000E-01  3.684E-01
3.3825140E+00 6.65410E+01  1.7470E+01  1.2421E+03  9.0307E+00  1.2512E+03  0.000E-01  3.665E-01
3.3994265E+00 6.65892E+01  1.7335E+01  1.2264E+03  9.0129E+00  1.2354E+03  0.000E-01  3.647E-01
3.4164237E+00 6.66357E+01  1.7201E+01  1.2109E+03  8.9951E+00  1.2199E+03  0.000E-01  3.629E-01
3.4335058E+00 6.66806E+01  1.7068E+01  1.1955E+03  8.9772E+00  1.2045E+03  0.000E-01  3.611E-01
3.4506733E+00 6.67239E+01  1.6936E+01  1.1804E+03  8.9592E+00  1.1894E+03  0.000E-01  3.593E-01
3.4679267E+00 6.67658E+01  1.6806E+01  1.1655E+03  8.9410E+00  1.1745E+03  0.000E-01  3.575E-01
3.4852663E+00 6.68062E+01  1.6677E+01  1.1508E+03  8.9228E+00  1.1597E+03  0.000E-01  3.557E-01
3.5026927E+00 6.68452E+01  1.6549E+01  1.1363E+03  8.9046E+00  1.1452E+03  0.000E-01  3.540E-01
3.5202061E+00 6.68829E+01  1.6422E+01  1.1220E+03  8.8862E+00  1.1309E+03  0.000E-01  3.522E-01
3.5378072E+00 6.69193E+01  1.6296E+01  1.1079E+03  8.8677E+00  1.1167E+03  0.000E-01  3.505E-01
3.5554962E+00 6.69545E+01  1.6172E+01  1.0939E+03  8.8492E+00  1.1028E+03  0.000E-01  3.487E-01
3.5732737E+00 6.69885E+01  1.6049E+01  1.0802E+03  8.8305E+00  1.0890E+03  0.000E-01  3.470E-01
3.5911400E+00 6.70214E+01  1.5926E+01  1.0666E+03  8.8118E+00  1.0754E+03  0.000E-01  3.453E-01
3.6090957E+00 6.70532E+01  1.5805E+01  1.0532E+03  8.7930E+00  1.0620E+03  0.000E-01  3.435E-01
3.6271412E+00 6.70839E+01  1.5685E+01  1.0400E+03  8.7741E+00  1.0488E+03  0.000E-01  3.418E-01
3.6452769E+00 6.71136E+01  1.5566E+01  1.0270E+03  8.7551E+00  1.0358E+03  0.000E-01  3.401E-01
3.6635033E+00 6.71423E+01  1.5448E+01  1.0142E+03  8.7360E+00  1.0229E+03  0.000E-01  3.384E-01
3.6818208E+00 6.71700E+01  1.5330E+01  1.0014E+03  8.7169E+00  1.0101E+03  0.000E-01  3.367E-01
3.7002299E+00 6.71968E+01  1.5213E+01  9.8880E+02  8.6976E+00  9.9750E+02  0.000E-01  3.351E-01
3.7187311E+00 6.72226E+01  1.5097E+01  9.7638E+02  8.6783E+00  9.8506E+02  0.000E-01  3.334E-01
3.7373247E+00 6.72475E+01  1.4982E+01  9.6413E+02  8.6589E+00  9.7279E+02  0.000E-01  3.317E-01
3.7560114E+00 6.72716E+01  1.4868E+01  9.5204E+02  8.6395E+00  9.6068E+02  0.000E-01  3.301E-01
3.7747914E+00 6.72948E+01  1.4755E+01  9.4012E+02  8.6199E+00  9.4874E+02  0.000E-01  3.285E-01
3.7936654E+00 6.73171E+01  1.4644E+01  9.2835E+02  8.6003E+00  9.3695E+02  0.000E-01  3.268E-01
3.8126337E+00 6.73387E+01  1.4533E+01  9.1675E+02  8.5806E+00  9.2533E+02  0.000E-01  3.252E-01
3.8316969E+00 6.73595E+01  1.4423E+01  9.0530E+02  8.5608E+00  9.1386E+02  0.000E-01  3.236E-01
3.8508554E+00 6.73796E+01  1.4314E+01  8.9398E+02  8.5410E+00  9.0253E+02  0.000E-01  3.220E-01
3.8701096E+00 6.73989E+01  1.4206E+01  8.8279E+02  8.5210E+00  8.9131E+02  0.000E-01  3.204E-01
3.8894602E+00 6.74176E+01  1.4098E+01  8.7174E+02  8.5010E+00  8.8024E+02  0.000E-01  3.188E-01
3.9089075E+00 6.74355E+01  1.3991E+01  8.6084E+02  8.4810E+00  8.6933E+02  0.000E-01  3.172E-01
3.9284520E+00 6.74528E+01  1.3886E+01  8.5009E+02  8.4608E+00  8.5855E+02  0.000E-01  3.156E-01
3.9480943E+00 6.74695E+01  1.3781E+01  8.3949E+02  8.4406E+00  8.4793E+02  0.000E-01  3.140E-01
3.9678347E+00 6.74855E+01  1.3677E+01  8.2902E+02  8.4203E+00  8.3744E+02  0.000E-01  3.125E-01
3.9876739E+00 6.75010E+01  1.3574E+01  8.1870E+02  8.4000E+00  8.2710E+02  0.000E-01  3.109E-01
4.055024E+00  6.80705E+01  1.3234E+01  7.8492E+02  8.3550E+00  7.9328E+02  0.000E+00  3.058E-01
4.334821E+00  6.81253E+01  1.1926E+01  6.6167E+02  8.0754E+00  6.6975E+02  0.000E+00  2.860E-01
4.633924E+00  6.81421E+01  1.0755E+01  5.5818E+02  7.7862E+00  5.6597E+02  0.000E+00  2.676E-01
4.953664E+00  6.80331E+01  9.6944E+00  4.7067E+02  7.4893E+00  4.7816E+02  0.000E+00  2.503E-01
5.295467E+00  6.78818E+01  8.7414E+00  3.9701E+02  7.1868E+00  4.0420E+02  0.000E+00  2.341E-01
5.660855E+00  6.76534E+01  7.8920E+00  3.3530E+02  6.8805E+00  3.4218E+02  0.000E+00  2.190E-01
6.051453E+00  6.73736E+01  7.1349E+00  2.8356E+02  6.5721E+00  2.9013E+02  0.000E+00  2.049E-01
6.469004E+00  6.70389E+01  6.4591E+00  2.4014E+02  6.2634E+00  2.4640E+02  0.000E+00  1.917E-01
6.915365E+00  6.66357E+01  5.8517E+00  2.0351E+02  5.9559E+00  2.0947E+02  0.000E+00  1.793E-01
7.392525E+00  6.61193E+01  5.2816E+00  1.7183E+02  5.6512E+00  1.7748E+02  0.000E+00  1.677E-01
7.902609E+00  6.54029E+01  4.7703E+00  1.4518E+02  5.3506E+00  1.5053E+02  0.000E+00  1.569E-01
8.447890E+00  6.42755E+01  4.3147E+00  1.2284E+02  5.0553E+00  1.2790E+02  0.000E+00  1.468E-01
9.030794E+00  6.15220E+01  3.8874E+00  1.0353E+02  4.7665E+00  1.0830E+02  0.000E+00  1.373E-01
9.059218E+00  6.12237E+01  3.8656E+00  1.0262E+02  4.7530E+00  1.0737E+02  0.000E+00  1.369E-01
9.197879E+00  5.83103E+01  3.7620E+00  9.8368E+01  4.6884E+00  1.0306E+02  0.000E+00  1.348E-01
9.234856E+00  5.48774E+01  3.7351E+00  9.7275E+01  4.6713E+00  1.0195E+02  0.000E+00  1.343E-01
9.290320E+00  5.83353E+01  1.0408E+01  2.6944E+02  4.6460E+00  2.7409E+02  0.000E+00  1.335E-01
9.428982E+00  6.13582E+01  1.0061E+01  2.5662E+02  4.5836E+00  2.6120E+02  0.000E+00  1.315E-01
9.653919E+00  6.28874E+01  9.5328E+00  2.3749E+02  4.4851E+00  2.4198E+02  0.000E+00  1.284E-01
1.014163E+01  6.32255E+01  8.6510E+00  2.0515E+02  4.2825E+00  2.0943E+02  0.000E+00  1.223E-01
1.029686E+01  6.20344E+01  8.4114E+00  1.9646E+02  4.2210E+00  2.0068E+02  0.000E+00  1.204E-01
1.032004E+01  6.14352E+01  8.3769E+00  1.9522E+02  4.2120E+00  1.9943E+02  0.000E+00  1.201E-01
1.033825E+01  6.03722E+01  8.3500E+00  1.9425E+02  4.2049E+00  1.9845E+02  0.000E+00  1.199E-01
1.040034E+01  6.21758E+01  1.1623E+01  2.6878E+02  4.1808E+00  2.7296E+02  0.000E+00  1.192E-01
1.055557E+01  6.38087E+01  1.1291E+01  2.5725E+02  4.1216E+00  2.6137E+02  0.000E+00  1.175E-01
1.065299E+01  6.42064E+01  1.1091E+01  2.5039E+02  4.0851E+00  2.5448E+02  0.000E+00  1.164E-01
1.081605E+01  6.41778E+01  1.0771E+01  2.3950E+02  4.0252E+00  2.4353E+02  0.000E+00  1.146E-01
1.085953E+01  6.34651E+01  1.0689E+01  2.3672E+02  4.0094E+00  2.4073E+02  0.000E+00  1.142E-01
1.092475E+01  6.45250E+01  1.2266E+01  2.7003E+02  3.9860E+00  2.7402E+02  0.000E+00  1.135E-01
1.103212E+01  6.54276E+01  1.2075E+01  2.6325E+02  3.9478E+00  2.6720E+02  0.000E+00  1.124E-01
1.108781E+01  6.57342E+01  1.1979E+01  2.5984E+02  3.9283E+00  2.6377E+02  0.000E+00  1.118E-01
1.179334E+01  6.78323E+01  1.0890E+01  2.2209E+02  3.6933E+00  2.2578E+02  0.000E+00  1.051E-01
1.260708E+01  6.90599E+01  9.8194E+00  1.8732E+02  3.4489E+00  1.9077E+02  0.000E+00  9.834E-02
1.347697E+01  6.98582E+01  8.8462E+00  1.5787E+02  3.2150E+00  1.6108E+02  0.000E+00  9.200E-02
1.440688E+01  7.04053E+01  7.9399E+00  1.3255E+02  2.9917E+00  1.3554E+02  0.000E+00  8.606E-02
1.540095E+01  7.07705E+01  7.1159E+00  1.1112E+02  2.7793E+00  1.1390E+02  0.000E+00  8.050E-02
1.646362E+01  7.10101E+01  6.3749E+00  9.3125E+01  2.5779E+00  9.5703E+01  0.000E+00  7.531E-02
1.759961E+01  7.11611E+01  5.7119E+00  7.8055E+01  2.3874E+00  8.0442E+01  0.000E+00  7.045E-02
1.881398E+01  7.13132E+01  5.1183E+00  6.5429E+01  2.2078E+00  6.7637E+01  0.000E+00  6.590E-02
2.011215E+01  7.13517E+01  4.5831E+00  5.4805E+01  2.0388E+00  5.6844E+01  0.000E+00  6.165E-02
2.149988E+01  7.13908E+01  4.1049E+00  4.5919E+01  1.8803E+00  4.7799E+01  0.000E+00  5.767E-02
2.298338E+01  7.13990E+01  3.6721E+00  3.8426E+01  1.7320E+00  4.0158E+01  0.000E+00  5.395E-02
2.456923E+01  7.13572E+01  3.2866E+00  3.2172E+01  1.5936E+00  3.3766E+01  0.000E+00  5.046E-02
2.626450E+01  7.13068E+01  2.9442E+00  2.6960E+01  1.4647E+00  2.8425E+01  0.000E+00  4.721E-02
2.807676E+01  7.12484E+01  2.6182E+00  2.2427E+01  1.3450E+00  2.3772E+01  0.000E+00  4.416E-02
3.001405E+01  7.11650E+01  2.3240E+00  1.8622E+01  1.2341E+00  1.9856E+01  0.000E+00  4.131E-02
3.208502E+01  7.10701E+01  2.0646E+00  1.5476E+01  1.1315E+00  1.6608E+01  0.000E+00  3.864E-02
3.429889E+01  7.09678E+01  1.8357E+00  1.2872E+01  1.0369E+00  1.3909E+01  0.000E+00  3.615E-02
3.666551E+01  7.08598E+01  1.6333E+00  1.0714E+01  9.4974E-01  1.1664E+01  0.000E+00  3.381E-02
3.919543E+01  7.07462E+01  1.4545E+00  8.9249E+00  8.6966E-01  9.7946E+00  0.000E+00  3.163E-02
4.189992E+01  7.06252E+01  1.2942E+00  7.4285E+00  7.9622E-01  8.2247E+00  0.000E+00  2.959E-02
4.479101E+01  7.04918E+01  1.1513E+00  6.1818E+00  7.2899E-01  6.9108E+00  0.000E+00  2.768E-02
4.788159E+01  7.03391E+01  1.0224E+00  5.1354E+00  6.6756E-01  5.8030E+00  0.000E+00  2.589E-02
5.118542E+01  7.01506E+01  9.0531E-01  4.2538E+00  6.1151E-01  4.8653E+00  0.000E+00  2.422E-02
5.471721E+01  6.98941E+01  8.0196E-01  3.5250E+00  5.6047E-01  4.0855E+00  0.000E+00  2.266E-02
5.849270E+01  6.94707E+01  7.1065E-01  2.9220E+00  5.1405E-01  3.4360E+00  0.000E+00  2.120E-02
6.204752E+01  6.84517E+01  6.3901E-01  2.4769E+00  4.7657E-01  2.9535E+00  0.000E+00  1.998E-02
6.252870E+01  6.80708E+01  6.3021E-01  2.4240E+00  4.7190E-01  2.8959E+00  0.000E+00  1.983E-02
6.299723E+01  6.73303E+01  6.2183E-01  2.3739E+00  4.6743E-01  2.8413E+00  0.000E+00  1.968E-02
6.325049E+01  6.59876E+01  6.1737E-01  2.3475E+00  4.6505E-01  2.8126E+00  0.000E+00  1.960E-02
6.363037E+01  6.73441E+01  3.2538E+00  1.2298E+01  4.6153E-01  1.2760E+01  9.990E+00  1.949E-02
6.458008E+01  6.85694E+01  3.1814E+00  1.1848E+01  4.5293E-01  1.2301E+01  9.633E+00  1.920E-02
6.684318E+01  6.95080E+01  3.0182E+00  1.0860E+01  4.3367E-01  1.1294E+01  8.847E+00  1.855E-02
7.145536E+01  7.02671E+01  2.7105E+00  9.1230E+00  3.9903E-01  9.5220E+00  7.451E+00  1.735E-02
7.638578E+01  7.06580E+01  2.4307E+00  7.6531E+00  3.6769E-01  8.0208E+00  6.263E+00  1.623E-02
8.165640E+01  7.09032E+01  2.1793E+00  6.4189E+00  3.3935E-01  6.7582E+00  5.266E+00  1.518E-02
8.729069E+01  7.10647E+01  1.9462E+00  5.3623E+00  3.1374E-01  5.6760E+00  4.410E+00  1.420E-02
9.331374E+01  7.11701E+01  1.7376E+00  4.4784E+00  2.9061E-01  4.7690E+00  3.692E+00  1.329E-02
9.975239E+01  7.12395E+01  1.5515E+00  3.7407E+00  2.6973E-01  4.0104E+00  3.091E+00  1.243E-02
1.066353E+02  7.12841E+01  1.3855E+00  3.1249E+00  2.5088E-01  3.3758E+00  2.588E+00  1.163E-02
1.139931E+02  7.13112E+01  1.2375E+00  2.6108E+00  2.3387E-01  2.8447E+00  2.166E+00  1.088E-02
1.218587E+02  7.13261E+01  1.1054E+00  2.1816E+00  2.1850E-01  2.4001E+00  1.813E+00  1.017E-02
1.302669E+02  7.13602E+01  9.8577E-01  1.8200E+00  2.0461E-01  2.0246E+00  1.515E+00  9.518E-03
1.392553E+02  7.13570E+01  8.7710E-01  1.5148E+00  1.9204E-01  1.7068E+00  1.262E+00  8.903E-03
1.488640E+02  7.13479E+01  7.8049E-01  1.2610E+00  1.8066E-01  1.4417E+00  1.051E+00  8.329E-03
1.591356E+02  7.13349E+01  6.9458E-01  1.0497E+00  1.7034E-01  1.2200E+00  8.756E-01  7.791E-03
1.701159E+02  7.13193E+01  6.1819E-01  8.7398E-01  1.6095E-01  1.0349E+00  7.294E-01  7.288E-03
1.818539E+02  7.13022E+01  5.5025E-01  7.2772E-01  1.5240E-01  8.8012E-01  6.076E-01  6.818E-03
1.944018E+02  7.12843E+01  4.8983E-01  6.0599E-01  1.4459E-01  7.5058E-01  5.061E-01  6.378E-03
2.078156E+02  7.12660E+01  4.3607E-01  5.0466E-01  1.3744E-01  6.4210E-01  4.216E-01  5.966E-03
2.221548E+02  7.12477E+01  3.8825E-01  4.2032E-01  1.3087E-01  5.5119E-01  3.512E-01  5.581E-03
2.374835E+02  7.12297E+01  3.4570E-01  3.5009E-01  1.2481E-01  4.7490E-01  2.925E-01  5.221E-03
2.538699E+02  7.12122E+01  3.0783E-01  2.9163E-01  1.1920E-01  4.1083E-01  2.437E-01  4.884E-03
2.713869E+02  7.11950E+01  2.7414E-01  2.4294E-01  1.1399E-01  3.5693E-01  2.030E-01  4.569E-03
2.901126E+02  7.11787E+01  2.4552E-01  2.0354E-01  1.0914E-01  3.1268E-01  1.702E-01  4.274E-03
3.101304E+02  7.11639E+01  2.2016E-01  1.7073E-01  1.0459E-01  2.7532E-01  1.429E-01  3.998E-03
3.315294E+02  7.11504E+01  1.9742E-01  1.4322E-01  1.0032E-01  2.4354E-01  1.200E-01  3.740E-03
3.544049E+02  7.11379E+01  1.7705E-01  1.2015E-01  9.6283E-02  2.1643E-01  1.008E-01  3.498E-03
3.788588E+02  7.11263E+01  1.5879E-01  1.0080E-01  9.2463E-02  1.9326E-01  8.463E-02  3.273E-03
4.050001E+02  7.11157E+01  1.4242E-01  8.4576E-02  8.8832E-02  1.7341E-01  7.106E-02  3.061E-03
4.329451E+02  7.11058E+01  1.2775E-01  7.0966E-02  8.5369E-02  1.5634E-01  5.967E-02  2.864E-03

