1.067676E+00  9.07296E+00  3.2552E+00  6.3579E+03  2.0015E+00  6.3599E+03  5.993E+03  1.161E+00
1.141345E+00  9.47400E+00  2.9372E+00  5.3666E+03  1.9987E+00  5.3686E+03  5.065E+03  1.086E+00
1.220098E+00  9.75622E+00  2.6424E+00  4.5163E+03  1.9898E+00  4.5183E+03  4.266E+03  1.016E+00
1.304285E+00  9.95856E+00  2.3724E+00  3.7931E+03  1.9750E+00  3.7951E+03  3.586E+03  9.506E-01
1.394281E+00  1.01050E+01  2.1276E+00  3.1821E+03  1.9547E+00  3.1841E+03  3.011E+03  8.892E-01
1.490486E+00  1.02131E+01  1.9048E+00  2.6651E+03  1.9289E+00  2.6670E+03  2.523E+03  8.318E-01
1.593329E+00  1.02871E+01  1.6988E+00  2.2234E+03  1.8981E+00  2.2253E+03  2.105E+03  7.781E-01
1.703269E+00  1.03356E+01  1.5147E+00  1.8545E+03  1.8626E+00  1.8564E+03  1.756E+03  7.279E-01
1.820795E+00  1.03659E+01  1.3502E+00  1.5464E+03  1.8227E+00  1.5482E+03  1.465E+03  6.809E-01
1.946430E+00  1.03828E+01  1.2033E+00  1.2892E+03  1.7790E+00  1.2910E+03  1.221E+03  6.370E-01
2.080733E+00  1.03896E+01  1.0721E+00  1.0745E+03  1.7318E+00  1.0762E+03  1.018E+03  5.959E-01
2.224304E+00  1.03890E+01  9.5490E-01  8.9525E+02  1.6816E+00  8.9693E+02  8.482E+02  5.574E-01
2.377781E+00  1.03830E+01  8.5029E-01  7.4572E+02  1.6287E+00  7.4735E+02  7.065E+02  5.214E-01
2.541848E+00  1.03731E+01  7.5695E-01  6.2101E+02  1.5737E+00  6.2258E+02  5.883E+02  4.878E-01
2.717235E+00  1.03599E+01  6.7370E-01  5.1703E+02  1.5171E+00  5.1855E+02  4.898E+02  4.563E-01
2.904724E+00  1.03456E+01  5.9950E-01  4.3039E+02  1.4592E+00  4.3185E+02  4.076E+02  4.268E-01
3.105150E+00  1.03349E+01  5.3135E-01  3.5685E+02  1.4004E+00  3.5825E+02  3.380E+02  3.993E-01
3.319406E+00  1.03186E+01  4.6926E-01  2.9480E+02  1.3412E+00  2.9614E+02  2.794E+02  3.735E-01
3.548445E+00  1.03011E+01  4.1343E-01  2.4297E+02  1.2820E+00  2.4425E+02  2.303E+02  3.494E-01
3.793288E+00  1.02822E+01  3.6257E-01  1.9932E+02  1.2230E+00  2.0054E+02  1.890E+02  3.269E-01
4.055024E+00  1.02628E+01  3.1798E-01  1.6353E+02  1.1647E+00  1.6469E+02  1.550E+02  3.058E-01
4.334821E+00  1.02434E+01  2.7888E-01  1.3416E+02  1.1073E+00  1.3527E+02  1.272E+02  2.860E-01
4.633924E+00  1.02247E+01  2.4459E-01  1.1007E+02  1.0511E+00  1.1112E+02  1.043E+02  2.676E-01
4.953664E+00  1.02067E+01  2.1452E-01  9.0306E+01  9.9634E-01  9.1302E+01  8.561E+01  2.503E-01
5.295467E+00  1.01896E+01  1.8815E-01  7.4093E+01  9.4321E-01  7.5036E+01  7.023E+01  2.341E-01
5.660855E+00  1.01736E+01  1.6502E-01  6.0791E+01  8.9190E-01  6.1683E+01  5.762E+01  2.190E-01
6.051453E+00  1.01586E+01  1.4474E-01  4.9879E+01  8.4254E-01  5.0722E+01  4.727E+01  2.049E-01
6.469004E+00  1.01447E+01  1.2696E-01  4.0925E+01  7.9526E-01  4.1720E+01  3.878E+01  1.917E-01
6.915365E+00  1.01319E+01  1.1136E-01  3.3580E+01  7.5014E-01  3.4330E+01  3.182E+01  1.793E-01
7.392525E+00  1.01200E+01  9.7675E-02  2.7553E+01  7.0723E-01  2.8260E+01  2.610E+01  1.677E-01
7.902609E+00  1.01091E+01  8.5676E-02  2.2608E+01  6.6658E-01  2.3275E+01  2.142E+01  1.569E-01
8.447890E+00  1.00992E+01  7.5151E-02  1.8551E+01  6.2818E-01  1.9179E+01  1.757E+01  1.468E-01
9.030794E+00  1.00903E+01  6.5788E-02  1.5192E+01  5.9205E-01  1.5784E+01  1.439E+01  1.373E-01
9.653919E+00  1.00818E+01  5.7186E-02  1.2353E+01  5.5814E-01  1.2911E+01  1.170E+01  1.284E-01
1.032004E+01  1.00740E+01  4.9709E-02  1.0045E+01  5.2642E-01  1.0571E+01  9.513E+00  1.201E-01
1.103212E+01  1.00668E+01  4.3210E-02  8.1677E+00  4.9682E-01  8.6645E+00  7.735E+00  1.124E-01
1.179334E+01  1.00602E+01  3.7561E-02  6.6416E+00  4.6928E-01  7.1109E+00  6.290E+00  1.051E-01
1.260708E+01  1.00542E+01  3.2650E-02  5.4007E+00  4.4372E-01  5.8444E+00  5.115E+00  9.834E-02
1.347697E+01  1.00487E+01  2.8382E-02  4.3917E+00  4.2004E-01  4.8117E+00  4.159E+00  9.200E-02
1.440688E+01  1.00438E+01  2.4672E-02  3.5712E+00  3.9816E-01  3.9694E+00  3.382E+00  8.606E-02
1.540095E+01  1.00393E+01  2.1447E-02  2.9040E+00  3.7797E-01  3.2820E+00  2.750E+00  8.050E-02
1.646362E+01  1.00353E+01  1.8630E-02  2.3598E+00  3.5938E-01  2.7192E+00  2.234E+00  7.531E-02
1.759961E+01  1.00316E+01  1.6125E-02  1.9106E+00  3.4227E-01  2.2529E+00  1.809E+00  7.045E-02
1.881398E+01  1.00283E+01  1.3956E-02  1.5469E+00  3.2655E-01  1.8734E+00  1.464E+00  6.590E-02
2.011215E+01  1.00253E+01  1.2079E-02  1.2525E+00  3.1211E-01  1.5646E+00  1.185E+00  6.165E-02
2.149988E+01  1.00226E+01  1.0454E-02  1.0139E+00  2.9886E-01  1.3128E+00  9.591E-01  5.767E-02
2.298338E+01  1.00202E+01  9.0465E-03  8.2082E-01  2.8669E-01  1.1075E+00  7.763E-01  5.395E-02
2.456923E+01  1.00180E+01  7.8288E-03  6.6448E-01  2.7552E-01  9.4000E-01  6.283E-01  5.046E-02
2.626450E+01  1.00161E+01  6.7750E-03  5.3792E-01  2.6524E-01  8.0316E-01  5.086E-01  4.721E-02
2.807676E+01  1.00144E+01  5.8415E-03  4.3387E-01  2.5578E-01  6.8965E-01  4.101E-01  4.416E-02
3.001405E+01  1.00128E+01  5.0307E-03  3.4953E-01  2.4706E-01  5.9659E-01  3.304E-01  4.131E-02
3.208502E+01  1.00114E+01  4.3323E-03  2.8158E-01  2.3900E-01  5.2058E-01  2.661E-01  3.864E-02
3.429889E+01  1.00101E+01  3.7310E-03  2.2684E-01  2.3152E-01  4.5836E-01  2.143E-01  3.615E-02
3.666551E+01  1.00090E+01  3.2131E-03  1.8275E-01  2.2457E-01  4.0732E-01  1.726E-01  3.381E-02
3.919543E+01  1.00080E+01  2.7671E-03  1.4722E-01  2.1809E-01  3.6531E-01  1.391E-01  3.163E-02
4.189992E+01  1.00071E+01  2.3830E-03  1.1860E-01  2.1202E-01  3.3062E-01  1.120E-01  2.959E-02
4.479101E+01  1.00063E+01  2.0523E-03  9.5549E-02  2.0631E-01  3.0186E-01  9.022E-02  2.768E-02
4.788159E+01  1.00056E+01  1.7674E-03  7.6976E-02  2.0091E-01  2.7789E-01  7.267E-02  2.589E-02
5.118542E+01  1.00050E+01  1.5221E-03  6.2013E-02  1.9580E-01  2.5781E-01  5.853E-02  2.422E-02
5.471721E+01  1.00044E+01  1.3109E-03  4.9959E-02  1.9092E-01  2.4088E-01  4.715E-02  2.266E-02
5.849270E+01  1.00039E+01  1.1289E-03  4.0248E-02  1.8626E-01  2.2651E-01  3.797E-02  2.120E-02
6.252870E+01  1.00034E+01  9.7225E-04  3.2425E-02  1.8178E-01  2.1420E-01  3.059E-02  1.983E-02
6.684318E+01  1.00031E+01  8.3732E-04  2.6122E-02  1.7746E-01  2.0358E-01  2.464E-02  1.855E-02
7.145536E+01  1.00027E+01  7.2111E-04  2.1045E-02  1.7327E-01  1.9432E-01  1.984E-02  1.735E-02
7.638578E+01  1.00024E+01  6.2104E-04  1.6954E-02  1.6921E-01  1.8616E-01  1.598E-02  1.623E-02
8.165640E+01  1.00021E+01  5.3516E-04  1.3667E-02  1.6526E-01  1.7893E-01  1.288E-02  1.518E-02
8.729069E+01  1.00019E+01  4.6175E-04  1.1031E-02  1.6140E-01  1.7243E-01  1.040E-02  1.420E-02
9.331374E+01  1.00016E+01  3.9840E-04  8.9035E-03  1.5763E-01  1.6653E-01  8.391E-03  1.329E-02
9.975239E+01  1.00015E+01  3.4375E-04  7.1863E-03  1.5394E-01  1.6113E-01  6.772E-03  1.243E-02
1.066353E+02  1.00013E+01  2.9660E-04  5.8003E-03  1.5031E-01  1.5611E-01  5.466E-03  1.163E-02
1.139931E+02  1.00011E+01  2.5591E-04  4.6816E-03  1.4675E-01  1.5143E-01  4.411E-03  1.088E-02
1.218587E+02  1.00010E+01  2.2081E-04  3.7787E-03  1.4326E-01  1.4704E-01  3.560E-03  1.017E-02
1.302669E+02  1.00009E+01  1.9052E-04  3.0499E-03  1.3982E-01  1.4287E-01  2.873E-03  9.518E-03
1.392553E+02  1.00008E+01  1.6439E-04  2.4617E-03  1.3645E-01  1.3891E-01  2.319E-03  8.903E-03
1.488640E+02  1.00007E+01  1.4184E-04  1.9870E-03  1.3313E-01  1.3512E-01  1.871E-03  8.329E-03
1.591356E+02  1.00006E+01  1.2238E-04  1.6037E-03  1.2987E-01  1.3147E-01  1.510E-03  7.791E-03
1.701159E+02  1.00005E+01  1.0560E-04  1.2945E-03  1.2667E-01  1.2796E-01  1.219E-03  7.288E-03
1.818539E+02  1.00005E+01  9.1113E-05  1.0448E-03  1.2352E-01  1.2456E-01  9.838E-04  6.818E-03
1.944018E+02  1.00004E+01  7.8615E-05  8.4331E-04  1.2044E-01  1.2128E-01  7.940E-04  6.378E-03
2.078156E+02  1.00004E+01  6.7832E-05  6.8067E-04  1.1742E-01  1.1810E-01  6.408E-04  5.966E-03
2.221548E+02  1.00003E+01  5.8528E-05  5.4940E-04  1.1446E-01  1.1501E-01  5.171E-04  5.581E-03
2.374835E+02  1.00003E+01  5.0500E-05  4.4344E-04  1.1157E-01  1.1201E-01  4.174E-04  5.221E-03
2.538699E+02  1.00003E+01  4.3573E-05  3.5792E-04  1.0874E-01  1.0910E-01  3.368E-04  4.884E-03
2.713869E+02  1.00002E+01  3.7597E-05  2.8890E-04  1.0599E-01  1.0628E-01  2.718E-04  4.569E-03
2.901126E+02  1.00002E+01  3.2440E-05  2.3318E-04  1.0330E-01  1.0353E-01  2.194E-04  4.274E-03
3.101304E+02  1.00002E+01  2.7990E-05  1.8821E-04  1.0068E-01  1.0087E-01  1.771E-04  3.998E-03
3.315294E+02  1.00002E+01  2.4151E-05  1.5191E-04  9.8129E-02  9.8281E-02  1.429E-04  3.740E-03
3.544049E+02  1.00001E+01  2.0839E-05  1.2262E-04  9.5654E-02  9.5777E-02  1.153E-04  3.498E-03
3.788588E+02  1.00001E+01  1.7980E-05  9.8970E-05  9.3253E-02  9.3352E-02  9.308E-05  3.273E-03
4.050001E+02  1.00001E+01  1.5514E-05  7.9883E-05  9.0926E-02  9.1006E-02  7.512E-05  3.061E-03
4.329451E+02  1.00001E+01  1.3386E-05  6.4478E-05  8.8675E-02  8.8739E-02  6.063E-05  2.864E-03

