1.067676E+00  1.40846E+01  1.1806E+00  1.5023E+03  2.3635E+00  1.5047E+03  0.000E+00  1.161E+00
1.141345E+00  1.40043E+01  1.0473E+00  1.2467E+03  2.3803E+00  1.2491E+03  0.000E+00  1.086E+00
1.220098E+00  1.39140E+01  9.3000E-01  1.0356E+03  2.3897E+00  1.0380E+03  0.000E+00  1.016E+00
1.304285E+00  1.38136E+01  8.2665E-01  8.6106E+02  2.3919E+00  8.6345E+02  0.000E+00  9.506E-01
1.394281E+00  1.37007E+01  7.3553E-01  7.1669E+02  2.3870E+00  7.1908E+02  0.000E+00  8.892E-01
1.490486E+00  1.35703E+01  6.5511E-01  5.9714E+02  2.3750E+00  5.9952E+02  0.000E+00  8.318E-01
1.593329E+00  1.34131E+01  5.8408E-01  4.9803E+02  2.3562E+00  5.0039E+02  0.000E+00  7.781E-01
1.703269E+00  1.32121E+01  5.2128E-01  4.1579E+02  2.3308E+00  4.1812E+02  0.000E+00  7.279E-01
1.820795E+00  1.29304E+01  4.6570E-01  3.4748E+02  2.2991E+00  3.4978E+02  0.000E+00  6.809E-01
1.946430E+00  1.24678E+01  4.1646E-01  2.9068E+02  2.2617E+00  2.9294E+02  0.000E+00  6.370E-01
2.080733E+00  1.13134E+01  3.7279E-01  2.4341E+02  2.2187E+00  2.4563E+02  0.000E+00  5.959E-01
2.102590E+00  1.08633E+01  3.6641E-01  2.3676E+02  2.2115E+00  2.3897E+02  0.000E+00  5.897E-01
2.134772E+00  9.28431E+00  3.5735E-01  2.2742E+02  2.2008E+00  2.2962E+02  0.000E+00  5.808E-01
2.143354E+00  7.39192E+00  3.5500E-01  2.2502E+02  2.1980E+00  2.2722E+02  0.000E+00  5.785E-01
2.156227E+00  9.29308E+00  4.0785E+00  2.5698E+03  2.1937E+00  2.5720E+03  2.348E+03  5.750E-01
2.188410E+00  1.10202E+01  4.0118E+00  2.4906E+03  2.1829E+00  2.4928E+03  2.278E+03  5.665E-01
2.224304E+00  1.18112E+01  3.9399E+00  2.4065E+03  2.1707E+00  2.4087E+03  2.202E+03  5.574E-01
2.377781E+00  1.32998E+01  3.5859E+00  2.0489E+03  2.1182E+00  2.0510E+03  1.878E+03  5.214E-01
2.541848E+00  1.40078E+01  3.2218E+00  1.7220E+03  2.0616E+00  1.7241E+03  1.578E+03  4.878E-01
2.717235E+00  1.44377E+01  2.8870E+00  1.4435E+03  2.0014E+00  1.4455E+03  1.323E+03  4.563E-01
2.904724E+00  1.47250E+01  2.5936E+00  1.2131E+03  1.9383E+00  1.2150E+03  1.112E+03  4.268E-01
3.105150E+00  1.49354E+01  2.3262E+00  1.0178E+03  1.8725E+00  1.0197E+03  9.341E+02  3.993E-01
3.319406E+00  1.50821E+01  2.0806E+00  8.5156E+02  1.8048E+00  8.5336E+02  7.824E+02  3.735E-01
3.548445E+00  1.51854E+01  1.8611E+00  7.1257E+02  1.7355E+00  7.1431E+02  6.553E+02  3.494E-01
3.793288E+00  1.52583E+01  1.6640E+00  5.9597E+02  1.6653E+00  5.9764E+02  5.489E+02  3.269E-01
4.055024E+00  1.53093E+01  1.4879E+00  4.9849E+02  1.5944E+00  5.0008E+02  4.597E+02  3.058E-01
4.334821E+00  1.53912E+01  1.3284E+00  4.1634E+02  1.5234E+00  4.1786E+02  3.844E+02  2.860E-01
4.633924E+00  1.54105E+01  1.1761E+00  3.4481E+02  1.4526E+00  3.4626E+02  3.185E+02  2.676E-01
4.953664E+00  1.54155E+01  1.0413E+00  2.8558E+02  1.3825E+00  2.8696E+02  2.639E+02  2.503E-01
5.295467E+00  1.54114E+01  9.2199E-01  2.3654E+02  1.3134E+00  2.3785E+02  2.186E+02  2.341E-01
5.660855E+00  1.54013E+01  8.1640E-01  1.9593E+02  1.2456E+00  1.9718E+02  1.811E+02  2.190E-01
6.051453E+00  1.53871E+01  7.2293E-01  1.6230E+02  1.1793E+00  1.6348E+02  1.501E+02  2.049E-01
6.469004E+00  1.53703E+01  6.4020E-01  1.3445E+02  1.1149E+00  1.3556E+02  1.243E+02  1.917E-01
6.915365E+00  1.53519E+01  5.6693E-01  1.1138E+02  1.0526E+00  1.1243E+02  1.030E+02  1.793E-01
7.392525E+00  1.53326E+01  5.0207E-01  9.2268E+01  9.9245E-01  9.3260E+01  8.535E+01  1.677E-01
7.902609E+00  1.53133E+01  4.4464E-01  7.6440E+01  9.3467E-01  7.7375E+01  7.071E+01  1.569E-01
8.447890E+00  1.52943E+01  3.9380E-01  6.3330E+01  8.7935E-01  6.4209E+01  5.858E+01  1.468E-01
9.030794E+00  1.52766E+01  3.4826E-01  5.2391E+01  8.2659E-01  5.3218E+01  4.847E+01  1.373E-01
9.653919E+00  1.52590E+01  3.0528E-01  4.2962E+01  7.7642E-01  4.3738E+01  3.977E+01  1.284E-01
1.032004E+01  1.52404E+01  2.6689E-01  3.5135E+01  7.2889E-01  3.5864E+01  3.253E+01  1.201E-01
1.103212E+01  1.52220E+01  2.3334E-01  2.8735E+01  6.8399E-01  2.9419E+01  2.661E+01  1.124E-01
1.179334E+01  1.52041E+01  2.0401E-01  2.3502E+01  6.4171E-01  2.4144E+01  2.176E+01  1.051E-01
1.260708E+01  1.51870E+01  1.7838E-01  1.9222E+01  6.0201E-01  1.9824E+01  1.780E+01  9.834E-02
1.347697E+01  1.51710E+01  1.5596E-01  1.5722E+01  5.6483E-01  1.6287E+01  1.456E+01  9.200E-02
1.440688E+01  1.51559E+01  1.3637E-01  1.2860E+01  5.3012E-01  1.3390E+01  1.191E+01  8.606E-02
1.540095E+01  1.51419E+01  1.1924E-01  1.0519E+01  4.9779E-01  1.1017E+01  9.741E+00  8.050E-02
1.646362E+01  1.51290E+01  1.0427E-01  8.6043E+00  4.6775E-01  9.0721E+00  7.968E+00  7.531E-02
1.759961E+01  1.51170E+01  9.1177E-02  7.0383E+00  4.3990E-01  7.4782E+00  6.517E+00  7.045E-02
1.881398E+01  1.51061E+01  7.9731E-02  5.7575E+00  4.1414E-01  6.1716E+00  5.331E+00  6.590E-02
2.011215E+01  1.50960E+01  6.9723E-02  4.7098E+00  3.9036E-01  5.1002E+00  4.360E+00  6.165E-02
2.149988E+01  1.50869E+01  6.0972E-02  3.8528E+00  3.6845E-01  4.2213E+00  3.567E+00  5.767E-02
2.298338E+01  1.50785E+01  5.3321E-02  3.1519E+00  3.4830E-01  3.5002E+00  2.917E+00  5.395E-02
2.456923E+01  1.50710E+01  4.6630E-02  2.5785E+00  3.2979E-01  2.9083E+00  2.386E+00  5.046E-02
2.626450E+01  1.50642E+01  4.0780E-02  2.1094E+00  3.1282E-01  2.4222E+00  1.952E+00  4.721E-02
2.807676E+01  1.50579E+01  3.5454E-02  1.7155E+00  2.9726E-01  2.0128E+00  1.587E+00  4.416E-02
3.001405E+01  1.50521E+01  3.0764E-02  1.3925E+00  2.8302E-01  1.6755E+00  1.289E+00  4.131E-02
3.208502E+01  1.50469E+01  2.6694E-02  1.1303E+00  2.6999E-01  1.4003E+00  1.046E+00  3.864E-02
3.429889E+01  1.50421E+01  2.3164E-02  9.1751E-01  2.5807E-01  1.1756E+00  8.492E-01  3.615E-02
3.666551E+01  1.50377E+01  2.0100E-02  7.4477E-01  2.4716E-01  9.9193E-01  6.893E-01  3.381E-02
3.919543E+01  1.50338E+01  1.7442E-02  6.0456E-01  2.3717E-01  8.4173E-01  5.596E-01  3.163E-02
4.189992E+01  1.50303E+01  1.5135E-02  4.9075E-01  2.2802E-01  7.1877E-01  4.543E-01  2.959E-02
4.479101E+01  1.50271E+01  1.3134E-02  3.9837E-01  2.1963E-01  6.1800E-01  3.688E-01  2.768E-02
4.788159E+01  1.50242E+01  1.1368E-02  3.2254E-01  2.1192E-01  5.3446E-01  2.985E-01  2.589E-02
5.118542E+01  1.50216E+01  9.8273E-03  2.6084E-01  2.0482E-01  4.6566E-01  2.413E-01  2.422E-02
5.471721E+01  1.50193E+01  8.4957E-03  2.1094E-01  1.9827E-01  4.0921E-01  1.951E-01  2.266E-02
5.849270E+01  1.50172E+01  7.3447E-03  1.7059E-01  1.9220E-01  3.6279E-01  1.577E-01  2.120E-02
6.252870E+01  1.50154E+01  6.3496E-03  1.3796E-01  1.8656E-01  3.2452E-01  1.275E-01  1.983E-02
6.684318E+01  1.50137E+01  5.4893E-03  1.1157E-01  1.8130E-01  2.9287E-01  1.031E-01  1.855E-02
7.145536E+01  1.50122E+01  4.7457E-03  9.0229E-02  1.7638E-01  2.6661E-01  8.335E-02  1.735E-02
7.638578E+01  1.50108E+01  4.1028E-03  7.2971E-02  1.7175E-01  2.4472E-01  6.739E-02  1.623E-02
8.165640E+01  1.50096E+01  3.5473E-03  5.9019E-02  1.6738E-01  2.2640E-01  5.448E-02  1.518E-02
8.729069E+01  1.50085E+01  3.0675E-03  4.7742E-02  1.6323E-01  2.1097E-01  4.404E-02  1.420E-02
9.331374E+01  1.50076E+01  2.6527E-03  3.8621E-02  1.5928E-01  1.9790E-01  3.561E-02  1.329E-02
9.975239E+01  1.50067E+01  2.2940E-03  3.1242E-02  1.5549E-01  1.8673E-01  2.879E-02  1.243E-02
1.066353E+02  1.50060E+01  1.9838E-03  2.5274E-02  1.5185E-01  1.7712E-01  2.327E-02  1.163E-02
1.139931E+02  1.50053E+01  1.7155E-03  2.0446E-02  1.4834E-01  1.6879E-01  1.882E-02  1.088E-02
1.218587E+02  1.50047E+01  1.4836E-03  1.6540E-02  1.4493E-01  1.6147E-01  1.521E-02  1.017E-02
1.302669E+02  1.50042E+01  1.2830E-03  1.3381E-02  1.4162E-01  1.5500E-01  1.230E-02  9.518E-03
1.392553E+02  1.50037E+01  1.1096E-03  1.0825E-02  1.3839E-01  1.4921E-01  9.943E-03  8.903E-03
1.488640E+02  1.50033E+01  9.5957E-04  8.7573E-03  1.3522E-01  1.4398E-01  8.038E-03  8.329E-03
1.591356E+02  1.50029E+01  8.2986E-04  7.0847E-03  1.3212E-01  1.3920E-01  6.499E-03  7.791E-03
1.701159E+02  1.50026E+01  7.1769E-04  5.7316E-03  1.2907E-01  1.3480E-01  5.254E-03  7.288E-03
1.818539E+02  1.50023E+01  6.2069E-04  4.6370E-03  1.2607E-01  1.3071E-01  4.247E-03  6.818E-03
1.944018E+02  1.50020E+01  5.3680E-04  3.7514E-03  1.2310E-01  1.2685E-01  3.434E-03  6.378E-03
2.078156E+02  1.50018E+01  4.6426E-04  3.0350E-03  1.2018E-01  1.2322E-01  2.776E-03  5.966E-03
2.221548E+02  1.50016E+01  4.0152E-04  2.4555E-03  1.1729E-01  1.1975E-01  2.244E-03  5.581E-03
2.374835E+02  1.50014E+01  3.4726E-04  1.9866E-03  1.1443E-01  1.1642E-01  1.815E-03  5.221E-03
2.538699E+02  1.50012E+01  3.0034E-04  1.6073E-03  1.1161E-01  1.1322E-01  1.467E-03  4.884E-03
2.713869E+02  1.50011E+01  2.5976E-04  1.3004E-03  1.0882E-01  1.1012E-01  1.186E-03  4.569E-03
2.901126E+02  1.50010E+01  2.2466E-04  1.0521E-03  1.0606E-01  1.0711E-01  9.588E-04  4.274E-03
3.101304E+02  1.50008E+01  1.9431E-04  8.5122E-04  1.0333E-01  1.0418E-01  7.752E-04  3.998E-03
3.315294E+02  1.50007E+01  1.6806E-04  6.8870E-04  1.0063E-01  1.0132E-01  6.267E-04  3.740E-03
3.544049E+02  1.50007E+01  1.4536E-04  5.5722E-04  9.7965E-02  9.8522E-02  5.067E-04  3.498E-03
3.788588E+02  1.50006E+01  1.2572E-04  4.5084E-04  9.5333E-02  9.5784E-02  4.096E-04  3.273E-03
4.050001E+02  1.50005E+01  1.0874E-04  3.6478E-04  9.2737E-02  9.3102E-02  3.312E-04  3.061E-03
4.329451E+02  1.50005E+01  9.4055E-05  2.9514E-04  9.0177E-02  9.0472E-02  2.677E-04  2.864E-03

