1.001667E+00  5.50287E+01  3.4483E+01  6.2702E+03  1.0518E+01  6.2807E+03  0.000E+00  1.238E+00
1.005693E+00  5.39388E+01  3.4360E+01  6.2227E+03  1.0538E+01  6.2332E+03  0.000E+00  1.233E+00
1.011734E+00  5.54380E+01  3.6621E+01  6.5927E+03  1.0568E+01  6.6033E+03  0.000E+00  1.225E+00
1.026834E+00  5.71018E+01  3.6093E+01  6.4021E+03  1.0641E+01  6.4127E+03  0.000E+00  1.207E+00
1.067676E+00  5.92296E+01  3.4753E+01  5.9286E+03  1.0828E+01  5.9394E+03  0.000E+00  1.161E+00
1.141345E+00  6.16897E+01  3.2727E+01  5.2226E+03  1.1128E+01  5.2337E+03  0.000E+00  1.086E+00
1.199814E+00  6.30658E+01  3.1325E+01  4.7553E+03  1.1333E+01  4.7666E+03  0.000E+00  1.033E+00
1.218179E+00  6.33013E+01  3.0879E+01  4.6169E+03  1.1392E+01  4.6283E+03  0.000E+00  1.018E+00
1.220098E+00  6.32904E+01  3.0833E+01  4.6028E+03  1.1398E+01  4.6142E+03  0.000E+00  1.016E+00
1.223076E+00  6.31774E+01  3.0763E+01  4.5811E+03  1.1408E+01  4.5925E+03  0.000E+00  1.014E+00
1.230422E+00  6.35866E+01  3.1051E+01  4.5964E+03  1.1430E+01  4.6078E+03  0.000E+00  1.008E+00
1.248786E+00  6.41887E+01  3.0619E+01  4.4658E+03  1.1486E+01  4.4773E+03  0.000E+00  9.928E-01
1.304285E+00  6.53954E+01  2.9327E+01  4.0954E+03  1.1639E+01  4.1070E+03  0.000E+00  9.506E-01
1.359358E+00  6.62232E+01  2.8118E+01  3.7675E+03  1.1772E+01  3.7793E+03  0.000E+00  9.121E-01
1.380164E+00  6.63250E+01  2.7685E+01  3.6536E+03  1.1817E+01  3.6654E+03  0.000E+00  8.983E-01
1.385713E+00  6.61400E+01  2.7572E+01  3.6241E+03  1.1829E+01  3.6359E+03  0.000E+00  8.947E-01
1.394281E+00  6.65556E+01  2.7928E+01  3.6483E+03  1.1847E+01  3.6601E+03  0.000E+00  8.892E-01
1.414842E+00  6.70838E+01  2.7526E+01  3.5435E+03  1.1888E+01  3.5554E+03  0.000E+00  8.763E-01
1.490486E+00  6.82841E+01  2.6009E+01  3.1783E+03  1.2021E+01  3.1903E+03  0.000E+00  8.318E-01
1.593329E+00  6.93211E+01  2.4006E+01  2.7442E+03  1.2161E+01  2.7564E+03  0.000E+00  7.781E-01
1.703269E+00  7.00083E+01  2.2179E+01  2.3717E+03  1.2264E+01  2.3840E+03  0.000E+00  7.279E-01
1.820795E+00  7.04447E+01  2.0512E+01  2.0518E+03  1.2331E+01  2.0641E+03  0.000E+00  6.809E-01
1.946430E+00  7.06811E+01  1.8990E+01  1.7770E+03  1.2362E+01  1.7894E+03  0.000E+00  6.370E-01
2.080733E+00  7.08077E+01  1.7607E+01  1.5413E+03  1.2356E+01  1.5537E+03  0.000E+00  5.959E-01
2.224304E+00  7.07175E+01  1.6348E+01  1.3386E+03  1.2314E+01  1.3509E+03  0.000E+00  5.574E-01
2.377781E+00  7.04533E+01  1.5209E+01  1.1650E+03  1.2237E+01  1.1772E+03  0.000E+00  5.214E-01
2.541848E+00  6.99855E+01  1.4174E+01  1.0156E+03  1.2125E+01  1.0277E+03  0.000E+00  4.878E-01
2.717235E+00  6.92284E+01  1.3230E+01  8.8680E+02  1.1981E+01  8.9878E+02  0.000E+00  4.563E-01
2.904724E+00  6.80338E+01  1.2341E+01  7.7382E+02  1.1805E+01  7.8562E+02  0.000E+00  4.268E-01
3.105150E+00  6.60065E+01  1.1284E+01  6.6191E+02  1.1600E+01  6.7351E+02  0.000E+00  3.993E-01
3.319406E+00  6.09274E+01  1.0182E+01  5.5871E+02  1.1367E+01  5.7008E+02  0.000E+00  3.735E-01
3.372964E+00  5.81306E+01  9.9380E+00  5.3664E+02  1.1308E+01  5.4795E+02  0.000E+00  3.676E-01
3.424591E+00  5.20006E+01  9.7128E+00  5.1658E+02  1.1250E+01  5.2783E+02  0.000E+00  3.620E-01
3.438358E+00  4.55480E+01  9.6543E+00  5.1141E+02  1.1234E+01  5.2264E+02  0.000E+00  3.606E-01
3.459009E+00  5.08881E+01  2.1709E+01  1.1431E+03  1.1211E+01  1.1543E+03  0.000E+00  3.584E-01
3.510636E+00  5.48531E+01  2.2103E+01  1.1468E+03  1.1152E+01  1.1580E+03  0.000E+00  3.532E-01
3.538976E+00  5.52403E+01  2.2332E+01  1.1494E+03  1.1120E+01  1.1605E+03  0.000E+00  3.503E-01
3.548445E+00  5.52074E+01  2.2411E+01  1.1503E+03  1.1109E+01  1.1614E+03  0.000E+00  3.494E-01
3.593144E+00  5.29824E+01  2.2795E+01  1.1555E+03  1.1058E+01  1.1666E+03  0.000E+00  3.451E-01
3.607589E+00  4.83109E+01  2.2924E+01  1.1574E+03  1.1042E+01  1.1684E+03  0.000E+00  3.437E-01
3.629256E+00  5.44110E+01  3.3167E+01  1.6645E+03  1.1017E+01  1.6755E+03  0.000E+00  3.416E-01
3.683424E+00  6.07885E+01  3.2669E+01  1.6154E+03  1.0955E+01  1.6264E+03  0.000E+00  3.366E-01
3.793288E+00  6.63647E+01  3.1445E+01  1.5099E+03  1.0828E+01  1.5207E+03  0.000E+00  3.269E-01
4.055024E+00  7.18484E+01  2.8132E+01  1.2636E+03  1.0527E+01  1.2741E+03  0.000E+00  3.058E-01
4.090324E+00  7.19797E+01  2.7673E+01  1.2323E+03  1.0486E+01  1.2428E+03  0.000E+00  3.031E-01
4.152931E+00  7.10026E+01  2.6869E+01  1.1784E+03  1.0414E+01  1.1888E+03  0.000E+00  2.985E-01
4.169626E+00  6.89424E+01  2.6657E+01  1.1644E+03  1.0395E+01  1.1748E+03  0.000E+00  2.974E-01
4.194669E+00  7.15401E+01  3.0837E+01  1.3390E+03  1.0367E+01  1.3494E+03  0.000E+00  2.956E-01
4.257276E+00  7.43148E+01  3.0010E+01  1.2839E+03  1.0295E+01  1.2942E+03  0.000E+00  2.912E-01
4.334821E+00  7.60516E+01  2.9026E+01  1.2196E+03  1.0207E+01  1.2298E+03  0.000E+00  2.860E-01
4.633924E+00  7.93694E+01  2.5821E+01  1.0149E+03  9.8715E+00  1.0248E+03  0.000E+00  2.676E-01
4.900882E+00  8.05241E+01  2.3541E+01  8.7489E+02  9.5798E+00  8.8447E+02  0.000E+00  2.530E-01
4.953664E+00  8.04272E+01  2.3135E+01  8.5064E+02  9.5231E+00  8.6016E+02  0.000E+00  2.503E-01
4.975895E+00  8.02284E+01  2.2968E+01  8.4074E+02  9.4993E+00  8.5024E+02  0.000E+00  2.492E-01
4.995899E+00  7.95584E+01  2.2820E+01  8.3197E+02  9.4779E+00  8.4145E+02  0.000E+00  2.482E-01
5.025904E+00  8.04156E+01  2.4078E+01  8.7257E+02  9.4460E+00  8.8202E+02  0.000E+00  2.467E-01
5.100918E+00  8.13388E+01  2.3547E+01  8.4078E+02  9.3666E+00  8.5015E+02  0.000E+00  2.431E-01
5.259562E+00  8.21480E+01  2.2501E+01  7.7920E+02  9.2011E+00  7.8840E+02  0.000E+00  2.357E-01
5.295467E+00  8.22146E+01  2.2277E+01  7.6621E+02  9.1640E+00  7.7537E+02  0.000E+00  2.341E-01
5.340065E+00  8.21358E+01  2.2004E+01  7.5049E+02  9.1183E+00  7.5961E+02  0.000E+00  2.322E-01
5.361533E+00  8.17427E+01  2.1874E+01  7.4310E+02  9.0964E+00  7.5220E+02  0.000E+00  2.312E-01
5.393734E+00  8.23772E+01  2.2649E+01  7.6481E+02  9.0636E+00  7.7387E+02  0.000E+00  2.299E-01
5.474238E+00  8.31425E+01  2.2178E+01  7.3790E+02  8.9822E+00  7.4688E+02  0.000E+00  2.265E-01
5.660855E+00  8.41112E+01  2.1150E+01  6.8049E+02  8.7969E+00  6.8929E+02  0.000E+00  2.190E-01
6.051453E+00  8.53779E+01  1.9257E+01  5.7961E+02  8.4240E+00  5.8803E+02  0.000E+00  2.049E-01
6.469004E+00  8.62622E+01  1.7544E+01  4.9396E+02  8.0477E+00  5.0201E+02  0.000E+00  1.917E-01
6.915365E+00  8.70698E+01  1.5966E+01  4.2051E+02  7.6701E+00  4.2818E+02  0.000E+00  1.793E-01
7.392525E+00  8.76251E+01  1.4461E+01  3.5629E+02  7.2934E+00  3.6358E+02  0.000E+00  1.677E-01
7.902609E+00  8.79055E+01  1.3104E+01  3.0202E+02  6.9194E+00  3.0894E+02  0.000E+00  1.569E-01
8.447890E+00  8.81798E+01  1.1893E+01  2.5641E+02  6.5499E+00  2.6296E+02  0.000E+00  1.468E-01
9.030794E+00  8.83335E+01  1.0760E+01  2.1701E+02  6.1865E+00  2.2320E+02  0.000E+00  1.373E-01
9.653919E+00  8.83089E+01  9.6297E+00  1.8168E+02  5.8307E+00  1.8751E+02  0.000E+00  1.284E-01
1.032004E+01  8.82175E+01  8.6257E+00  1.5223E+02  5.4837E+00  1.5771E+02  0.000E+00  1.201E-01
1.103212E+01  8.80177E+01  7.7269E+00  1.2757E+02  5.1467E+00  1.3272E+02  0.000E+00  1.124E-01
1.179334E+01  8.77227E+01  6.9284E+00  1.0700E+02  4.8207E+00  1.1182E+02  0.000E+00  1.051E-01
1.260708E+01  8.73451E+01  6.2224E+00  8.9897E+01  4.5063E+00  9.4403E+01  0.000E+00  9.834E-02
1.347697E+01  8.68612E+01  5.5962E+00  7.5631E+01  4.2043E+00  7.9835E+01  0.000E+00  9.200E-02
1.440688E+01  8.62028E+01  5.0364E+00  6.3672E+01  3.9152E+00  6.7587E+01  0.000E+00  8.606E-02
1.540095E+01  8.51599E+01  4.5327E+00  5.3605E+01  3.6393E+00  5.7244E+01  0.000E+00  8.050E-02
1.639844E+01  8.26512E+01  4.1014E+00  4.5554E+01  3.3920E+00  4.8946E+01  0.000E+00  7.561E-02
1.646362E+01  8.22583E+01  4.0757E+00  4.5089E+01  3.3768E+00  4.8466E+01  0.000E+00  7.531E-02
1.664944E+01  8.01210E+01  4.0040E+00  4.3802E+01  3.3340E+00  4.7136E+01  0.000E+00  7.447E-02
1.671637E+01  7.71410E+01  3.9787E+00  4.3351E+01  3.3188E+00  4.6670E+01  0.000E+00  7.417E-02
1.681677E+01  8.01159E+01  9.7771E+00  1.0589E+02  3.2962E+00  1.0919E+02  0.000E+00  7.373E-02
1.706776E+01  8.27610E+01  9.5479E+00  1.0189E+02  3.2407E+00  1.0513E+02  0.000E+00  7.264E-02
1.759961E+01  8.45178E+01  9.0900E+00  9.4072E+01  3.1279E+00  9.7200E+01  0.000E+00  7.045E-02
1.881398E+01  8.56756E+01  8.1188E+00  7.8598E+01  2.8925E+00  8.1490E+01  0.000E+00  6.590E-02
1.990743E+01  8.50829E+01  7.3656E+00  6.7390E+01  2.7037E+00  7.0094E+01  0.000E+00  6.228E-02
2.011215E+01  8.44801E+01  7.2367E+00  6.5536E+01  2.6706E+00  6.8207E+01  0.000E+00  6.165E-02
2.021213E+01  8.38530E+01  7.1750E+00  6.4656E+01  2.6546E+00  6.7311E+01  0.000E+00  6.134E-02
2.029339E+01  8.23394E+01  7.1255E+00  6.3952E+01  2.6418E+00  6.6594E+01  0.000E+00  6.110E-02
2.041527E+01  8.38467E+01  1.0027E+01  8.9453E+01  2.6227E+00  9.2076E+01  0.000E+00  6.073E-02
2.068251E+01  8.50222E+01  9.8181E+00  8.6462E+01  2.5815E+00  8.9044E+01  0.000E+00  5.995E-02
2.071997E+01  8.50933E+01  9.7894E+00  8.6054E+01  2.5758E+00  8.8630E+01  0.000E+00  5.984E-02
2.099908E+01  8.51412E+01  9.5803E+00  8.3096E+01  2.5341E+00  8.5630E+01  0.000E+00  5.904E-02
2.108350E+01  8.45398E+01  9.5185E+00  8.2229E+01  2.5217E+00  8.4751E+01  0.000E+00  5.881E-02
2.121012E+01  8.54892E+01  1.0902E+01  9.3620E+01  2.5033E+00  9.6123E+01  0.000E+00  5.846E-02
2.149988E+01  8.65135E+01  1.0685E+01  9.0520E+01  2.4619E+00  9.2982E+01  0.000E+00  5.767E-02
2.152669E+01  8.65772E+01  1.0665E+01  9.0240E+01  2.4582E+00  9.2698E+01  0.000E+00  5.760E-02
2.298338E+01  8.84990E+01  9.6515E+00  7.6485E+01  2.2663E+00  7.8751E+01  0.000E+00  5.395E-02
2.456923E+01  8.94946E+01  8.7034E+00  6.4520E+01  2.0833E+00  6.6603E+01  0.000E+00  5.046E-02
2.626450E+01  9.01380E+01  7.8518E+00  5.4450E+01  1.9126E+00  5.6363E+01  0.000E+00  4.721E-02
2.807676E+01  9.05887E+01  7.0431E+00  4.5690E+01  1.7538E+00  4.7444E+01  0.000E+00  4.416E-02
3.001405E+01  9.08676E+01  6.3053E+00  3.8263E+01  1.6064E+00  3.9869E+01  0.000E+00  4.131E-02
3.208502E+01  9.10439E+01  5.6494E+00  3.2070E+01  1.4699E+00  3.3540E+01  0.000E+00  3.864E-02
3.429889E+01  9.12097E+01  5.0605E+00  2.6873E+01  1.3438E+00  2.8217E+01  0.000E+00  3.615E-02
3.666551E+01  9.12605E+01  4.5286E+00  2.2496E+01  1.2275E+00  2.3724E+01  0.000E+00  3.381E-02
3.919543E+01  9.12730E+01  4.0568E+00  1.8852E+01  1.1205E+00  1.9972E+01  0.000E+00  3.163E-02
4.189992E+01  9.12968E+01  3.6335E+00  1.5795E+01  1.0223E+00  1.6817E+01  0.000E+00  2.959E-02
4.479101E+01  9.12866E+01  3.2428E+00  1.3186E+01  9.3231E-01  1.4118E+01  0.000E+00  2.768E-02
4.788159E+01  9.12296E+01  2.8953E+00  1.1013E+01  8.5003E-01  1.1863E+01  0.000E+00  2.589E-02
5.118542E+01  9.11591E+01  2.5869E+00  9.2053E+00  7.7492E-01  9.9802E+00  0.000E+00  2.422E-02
5.471721E+01  9.10794E+01  2.3132E+00  7.7001E+00  7.0649E-01  8.4066E+00  0.000E+00  2.266E-02
5.849270E+01  9.09933E+01  2.0701E+00  6.4458E+00  6.4425E-01  7.0900E+00  0.000E+00  2.120E-02
6.252870E+01  9.09020E+01  1.8538E+00  5.4000E+00  5.8772E-01  5.9877E+00  0.000E+00  1.983E-02
6.684318E+01  9.08060E+01  1.6614E+00  4.5272E+00  5.3646E-01  5.0637E+00  0.000E+00  1.855E-02
7.145536E+01  9.07049E+01  1.4901E+00  3.7983E+00  4.9004E-01  4.2883E+00  0.000E+00  1.735E-02
7.638578E+01  9.05963E+01  1.3356E+00  3.1848E+00  4.4807E-01  3.6329E+00  0.000E+00  1.623E-02
8.165640E+01  9.04821E+01  1.1945E+00  2.6644E+00  4.1015E-01  3.0746E+00  0.000E+00  1.518E-02
8.729069E+01  9.03401E+01  1.0630E+00  2.2180E+00  3.7594E-01  2.5939E+00  0.000E+00  1.420E-02
9.331374E+01  9.01568E+01  9.4456E-01  1.8437E+00  3.4510E-01  2.1888E+00  0.000E+00  1.329E-02
9.975239E+01  8.98920E+01  8.3817E-01  1.5304E+00  3.1732E-01  1.8477E+00  0.000E+00  1.243E-02
1.066353E+02  8.93943E+01  7.4429E-01  1.2713E+00  2.9231E-01  1.5636E+00  0.000E+00  1.163E-02
1.103494E+02  8.87393E+01  7.0047E-01  1.1562E+00  2.8047E-01  1.4367E+00  0.000E+00  1.124E-02
1.120384E+02  8.77637E+01  6.8190E-01  1.1085E+00  2.7542E-01  1.3839E+00  0.000E+00  1.107E-02
1.124888E+02  8.65975E+01  6.7708E-01  1.0963E+00  2.7410E-01  1.3704E+00  0.000E+00  1.102E-02
1.131644E+02  8.78121E+01  2.9643E+00  4.7711E+00  2.7216E-01  5.0433E+00  3.693E+00  1.096E-02
1.139931E+02  8.85011E+01  2.9314E+00  4.6837E+00  2.6981E-01  4.9535E+00  3.627E+00  1.088E-02
1.148534E+02  8.88736E+01  2.8977E+00  4.5953E+00  2.6742E-01  4.8627E+00  3.560E+00  1.079E-02
1.218587E+02  8.99853E+01  2.6448E+00  3.9531E+00  2.4956E-01  4.2027E+00  3.074E+00  1.017E-02
1.302669E+02  9.04719E+01  2.3843E+00  3.3336E+00  2.3135E-01  3.5650E+00  2.602E+00  9.518E-03
1.392553E+02  9.07481E+01  2.1472E+00  2.8084E+00  2.1497E-01  3.0234E+00  2.199E+00  8.903E-03
1.488640E+02  9.09248E+01  1.9332E+00  2.3654E+00  2.0022E-01  2.5656E+00  1.857E+00  8.329E-03
1.591356E+02  9.10438E+01  1.7405E+00  1.9921E+00  1.8693E-01  2.1790E+00  1.568E+00  7.791E-03
1.701159E+02  9.11248E+01  1.5653E+00  1.6759E+00  1.7495E-01  1.8508E+00  1.322E+00  7.288E-03
1.818539E+02  9.11789E+01  1.4077E+00  1.4099E+00  1.6414E-01  1.5740E+00  1.115E+00  6.818E-03
1.944018E+02  9.12140E+01  1.2661E+00  1.1862E+00  1.5437E-01  1.3406E+00  9.395E-01  6.378E-03
2.078156E+02  9.12355E+01  1.1388E+00  9.9811E-01  1.4551E-01  1.1436E+00  7.918E-01  5.966E-03
2.221548E+02  9.12470E+01  1.0245E+00  8.3994E-01  1.3747E-01  9.7741E-01  6.674E-01  5.581E-03
2.374835E+02  9.12508E+01  9.2193E-01  7.0707E-01  1.3016E-01  8.3723E-01  5.626E-01  5.221E-03
2.538699E+02  9.12497E+01  8.3043E-01  5.9578E-01  1.2349E-01  7.1927E-01  4.748E-01  4.884E-03
2.713869E+02  9.12450E+01  7.4810E-01  5.0207E-01  1.1738E-01  6.1945E-01  4.007E-01  4.569E-03
2.901126E+02  9.12377E+01  6.7401E-01  4.2315E-01  1.1178E-01  5.3493E-01  3.381E-01  4.274E-03
3.101304E+02  9.12286E+01  6.0732E-01  3.5668E-01  1.0662E-01  4.6330E-01  2.854E-01  3.998E-03
3.315294E+02  9.12181E+01  5.4730E-01  3.0068E-01  1.0185E-01  4.0253E-01  2.408E-01  3.740E-03
3.544049E+02  9.12069E+01  4.9325E-01  2.5350E-01  9.7420E-02  3.5092E-01  2.032E-01  3.498E-03
3.788588E+02  9.11953E+01  4.4459E-01  2.1374E-01  9.3296E-02  3.0704E-01  1.715E-01  3.273E-03
4.050001E+02  9.11835E+01  4.0077E-01  1.8024E-01  8.9442E-02  2.6968E-01  1.447E-01  3.061E-03
4.329451E+02  9.11717E+01  3.6130E-01  1.5200E-01  8.5826E-02  2.3783E-01  1.221E-01  2.864E-03


