1.0016605E+00 1.41039E+01  6.7441E+00  1.9540E+03  7.9959E+00  1.9620E+03  0.000E-01  1.238E+00
1.0066688E+00 1.24974E+01  6.7071E+00  1.9336E+03  8.0103E+00  1.9416E+03  0.000E-01  1.232E+00
1.0117021E+00 1.04350E+01  6.6703E+00  1.9134E+03  8.0247E+00  1.9214E+03  0.000E-01  1.226E+00
1.0167606E+00 7.56515E+00  6.6338E+00  1.8934E+03  8.0389E+00  1.9015E+03  0.000E-01  1.219E+00
1.0218444E+00 2.77945E+00  6.5967E+00  1.8735E+03  8.0530E+00  1.8815E+03  0.000E-01  1.213E+00
1.0267933E+00  -2.21483E+01  6.5608E+00  1.8543E+03  8.0666E+00  1.8624E+03  0.000E-01  1.207E+00
1.0269536E+00  -2.68792E+01  2.6530E+01  7.4973E+03  8.0670E+00  7.5054E+03  0.000E-01  1.207E+00
1.0270069E+00  -2.24988E+01  2.6528E+01  7.4963E+03  8.0671E+00  7.5044E+03  0.000E-01  1.207E+00
1.0320884E+00 1.58433E+00  2.6326E+01  7.4025E+03  8.0809E+00  7.4106E+03  0.000E-01  1.201E+00
1.0372489E+00 4.98823E+00  2.6123E+01  7.3090E+03  8.0946E+00  7.3171E+03  0.000E-01  1.195E+00
1.0424351E+00 5.96659E+00  2.5922E+01  7.2167E+03  8.1083E+00  7.2248E+03  0.000E-01  1.189E+00
1.0476473E+00 4.51624E+00  2.5723E+01  7.1255E+03  8.1218E+00  7.1337E+03  0.000E-01  1.183E+00
1.0513391E+00  -7.48748E+00  2.5583E+01  7.0619E+03  8.1312E+00  7.0701E+03  0.000E-01  1.179E+00
1.0516608E+00  -7.60111E+00  3.8691E+01  1.0677E+04  8.1321E+00  1.0685E+04  0.000E-01  1.179E+00
1.0528855E+00 1.77888E+00  3.8620E+01  1.0645E+04  8.1352E+00  1.0653E+04  0.000E-01  1.178E+00
1.0581499E+00 9.77361E+00  3.8318E+01  1.0509E+04  8.1484E+00  1.0517E+04  0.000E-01  1.172E+00
1.0634407E+00 1.34392E+01  3.8017E+01  1.0375E+04  8.1616E+00  1.0383E+04  0.000E-01  1.166E+00
1.0687579E+00 1.60406E+01  3.7719E+01  1.0242E+04  8.1746E+00  1.0250E+04  0.000E-01  1.160E+00
1.0741017E+00 1.81099E+01  3.7424E+01  1.0111E+04  8.1875E+00  1.0120E+04  0.000E-01  1.154E+00
1.0794722E+00 1.98470E+01  3.7131E+01  9.9823E+03  8.2003E+00  9.9905E+03  0.000E-01  1.149E+00
1.0848695E+00 2.13520E+01  3.6840E+01  9.8549E+03  8.2130E+00  9.8631E+03  0.000E-01  1.143E+00
1.0902939E+00 2.26832E+01  3.6551E+01  9.7291E+03  8.2255E+00  9.7373E+03  0.000E-01  1.137E+00
1.0957454E+00 2.38785E+01  3.6265E+01  9.6049E+03  8.2379E+00  9.6131E+03  0.000E-01  1.132E+00
1.1012241E+00 2.49635E+01  3.5982E+01  9.4823E+03  8.2502E+00  9.4906E+03  0.000E-01  1.126E+00
1.1067302E+00 2.59570E+01  3.5700E+01  9.3613E+03  8.2624E+00  9.3696E+03  0.000E-01  1.120E+00
1.1122639E+00 2.68730E+01  3.5421E+01  9.2419E+03  8.2744E+00  9.2502E+03  0.000E-01  1.115E+00
1.1178252E+00 2.77223E+01  3.5144E+01  9.1240E+03  8.2864E+00  9.1323E+03  0.000E-01  1.109E+00
1.1234143E+00 2.85133E+01  3.4869E+01  9.0076E+03  8.2981E+00  9.0159E+03  0.000E-01  1.104E+00
1.1290314E+00 2.92530E+01  3.4596E+01  8.8928E+03  8.3098E+00  8.9011E+03  0.000E-01  1.098E+00
1.1346765E+00 2.99468E+01  3.4326E+01  8.7794E+03  8.3213E+00  8.7877E+03  0.000E-01  1.093E+00
1.1403499E+00 3.05995E+01  3.4058E+01  8.6674E+03  8.3327E+00  8.6758E+03  0.000E-01  1.087E+00
1.1460517E+00 3.12150E+01  3.3792E+01  8.5569E+03  8.3440E+00  8.5653E+03  0.000E-01  1.082E+00
1.1517819E+00 3.17965E+01  3.3528E+01  8.4479E+03  8.3551E+00  8.4562E+03  0.000E-01  1.076E+00
1.1575408E+00 3.23468E+01  3.3266E+01  8.3402E+03  8.3662E+00  8.3486E+03  0.000E-01  1.071E+00
1.1633285E+00 3.28684E+01  3.3007E+01  8.2340E+03  8.3770E+00  8.2423E+03  0.000E-01  1.066E+00
1.1691452E+00 3.33633E+01  3.2749E+01  8.1290E+03  8.3878E+00  8.1374E+03  0.000E-01  1.060E+00
1.1749909E+00 3.38334E+01  3.2493E+01  8.0255E+03  8.3984E+00  8.0339E+03  0.000E-01  1.055E+00
1.1808659E+00 3.42802E+01  3.2240E+01  7.9233E+03  8.4089E+00  7.9317E+03  0.000E-01  1.050E+00
1.1867702E+00 3.47051E+01  3.1989E+01  7.8224E+03  8.4193E+00  7.8308E+03  0.000E-01  1.045E+00
1.1927040E+00 3.51092E+01  3.1739E+01  7.7228E+03  8.4295E+00  7.7312E+03  0.000E-01  1.040E+00
1.1986676E+00 3.54938E+01  3.1492E+01  7.6245E+03  8.4396E+00  7.6329E+03  0.000E-01  1.034E+00
1.2046609E+00 3.58596E+01  3.1246E+01  7.5274E+03  8.4496E+00  7.5358E+03  0.000E-01  1.029E+00
1.2106842E+00 3.62074E+01  3.1003E+01  7.4316E+03  8.4594E+00  7.4401E+03  0.000E-01  1.024E+00
1.2167376E+00 3.65379E+01  3.0761E+01  7.3370E+03  8.4691E+00  7.3455E+03  0.000E-01  1.019E+00
1.2228213E+00 3.68517E+01  3.0522E+01  7.2437E+03  8.4786E+00  7.2521E+03  0.000E-01  1.014E+00
1.2289354E+00 3.71491E+01  3.0284E+01  7.1515E+03  8.4881E+00  7.1600E+03  0.000E-01  1.009E+00
1.2350801E+00 3.74307E+01  3.0048E+01  7.0605E+03  8.4974E+00  7.0690E+03  0.000E-01  1.004E+00
1.2412555E+00 3.76965E+01  2.9815E+01  6.9707E+03  8.5065E+00  6.9793E+03  0.000E-01  9.989E-01
1.2474618E+00 3.79467E+01  2.9583E+01  6.8821E+03  8.5155E+00  6.8906E+03  0.000E-01  9.939E-01
1.2536991E+00 3.81812E+01  2.9353E+01  6.7946E+03  8.5244E+00  6.8031E+03  0.000E-01  9.889E-01
1.2599676E+00 3.84001E+01  2.9124E+01  6.7082E+03  8.5332E+00  6.7168E+03  0.000E-01  9.840E-01
1.2662674E+00 3.86028E+01  2.8898E+01  6.6230E+03  8.5418E+00  6.6315E+03  0.000E-01  9.791E-01
1.2725988E+00 3.87889E+01  2.8673E+01  6.5388E+03  8.5503E+00  6.5473E+03  0.000E-01  9.743E-01
1.2789618E+00 3.89576E+01  2.8451E+01  6.4557E+03  8.5586E+00  6.4643E+03  0.000E-01  9.694E-01
1.2853566E+00 3.91078E+01  2.8230E+01  6.3737E+03  8.5668E+00  6.3823E+03  0.000E-01  9.646E-01
1.2917833E+00 3.92379E+01  2.8010E+01  6.2927E+03  8.5749E+00  6.3013E+03  0.000E-01  9.598E-01
1.2982423E+00 3.93457E+01  2.7793E+01  6.2128E+03  8.5828E+00  6.2214E+03  0.000E-01  9.550E-01
1.3047335E+00 3.94280E+01  2.7577E+01  6.1339E+03  8.5906E+00  6.1425E+03  0.000E-01  9.503E-01
1.3112571E+00 3.94803E+01  2.7363E+01  6.0560E+03  8.5982E+00  6.0646E+03  0.000E-01  9.455E-01
1.3178134E+00 3.94957E+01  2.7151E+01  5.9792E+03  8.6057E+00  5.9878E+03  0.000E-01  9.408E-01
1.3244025E+00 3.94633E+01  2.6940E+01  5.9032E+03  8.6131E+00  5.9118E+03  0.000E-01  9.362E-01
1.3310245E+00 3.93642E+01  2.6731E+01  5.8282E+03  8.6203E+00  5.8369E+03  0.000E-01  9.315E-01
1.3376796E+00 3.91625E+01  2.6524E+01  5.7544E+03  8.6274E+00  5.7631E+03  0.000E-01  9.269E-01
1.3443680E+00 3.87743E+01  2.6321E+01  5.6819E+03  8.6344E+00  5.6906E+03  0.000E-01  9.222E-01
1.3510899E+00 3.79059E+01  2.6119E+01  5.6103E+03  8.6412E+00  5.6190E+03  0.000E-01  9.177E-01
1.3559325E+00 3.55390E+01  2.5976E+01  5.5595E+03  8.6460E+00  5.5682E+03  0.000E-01  9.144E-01
1.3578453E+00 3.54989E+01  3.0344E+01  6.4854E+03  8.6478E+00  6.4940E+03  0.000E-01  9.131E-01
1.3578674E+00 3.55324E+01  3.0343E+01  6.4851E+03  8.6479E+00  6.4938E+03  0.000E-01  9.131E-01
1.3646345E+00 3.86761E+01  3.0096E+01  6.4004E+03  8.6544E+00  6.4090E+03  0.000E-01  9.086E-01
1.3714577E+00 3.97544E+01  2.9851E+01  6.3166E+03  8.6607E+00  6.3253E+03  0.000E-01  9.040E-01
1.3783150E+00 4.04681E+01  2.9608E+01  6.2341E+03  8.6670E+00  6.2427E+03  0.000E-01  8.995E-01
1.3852066E+00 4.10163E+01  2.9367E+01  6.1526E+03  8.6731E+00  6.1613E+03  0.000E-01  8.951E-01
1.3921326E+00 4.14657E+01  2.9129E+01  6.0723E+03  8.6791E+00  6.0810E+03  0.000E-01  8.906E-01
1.3990933E+00 4.18464E+01  2.8892E+01  5.9930E+03  8.6849E+00  6.0017E+03  0.000E-01  8.862E-01
1.4060887E+00 4.21743E+01  2.8658E+01  5.9148E+03  8.6906E+00  5.9235E+03  0.000E-01  8.818E-01
1.4131192E+00 4.24576E+01  2.8425E+01  5.8377E+03  8.6961E+00  5.8464E+03  0.000E-01  8.774E-01
1.4201848E+00 4.27000E+01  2.8195E+01  5.7615E+03  8.7015E+00  5.7702E+03  0.000E-01  8.730E-01
1.4272857E+00 4.29021E+01  2.7977E+01  5.6885E+03  8.7067E+00  5.6972E+03  0.000E-01  8.687E-01
1.4344221E+00 4.30731E+01  2.7771E+01  5.6186E+03  8.7119E+00  5.6273E+03  0.000E-01  8.643E-01
1.4415942E+00 4.32089E+01  2.7568E+01  5.5498E+03  8.7168E+00  5.5586E+03  0.000E-01  8.600E-01
1.4488022E+00 4.32972E+01  2.7369E+01  5.4822E+03  8.7216E+00  5.4909E+03  0.000E-01  8.558E-01
1.4560462E+00 4.33111E+01  2.7171E+01  5.4156E+03  8.7263E+00  5.4243E+03  0.000E-01  8.515E-01
1.4633265E+00 4.31658E+01  2.6977E+01  5.3500E+03  8.7309E+00  5.3588E+03  0.000E-01  8.473E-01
1.4703391E+00 4.21883E+01  2.6792E+01  5.2882E+03  8.7351E+00  5.2969E+03  0.000E-01  8.432E-01
1.4706431E+00 4.19985E+01  2.6784E+01  5.2855E+03  8.7353E+00  5.2942E+03  0.000E-01  8.431E-01
1.4724609E+00 4.22231E+01  2.8592E+01  5.6352E+03  8.7363E+00  5.6439E+03  0.000E-01  8.420E-01
1.4779963E+00 4.34706E+01  2.8433E+01  5.5829E+03  8.7395E+00  5.5917E+03  0.000E-01  8.389E-01
1.4853863E+00 4.41218E+01  2.8225E+01  5.5144E+03  8.7436E+00  5.5232E+03  0.000E-01  8.347E-01
1.4928132E+00 4.45680E+01  2.8019E+01  5.4469E+03  8.7476E+00  5.4557E+03  0.000E-01  8.305E-01
1.5002773E+00 4.49287E+01  2.7815E+01  5.3805E+03  8.7514E+00  5.3893E+03  0.000E-01  8.264E-01
1.5077787E+00 4.52394E+01  2.7614E+01  5.3150E+03  8.7551E+00  5.3238E+03  0.000E-01  8.223E-01
1.5153176E+00 4.55159E+01  2.7416E+01  5.2506E+03  8.7586E+00  5.2593E+03  0.000E-01  8.182E-01
1.5228942E+00 4.57663E+01  2.7219E+01  5.1870E+03  8.7620E+00  5.1958E+03  0.000E-01  8.141E-01
1.5305086E+00 4.59953E+01  2.7025E+01  5.1244E+03  8.7652E+00  5.1332E+03  0.000E-01  8.101E-01
1.5381612E+00 4.62055E+01  2.6834E+01  5.0628E+03  8.7683E+00  5.0715E+03  0.000E-01  8.061E-01
1.5458520E+00 4.63980E+01  2.6646E+01  5.0024E+03  8.7713E+00  5.0112E+03  0.000E-01  8.020E-01
1.5535812E+00 4.65781E+01  2.6469E+01  4.9444E+03  8.7741E+00  4.9531E+03  0.000E-01  7.981E-01
1.5613491E+00 4.67480E+01  2.6294E+01  4.8872E+03  8.7768E+00  4.8960E+03  0.000E-01  7.941E-01
1.5691559E+00 4.69076E+01  2.6121E+01  4.8310E+03  8.7793E+00  4.8398E+03  0.000E-01  7.901E-01
1.5770017E+00 4.70567E+01  2.5951E+01  4.7756E+03  8.7817E+00  4.7844E+03  0.000E-01  7.862E-01
1.5848867E+00 4.71947E+01  2.5783E+01  4.7211E+03  8.7839E+00  4.7298E+03  0.000E-01  7.823E-01
1.5928111E+00 4.73209E+01  2.5617E+01  4.6673E+03  8.7860E+00  4.6761E+03  0.000E-01  7.784E-01
1.6007752E+00 4.74334E+01  2.5453E+01  4.6144E+03  8.7880E+00  4.6232E+03  0.000E-01  7.745E-01
1.6087790E+00 4.75295E+01  2.5291E+01  4.5623E+03  8.7898E+00  4.5711E+03  0.000E-01  7.707E-01
1.6168229E+00 4.76037E+01  2.5131E+01  4.5109E+03  8.7914E+00  4.5197E+03  0.000E-01  7.668E-01
1.6249070E+00 4.76449E+01  2.4974E+01  4.4603E+03  8.7930E+00  4.4691E+03  0.000E-01  7.630E-01
1.6330316E+00 4.76250E+01  2.4818E+01  4.4104E+03  8.7943E+00  4.4192E+03  0.000E-01  7.592E-01
1.6411967E+00 4.74301E+01  2.4663E+01  4.3612E+03  8.7956E+00  4.3700E+03  0.000E-01  7.555E-01
1.6442772E+00 4.71621E+01  2.4606E+01  4.3429E+03  8.7960E+00  4.3517E+03  0.000E-01  7.540E-01
1.6487228E+00 4.72348E+01  2.5699E+01  4.5235E+03  8.7966E+00  4.5323E+03  0.000E-01  7.520E-01
1.6494027E+00 4.73473E+01  2.5686E+01  4.5194E+03  8.7966E+00  4.5282E+03  0.000E-01  7.517E-01
1.6576497E+00 4.79992E+01  2.5531E+01  4.4698E+03  8.7976E+00  4.4786E+03  0.000E-01  7.480E-01
1.6659380E+00 4.83513E+01  2.5378E+01  4.4208E+03  8.7984E+00  4.4296E+03  0.000E-01  7.442E-01
1.6742677E+00 4.86254E+01  2.5226E+01  4.3725E+03  8.7990E+00  4.3813E+03  0.000E-01  7.405E-01
1.6826390E+00 4.88617E+01  2.5076E+01  4.3249E+03  8.7996E+00  4.3337E+03  0.000E-01  7.368E-01
1.6910522E+00 4.90749E+01  2.4927E+01  4.2779E+03  8.7999E+00  4.2867E+03  0.000E-01  7.332E-01
1.6995075E+00 4.92722E+01  2.4780E+01  4.2314E+03  8.8001E+00  4.2402E+03  0.000E-01  7.295E-01
1.7080050E+00 4.94578E+01  2.4634E+01  4.1856E+03  8.8002E+00  4.1944E+03  0.000E-01  7.259E-01
1.7165450E+00 4.96341E+01  2.4490E+01  4.1404E+03  8.8002E+00  4.1492E+03  0.000E-01  7.223E-01
1.7251278E+00 4.98028E+01  2.4347E+01  4.0957E+03  8.8000E+00  4.1045E+03  0.000E-01  7.187E-01
1.7337534E+00 4.99652E+01  2.4205E+01  4.0517E+03  8.7996E+00  4.0605E+03  0.000E-01  7.151E-01
1.7424222E+00 5.01230E+01  2.4066E+01  4.0083E+03  8.7991E+00  4.0171E+03  0.000E-01  7.116E-01
1.7511343E+00 5.02769E+01  2.3928E+01  3.9655E+03  8.7985E+00  3.9743E+03  0.000E-01  7.080E-01
1.7598899E+00 5.04276E+01  2.3791E+01  3.9232E+03  8.7977E+00  3.9320E+03  0.000E-01  7.045E-01
1.7686894E+00 5.05752E+01  2.3651E+01  3.8807E+03  8.7968E+00  3.8895E+03  0.000E-01  7.010E-01
1.7775328E+00 5.07180E+01  2.3508E+01  3.8381E+03  8.7957E+00  3.8469E+03  0.000E-01  6.975E-01
1.7864205E+00 5.08566E+01  2.3367E+01  3.7960E+03  8.7945E+00  3.8048E+03  0.000E-01  6.940E-01
1.7953526E+00 5.09915E+01  2.3227E+01  3.7544E+03  8.7932E+00  3.7632E+03  0.000E-01  6.906E-01
1.8043294E+00 5.11230E+01  2.3087E+01  3.7133E+03  8.7917E+00  3.7221E+03  0.000E-01  6.871E-01
1.8133510E+00 5.12513E+01  2.2949E+01  3.6727E+03  8.7901E+00  3.6815E+03  0.000E-01  6.837E-01
1.8224178E+00 5.13767E+01  2.2811E+01  3.6326E+03  8.7883E+00  3.6413E+03  0.000E-01  6.803E-01
1.8315299E+00 5.14995E+01  2.2675E+01  3.5928E+03  8.7864E+00  3.6016E+03  0.000E-01  6.769E-01
1.8406875E+00 5.16197E+01  2.2539E+01  3.5536E+03  8.7843E+00  3.5624E+03  0.000E-01  6.736E-01
1.8498909E+00 5.17377E+01  2.2404E+01  3.5148E+03  8.7821E+00  3.5235E+03  0.000E-01  6.702E-01
1.8591404E+00 5.18534E+01  2.2270E+01  3.4764E+03  8.7798E+00  3.4852E+03  0.000E-01  6.669E-01
1.8684361E+00 5.19672E+01  2.2137E+01  3.4384E+03  8.7773E+00  3.4472E+03  0.000E-01  6.636E-01
1.8777783E+00 5.20791E+01  2.2005E+01  3.4009E+03  8.7747E+00  3.4097E+03  0.000E-01  6.603E-01
1.8871672E+00 5.21892E+01  2.1874E+01  3.3638E+03  8.7720E+00  3.3726E+03  0.000E-01  6.570E-01
1.8966030E+00 5.22979E+01  2.1744E+01  3.3271E+03  8.7691E+00  3.3359E+03  0.000E-01  6.537E-01
1.9060860E+00 5.24052E+01  2.1614E+01  3.2908E+03  8.7660E+00  3.2996E+03  0.000E-01  6.505E-01
1.9156165E+00 5.25112E+01  2.1484E+01  3.2547E+03  8.7629E+00  3.2635E+03  0.000E-01  6.472E-01
1.9251945E+00 5.26150E+01  2.1352E+01  3.2186E+03  8.7596E+00  3.2274E+03  0.000E-01  6.440E-01
1.9348205E+00 5.27166E+01  2.1220E+01  3.1829E+03  8.7561E+00  3.1916E+03  0.000E-01  6.408E-01
1.9444946E+00 5.28161E+01  2.1090E+01  3.1475E+03  8.7525E+00  3.1563E+03  0.000E-01  6.376E-01
1.9542171E+00 5.29137E+01  2.0960E+01  3.1126E+03  8.7488E+00  3.1213E+03  0.000E-01  6.344E-01
1.9639882E+00 5.30095E+01  2.0830E+01  3.0780E+03  8.7449E+00  3.0867E+03  0.000E-01  6.313E-01
1.9738081E+00 5.31035E+01  2.0702E+01  3.0438E+03  8.7409E+00  3.0525E+03  0.000E-01  6.281E-01
1.9836772E+00 5.31960E+01  2.0574E+01  3.0099E+03  8.7368E+00  3.0187E+03  0.000E-01  6.250E-01
1.9935955E+00 5.32868E+01  2.0447E+01  2.9765E+03  8.7325E+00  2.9852E+03  0.000E-01  6.219E-01
2.0035635E+00 5.33762E+01  2.0321E+01  2.9434E+03  8.7281E+00  2.9521E+03  0.000E-01  6.188E-01
2.0135813E+00 5.34641E+01  2.0195E+01  2.9106E+03  8.7236E+00  2.9193E+03  0.000E-01  6.157E-01
2.0236492E+00 5.35507E+01  2.0070E+01  2.8782E+03  8.7189E+00  2.8869E+03  0.000E-01  6.127E-01
2.0337675E+00 5.36360E+01  1.9946E+01  2.8462E+03  8.7141E+00  2.8549E+03  0.000E-01  6.096E-01
2.0439363E+00 5.37201E+01  1.9822E+01  2.8145E+03  8.7091E+00  2.8232E+03  0.000E-01  6.066E-01
2.0541560E+00 5.40324E+01  1.9699E+01  2.7831E+03  8.7040E+00  2.7918E+03  0.000E-01  6.036E-01
2.0644268E+00 5.41145E+01  1.9571E+01  2.7512E+03  8.6988E+00  2.7599E+03  0.000E-01  6.006E-01
2.0747489E+00 5.41948E+01  1.9443E+01  2.7196E+03  8.6935E+00  2.7283E+03  0.000E-01  5.976E-01
2.0851227E+00 5.42733E+01  1.9316E+01  2.6883E+03  8.6880E+00  2.6970E+03  0.000E-01  5.946E-01
2.0955483E+00 5.43502E+01  1.9189E+01  2.6575E+03  8.6824E+00  2.6662E+03  0.000E-01  5.917E-01
2.1060260E+00 5.45801E+01  1.9062E+01  2.6268E+03  8.6766E+00  2.6355E+03  0.000E-01  5.887E-01
2.1165562E+00 5.46540E+01  1.8933E+01  2.5960E+03  8.6707E+00  2.6047E+03  0.000E-01  5.858E-01
2.1271389E+00 5.47261E+01  1.8805E+01  2.5656E+03  8.6647E+00  2.5743E+03  0.000E-01  5.829E-01
2.1377746E+00 5.47965E+01  1.8678E+01  2.5356E+03  8.6585E+00  2.5442E+03  0.000E-01  5.800E-01
2.1484635E+00 5.48651E+01  1.8551E+01  2.5058E+03  8.6523E+00  2.5144E+03  0.000E-01  5.771E-01
2.1592058E+00 5.49318E+01  1.8424E+01  2.4763E+03  8.6458E+00  2.4849E+03  0.000E-01  5.742E-01
2.1700018E+00 5.49968E+01  1.8298E+01  2.4471E+03  8.6393E+00  2.4558E+03  0.000E-01  5.714E-01
2.1808519E+00 5.50600E+01  1.8173E+01  2.4183E+03  8.6326E+00  2.4270E+03  0.000E-01  5.685E-01
2.1917561E+00 5.51217E+01  1.8049E+01  2.3899E+03  8.6258E+00  2.3985E+03  0.000E-01  5.657E-01
2.2027149E+00 5.51819E+01  1.7926E+01  2.3617E+03  8.6189E+00  2.3704E+03  0.000E-01  5.629E-01
2.2137285E+00 5.52405E+01  1.7803E+01  2.3339E+03  8.6118E+00  2.3425E+03  0.000E-01  5.601E-01
2.2247971E+00 5.52978E+01  1.7682E+01  2.3065E+03  8.6046E+00  2.3151E+03  0.000E-01  5.573E-01
2.2359211E+00 5.53536E+01  1.7561E+01  2.2793E+03  8.5973E+00  2.2879E+03  0.000E-01  5.545E-01
2.2471007E+00 5.54081E+01  1.7441E+01  2.2525E+03  8.5899E+00  2.2610E+03  0.000E-01  5.518E-01
2.2583362E+00 5.54613E+01  1.7322E+01  2.2259E+03  8.5823E+00  2.2345E+03  0.000E-01  5.490E-01
2.2696279E+00 5.55133E+01  1.7201E+01  2.1994E+03  8.5746E+00  2.2080E+03  0.000E-01  5.463E-01
2.2809760E+00 5.55640E+01  1.7081E+01  2.1732E+03  8.5667E+00  2.1818E+03  0.000E-01  5.436E-01
2.2923809E+00 5.56134E+01  1.6961E+01  2.1473E+03  8.5588E+00  2.1558E+03  0.000E-01  5.409E-01
2.3038428E+00 5.56614E+01  1.6843E+01  2.1216E+03  8.5507E+00  2.1302E+03  0.000E-01  5.382E-01
2.3153620E+00 5.57083E+01  1.6725E+01  2.0963E+03  8.5425E+00  2.1049E+03  0.000E-01  5.355E-01
2.3269388E+00 5.57540E+01  1.6608E+01  2.0713E+03  8.5342E+00  2.0798E+03  0.000E-01  5.328E-01
2.3385735E+00 5.57984E+01  1.6492E+01  2.0466E+03  8.5257E+00  2.0551E+03  0.000E-01  5.302E-01
2.3502664E+00 5.58418E+01  1.6377E+01  2.0222E+03  8.5172E+00  2.0307E+03  0.000E-01  5.275E-01
2.3620177E+00 5.58840E+01  1.6262E+01  1.9981E+03  8.5085E+00  2.0066E+03  0.000E-01  5.249E-01
2.3738278E+00 5.59252E+01  1.6149E+01  1.9743E+03  8.4996E+00  1.9828E+03  0.000E-01  5.223E-01
2.3856970E+00 5.59653E+01  1.6036E+01  1.9508E+03  8.4907E+00  1.9592E+03  0.000E-01  5.197E-01
2.3976254E+00 5.60044E+01  1.5925E+01  1.9275E+03  8.4816E+00  1.9360E+03  0.000E-01  5.171E-01
2.4096136E+00 5.60425E+01  1.5814E+01  1.9046E+03  8.4724E+00  1.9130E+03  0.000E-01  5.145E-01
2.4216616E+00 5.60797E+01  1.5704E+01  1.8819E+03  8.4631E+00  1.8904E+03  0.000E-01  5.120E-01
2.4337699E+00 5.61159E+01  1.5594E+01  1.8595E+03  8.4537E+00  1.8680E+03  0.000E-01  5.094E-01
2.4459388E+00 5.61512E+01  1.5486E+01  1.8374E+03  8.4442E+00  1.8459E+03  0.000E-01  5.069E-01
2.4581685E+00 5.61857E+01  1.5378E+01  1.8156E+03  8.4345E+00  1.8240E+03  0.000E-01  5.044E-01
2.4704593E+00 5.62192E+01  1.5272E+01  1.7940E+03  8.4247E+00  1.8024E+03  0.000E-01  5.019E-01
2.4828116E+00 5.62520E+01  1.5166E+01  1.7727E+03  8.4148E+00  1.7811E+03  0.000E-01  4.994E-01
2.4952257E+00 5.62839E+01  1.5061E+01  1.7517E+03  8.4048E+00  1.7601E+03  0.000E-01  4.969E-01
2.5077018E+00 5.63151E+01  1.4957E+01  1.7309E+03  8.3947E+00  1.7393E+03  0.000E-01  4.944E-01
2.5202403E+00 5.63455E+01  1.4853E+01  1.7104E+03  8.3844E+00  1.7188E+03  0.000E-01  4.920E-01
2.5328415E+00 5.63751E+01  1.4751E+01  1.6901E+03  8.3741E+00  1.6985E+03  0.000E-01  4.895E-01
2.5455057E+00 5.64041E+01  1.4649E+01  1.6701E+03  8.3636E+00  1.6785E+03  0.000E-01  4.871E-01
2.5582333E+00 5.64324E+01  1.4548E+01  1.6503E+03  8.3530E+00  1.6587E+03  0.000E-01  4.846E-01
2.5710244E+00 5.64600E+01  1.4448E+01  1.6308E+03  8.3423E+00  1.6392E+03  0.000E-01  4.822E-01
2.5838796E+00 5.64870E+01  1.4348E+01  1.6115E+03  8.3315E+00  1.6199E+03  0.000E-01  4.798E-01
2.5967990E+00 5.65133E+01  1.4250E+01  1.5925E+03  8.3205E+00  1.6008E+03  0.000E-01  4.775E-01
2.6097829E+00 5.65391E+01  1.4152E+01  1.5737E+03  8.3095E+00  1.5820E+03  0.000E-01  4.751E-01
2.6228319E+00 5.65643E+01  1.4055E+01  1.5552E+03  8.2983E+00  1.5635E+03  0.000E-01  4.727E-01
2.6359460E+00 5.65890E+01  1.3959E+01  1.5368E+03  8.2871E+00  1.5451E+03  0.000E-01  4.704E-01
2.6491257E+00 5.66132E+01  1.3864E+01  1.5187E+03  8.2757E+00  1.5270E+03  0.000E-01  4.680E-01
2.6623714E+00 5.66369E+01  1.3769E+01  1.5009E+03  8.2642E+00  1.5091E+03  0.000E-01  4.657E-01
2.6756832E+00 5.66601E+01  1.3675E+01  1.4832E+03  8.2526E+00  1.4915E+03  0.000E-01  4.634E-01
2.6890617E+00 5.66830E+01  1.3582E+01  1.4658E+03  8.2409E+00  1.4740E+03  0.000E-01  4.611E-01
2.7025070E+00 5.67054E+01  1.3490E+01  1.4486E+03  8.2291E+00  1.4568E+03  0.000E-01  4.588E-01
2.7160195E+00 5.68219E+01  1.3398E+01  1.4316E+03  8.2172E+00  1.4398E+03  0.000E-01  4.565E-01
2.7295996E+00 5.68437E+01  1.3305E+01  1.4146E+03  8.2052E+00  1.4228E+03  0.000E-01  4.542E-01
2.7432476E+00 5.68650E+01  1.3213E+01  1.3978E+03  8.1930E+00  1.4060E+03  0.000E-01  4.520E-01
2.7569638E+00 5.68858E+01  1.3121E+01  1.3812E+03  8.1808E+00  1.3894E+03  0.000E-01  4.497E-01
2.7707486E+00 5.69061E+01  1.3031E+01  1.3649E+03  8.1685E+00  1.3730E+03  0.000E-01  4.475E-01
2.7846024E+00 5.69259E+01  1.2941E+01  1.3487E+03  8.1560E+00  1.3568E+03  0.000E-01  4.452E-01
2.7985254E+00 5.69453E+01  1.2852E+01  1.3327E+03  8.1435E+00  1.3409E+03  0.000E-01  4.430E-01
2.8125180E+00 5.69644E+01  1.2763E+01  1.3170E+03  8.1308E+00  1.3251E+03  0.000E-01  4.408E-01
2.8265806E+00 5.69831E+01  1.2676E+01  1.3014E+03  8.1181E+00  1.3095E+03  0.000E-01  4.386E-01
2.8407135E+00 5.70015E+01  1.2589E+01  1.2861E+03  8.1052E+00  1.2942E+03  0.000E-01  4.365E-01
2.8549171E+00 5.70196E+01  1.2502E+01  1.2709E+03  8.0923E+00  1.2790E+03  0.000E-01  4.343E-01
2.8691917E+00 5.70375E+01  1.2417E+01  1.2559E+03  8.0792E+00  1.2640E+03  0.000E-01  4.321E-01
2.8835376E+00 5.70553E+01  1.2332E+01  1.2411E+03  8.0660E+00  1.2492E+03  0.000E-01  4.300E-01
2.8979553E+00 5.70730E+01  1.2247E+01  1.2265E+03  8.0528E+00  1.2345E+03  0.000E-01  4.278E-01
2.9124451E+00 5.70906E+01  1.2164E+01  1.2121E+03  8.0394E+00  1.2201E+03  0.000E-01  4.257E-01
2.9270073E+00 5.71082E+01  1.2081E+01  1.1978E+03  8.0260E+00  1.2058E+03  0.000E-01  4.236E-01
2.9416424E+00 5.71260E+01  1.1999E+01  1.1838E+03  8.0124E+00  1.1918E+03  0.000E-01  4.215E-01
2.9563506E+00 5.71955E+01  1.1916E+01  1.1698E+03  7.9988E+00  1.1778E+03  0.000E-01  4.194E-01
2.9711323E+00 5.72142E+01  1.1835E+01  1.1560E+03  7.9851E+00  1.1639E+03  0.000E-01  4.173E-01
2.9859880E+00 5.72332E+01  1.1753E+01  1.1423E+03  7.9712E+00  1.1503E+03  0.000E-01  4.152E-01
3.0009179E+00 5.72688E+01  1.1672E+01  1.1288E+03  7.9573E+00  1.1367E+03  0.000E-01  4.132E-01
3.0159225E+00 5.73099E+01  1.1578E+01  1.1141E+03  7.9433E+00  1.1221E+03  0.000E-01  4.111E-01
3.0310021E+00 5.73283E+01  1.1485E+01  1.0997E+03  7.9292E+00  1.1076E+03  0.000E-01  4.091E-01
3.0461571E+00 5.73431E+01  1.1393E+01  1.0854E+03  7.9150E+00  1.0933E+03  0.000E-01  4.070E-01
3.0613879E+00 5.73556E+01  1.1302E+01  1.0714E+03  7.9007E+00  1.0793E+03  0.000E-01  4.050E-01
3.0766949E+00 5.73663E+01  1.1211E+01  1.0575E+03  7.8863E+00  1.0654E+03  0.000E-01  4.030E-01
3.0920783E+00 5.73755E+01  1.1121E+01  1.0438E+03  7.8718E+00  1.0517E+03  0.000E-01  4.010E-01
3.1075387E+00 5.73833E+01  1.1033E+01  1.0303E+03  7.8572E+00  1.0382E+03  0.000E-01  3.990E-01
3.1230764E+00 5.73900E+01  1.0945E+01  1.0170E+03  7.8426E+00  1.0249E+03  0.000E-01  3.970E-01
3.1386918E+00 5.73956E+01  1.0857E+01  1.0039E+03  7.8278E+00  1.0117E+03  0.000E-01  3.950E-01
3.1543853E+00 5.74003E+01  1.0771E+01  9.9093E+02  7.8130E+00  9.9874E+02  0.000E-01  3.931E-01
3.1701572E+00 5.74040E+01  1.0685E+01  9.7815E+02  7.7981E+00  9.8595E+02  0.000E-01  3.911E-01
3.1860080E+00 5.74069E+01  1.0600E+01  9.6555E+02  7.7831E+00  9.7333E+02  0.000E-01  3.892E-01
3.2019380E+00 5.74090E+01  1.0516E+01  9.5312E+02  7.7680E+00  9.6089E+02  0.000E-01  3.872E-01
3.2179477E+00 5.74104E+01  1.0433E+01  9.4086E+02  7.7528E+00  9.4861E+02  0.000E-01  3.853E-01
3.2340374E+00 5.74111E+01  1.0350E+01  9.2876E+02  7.7376E+00  9.3649E+02  0.000E-01  3.834E-01
3.2502076E+00 5.74112E+01  1.0268E+01  9.1682E+02  7.7222E+00  9.2454E+02  0.000E-01  3.815E-01
3.2664587E+00 5.74106E+01  1.0187E+01  9.0505E+02  7.7068E+00  9.1276E+02  0.000E-01  3.796E-01
3.2827910E+00 5.74093E+01  1.0106E+01  8.9343E+02  7.6913E+00  9.0112E+02  0.000E-01  3.777E-01
3.2992049E+00 5.74285E+01  1.0026E+01  8.8195E+02  7.6757E+00  8.8963E+02  0.000E-01  3.758E-01
3.3157009E+00 5.74263E+01  9.9467E+00  8.7059E+02  7.6601E+00  8.7825E+02  0.000E-01  3.739E-01
3.3322794E+00 5.74234E+01  9.8677E+00  8.5938E+02  7.6443E+00  8.6703E+02  0.000E-01  3.721E-01
3.3489408E+00 5.74200E+01  9.7894E+00  8.4832E+02  7.6285E+00  8.5595E+02  0.000E-01  3.702E-01
3.3656856E+00 5.74160E+01  9.7119E+00  8.3741E+02  7.6126E+00  8.4503E+02  0.000E-01  3.684E-01
3.3825140E+00 5.74114E+01  9.6350E+00  8.2665E+02  7.5966E+00  8.3425E+02  0.000E-01  3.665E-01
3.3994265E+00 5.74063E+01  9.5588E+00  8.1604E+02  7.5806E+00  8.2362E+02  0.000E-01  3.647E-01
3.4164237E+00 5.74007E+01  9.4833E+00  8.0556E+02  7.5644E+00  8.1313E+02  0.000E-01  3.629E-01
3.4335058E+00 5.73946E+01  9.4084E+00  7.9523E+02  7.5482E+00  8.0278E+02  0.000E-01  3.611E-01
3.4506733E+00 5.73880E+01  9.3343E+00  7.8503E+02  7.5320E+00  7.9256E+02  0.000E-01  3.593E-01
3.4679267E+00 5.73809E+01  9.2607E+00  7.7497E+02  7.5156E+00  7.8249E+02  0.000E-01  3.575E-01
3.4852663E+00 5.73734E+01  9.1879E+00  7.6505E+02  7.4992E+00  7.7255E+02  0.000E-01  3.557E-01
3.5026927E+00 5.73654E+01  9.1157E+00  7.5526E+02  7.4827E+00  7.6274E+02  0.000E-01  3.540E-01
3.5202061E+00 5.73569E+01  9.0441E+00  7.4560E+02  7.4661E+00  7.5307E+02  0.000E-01  3.522E-01
3.5378072E+00 5.73481E+01  8.9731E+00  7.3607E+02  7.4495E+00  7.4352E+02  0.000E-01  3.505E-01
3.5554962E+00 5.73388E+01  8.9028E+00  7.2667E+02  7.4328E+00  7.3410E+02  0.000E-01  3.487E-01
3.5732737E+00 5.73291E+01  8.8331E+00  7.1739E+02  7.4160E+00  7.2481E+02  0.000E-01  3.470E-01
3.5911400E+00 5.73189E+01  8.7640E+00  7.0824E+02  7.3991E+00  7.1564E+02  0.000E-01  3.453E-01
3.6090957E+00 5.73084E+01  8.6955E+00  6.9921E+02  7.3822E+00  7.0660E+02  0.000E-01  3.435E-01
3.6271412E+00 5.72975E+01  8.6277E+00  6.9030E+02  7.3652E+00  6.9767E+02  0.000E-01  3.418E-01
3.6452769E+00 5.72862E+01  8.5604E+00  6.8151E+02  7.3482E+00  6.8886E+02  0.000E-01  3.401E-01
3.6635033E+00 5.72745E+01  8.4937E+00  6.7284E+02  7.3311E+00  6.8017E+02  0.000E-01  3.384E-01
3.6818208E+00 5.72625E+01  8.4276E+00  6.6428E+02  7.3139E+00  6.7160E+02  0.000E-01  3.367E-01
3.7002299E+00 5.72500E+01  8.3621E+00  6.5584E+02  7.2967E+00  6.6314E+02  0.000E-01  3.351E-01
3.7187311E+00 5.72373E+01  8.2972E+00  6.4751E+02  7.2794E+00  6.5479E+02  0.000E-01  3.334E-01
3.7373247E+00 5.72241E+01  8.2328E+00  6.3929E+02  7.2620E+00  6.4655E+02  0.000E-01  3.317E-01
3.7560114E+00 5.72106E+01  8.1690E+00  6.3118E+02  7.2445E+00  6.3842E+02  0.000E-01  3.301E-01
3.7747914E+00 5.71967E+01  8.1057E+00  6.2318E+02  7.2271E+00  6.3040E+02  0.000E-01  3.285E-01
3.7936654E+00 5.71825E+01  8.0431E+00  6.1528E+02  7.2095E+00  6.2249E+02  0.000E-01  3.268E-01
3.8126337E+00 5.71679E+01  7.9809E+00  6.0749E+02  7.1919E+00  6.1468E+02  0.000E-01  3.252E-01
3.8316969E+00 5.71530E+01  7.9193E+00  5.9980E+02  7.1742E+00  6.0698E+02  0.000E-01  3.236E-01
3.8508554E+00 5.71378E+01  7.8582E+00  5.9221E+02  7.1565E+00  5.9937E+02  0.000E-01  3.220E-01
3.8701096E+00 5.71222E+01  7.7977E+00  5.8473E+02  7.1387E+00  5.9187E+02  0.000E-01  3.204E-01
3.8894602E+00 5.71063E+01  7.7377E+00  5.7734E+02  7.1209E+00  5.8446E+02  0.000E-01  3.188E-01
3.9089075E+00 5.70901E+01  7.6782E+00  5.7005E+02  7.1030E+00  5.7716E+02  0.000E-01  3.172E-01
3.9284520E+00 5.70735E+01  7.6193E+00  5.6286E+02  7.0850E+00  5.6995E+02  0.000E-01  3.156E-01
3.9480943E+00 5.70566E+01  7.5608E+00  5.5577E+02  7.0670E+00  5.6283E+02  0.000E-01  3.140E-01
3.9678347E+00 5.70393E+01  7.5029E+00  5.4876E+02  7.0489E+00  5.5581E+02  0.000E-01  3.125E-01
3.9876739E+00 5.70217E+01  7.4454E+00  5.4185E+02  7.0308E+00  5.4888E+02  0.000E-01  3.109E-01
4.055024E+00  5.72709E+01  7.2561E+00  5.1931E+02  6.9990E+00  5.2631E+02  0.000E+00  3.058E-01
4.334821E+00  5.69459E+01  6.5544E+00  4.3881E+02  6.7516E+00  4.4556E+02  0.000E+00  2.860E-01
4.633924E+00  5.65589E+01  5.9072E+00  3.6995E+02  6.4971E+00  3.7645E+02  0.000E+00  2.676E-01
4.953664E+00  5.60639E+01  5.3120E+00  3.1120E+02  6.2371E+00  3.1744E+02  0.000E+00  2.503E-01
5.295467E+00  5.54141E+01  4.7850E+00  2.6223E+02  5.9734E+00  2.6820E+02  0.000E+00  2.341E-01
5.660855E+00  5.44933E+01  4.3185E+00  2.2139E+02  5.7076E+00  2.2710E+02  0.000E+00  2.190E-01
6.051453E+00  5.29075E+01  3.8956E+00  1.8682E+02  5.4411E+00  1.9226E+02  0.000E+00  2.049E-01
6.330114E+00  5.02829E+01  3.6294E+00  1.6639E+02  5.2616E+00  1.7165E+02  0.000E+00  1.959E-01
6.427004E+00  4.71930E+01  3.5428E+00  1.5998E+02  5.2013E+00  1.6518E+02  0.000E+00  1.929E-01
6.452841E+00  4.36091E+01  3.5200E+00  1.5831E+02  5.1853E+00  1.6350E+02  0.000E+00  1.921E-01
6.469004E+00  4.44402E+01  1.0534E+01  4.7257E+02  5.1754E+00  4.7775E+02  0.000E+00  1.917E-01
6.491597E+00  4.71568E+01  1.0459E+01  4.6756E+02  5.1616E+00  4.7272E+02  0.000E+00  1.910E-01
6.588486E+00  5.02049E+01  1.0145E+01  4.4688E+02  5.1028E+00  4.5198E+02  0.000E+00  1.882E-01
6.872544E+00  5.17067E+01  9.3341E+00  3.9416E+02  4.9362E+00  3.9910E+02  0.000E+00  1.804E-01
6.915365E+00  5.15211E+01  9.2306E+00  3.8737E+02  4.9118E+00  3.9228E+02  0.000E+00  1.793E-01
6.977736E+00  5.06636E+01  9.0844E+00  3.7783E+02  4.8765E+00  3.8271E+02  0.000E+00  1.777E-01
7.005787E+00  4.89754E+01  9.0205E+00  3.7366E+02  4.8608E+00  3.7852E+02  0.000E+00  1.770E-01
7.047864E+00  5.09205E+01  1.2435E+01  5.1203E+02  4.8374E+00  5.1687E+02  0.000E+00  1.759E-01
7.153056E+00  5.27796E+01  1.2089E+01  4.9046E+02  4.7795E+00  4.9524E+02  0.000E+00  1.733E-01
7.279342E+00  5.36031E+01  1.1696E+01  4.6628E+02  4.7113E+00  4.7099E+02  0.000E+00  1.703E-01
7.392525E+00  5.35120E+01  1.1369E+01  4.4633E+02  4.6515E+00  4.5098E+02  0.000E+00  1.677E-01
7.420472E+00  5.27858E+01  1.1295E+01  4.4176E+02  4.6369E+00  4.4640E+02  0.000E+00  1.671E-01
7.465039E+00  5.38921E+01  1.2942E+01  5.0314E+02  4.6138E+00  5.0775E+02  0.000E+00  1.661E-01
7.576458E+00  5.51658E+01  1.2650E+01  4.8456E+02  4.5567E+00  4.8912E+02  0.000E+00  1.636E-01
7.902609E+00  5.68936E+01  1.1871E+01  4.3594E+02  4.3957E+00  4.4034E+02  0.000E+00  1.569E-01
8.447890E+00  5.84739E+01  1.0736E+01  3.6882E+02  4.1453E+00  3.7297E+02  0.000E+00  1.468E-01
9.030794E+00  5.95133E+01  9.6674E+00  3.1067E+02  3.9012E+00  3.1457E+02  0.000E+00  1.373E-01
9.653919E+00  6.02080E+01  8.6411E+00  2.5976E+02  3.6642E+00  2.6342E+02  0.000E+00  1.284E-01
1.032004E+01  6.06562E+01  7.7194E+00  2.1708E+02  3.4350E+00  2.2052E+02  0.000E+00  1.201E-01
1.103212E+01  6.09484E+01  6.9021E+00  1.8156E+02  3.2141E+00  1.8477E+02  0.000E+00  1.124E-01
1.179334E+01  6.11371E+01  6.1767E+00  1.5200E+02  3.0018E+00  1.5500E+02  0.000E+00  1.051E-01
1.260708E+01  6.12555E+01  5.5326E+00  1.2736E+02  2.7987E+00  1.3016E+02  0.000E+00  9.834E-02
1.347697E+01  6.13937E+01  4.9456E+00  1.0650E+02  2.6048E+00  1.0910E+02  0.000E+00  9.200E-02
1.440688E+01  6.14520E+01  4.4134E+00  8.8903E+01  2.4204E+00  9.1323E+01  0.000E+00  8.606E-02
1.540095E+01  6.14702E+01  3.9290E+00  7.4037E+01  2.2455E+00  7.6282E+01  0.000E+00  8.050E-02
1.646362E+01  6.14233E+01  3.4954E+00  6.1614E+01  2.0802E+00  6.3694E+01  0.000E+00  7.531E-02
1.759961E+01  6.13558E+01  3.1123E+00  5.1320E+01  1.9243E+00  5.3244E+01  0.000E+00  7.045E-02
1.881398E+01  6.12751E+01  2.7736E+00  4.2784E+01  1.7777E+00  4.4562E+01  0.000E+00  6.590E-02
2.011215E+01  6.11858E+01  2.4740E+00  3.5699E+01  1.6403E+00  3.7339E+01  0.000E+00  6.165E-02
2.149988E+01  6.10911E+01  2.2088E+00  2.9814E+01  1.5117E+00  3.1326E+01  0.000E+00  5.767E-02
2.298338E+01  6.09926E+01  1.9735E+00  2.4919E+01  1.3918E+00  2.6311E+01  0.000E+00  5.395E-02
2.456923E+01  6.08916E+01  1.7648E+00  2.0845E+01  1.2802E+00  2.2125E+01  0.000E+00  5.046E-02
2.626450E+01  6.07901E+01  1.5796E+00  1.7454E+01  1.1766E+00  1.8631E+01  0.000E+00  4.721E-02
2.807676E+01  6.06889E+01  1.4043E+00  1.4516E+01  1.0806E+00  1.5597E+01  0.000E+00  4.416E-02
3.001405E+01  6.05693E+01  1.2431E+00  1.2019E+01  9.9195E-01  1.3011E+01  0.000E+00  4.131E-02
3.208502E+01  6.04331E+01  1.1000E+00  9.9491E+00  9.1018E-01  1.0859E+01  0.000E+00  3.864E-02
3.429889E+01  6.02729E+01  9.6981E-01  8.2058E+00  8.3495E-01  9.0407E+00  0.000E+00  3.615E-02
3.666551E+01  6.00727E+01  8.5514E-01  6.7684E+00  7.6586E-01  7.5343E+00  0.000E+00  3.381E-02
3.919543E+01  5.97978E+01  7.5440E-01  5.5857E+00  7.0255E-01  6.2882E+00  0.000E+00  3.163E-02
4.189992E+01  5.93350E+01  6.6606E-01  4.6133E+00  6.4463E-01  5.2579E+00  0.000E+00  2.959E-02
4.428032E+01  5.82962E+01  6.0115E-01  3.9399E+00  6.0049E-01  4.5404E+00  0.000E+00  2.800E-02
4.479101E+01  5.75906E+01  5.8853E-01  3.8132E+00  5.9174E-01  4.4049E+00  0.000E+00  2.768E-02
4.495808E+01  5.71110E+01  5.8449E-01  3.7730E+00  5.8893E-01  4.3619E+00  0.000E+00  2.758E-02
4.513881E+01  5.56908E+01  5.8017E-01  3.7301E+00  5.8592E-01  4.3160E+00  0.000E+00  2.747E-02
4.540992E+01  5.71266E+01  3.3700E+00  2.1537E+01  5.8146E-01  2.2118E+01  1.787E+01  2.730E-02
4.608768E+01  5.84243E+01  3.2928E+00  2.0734E+01  5.7057E-01  2.1305E+01  1.722E+01  2.690E-02
4.788159E+01  5.94838E+01  3.1007E+00  1.8793E+01  5.4353E-01  1.9337E+01  1.564E+01  2.589E-02
5.118542E+01  6.02477E+01  2.7819E+00  1.5773E+01  4.9966E-01  1.6273E+01  1.316E+01  2.422E-02
5.471721E+01  6.06492E+01  2.4927E+00  1.3221E+01  4.5978E-01  1.3681E+01  1.106E+01  2.266E-02
5.849270E+01  6.09005E+01  2.2324E+00  1.1076E+01  4.2360E-01  1.1500E+01  9.282E+00  2.120E-02
6.252870E+01  6.10674E+01  1.9950E+00  9.2594E+00  3.9080E-01  9.6502E+00  7.771E+00  1.983E-02
6.684318E+01  6.11788E+01  1.7825E+00  7.7388E+00  3.6110E-01  8.0999E+00  6.503E+00  1.855E-02
7.145536E+01  6.12539E+01  1.5924E+00  6.4675E+00  3.3424E-01  6.8017E+00  5.441E+00  1.735E-02
7.638578E+01  6.13038E+01  1.4225E+00  5.4046E+00  3.0996E-01  5.7146E+00  4.551E+00  1.623E-02
8.165640E+01  6.13369E+01  1.2691E+00  4.5102E+00  2.8803E-01  4.7982E+00  3.802E+00  1.518E-02
8.729069E+01  6.13547E+01  1.1288E+00  3.7529E+00  2.6823E-01  4.0211E+00  3.169E+00  1.420E-02
9.331374E+01  6.13914E+01  1.0024E+00  3.1174E+00  2.5035E-01  3.3678E+00  2.636E+00  1.329E-02
9.975239E+01  6.13874E+01  8.8835E-01  2.5845E+00  2.3420E-01  2.8187E+00  2.187E+00  1.243E-02
1.066353E+02  6.13770E+01  7.8738E-01  2.1429E+00  2.1962E-01  2.3625E+00  1.815E+00  1.163E-02
1.139931E+02  6.13625E+01  6.9796E-01  1.7769E+00  2.0643E-01  1.9833E+00  1.506E+00  1.088E-02
1.218587E+02  6.13452E+01  6.1874E-01  1.4736E+00  1.9450E-01  1.6681E+00  1.249E+00  1.017E-02
1.302669E+02  6.13264E+01  5.4857E-01  1.2221E+00  1.8369E-01  1.4058E+00  1.037E+00  9.518E-03
1.392553E+02  6.13067E+01  4.8639E-01  1.0136E+00  1.7388E-01  1.1875E+00  8.601E-01  8.903E-03
1.488640E+02  6.12867E+01  4.3129E-01  8.4080E-01  1.6495E-01  1.0058E+00  7.136E-01  8.329E-03
1.591356E+02  6.12669E+01  3.8247E-01  6.9749E-01  1.5682E-01  8.5431E-01  5.921E-01  7.791E-03
1.701159E+02  6.12475E+01  3.3920E-01  5.7865E-01  1.4938E-01  7.2803E-01  4.913E-01  7.288E-03
1.818539E+02  6.12287E+01  3.0084E-01  4.8009E-01  1.4256E-01  6.2265E-01  4.076E-01  6.818E-03
1.944018E+02  6.12105E+01  2.6684E-01  3.9835E-01  1.3628E-01  5.3463E-01  3.382E-01  6.378E-03
2.078156E+02  6.11934E+01  2.3733E-01  3.3143E-01  1.3047E-01  4.6190E-01  2.815E-01  5.966E-03
2.221548E+02  6.11775E+01  2.1117E-01  2.7586E-01  1.2509E-01  4.0095E-01  2.344E-01  5.581E-03
2.374835E+02  6.11627E+01  1.8790E-01  2.2962E-01  1.2008E-01  3.4970E-01  1.952E-01  5.221E-03
2.538699E+02  6.11489E+01  1.6721E-01  1.9114E-01  1.1540E-01  3.0654E-01  1.625E-01  4.884E-03
2.713869E+02  6.11362E+01  1.4880E-01  1.5912E-01  1.1099E-01  2.7011E-01  1.353E-01  4.569E-03
2.901126E+02  6.11244E+01  1.3243E-01  1.3247E-01  1.0684E-01  2.3931E-01  1.127E-01  4.274E-03
3.101304E+02  6.11135E+01  1.1786E-01  1.1029E-01  1.0291E-01  2.1320E-01  9.381E-02  3.998E-03
3.315294E+02  6.11035E+01  1.0491E-01  9.1832E-02  9.9162E-02  1.9099E-01  7.811E-02  3.740E-03
3.544049E+02  6.10942E+01  9.3380E-02  7.6466E-02  9.5587E-02  1.7205E-01  6.504E-02  3.498E-03
3.788588E+02  6.10857E+01  8.3124E-02  6.3674E-02  9.2161E-02  1.5584E-01  5.416E-02  3.273E-03
4.050001E+02  6.10779E+01  7.3998E-02  5.3024E-02  8.8867E-02  1.4189E-01  4.509E-02  3.061E-03
4.329451E+02  6.10707E+01  6.5877E-02  4.4158E-02  8.5690E-02  1.2985E-01  3.755E-02  2.864E-03


