1.0001211E+00 5.00219E+01  1.6298E+01  3.6826E+03  9.6354E+00  3.6922E+03  0.000E-01  1.240E+00
1.0051217E+00 5.00610E+01  1.6208E+01  3.6441E+03  9.6540E+00  3.6537E+03  0.000E-01  1.234E+00
1.0101473E+00 5.00969E+01  1.6118E+01  3.6060E+03  9.6725E+00  3.6156E+03  0.000E-01  1.227E+00
1.0151980E+00 5.01305E+01  1.6030E+01  3.5683E+03  9.6909E+00  3.5780E+03  0.000E-01  1.221E+00
1.0202740E+00 5.01623E+01  1.5942E+01  3.5310E+03  9.7091E+00  3.5407E+03  0.000E-01  1.215E+00
1.0253754E+00 5.01926E+01  1.5854E+01  3.4941E+03  9.7272E+00  3.5039E+03  0.000E-01  1.209E+00
1.0305023E+00 5.02215E+01  1.5767E+01  3.4577E+03  9.7451E+00  3.4674E+03  0.000E-01  1.203E+00
1.0356548E+00 5.02493E+01  1.5681E+01  3.4217E+03  9.7629E+00  3.4314E+03  0.000E-01  1.197E+00
1.0408331E+00 5.02761E+01  1.5595E+01  3.3860E+03  9.7806E+00  3.3958E+03  0.000E-01  1.191E+00
1.0460372E+00 5.03014E+01  1.5499E+01  3.3484E+03  9.7982E+00  3.3582E+03  0.000E-01  1.185E+00
1.0512674E+00 5.03249E+01  1.5404E+01  3.3113E+03  9.8156E+00  3.3211E+03  0.000E-01  1.179E+00
1.0565238E+00 5.03467E+01  1.5309E+01  3.2746E+03  9.8328E+00  3.2844E+03  0.000E-01  1.174E+00
1.0618064E+00 5.03668E+01  1.5215E+01  3.2382E+03  9.8500E+00  3.2481E+03  0.000E-01  1.168E+00
1.0671154E+00 5.03853E+01  1.5121E+01  3.2023E+03  9.8670E+00  3.2122E+03  0.000E-01  1.162E+00
1.0724510E+00 5.04022E+01  1.5029E+01  3.1669E+03  9.8838E+00  3.1768E+03  0.000E-01  1.156E+00
1.0778132E+00 5.04177E+01  1.4937E+01  3.1318E+03  9.9005E+00  3.1417E+03  0.000E-01  1.150E+00
1.0832023E+00 5.04316E+01  1.4846E+01  3.0973E+03  9.9171E+00  3.1072E+03  0.000E-01  1.145E+00
1.0886183E+00 5.04442E+01  1.4755E+01  3.0631E+03  9.9335E+00  3.0730E+03  0.000E-01  1.139E+00
1.0940614E+00 5.04554E+01  1.4666E+01  3.0293E+03  9.9498E+00  3.0393E+03  0.000E-01  1.133E+00
1.0995317E+00 5.04650E+01  1.4571E+01  2.9947E+03  9.9660E+00  3.0047E+03  0.000E-01  1.128E+00
1.1050294E+00 5.04729E+01  1.4476E+01  2.9604E+03  9.9820E+00  2.9704E+03  0.000E-01  1.122E+00
1.1105545E+00 5.04790E+01  1.4382E+01  2.9265E+03  9.9978E+00  2.9365E+03  0.000E-01  1.116E+00
1.1161073E+00 5.04833E+01  1.4288E+01  2.8930E+03  1.0014E+01  2.9030E+03  0.000E-01  1.111E+00
1.1216878E+00 5.04859E+01  1.4195E+01  2.8600E+03  1.0029E+01  2.8700E+03  0.000E-01  1.105E+00
1.1272963E+00 5.04869E+01  1.4104E+01  2.8273E+03  1.0045E+01  2.8374E+03  0.000E-01  1.100E+00
1.1329328E+00 5.04862E+01  1.4013E+01  2.7951E+03  1.0060E+01  2.8052E+03  0.000E-01  1.094E+00
1.1385974E+00 5.04839E+01  1.3922E+01  2.7633E+03  1.0075E+01  2.7734E+03  0.000E-01  1.089E+00
1.1442904E+00 5.04801E+01  1.3833E+01  2.7319E+03  1.0090E+01  2.7420E+03  0.000E-01  1.084E+00
1.1500119E+00 5.04747E+01  1.3744E+01  2.7009E+03  1.0105E+01  2.7110E+03  0.000E-01  1.078E+00
1.1557619E+00 5.04678E+01  1.3656E+01  2.6702E+03  1.0119E+01  2.6804E+03  0.000E-01  1.073E+00
1.1615407E+00 5.04594E+01  1.3569E+01  2.6400E+03  1.0134E+01  2.6501E+03  0.000E-01  1.067E+00
1.1673484E+00 5.04495E+01  1.3483E+01  2.6101E+03  1.0148E+01  2.6203E+03  0.000E-01  1.062E+00
1.1731852E+00 5.04381E+01  1.3397E+01  2.5806E+03  1.0163E+01  2.5908E+03  0.000E-01  1.057E+00
1.1790511E+00 5.04252E+01  1.3312E+01  2.5515E+03  1.0177E+01  2.5617E+03  0.000E-01  1.052E+00
1.1849464E+00 5.04109E+01  1.3228E+01  2.5228E+03  1.0191E+01  2.5330E+03  0.000E-01  1.046E+00
1.1908711E+00 5.03951E+01  1.3144E+01  2.4944E+03  1.0204E+01  2.5046E+03  0.000E-01  1.041E+00
1.1968254E+00 5.03779E+01  1.3062E+01  2.4663E+03  1.0218E+01  2.4765E+03  0.000E-01  1.036E+00
1.2028096E+00 5.03593E+01  1.2980E+01  2.4386E+03  1.0231E+01  2.4489E+03  0.000E-01  1.031E+00
1.2088236E+00 5.03392E+01  1.2898E+01  2.4113E+03  1.0245E+01  2.4215E+03  0.000E-01  1.026E+00
1.2148677E+00 5.03177E+01  1.2817E+01  2.3843E+03  1.0258E+01  2.3945E+03  0.000E-01  1.021E+00
1.2209421E+00 5.02948E+01  1.2737E+01  2.3576E+03  1.0271E+01  2.3679E+03  0.000E-01  1.015E+00
1.2270468E+00 5.02704E+01  1.2658E+01  2.3313E+03  1.0284E+01  2.3415E+03  0.000E-01  1.010E+00
1.2331820E+00 5.02446E+01  1.2579E+01  2.3052E+03  1.0296E+01  2.3155E+03  0.000E-01  1.005E+00
1.2393479E+00 5.02173E+01  1.2501E+01  2.2795E+03  1.0309E+01  2.2899E+03  0.000E-01  1.000E+00
1.2455447E+00 5.01886E+01  1.2424E+01  2.2542E+03  1.0321E+01  2.2645E+03  0.000E-01  9.954E-01
1.2517724E+00 5.01584E+01  1.2347E+01  2.2291E+03  1.0334E+01  2.2394E+03  0.000E-01  9.905E-01
1.2580312E+00 5.01268E+01  1.2271E+01  2.2043E+03  1.0346E+01  2.2147E+03  0.000E-01  9.855E-01
1.2643214E+00 5.00936E+01  1.2196E+01  2.1799E+03  1.0357E+01  2.1903E+03  0.000E-01  9.806E-01
1.2706430E+00 5.00590E+01  1.2121E+01  2.1557E+03  1.0369E+01  2.1661E+03  0.000E-01  9.758E-01
1.2769962E+00 5.00229E+01  1.2047E+01  2.1319E+03  1.0381E+01  2.1423E+03  0.000E-01  9.709E-01
1.2833812E+00 4.99853E+01  1.1973E+01  2.1083E+03  1.0392E+01  2.1187E+03  0.000E-01  9.661E-01
1.2897981E+00 4.99461E+01  1.1900E+01  2.0851E+03  1.0403E+01  2.0955E+03  0.000E-01  9.613E-01
1.2962471E+00 4.99054E+01  1.1828E+01  2.0621E+03  1.0415E+01  2.0725E+03  0.000E-01  9.565E-01
1.3027283E+00 4.98630E+01  1.1756E+01  2.0394E+03  1.0425E+01  2.0498E+03  0.000E-01  9.517E-01
1.3092420E+00 4.98191E+01  1.1685E+01  2.0170E+03  1.0436E+01  2.0274E+03  0.000E-01  9.470E-01
1.3157882E+00 4.97736E+01  1.1615E+01  1.9948E+03  1.0447E+01  2.0052E+03  0.000E-01  9.423E-01
1.3223671E+00 4.97263E+01  1.1545E+01  1.9729E+03  1.0457E+01  1.9834E+03  0.000E-01  9.376E-01
1.3289790E+00 4.96775E+01  1.1475E+01  1.9513E+03  1.0468E+01  1.9618E+03  0.000E-01  9.329E-01
1.3356239E+00 4.96284E+01  1.1406E+01  1.9299E+03  1.0478E+01  1.9404E+03  0.000E-01  9.283E-01
1.3423020E+00 4.95761E+01  1.1338E+01  1.9089E+03  1.0488E+01  1.9193E+03  0.000E-01  9.237E-01
1.3490135E+00 4.95220E+01  1.1270E+01  1.8880E+03  1.0497E+01  1.8985E+03  0.000E-01  9.191E-01
1.3557586E+00 4.94661E+01  1.1203E+01  1.8674E+03  1.0507E+01  1.8779E+03  0.000E-01  9.145E-01
1.3625374E+00 4.94083E+01  1.1137E+01  1.8471E+03  1.0517E+01  1.8576E+03  0.000E-01  9.100E-01
1.3693500E+00 4.93487E+01  1.1071E+01  1.8270E+03  1.0526E+01  1.8375E+03  0.000E-01  9.054E-01
1.3761968E+00 4.92871E+01  1.1005E+01  1.8072E+03  1.0535E+01  1.8177E+03  0.000E-01  9.009E-01
1.3830778E+00 4.92235E+01  1.0940E+01  1.7875E+03  1.0544E+01  1.7981E+03  0.000E-01  8.964E-01
1.3899932E+00 4.91578E+01  1.0876E+01  1.7682E+03  1.0553E+01  1.7787E+03  0.000E-01  8.920E-01
1.3969431E+00 4.90900E+01  1.0812E+01  1.7490E+03  1.0561E+01  1.7596E+03  0.000E-01  8.875E-01
1.4039278E+00 4.90201E+01  1.0748E+01  1.7301E+03  1.0570E+01  1.7407E+03  0.000E-01  8.831E-01
1.4109475E+00 4.89480E+01  1.0685E+01  1.7114E+03  1.0578E+01  1.7220E+03  0.000E-01  8.787E-01
1.4180022E+00 4.88736E+01  1.0623E+01  1.6930E+03  1.0586E+01  1.7036E+03  0.000E-01  8.744E-01
1.4250922E+00 4.87969E+01  1.0561E+01  1.6748E+03  1.0594E+01  1.6853E+03  0.000E-01  8.700E-01
1.4322177E+00 4.87177E+01  1.0500E+01  1.6567E+03  1.0602E+01  1.6673E+03  0.000E-01  8.657E-01
1.4393788E+00 4.86360E+01  1.0439E+01  1.6389E+03  1.0610E+01  1.6495E+03  0.000E-01  8.614E-01
1.4465757E+00 4.85518E+01  1.0378E+01  1.6213E+03  1.0617E+01  1.6320E+03  0.000E-01  8.571E-01
1.4538086E+00 4.84648E+01  1.0319E+01  1.6040E+03  1.0624E+01  1.6146E+03  0.000E-01  8.528E-01
1.4610776E+00 4.83751E+01  1.0259E+01  1.5868E+03  1.0632E+01  1.5974E+03  0.000E-01  8.486E-01
1.4683830E+00 4.82826E+01  1.0200E+01  1.5698E+03  1.0639E+01  1.5805E+03  0.000E-01  8.444E-01
1.4757249E+00 4.81871E+01  1.0142E+01  1.5530E+03  1.0645E+01  1.5637E+03  0.000E-01  8.402E-01
1.4831035E+00 4.80885E+01  1.0084E+01  1.5365E+03  1.0652E+01  1.5471E+03  0.000E-01  8.360E-01
1.4905190E+00 4.79867E+01  1.0026E+01  1.5201E+03  1.0658E+01  1.5308E+03  0.000E-01  8.318E-01
1.4979716E+00 4.78815E+01  9.9689E+00  1.5039E+03  1.0665E+01  1.5146E+03  0.000E-01  8.277E-01
1.5054615E+00 4.77729E+01  9.9123E+00  1.4879E+03  1.0671E+01  1.4986E+03  0.000E-01  8.236E-01
1.5129888E+00 4.76607E+01  9.8561E+00  1.4721E+03  1.0677E+01  1.4828E+03  0.000E-01  8.195E-01
1.5205537E+00 4.75447E+01  9.8003E+00  1.4565E+03  1.0682E+01  1.4672E+03  0.000E-01  8.154E-01
1.5281565E+00 4.74247E+01  9.7450E+00  1.4411E+03  1.0688E+01  1.4518E+03  0.000E-01  8.113E-01
1.5357973E+00 4.73007E+01  9.6901E+00  1.4259E+03  1.0694E+01  1.4366E+03  0.000E-01  8.073E-01
1.5434763E+00 4.71723E+01  9.6356E+00  1.4108E+03  1.0699E+01  1.4215E+03  0.000E-01  8.033E-01
1.5511937E+00 4.70393E+01  9.5816E+00  1.3959E+03  1.0704E+01  1.4066E+03  0.000E-01  7.993E-01
1.5589496E+00 4.69051E+01  9.5280E+00  1.3812E+03  1.0709E+01  1.3919E+03  0.000E-01  7.953E-01
1.5667444E+00 4.67624E+01  9.4747E+00  1.3666E+03  1.0714E+01  1.3773E+03  0.000E-01  7.913E-01
1.5745781E+00 4.66145E+01  9.4219E+00  1.3522E+03  1.0718E+01  1.3630E+03  0.000E-01  7.874E-01
1.5824510E+00 4.64609E+01  9.3695E+00  1.3380E+03  1.0722E+01  1.3488E+03  0.000E-01  7.835E-01
1.5903633E+00 4.63015E+01  9.3174E+00  1.3240E+03  1.0727E+01  1.3347E+03  0.000E-01  7.796E-01
1.5983151E+00 4.61358E+01  9.2658E+00  1.3101E+03  1.0731E+01  1.3208E+03  0.000E-01  7.757E-01
1.6063066E+00 4.59636E+01  9.2146E+00  1.2964E+03  1.0735E+01  1.3071E+03  0.000E-01  7.719E-01
1.6143382E+00 4.57843E+01  9.1638E+00  1.2828E+03  1.0738E+01  1.2936E+03  0.000E-01  7.680E-01
1.6224099E+00 4.55976E+01  9.1134E+00  1.2694E+03  1.0742E+01  1.2802E+03  0.000E-01  7.642E-01
1.6305219E+00 4.54029E+01  9.0634E+00  1.2562E+03  1.0745E+01  1.2669E+03  0.000E-01  7.604E-01
1.6386745E+00 4.51997E+01  9.0138E+00  1.2431E+03  1.0748E+01  1.2538E+03  0.000E-01  7.566E-01
1.6468679E+00 4.49874E+01  8.9645E+00  1.2301E+03  1.0752E+01  1.2409E+03  0.000E-01  7.528E-01
1.6551022E+00 4.47653E+01  8.9156E+00  1.2173E+03  1.0754E+01  1.2281E+03  0.000E-01  7.491E-01
1.6633777E+00 4.45327E+01  8.8671E+00  1.2047E+03  1.0757E+01  1.2154E+03  0.000E-01  7.454E-01
1.6716946E+00 4.42886E+01  8.8190E+00  1.1922E+03  1.0760E+01  1.2029E+03  0.000E-01  7.417E-01
1.6800531E+00 4.40323E+01  8.7712E+00  1.1798E+03  1.0762E+01  1.1906E+03  0.000E-01  7.380E-01
1.6884534E+00 4.37625E+01  8.7238E+00  1.1676E+03  1.0764E+01  1.1784E+03  0.000E-01  7.343E-01
1.6968956E+00 4.34782E+01  8.6768E+00  1.1555E+03  1.0766E+01  1.1663E+03  0.000E-01  7.307E-01
1.7053801E+00 4.31778E+01  8.6301E+00  1.1436E+03  1.0768E+01  1.1544E+03  0.000E-01  7.270E-01
1.7139070E+00 4.28598E+01  8.5838E+00  1.1318E+03  1.0770E+01  1.1426E+03  0.000E-01  7.234E-01
1.7224766E+00 4.25224E+01  8.5379E+00  1.1202E+03  1.0771E+01  1.1309E+03  0.000E-01  7.198E-01
1.7310889E+00 4.21634E+01  8.4922E+00  1.1086E+03  1.0772E+01  1.1194E+03  0.000E-01  7.162E-01
1.7397444E+00 4.17802E+01  8.4470E+00  1.0972E+03  1.0773E+01  1.1080E+03  0.000E-01  7.127E-01
1.7484431E+00 4.13698E+01  8.4020E+00  1.0860E+03  1.0774E+01  1.0967E+03  0.000E-01  7.091E-01
1.7571853E+00 4.09287E+01  8.3574E+00  1.0748E+03  1.0775E+01  1.0856E+03  0.000E-01  7.056E-01
1.7659712E+00 4.04524E+01  8.3132E+00  1.0638E+03  1.0776E+01  1.0746E+03  0.000E-01  7.021E-01
1.7748011E+00 3.99355E+01  8.2693E+00  1.0529E+03  1.0776E+01  1.0637E+03  0.000E-01  6.986E-01
1.7836751E+00 3.93712E+01  8.2243E+00  1.0420E+03  1.0777E+01  1.0528E+03  0.000E-01  6.951E-01
1.7925935E+00 3.87506E+01  8.1791E+00  1.0311E+03  1.0777E+01  1.0419E+03  0.000E-01  6.916E-01
1.8015565E+00 3.80624E+01  8.1342E+00  1.0204E+03  1.0777E+01  1.0311E+03  0.000E-01  6.882E-01
1.8105642E+00 3.72913E+01  8.0896E+00  1.0097E+03  1.0776E+01  1.0205E+03  0.000E-01  6.848E-01
1.8196171E+00 3.64161E+01  8.0454E+00  9.9920E+02  1.0776E+01  1.0100E+03  0.000E-01  6.814E-01
1.8287151E+00 3.54057E+01  8.0015E+00  9.8880E+02  1.0775E+01  9.9958E+02  0.000E-01  6.780E-01
1.8378587E+00 3.42121E+01  7.9579E+00  9.7852E+02  1.0775E+01  9.8930E+02  0.000E-01  6.746E-01
1.8470480E+00 3.27551E+01  7.9147E+00  9.6836E+02  1.0774E+01  9.7914E+02  0.000E-01  6.713E-01
1.8562833E+00 3.08827E+01  7.8717E+00  9.5832E+02  1.0773E+01  9.6909E+02  0.000E-01  6.679E-01
1.8655647E+00 2.82448E+01  7.8291E+00  9.4839E+02  1.0772E+01  9.5916E+02  0.000E-01  6.646E-01
1.8748925E+00 2.36363E+01  7.7868E+00  9.3857E+02  1.0770E+01  9.4934E+02  0.000E-01  6.613E-01
1.8825065E+00 6.36850E+00  7.7527E+00  9.3067E+02  1.0769E+01  9.4144E+02  0.000E-01  6.586E-01
1.8832935E+00 6.05504E+00  2.5555E+01  3.0665E+03  1.0769E+01  3.0773E+03  0.000E-01  6.583E-01
1.8842670E+00 1.30938E+01  2.5537E+01  3.0627E+03  1.0769E+01  3.0735E+03  0.000E-01  6.580E-01
1.8936883E+00 2.44712E+01  2.5357E+01  3.0261E+03  1.0767E+01  3.0368E+03  0.000E-01  6.547E-01
1.9031567E+00 2.75494E+01  2.5179E+01  2.9899E+03  1.0765E+01  3.0007E+03  0.000E-01  6.515E-01
1.9126725E+00 2.90524E+01  2.5003E+01  2.9541E+03  1.0763E+01  2.9649E+03  0.000E-01  6.482E-01
1.9222359E+00 2.96683E+01  2.4828E+01  2.9188E+03  1.0760E+01  2.9296E+03  0.000E-01  6.450E-01
1.9318471E+00 2.94164E+01  2.4654E+01  2.8840E+03  1.0758E+01  2.8947E+03  0.000E-01  6.418E-01
1.9415063E+00 2.74998E+01  2.4481E+01  2.8495E+03  1.0755E+01  2.8603E+03  0.000E-01  6.386E-01
1.9481516E+00 1.96941E+01  2.4364E+01  2.8262E+03  1.0754E+01  2.8369E+03  0.000E-01  6.364E-01
1.9496484E+00 1.96648E+01  3.6070E+01  4.1809E+03  1.0753E+01  4.1917E+03  0.000E-01  6.359E-01
1.9512138E+00 2.40511E+01  3.6028E+01  4.1728E+03  1.0753E+01  4.1835E+03  0.000E-01  6.354E-01
1.9609699E+00 3.11633E+01  3.5771E+01  4.1223E+03  1.0750E+01  4.1331E+03  0.000E-01  6.323E-01
1.9707747E+00 3.42046E+01  3.5515E+01  4.0725E+03  1.0747E+01  4.0832E+03  0.000E-01  6.291E-01
1.9806286E+00 3.63252E+01  3.5262E+01  4.0233E+03  1.0743E+01  4.0340E+03  0.000E-01  6.260E-01
1.9905318E+00 3.80003E+01  3.5010E+01  3.9747E+03  1.0740E+01  3.9854E+03  0.000E-01  6.229E-01
2.0004844E+00 3.94024E+01  3.4760E+01  3.9267E+03  1.0736E+01  3.9374E+03  0.000E-01  6.198E-01
2.0104868E+00 4.06159E+01  3.4512E+01  3.8793E+03  1.0733E+01  3.8900E+03  0.000E-01  6.167E-01
2.0205393E+00 4.16890E+01  3.4266E+01  3.8325E+03  1.0729E+01  3.8432E+03  0.000E-01  6.136E-01
2.0306420E+00 4.26523E+01  3.4022E+01  3.7862E+03  1.0725E+01  3.7970E+03  0.000E-01  6.106E-01
2.0407952E+00 4.35266E+01  3.3779E+01  3.7406E+03  1.0720E+01  3.7513E+03  0.000E-01  6.075E-01
2.0509992E+00 4.43268E+01  3.3539E+01  3.6954E+03  1.0716E+01  3.7062E+03  0.000E-01  6.045E-01
2.0612542E+00 4.50641E+01  3.3300E+01  3.6509E+03  1.0711E+01  3.6616E+03  0.000E-01  6.015E-01
2.0715604E+00 4.57469E+01  3.3063E+01  3.6069E+03  1.0707E+01  3.6176E+03  0.000E-01  5.985E-01
2.0819182E+00 4.63818E+01  3.2827E+01  3.5633E+03  1.0702E+01  3.5740E+03  0.000E-01  5.955E-01
2.0923278E+00 4.69742E+01  3.2593E+01  3.5202E+03  1.0697E+01  3.5309E+03  0.000E-01  5.926E-01
2.1027895E+00 4.75283E+01  3.2360E+01  3.4777E+03  1.0691E+01  3.4884E+03  0.000E-01  5.896E-01
2.1133034E+00 4.80476E+01  3.2129E+01  3.4357E+03  1.0686E+01  3.4464E+03  0.000E-01  5.867E-01
2.1238699E+00 4.85352E+01  3.1900E+01  3.3943E+03  1.0680E+01  3.4050E+03  0.000E-01  5.838E-01
2.1344893E+00 4.89933E+01  3.1673E+01  3.3533E+03  1.0675E+01  3.3640E+03  0.000E-01  5.809E-01
2.1451617E+00 4.94240E+01  3.1447E+01  3.3128E+03  1.0669E+01  3.3235E+03  0.000E-01  5.780E-01
2.1558875E+00 4.98290E+01  3.1223E+01  3.2729E+03  1.0663E+01  3.2835E+03  0.000E-01  5.751E-01
2.1666670E+00 5.02095E+01  3.1001E+01  3.2334E+03  1.0656E+01  3.2441E+03  0.000E-01  5.722E-01
2.1775003E+00 5.05667E+01  3.0780E+01  3.1944E+03  1.0650E+01  3.2051E+03  0.000E-01  5.694E-01
2.1883878E+00 5.09012E+01  3.0561E+01  3.1559E+03  1.0644E+01  3.1666E+03  0.000E-01  5.666E-01
2.1993297E+00 5.12137E+01  3.0344E+01  3.1179E+03  1.0637E+01  3.1285E+03  0.000E-01  5.637E-01
2.2103264E+00 5.15044E+01  3.0128E+01  3.0803E+03  1.0630E+01  3.0909E+03  0.000E-01  5.609E-01
2.2213780E+00 5.17732E+01  2.9914E+01  3.0432E+03  1.0623E+01  3.0538E+03  0.000E-01  5.581E-01
2.2324849E+00 5.20198E+01  2.9701E+01  3.0066E+03  1.0616E+01  3.0172E+03  0.000E-01  5.554E-01
2.2436473E+00 5.22434E+01  2.9490E+01  2.9704E+03  1.0608E+01  2.9810E+03  0.000E-01  5.526E-01
2.2548656E+00 5.24425E+01  2.9281E+01  2.9346E+03  1.0601E+01  2.9452E+03  0.000E-01  5.499E-01
2.2661399E+00 5.26152E+01  2.9073E+01  2.8993E+03  1.0593E+01  2.9099E+03  0.000E-01  5.471E-01
2.2774706E+00 5.27583E+01  2.8867E+01  2.8644E+03  1.0586E+01  2.8750E+03  0.000E-01  5.444E-01
2.2888579E+00 5.28670E+01  2.8662E+01  2.8299E+03  1.0578E+01  2.8405E+03  0.000E-01  5.417E-01
2.3003022E+00 5.29340E+01  2.8459E+01  2.7959E+03  1.0569E+01  2.8065E+03  0.000E-01  5.390E-01
2.3118037E+00 5.29471E+01  2.8258E+01  2.7623E+03  1.0561E+01  2.7729E+03  0.000E-01  5.363E-01
2.3233628E+00 5.28855E+01  2.8058E+01  2.7291E+03  1.0553E+01  2.7396E+03  0.000E-01  5.336E-01
2.3349796E+00 5.27075E+01  2.7859E+01  2.6963E+03  1.0544E+01  2.7068E+03  0.000E-01  5.310E-01
2.3466545E+00 5.23133E+01  2.7662E+01  2.6639E+03  1.0535E+01  2.6744E+03  0.000E-01  5.283E-01
2.3583878E+00 5.13290E+01  2.7466E+01  2.6319E+03  1.0527E+01  2.6424E+03  0.000E-01  5.257E-01
2.3649801E+00 4.94646E+01  2.7357E+01  2.6142E+03  1.0522E+01  2.6247E+03  0.000E-01  5.243E-01
2.3696200E+00 4.95016E+01  3.2000E+01  3.0517E+03  1.0518E+01  3.0623E+03  0.000E-01  5.232E-01
2.3701797E+00 4.98406E+01  3.1988E+01  3.0500E+03  1.0518E+01  3.0605E+03  0.000E-01  5.231E-01
2.3820306E+00 5.25668E+01  3.1753E+01  3.0124E+03  1.0508E+01  3.0230E+03  0.000E-01  5.205E-01
2.3939407E+00 5.37078E+01  3.1519E+01  2.9754E+03  1.0499E+01  2.9859E+03  0.000E-01  5.179E-01
2.4059104E+00 5.45014E+01  3.1287E+01  2.9388E+03  1.0490E+01  2.9493E+03  0.000E-01  5.153E-01
2.4179400E+00 5.51326E+01  3.1057E+01  2.9027E+03  1.0480E+01  2.9132E+03  0.000E-01  5.128E-01
2.4300297E+00 5.56670E+01  3.0829E+01  2.8670E+03  1.0470E+01  2.8775E+03  0.000E-01  5.102E-01
2.4421798E+00 5.61356E+01  3.0603E+01  2.8318E+03  1.0460E+01  2.8423E+03  0.000E-01  5.077E-01
2.4543907E+00 5.65546E+01  3.0374E+01  2.7966E+03  1.0450E+01  2.8071E+03  0.000E-01  5.052E-01
2.4666627E+00 5.69319E+01  3.0142E+01  2.7615E+03  1.0440E+01  2.7720E+03  0.000E-01  5.026E-01
2.4789960E+00 5.72732E+01  2.9913E+01  2.7269E+03  1.0430E+01  2.7373E+03  0.000E-01  5.001E-01
2.4913910E+00 5.75828E+01  2.9695E+01  2.6936E+03  1.0419E+01  2.7040E+03  0.000E-01  4.977E-01
2.5038479E+00 5.78726E+01  2.9486E+01  2.6613E+03  1.0408E+01  2.6717E+03  0.000E-01  4.952E-01
2.5163672E+00 5.81446E+01  2.9280E+01  2.6296E+03  1.0398E+01  2.6400E+03  0.000E-01  4.927E-01
2.5289490E+00 5.83997E+01  2.9076E+01  2.5983E+03  1.0387E+01  2.6087E+03  0.000E-01  4.903E-01
2.5415938E+00 5.86382E+01  2.8872E+01  2.5671E+03  1.0376E+01  2.5775E+03  0.000E-01  4.878E-01
2.5543017E+00 5.88592E+01  2.8667E+01  2.5363E+03  1.0364E+01  2.5466E+03  0.000E-01  4.854E-01
2.5670732E+00 5.90629E+01  2.8465E+01  2.5058E+03  1.0353E+01  2.5162E+03  0.000E-01  4.830E-01
2.5799086E+00 5.92488E+01  2.8265E+01  2.4758E+03  1.0341E+01  2.4862E+03  0.000E-01  4.806E-01
2.5928082E+00 5.94157E+01  2.8066E+01  2.4462E+03  1.0330E+01  2.4566E+03  0.000E-01  4.782E-01
2.6057722E+00 5.95611E+01  2.7870E+01  2.4171E+03  1.0318E+01  2.4274E+03  0.000E-01  4.758E-01
2.6188011E+00 5.96808E+01  2.7676E+01  2.3883E+03  1.0306E+01  2.3986E+03  0.000E-01  4.734E-01
2.6318951E+00 5.97670E+01  2.7484E+01  2.3599E+03  1.0294E+01  2.3702E+03  0.000E-01  4.711E-01
2.6450545E+00 5.98035E+01  2.7293E+01  2.3318E+03  1.0282E+01  2.3421E+03  0.000E-01  4.687E-01
2.6582798E+00 5.97515E+01  2.7104E+01  2.3042E+03  1.0269E+01  2.3145E+03  0.000E-01  4.664E-01
2.6715712E+00 5.94635E+01  2.6917E+01  2.2769E+03  1.0257E+01  2.2871E+03  0.000E-01  4.641E-01
2.6780604E+00 5.89517E+01  2.6826E+01  2.2637E+03  1.0251E+01  2.2740E+03  0.000E-01  4.630E-01
2.6849291E+00 5.89966E+01  2.8579E+01  2.4055E+03  1.0244E+01  2.4157E+03  0.000E-01  4.618E-01
2.6851398E+00 5.90361E+01  2.8576E+01  2.4050E+03  1.0244E+01  2.4152E+03  0.000E-01  4.617E-01
2.6983537E+00 6.01491E+01  2.8374E+01  2.3763E+03  1.0231E+01  2.3866E+03  0.000E-01  4.595E-01
2.7118455E+00 6.06837E+01  2.8171E+01  2.3476E+03  1.0218E+01  2.3578E+03  0.000E-01  4.572E-01
2.7254047E+00 6.10784E+01  2.7970E+01  2.3192E+03  1.0205E+01  2.3294E+03  0.000E-01  4.549E-01
2.7390317E+00 6.14054E+01  2.7770E+01  2.2912E+03  1.0192E+01  2.3014E+03  0.000E-01  4.527E-01
2.7527269E+00 6.16901E+01  2.7572E+01  2.2635E+03  1.0179E+01  2.2737E+03  0.000E-01  4.504E-01
2.7664905E+00 6.19444E+01  2.7375E+01  2.2362E+03  1.0165E+01  2.2464E+03  0.000E-01  4.482E-01
2.7803230E+00 6.21744E+01  2.7180E+01  2.2092E+03  1.0152E+01  2.2194E+03  0.000E-01  4.459E-01
2.7942246E+00 6.23834E+01  2.6986E+01  2.1826E+03  1.0138E+01  2.1927E+03  0.000E-01  4.437E-01
2.8081957E+00 6.25725E+01  2.6794E+01  2.1562E+03  1.0124E+01  2.1664E+03  0.000E-01  4.415E-01
2.8222367E+00 6.27423E+01  2.6612E+01  2.1309E+03  1.0110E+01  2.1410E+03  0.000E-01  4.393E-01
2.8363479E+00 6.28995E+01  2.6436E+01  2.1063E+03  1.0096E+01  2.1164E+03  0.000E-01  4.371E-01
2.8505296E+00 6.30430E+01  2.6263E+01  2.0821E+03  1.0082E+01  2.0922E+03  0.000E-01  4.350E-01
2.8647823E+00 6.31698E+01  2.6093E+01  2.0583E+03  1.0068E+01  2.0684E+03  0.000E-01  4.328E-01
2.8791062E+00 6.32748E+01  2.5924E+01  2.0348E+03  1.0053E+01  2.0449E+03  0.000E-01  4.306E-01
2.8935017E+00 6.33474E+01  2.5757E+01  2.0116E+03  1.0038E+01  2.0217E+03  0.000E-01  4.285E-01
2.9079692E+00 6.33605E+01  2.5591E+01  1.9888E+03  1.0024E+01  1.9988E+03  0.000E-01  4.264E-01
2.9225091E+00 6.32012E+01  2.5427E+01  1.9662E+03  1.0009E+01  1.9762E+03  0.000E-01  4.242E-01
2.9258366E+00 6.30810E+01  2.5390E+01  1.9611E+03  1.0005E+01  1.9711E+03  0.000E-01  4.238E-01
2.9371216E+00 6.31838E+01  2.6391E+01  2.0306E+03  9.9938E+00  2.0406E+03  0.000E-01  4.221E-01
2.9375634E+00 6.32173E+01  2.6386E+01  2.0299E+03  9.9934E+00  2.0399E+03  0.000E-01  4.221E-01
2.9518072E+00 6.38305E+01  2.6225E+01  2.0078E+03  9.9787E+00  2.0177E+03  0.000E-01  4.200E-01
2.9665662E+00 6.42004E+01  2.6060E+01  1.9852E+03  9.9634E+00  1.9952E+03  0.000E-01  4.179E-01
2.9813991E+00 6.44973E+01  2.5896E+01  1.9629E+03  9.9481E+00  1.9728E+03  0.000E-01  4.159E-01
2.9963061E+00 6.47594E+01  2.5733E+01  1.9408E+03  9.9326E+00  1.9508E+03  0.000E-01  4.138E-01
3.0112876E+00 6.49992E+01  2.5556E+01  1.9179E+03  9.9170E+00  1.9278E+03  0.000E-01  4.117E-01
3.0263440E+00 6.52189E+01  2.5376E+01  1.8949E+03  9.9013E+00  1.9048E+03  0.000E-01  4.097E-01
3.0414758E+00 6.54241E+01  2.5197E+01  1.8722E+03  9.8854E+00  1.8821E+03  0.000E-01  4.076E-01
3.0566831E+00 6.56181E+01  2.5020E+01  1.8498E+03  9.8695E+00  1.8596E+03  0.000E-01  4.056E-01
3.0719666E+00 6.58030E+01  2.4844E+01  1.8276E+03  9.8534E+00  1.8375E+03  0.000E-01  4.036E-01
3.0873264E+00 6.59800E+01  2.4667E+01  1.8056E+03  9.8372E+00  1.8154E+03  0.000E-01  4.016E-01
3.1027630E+00 6.61492E+01  2.4491E+01  1.7838E+03  9.8209E+00  1.7936E+03  0.000E-01  3.996E-01
3.1182768E+00 6.63114E+01  2.4316E+01  1.7622E+03  9.8044E+00  1.7720E+03  0.000E-01  3.976E-01
3.1338682E+00 6.64675E+01  2.4142E+01  1.7409E+03  9.7879E+00  1.7507E+03  0.000E-01  3.956E-01
3.1495376E+00 6.66181E+01  2.3969E+01  1.7199E+03  9.7712E+00  1.7296E+03  0.000E-01  3.937E-01
3.1652853E+00 6.67636E+01  2.3798E+01  1.6991E+03  9.7545E+00  1.7088E+03  0.000E-01  3.917E-01
3.1811117E+00 6.69043E+01  2.3628E+01  1.6785E+03  9.7376E+00  1.6883E+03  0.000E-01  3.898E-01
3.1970172E+00 6.70407E+01  2.3459E+01  1.6582E+03  9.7206E+00  1.6680E+03  0.000E-01  3.878E-01
3.2130023E+00 6.71730E+01  2.3291E+01  1.6382E+03  9.7035E+00  1.6479E+03  0.000E-01  3.859E-01
3.2290673E+00 6.73014E+01  2.3125E+01  1.6184E+03  9.6863E+00  1.6281E+03  0.000E-01  3.840E-01
3.2452127E+00 6.74261E+01  2.2959E+01  1.5988E+03  9.6689E+00  1.6085E+03  0.000E-01  3.821E-01
3.2614387E+00 6.75473E+01  2.2795E+01  1.5795E+03  9.6515E+00  1.5891E+03  0.000E-01  3.802E-01
3.2777459E+00 6.76653E+01  2.2631E+01  1.5603E+03  9.6340E+00  1.5700E+03  0.000E-01  3.783E-01
3.2941347E+00 6.77800E+01  2.2469E+01  1.5415E+03  9.6163E+00  1.5511E+03  0.000E-01  3.764E-01
3.3106053E+00 6.78917E+01  2.2308E+01  1.5228E+03  9.5986E+00  1.5324E+03  0.000E-01  3.745E-01
3.3271584E+00 6.80005E+01  2.2148E+01  1.5044E+03  9.5807E+00  1.5139E+03  0.000E-01  3.726E-01
3.3437941E+00 6.81065E+01  2.1989E+01  1.4861E+03  9.5628E+00  1.4957E+03  0.000E-01  3.708E-01
3.3605131E+00 6.82098E+01  2.1832E+01  1.4681E+03  9.5447E+00  1.4777E+03  0.000E-01  3.689E-01
3.3773157E+00 6.83105E+01  2.1675E+01  1.4503E+03  9.5265E+00  1.4599E+03  0.000E-01  3.671E-01
3.3942023E+00 6.84087E+01  2.1519E+01  1.4328E+03  9.5083E+00  1.4423E+03  0.000E-01  3.653E-01
3.4111733E+00 6.85045E+01  2.1365E+01  1.4154E+03  9.4899E+00  1.4249E+03  0.000E-01  3.635E-01
3.4282291E+00 6.85980E+01  2.1211E+01  1.3982E+03  9.4714E+00  1.4077E+03  0.000E-01  3.617E-01
3.4453703E+00 6.86892E+01  2.1059E+01  1.3813E+03  9.4529E+00  1.3907E+03  0.000E-01  3.599E-01
3.4625971E+00 6.87783E+01  2.0908E+01  1.3645E+03  9.4342E+00  1.3740E+03  0.000E-01  3.581E-01
3.4799101E+00 6.88653E+01  2.0758E+01  1.3480E+03  9.4154E+00  1.3574E+03  0.000E-01  3.563E-01
3.4973097E+00 6.89504E+01  2.0608E+01  1.3316E+03  9.3966E+00  1.3410E+03  0.000E-01  3.545E-01
3.5147962E+00 6.90332E+01  2.0459E+01  1.3154E+03  9.3776E+00  1.3248E+03  0.000E-01  3.527E-01
3.5323702E+00 6.91141E+01  2.0312E+01  1.2995E+03  9.3586E+00  1.3088E+03  0.000E-01  3.510E-01
3.5500321E+00 6.91929E+01  2.0165E+01  1.2837E+03  9.3394E+00  1.2930E+03  0.000E-01  3.492E-01
3.5677822E+00 6.92699E+01  2.0020E+01  1.2681E+03  9.3202E+00  1.2774E+03  0.000E-01  3.475E-01
3.5856211E+00 6.93451E+01  1.9875E+01  1.2527E+03  9.3009E+00  1.2620E+03  0.000E-01  3.458E-01
3.6035492E+00 6.94186E+01  1.9732E+01  1.2374E+03  9.2815E+00  1.2467E+03  0.000E-01  3.441E-01
3.6215670E+00 6.94904E+01  1.9590E+01  1.2224E+03  9.2619E+00  1.2317E+03  0.000E-01  3.423E-01
3.6396748E+00 6.95606E+01  1.9449E+01  1.2076E+03  9.2423E+00  1.2168E+03  0.000E-01  3.406E-01
3.6578732E+00 6.96293E+01  1.9309E+01  1.1929E+03  9.2227E+00  1.2022E+03  0.000E-01  3.390E-01
3.6761626E+00 6.96965E+01  1.9170E+01  1.1785E+03  9.2029E+00  1.1877E+03  0.000E-01  3.373E-01
3.6945434E+00 6.97623E+01  1.9033E+01  1.1642E+03  9.1830E+00  1.1734E+03  0.000E-01  3.356E-01
3.7130161E+00 6.98267E+01  1.8896E+01  1.1501E+03  9.1631E+00  1.1592E+03  0.000E-01  3.339E-01
3.7315812E+00 6.98899E+01  1.8760E+01  1.1361E+03  9.1430E+00  1.1453E+03  0.000E-01  3.323E-01
3.7502391E+00 6.99518E+01  1.8626E+01  1.1224E+03  9.1229E+00  1.1315E+03  0.000E-01  3.306E-01
3.7689903E+00 7.02170E+01  1.8491E+01  1.1087E+03  9.1027E+00  1.1178E+03  0.000E-01  3.290E-01
3.7878352E+00 7.02769E+01  1.8351E+01  1.0948E+03  9.0824E+00  1.1039E+03  0.000E-01  3.273E-01
3.8067744E+00 7.03348E+01  1.8212E+01  1.0811E+03  9.0621E+00  1.0902E+03  0.000E-01  3.257E-01
3.8258083E+00 7.03908E+01  1.8074E+01  1.0676E+03  9.0416E+00  1.0766E+03  0.000E-01  3.241E-01
3.8449373E+00 7.04451E+01  1.7937E+01  1.0543E+03  9.0211E+00  1.0633E+03  0.000E-01  3.225E-01
3.8641620E+00 7.04976E+01  1.7802E+01  1.0411E+03  9.0005E+00  1.0501E+03  0.000E-01  3.209E-01
3.8834828E+00 7.05487E+01  1.7668E+01  1.0281E+03  8.9798E+00  1.0371E+03  0.000E-01  3.193E-01
3.9029002E+00 7.07387E+01  1.7533E+01  1.0152E+03  8.9590E+00  1.0242E+03  0.000E-01  3.177E-01
3.9224147E+00 7.07870E+01  1.7396E+01  1.0023E+03  8.9382E+00  1.0112E+03  0.000E-01  3.161E-01
3.9420268E+00 7.08333E+01  1.7260E+01  9.8948E+02  8.9173E+00  9.9840E+02  0.000E-01  3.145E-01
3.9617369E+00 7.08778E+01  1.7126E+01  9.7689E+02  8.8963E+00  9.8578E+02  0.000E-01  3.130E-01
3.9815456E+00 7.09206E+01  1.6992E+01  9.6446E+02  8.8752E+00  9.7333E+02  0.000E-01  3.114E-01
4.0014533E+00 7.09617E+01  1.6860E+01  9.5220E+02  8.8541E+00  9.6105E+02  0.000E-01  3.098E-01
4.0214606E+00 7.10013E+01  1.6729E+01  9.4011E+02  8.8328E+00  9.4894E+02  0.000E-01  3.083E-01
4.0415679E+00 7.10393E+01  1.6600E+01  9.2818E+02  8.8116E+00  9.3700E+02  0.000E-01  3.068E-01
4.0617757E+00 7.10760E+01  1.6471E+01  9.1642E+02  8.7902E+00  9.2521E+02  0.000E-01  3.052E-01
4.0820846E+00 7.11113E+01  1.6344E+01  9.0482E+02  8.7688E+00  9.1358E+02  0.000E-01  3.037E-01
4.1024950E+00 7.11453E+01  1.6218E+01  8.9337E+02  8.7473E+00  9.0212E+02  0.000E-01  3.022E-01
4.1230075E+00 7.11780E+01  1.6093E+01  8.8208E+02  8.7257E+00  8.9080E+02  0.000E-01  3.007E-01
4.1436226E+00 7.12096E+01  1.5969E+01  8.7094E+02  8.7041E+00  8.7964E+02  0.000E-01  2.992E-01
4.1643407E+00 7.12399E+01  1.5847E+01  8.5995E+02  8.6824E+00  8.6863E+02  0.000E-01  2.977E-01
4.1851624E+00 7.12692E+01  1.5725E+01  8.4911E+02  8.6606E+00  8.5777E+02  0.000E-01  2.962E-01
4.2060882E+00 7.12974E+01  1.5605E+01  8.3842E+02  8.6388E+00  8.4706E+02  0.000E-01  2.948E-01
4.2271186E+00 7.13246E+01  1.5485E+01  8.2787E+02  8.6169E+00  8.3649E+02  0.000E-01  2.933E-01
4.2482542E+00 7.13507E+01  1.5367E+01  8.1746E+02  8.5950E+00  8.2606E+02  0.000E-01  2.918E-01
4.2694955E+00 7.13759E+01  1.5250E+01  8.0720E+02  8.5730E+00  8.1577E+02  0.000E-01  2.904E-01
4.2908430E+00 7.14002E+01  1.5134E+01  7.9707E+02  8.5509E+00  8.0562E+02  0.000E-01  2.890E-01
4.3122972E+00 7.14236E+01  1.5019E+01  7.8708E+02  8.5287E+00  7.9561E+02  0.000E-01  2.875E-01
4.3338587E+00 7.14461E+01  1.4905E+01  7.7722E+02  8.5065E+00  7.8573E+02  0.000E-01  2.861E-01
4.3555280E+00 7.14677E+01  1.4792E+01  7.6750E+02  8.4843E+00  7.7598E+02  0.000E-01  2.847E-01
4.3773056E+00 7.14886E+01  1.4680E+01  7.5791E+02  8.4620E+00  7.6637E+02  0.000E-01  2.832E-01
4.3991921E+00 7.15087E+01  1.4570E+01  7.4844E+02  8.4396E+00  7.5688E+02  0.000E-01  2.818E-01
4.4211881E+00 7.15280E+01  1.4460E+01  7.3910E+02  8.4172E+00  7.4752E+02  0.000E-01  2.804E-01
4.4432940E+00 7.15466E+01  1.4351E+01  7.2989E+02  8.3947E+00  7.3829E+02  0.000E-01  2.790E-01
4.4655105E+00 7.15645E+01  1.4243E+01  7.2080E+02  8.3722E+00  7.2917E+02  0.000E-01  2.776E-01
4.4878381E+00 7.15817E+01  1.4136E+01  7.1184E+02  8.3496E+00  7.2018E+02  0.000E-01  2.763E-01
4.5102772E+00 7.15983E+01  1.4030E+01  7.0299E+02  8.3269E+00  7.1131E+02  0.000E-01  2.749E-01
4.5328286E+00 7.16142E+01  1.3925E+01  6.9426E+02  8.3043E+00  7.0256E+02  0.000E-01  2.735E-01
4.5554928E+00 7.16295E+01  1.3821E+01  6.8565E+02  8.2815E+00  6.9393E+02  0.000E-01  2.722E-01
4.5782702E+00 7.16443E+01  1.3718E+01  6.7715E+02  8.2587E+00  6.8541E+02  0.000E-01  2.708E-01
4.6011616E+00 7.16585E+01  1.3616E+01  6.6876E+02  8.2359E+00  6.7700E+02  0.000E-01  2.695E-01
4.6241674E+00 7.16722E+01  1.3515E+01  6.6049E+02  8.2130E+00  6.6870E+02  0.000E-01  2.681E-01
4.6472882E+00 7.16854E+01  1.3415E+01  6.5233E+02  8.1901E+00  6.6052E+02  0.000E-01  2.668E-01
4.6705247E+00 7.16981E+01  1.3315E+01  6.4427E+02  8.1671E+00  6.5244E+02  0.000E-01  2.655E-01
4.6938773E+00 7.17103E+01  1.3217E+01  6.3633E+02  8.1440E+00  6.4447E+02  0.000E-01  2.641E-01
4.7173467E+00 7.17221E+01  1.3119E+01  6.2848E+02  8.1210E+00  6.3661E+02  0.000E-01  2.628E-01
4.7409334E+00 7.18385E+01  1.3021E+01  6.2069E+02  8.0979E+00  6.2879E+02  0.000E-01  2.615E-01
4.7646381E+00 7.18502E+01  1.2921E+01  6.1284E+02  8.0747E+00  6.2091E+02  0.000E-01  2.602E-01
4.7884613E+00 7.18611E+01  1.2821E+01  6.0510E+02  8.0515E+00  6.1315E+02  0.000E-01  2.589E-01
4.8124036E+00 7.18710E+01  1.2723E+01  5.9746E+02  8.0282E+00  6.0549E+02  0.000E-01  2.576E-01
4.8364656E+00 7.18802E+01  1.2625E+01  5.8992E+02  8.0050E+00  5.9793E+02  0.000E-01  2.564E-01
4.8606479E+00 7.18887E+01  1.2528E+01  5.8249E+02  7.9816E+00  5.9047E+02  0.000E-01  2.551E-01
4.8849512E+00 7.18964E+01  1.2432E+01  5.7515E+02  7.9583E+00  5.8311E+02  0.000E-01  2.538E-01
4.9093759E+00 7.19035E+01  1.2336E+01  5.6787E+02  7.9349E+00  5.7580E+02  0.000E-01  2.525E-01
4.9339228E+00 7.19098E+01  1.2241E+01  5.6068E+02  7.9114E+00  5.6859E+02  0.000E-01  2.513E-01
4.9585924E+00 7.19156E+01  1.2147E+01  5.5359E+02  7.8880E+00  5.6148E+02  0.000E-01  2.500E-01
4.9833854E+00 7.19207E+01  1.2053E+01  5.4659E+02  7.8644E+00  5.5446E+02  0.000E-01  2.488E-01
5.0083023E+00 7.19251E+01  1.1961E+01  5.3969E+02  7.8409E+00  5.4753E+02  0.000E-01  2.476E-01
5.0333438E+00 7.19290E+01  1.1869E+01  5.3288E+02  7.8173E+00  5.4070E+02  0.000E-01  2.463E-01
5.0585105E+00 7.19324E+01  1.1778E+01  5.2617E+02  7.7937E+00  5.3396E+02  0.000E-01  2.451E-01
5.0838031E+00 7.19352E+01  1.1688E+01  5.1954E+02  7.7701E+00  5.2731E+02  0.000E-01  2.439E-01
5.1092221E+00 7.19375E+01  1.1598E+01  5.1300E+02  7.7464E+00  5.2075E+02  0.000E-01  2.427E-01
5.1347682E+00 7.19392E+01  1.1510E+01  5.0655E+02  7.7227E+00  5.1428E+02  0.000E-01  2.415E-01
5.1604421E+00 7.19406E+01  1.1421E+01  5.0017E+02  7.6989E+00  5.0786E+02  0.000E-01  2.403E-01
5.1862443E+00 7.19414E+01  1.1334E+01  4.9386E+02  7.6752E+00  5.0153E+02  0.000E-01  2.391E-01
5.2121755E+00 7.19417E+01  1.1247E+01  4.8764E+02  7.6514E+00  4.9529E+02  0.000E-01  2.379E-01
5.2382364E+00 7.19416E+01  1.1161E+01  4.8150E+02  7.6275E+00  4.8913E+02  0.000E-01  2.367E-01
5.2644276E+00 7.19411E+01  1.1076E+01  4.7544E+02  7.6037E+00  4.8305E+02  0.000E-01  2.355E-01
5.2907497E+00 7.19401E+01  1.0991E+01  4.6947E+02  7.5798E+00  4.7705E+02  0.000E-01  2.343E-01
5.3172034E+00 7.19388E+01  1.0907E+01  4.6358E+02  7.5559E+00  4.7113E+02  0.000E-01  2.332E-01
5.3437895E+00 7.19370E+01  1.0824E+01  4.5776E+02  7.5320E+00  4.6529E+02  0.000E-01  2.320E-01
5.3705084E+00 7.19807E+01  1.0742E+01  4.5200E+02  7.5081E+00  4.5951E+02  0.000E-01  2.309E-01
5.3973609E+00 7.19786E+01  1.0658E+01  4.4624E+02  7.4841E+00  4.5373E+02  0.000E-01  2.297E-01
5.4243477E+00 7.19759E+01  1.0575E+01  4.4057E+02  7.4601E+00  4.4803E+02  0.000E-01  2.286E-01
5.4514695E+00 7.19727E+01  1.0493E+01  4.3497E+02  7.4361E+00  4.4240E+02  0.000E-01  2.274E-01
5.4787268E+00 7.19689E+01  1.0411E+01  4.2944E+02  7.4120E+00  4.3685E+02  0.000E-01  2.263E-01
5.5061205E+00 7.19646E+01  1.0330E+01  4.2399E+02  7.3880E+00  4.3138E+02  0.000E-01  2.252E-01
5.5336511E+00 7.19598E+01  1.0250E+01  4.1861E+02  7.3639E+00  4.2598E+02  0.000E-01  2.241E-01
5.5613193E+00 7.19544E+01  1.0171E+01  4.1331E+02  7.3398E+00  4.2065E+02  0.000E-01  2.229E-01
5.5891259E+00 7.19487E+01  1.0093E+01  4.0807E+02  7.3157E+00  4.1539E+02  0.000E-01  2.218E-01
5.6170716E+00 7.19425E+01  1.0015E+01  4.0291E+02  7.2916E+00  4.1020E+02  0.000E-01  2.207E-01
5.6451569E+00 7.19358E+01  9.9374E+00  3.9781E+02  7.2675E+00  4.0508E+02  0.000E-01  2.196E-01
5.6733827E+00 7.19287E+01  9.8608E+00  3.9278E+02  7.2433E+00  4.0003E+02  0.000E-01  2.185E-01
5.7017496E+00 7.19213E+01  9.7850E+00  3.8782E+02  7.2192E+00  3.9504E+02  0.000E-01  2.174E-01
5.7302584E+00 7.19134E+01  9.7098E+00  3.8293E+02  7.1950E+00  3.9012E+02  0.000E-01  2.164E-01
5.7589096E+00 7.19051E+01  9.6353E+00  3.7810E+02  7.1708E+00  3.8527E+02  0.000E-01  2.153E-01
5.7877042E+00 7.18965E+01  9.5614E+00  3.7334E+02  7.1466E+00  3.8048E+02  0.000E-01  2.142E-01
5.8166427E+00 7.18875E+01  9.4882E+00  3.6863E+02  7.1224E+00  3.7576E+02  0.000E-01  2.132E-01
5.8457259E+00 7.18782E+01  9.4157E+00  3.6400E+02  7.0981E+00  3.7109E+02  0.000E-01  2.121E-01
5.8749546E+00 7.18871E+01  9.3434E+00  3.5941E+02  7.0739E+00  3.6648E+02  0.000E-01  2.110E-01
5.9043293E+00 7.18773E+01  9.2714E+00  3.5486E+02  7.0497E+00  3.6191E+02  0.000E-01  2.100E-01
5.9338510E+00 7.18670E+01  9.2000E+00  3.5037E+02  7.0254E+00  3.5740E+02  0.000E-01  2.089E-01
5.9635202E+00 7.18563E+01  9.1292E+00  3.4595E+02  7.0011E+00  3.5295E+02  0.000E-01  2.079E-01
5.9933378E+00 7.18452E+01  9.0590E+00  3.4158E+02  6.9769E+00  3.4856E+02  0.000E-01  2.069E-01
6.0233045E+00 7.18337E+01  8.9894E+00  3.3727E+02  6.9526E+00  3.4423E+02  0.000E-01  2.058E-01
6.0534210E+00 7.18219E+01  8.9205E+00  3.3302E+02  6.9283E+00  3.3995E+02  0.000E-01  2.048E-01
6.0836882E+00 7.18096E+01  8.8522E+00  3.2883E+02  6.9041E+00  3.3573E+02  0.000E-01  2.038E-01
6.1141066E+00 7.17971E+01  8.7844E+00  3.2469E+02  6.8798E+00  3.3156E+02  0.000E-01  2.028E-01
6.1446771E+00 7.17841E+01  8.7173E+00  3.2060E+02  6.8555E+00  3.2746E+02  0.000E-01  2.018E-01
6.1754005E+00 7.17708E+01  8.6507E+00  3.1657E+02  6.8312E+00  3.2340E+02  0.000E-01  2.008E-01
6.2062775E+00 7.17572E+01  8.5847E+00  3.1259E+02  6.8069E+00  3.1940E+02  0.000E-01  1.998E-01
6.2373089E+00 7.17432E+01  8.5193E+00  3.0867E+02  6.7826E+00  3.1545E+02  0.000E-01  1.988E-01
6.2684954E+00 7.17289E+01  8.4544E+00  3.0479E+02  6.7583E+00  3.1155E+02  0.000E-01  1.978E-01
6.2998379E+00 7.17143E+01  8.3902E+00  3.0097E+02  6.7340E+00  3.0770E+02  0.000E-01  1.968E-01
6.3313371E+00 7.16994E+01  8.3264E+00  2.9720E+02  6.7097E+00  3.0391E+02  0.000E-01  1.958E-01
6.3629938E+00 7.16841E+01  8.2633E+00  2.9348E+02  6.6855E+00  3.0016E+02  0.000E-01  1.949E-01
6.3948088E+00 7.16685E+01  8.2007E+00  2.8980E+02  6.6612E+00  2.9646E+02  0.000E-01  1.939E-01
6.4267828E+00 7.16526E+01  8.1386E+00  2.8618E+02  6.6369E+00  2.9282E+02  0.000E-01  1.929E-01
6.4589167E+00 7.16363E+01  8.0770E+00  2.8260E+02  6.6126E+00  2.8921E+02  0.000E-01  1.920E-01
6.4912113E+00 7.16198E+01  8.0160E+00  2.7907E+02  6.5883E+00  2.8566E+02  0.000E-01  1.910E-01
6.5236674E+00 7.16029E+01  7.9556E+00  2.7559E+02  6.5641E+00  2.8215E+02  0.000E-01  1.901E-01
6.5562857E+00 7.15857E+01  7.8956E+00  2.7215E+02  6.5398E+00  2.7869E+02  0.000E-01  1.891E-01
6.5890671E+00 7.15683E+01  7.8362E+00  2.6876E+02  6.5156E+00  2.7527E+02  0.000E-01  1.882E-01
6.6220125E+00 7.15505E+01  7.7772E+00  2.6541E+02  6.4913E+00  2.7190E+02  0.000E-01  1.872E-01
6.6551225E+00 7.15324E+01  7.7188E+00  2.6211E+02  6.4671E+00  2.6857E+02  0.000E-01  1.863E-01
6.6883981E+00 7.15139E+01  7.6609E+00  2.5885E+02  6.4429E+00  2.6529E+02  0.000E-01  1.854E-01
6.7218401E+00 7.14952E+01  7.6035E+00  2.5563E+02  6.4186E+00  2.6205E+02  0.000E-01  1.844E-01
6.7554493E+00 7.14762E+01  7.5466E+00  2.5245E+02  6.3944E+00  2.5885E+02  0.000E-01  1.835E-01
6.7892266E+00 7.14568E+01  7.4901E+00  2.4932E+02  6.3702E+00  2.5569E+02  0.000E-01  1.826E-01
6.8231727E+00 7.14371E+01  7.4342E+00  2.4622E+02  6.3460E+00  2.5257E+02  0.000E-01  1.817E-01
6.8572886E+00 7.14172E+01  7.3787E+00  2.4317E+02  6.3219E+00  2.4949E+02  0.000E-01  1.808E-01
6.8915750E+00 7.13969E+01  7.3237E+00  2.4016E+02  6.2977E+00  2.4645E+02  0.000E-01  1.799E-01
6.9260329E+00 7.13762E+01  7.2692E+00  2.3718E+02  6.2736E+00  2.4346E+02  0.000E-01  1.790E-01
6.9606631E+00 7.13553E+01  7.2151E+00  2.3425E+02  6.2494E+00  2.4050E+02  0.000E-01  1.781E-01
6.9954664E+00 7.13340E+01  7.1615E+00  2.3135E+02  6.2253E+00  2.3758E+02  0.000E-01  1.772E-01
7.0304437E+00 7.13124E+01  7.1084E+00  2.2849E+02  6.2012E+00  2.3469E+02  0.000E-01  1.764E-01
7.0655959E+00 7.12905E+01  7.0557E+00  2.2567E+02  6.1771E+00  2.3185E+02  0.000E-01  1.755E-01
7.1009239E+00 7.12683E+01  7.0034E+00  2.2288E+02  6.1530E+00  2.2904E+02  0.000E-01  1.746E-01
7.1364285E+00 7.12457E+01  6.9516E+00  2.2014E+02  6.1290E+00  2.2626E+02  0.000E-01  1.737E-01
7.1721107E+00 7.12227E+01  6.9003E+00  2.1742E+02  6.1049E+00  2.2353E+02  0.000E-01  1.729E-01
7.2079712E+00 7.11994E+01  6.8494E+00  2.1474E+02  6.0809E+00  2.2082E+02  0.000E-01  1.720E-01
7.2440111E+00 7.11758E+01  6.7989E+00  2.1210E+02  6.0569E+00  2.1816E+02  0.000E-01  1.712E-01
7.2802311E+00 7.11518E+01  6.7488E+00  2.0949E+02  6.0329E+00  2.1552E+02  0.000E-01  1.703E-01
7.3166323E+00 7.11275E+01  6.6992E+00  2.0692E+02  6.0090E+00  2.1292E+02  0.000E-01  1.695E-01
7.3532155E+00 7.11027E+01  6.6500E+00  2.0437E+02  5.9850E+00  2.1036E+02  0.000E-01  1.686E-01
7.3899815E+00 7.10776E+01  6.6011E+00  2.0186E+02  5.9611E+00  2.0783E+02  0.000E-01  1.678E-01
7.4269314E+00 7.10521E+01  6.5528E+00  1.9939E+02  5.9372E+00  2.0532E+02  0.000E-01  1.669E-01
7.4640661E+00 7.10262E+01  6.5048E+00  1.9694E+02  5.9133E+00  2.0286E+02  0.000E-01  1.661E-01
7.5013864E+00 7.10000E+01  6.4572E+00  1.9453E+02  5.8895E+00  2.0042E+02  0.000E-01  1.653E-01
7.5388934E+00 7.09733E+01  6.4100E+00  1.9215E+02  5.8657E+00  1.9801E+02  0.000E-01  1.645E-01
7.5765878E+00 7.09462E+01  6.3632E+00  1.8980E+02  5.8419E+00  1.9564E+02  0.000E-01  1.636E-01
7.6144708E+00 7.09186E+01  6.3169E+00  1.8748E+02  5.8181E+00  1.9329E+02  0.000E-01  1.628E-01
7.6525431E+00 7.08907E+01  6.2709E+00  1.8518E+02  5.7943E+00  1.9098E+02  0.000E-01  1.620E-01
7.6908058E+00 7.08622E+01  6.2252E+00  1.8292E+02  5.7706E+00  1.8869E+02  0.000E-01  1.612E-01
7.7292599E+00 7.08334E+01  6.1800E+00  1.8069E+02  5.7469E+00  1.8644E+02  0.000E-01  1.604E-01
7.7679062E+00 7.08040E+01  6.1352E+00  1.7849E+02  5.7232E+00  1.8421E+02  0.000E-01  1.596E-01
7.8067457E+00 7.07742E+01  6.0907E+00  1.7631E+02  5.6996E+00  1.8201E+02  0.000E-01  1.588E-01
7.8457794E+00 7.07439E+01  6.0466E+00  1.7416E+02  5.6760E+00  1.7984E+02  0.000E-01  1.580E-01
7.8850083E+00 7.07130E+01  6.0028E+00  1.7204E+02  5.6524E+00  1.7770E+02  0.000E-01  1.572E-01
7.9244334E+00 7.06817E+01  5.9595E+00  1.6995E+02  5.6288E+00  1.7558E+02  0.000E-01  1.565E-01
7.9640555E+00 7.06498E+01  5.9165E+00  1.6788E+02  5.6053E+00  1.7349E+02  0.000E-01  1.557E-01
8.0038758E+00 7.06173E+01  5.8738E+00  1.6584E+02  5.5818E+00  1.7143E+02  0.000E-01  1.549E-01
8.0438952E+00 7.05843E+01  5.8315E+00  1.6383E+02  5.5583E+00  1.6939E+02  0.000E-01  1.541E-01
8.0841147E+00 7.05507E+01  5.7896E+00  1.6184E+02  5.5349E+00  1.6738E+02  0.000E-01  1.534E-01
8.1245352E+00 7.05164E+01  5.7480E+00  1.5988E+02  5.5114E+00  1.6539E+02  0.000E-01  1.526E-01
8.1651579E+00 7.04816E+01  5.7065E+00  1.5794E+02  5.4881E+00  1.6343E+02  0.000E-01  1.518E-01
8.2059837E+00 7.04460E+01  5.6644E+00  1.5599E+02  5.4647E+00  1.6146E+02  0.000E-01  1.511E-01
8.2470136E+00 7.04097E+01  5.6227E+00  1.5407E+02  5.4414E+00  1.5952E+02  0.000E-01  1.503E-01
8.2882487E+00 7.03726E+01  5.5813E+00  1.5218E+02  5.4181E+00  1.5760E+02  0.000E-01  1.496E-01
8.3296899E+00 7.03347E+01  5.5403E+00  1.5031E+02  5.3949E+00  1.5571E+02  0.000E-01  1.488E-01
8.3713384E+00 7.02959E+01  5.4994E+00  1.4846E+02  5.3717E+00  1.5383E+02  0.000E-01  1.481E-01
8.4131951E+00 7.02562E+01  5.4588E+00  1.4663E+02  5.3485E+00  1.5198E+02  0.000E-01  1.474E-01
8.4552610E+00 7.02157E+01  5.4183E+00  1.4482E+02  5.3254E+00  1.5014E+02  0.000E-01  1.466E-01
8.4975373E+00 7.01741E+01  5.3776E+00  1.4301E+02  5.3023E+00  1.4832E+02  0.000E-01  1.459E-01
8.5400250E+00 7.01315E+01  5.3372E+00  1.4123E+02  5.2792E+00  1.4651E+02  0.000E-01  1.452E-01
9.030794E+00  6.96381E+01  4.8913E+00  1.2240E+02  5.0682E+00  1.2747E+02  0.000E+00  1.373E-01
9.653919E+00  6.85353E+01  4.3617E+00  1.0210E+02  4.7719E+00  1.0687E+02  0.000E+00  1.284E-01
1.032004E+01  6.56674E+01  3.8942E+00  8.5275E+01  4.4839E+00  8.9759E+01  0.000E+00  1.201E-01
1.032459E+01  6.56244E+01  3.8912E+00  8.5171E+01  4.4821E+00  8.9653E+01  0.000E+00  1.201E-01
1.048262E+01  6.28399E+01  3.7895E+00  8.1694E+01  4.4178E+00  8.6112E+01  0.000E+00  1.183E-01
1.052476E+01  5.95870E+01  3.7631E+00  8.0801E+01  4.4009E+00  8.5202E+01  0.000E+00  1.178E-01
1.058798E+01  6.28140E+01  1.0075E+01  2.1503E+02  4.3757E+00  2.1941E+02  0.000E+00  1.171E-01
1.074601E+01  6.56471E+01  9.8178E+00  2.0647E+02  4.3138E+00  2.1078E+02  0.000E+00  1.154E-01
1.103212E+01  6.72448E+01  9.3788E+00  1.9212E+02  4.2052E+00  1.9633E+02  0.000E+00  1.124E-01
1.171953E+01  6.76542E+01  8.4363E+00  1.6268E+02  3.9612E+00  1.6664E+02  0.000E+00  1.058E-01
1.179334E+01  6.73841E+01  8.3432E+00  1.5987E+02  3.9363E+00  1.6381E+02  0.000E+00  1.051E-01
1.189891E+01  6.64793E+01  8.2128E+00  1.5598E+02  3.9012E+00  1.5988E+02  0.000E+00  1.042E-01
1.194674E+01  6.48867E+01  8.1547E+00  1.5426E+02  3.8854E+00  1.5815E+02  0.000E+00  1.038E-01
1.201849E+01  6.65730E+01  1.1272E+01  2.1196E+02  3.8620E+00  2.1582E+02  0.000E+00  1.032E-01
1.219787E+01  6.80807E+01  1.0988E+01  2.0357E+02  3.8043E+00  2.0737E+02  0.000E+00  1.016E-01
1.227617E+01  6.83474E+01  1.0867E+01  2.0005E+02  3.7796E+00  2.0383E+02  0.000E+00  1.010E-01
1.246407E+01  6.83508E+01  1.0586E+01  1.9194E+02  3.7213E+00  1.9566E+02  0.000E+00  9.947E-02
1.251417E+01  6.76623E+01  1.0513E+01  1.8986E+02  3.7060E+00  1.9357E+02  0.000E+00  9.908E-02
1.258933E+01  6.87093E+01  1.2059E+01  2.1647E+02  3.6832E+00  2.2015E+02  0.000E+00  9.848E-02
1.260708E+01  6.88899E+01  1.2033E+01  2.1570E+02  3.6779E+00  2.1938E+02  0.000E+00  9.834E-02
1.277723E+01  6.99110E+01  1.1785E+01  2.0844E+02  3.6272E+00  2.1207E+02  0.000E+00  9.704E-02
1.347697E+01  7.18024E+01  1.0844E+01  1.8184E+02  3.4302E+00  1.8527E+02  0.000E+00  9.200E-02
1.440688E+01  7.30764E+01  9.7497E+00  1.5293E+02  3.1936E+00  1.5612E+02  0.000E+00  8.606E-02
1.540095E+01  7.38716E+01  8.7608E+00  1.2855E+02  2.9683E+00  1.3152E+02  0.000E+00  8.050E-02
1.646362E+01  7.44047E+01  7.8621E+00  1.0792E+02  2.7545E+00  1.1067E+02  0.000E+00  7.531E-02
1.759961E+01  7.47592E+01  7.0514E+00  9.0543E+01  2.5520E+00  9.3095E+01  0.000E+00  7.045E-02
1.881398E+01  7.49938E+01  6.3267E+00  7.5994E+01  2.3608E+00  7.8355E+01  0.000E+00  6.590E-02
2.011215E+01  7.51456E+01  5.6795E+00  6.3816E+01  2.1809E+00  6.5997E+01  0.000E+00  6.165E-02
2.149988E+01  7.53012E+01  5.0980E+00  5.3585E+01  2.0120E+00  5.5597E+01  0.000E+00  5.767E-02
2.298338E+01  7.53469E+01  4.5723E+00  4.4958E+01  1.8537E+00  4.6812E+01  0.000E+00  5.395E-02
2.456923E+01  7.53954E+01  4.1022E+00  3.7732E+01  1.7059E+00  3.9438E+01  0.000E+00  5.046E-02
2.626450E+01  7.54193E+01  3.6772E+00  3.1639E+01  1.5681E+00  3.3207E+01  0.000E+00  4.721E-02
2.807676E+01  7.53939E+01  3.2705E+00  2.6324E+01  1.4401E+00  2.7764E+01  0.000E+00  4.416E-02
3.001405E+01  7.53316E+01  2.9034E+00  2.1860E+01  1.3213E+00  2.3181E+01  0.000E+00  4.131E-02
3.208502E+01  7.52520E+01  2.5796E+00  1.8169E+01  1.2113E+00  1.9380E+01  0.000E+00  3.864E-02
3.429889E+01  7.51615E+01  2.2939E+00  1.5114E+01  1.1098E+00  1.6224E+01  0.000E+00  3.615E-02
3.666551E+01  7.50638E+01  2.0415E+00  1.2583E+01  1.0162E+00  1.3599E+01  0.000E+00  3.381E-02
3.919543E+01  7.49608E+01  1.8183E+00  1.0484E+01  9.3016E-01  1.1414E+01  0.000E+00  3.163E-02
4.189992E+01  7.48531E+01  1.6208E+00  8.7415E+00  8.5117E-01  9.5927E+00  0.000E+00  2.959E-02
4.479101E+01  7.47403E+01  1.4457E+00  7.2943E+00  7.7881E-01  8.0731E+00  0.000E+00  2.768E-02
4.788159E+01  7.46201E+01  1.2884E+00  6.0809E+00  7.1264E-01  6.7935E+00  0.000E+00  2.589E-02
5.118542E+01  7.44871E+01  1.1483E+00  5.0699E+00  6.5223E-01  5.7221E+00  0.000E+00  2.422E-02
5.471721E+01  7.43343E+01  1.0222E+00  4.2218E+00  5.9717E-01  4.8190E+00  0.000E+00  2.266E-02
5.849270E+01  7.41439E+01  9.0681E-01  3.5035E+00  5.4707E-01  4.0506E+00  0.000E+00  2.120E-02
6.252870E+01  7.38796E+01  8.0487E-01  2.9089E+00  5.0155E-01  3.4104E+00  0.000E+00  1.983E-02
6.684318E+01  7.34235E+01  7.1433E-01  2.4151E+00  4.6025E-01  2.8754E+00  0.000E+00  1.855E-02
7.024287E+01  7.25172E+01  6.5400E-01  2.1041E+00  4.3206E-01  2.5362E+00  0.000E+00  1.765E-02
7.131802E+01  7.14235E+01  6.3662E-01  2.0173E+00  4.2384E-01  2.4411E+00  0.000E+00  1.738E-02
7.145536E+01  7.10332E+01  6.3445E-01  2.0065E+00  4.2281E-01  2.4293E+00  0.000E+00  1.735E-02
7.160472E+01  7.01142E+01  6.3211E-01  1.9949E+00  4.2170E-01  2.4166E+00  0.000E+00  1.732E-02
7.203478E+01  7.14371E+01  3.2029E+00  1.0048E+01  4.1853E-01  1.0467E+01  8.086E+00  1.721E-02
7.310993E+01  7.26320E+01  3.1325E+00  9.6829E+00  4.1080E-01  1.0094E+01  7.800E+00  1.696E-02
7.638578E+01  7.36992E+01  2.9282E+00  8.6629E+00  3.8892E-01  9.0518E+00  6.995E+00  1.623E-02
8.165640E+01  7.43552E+01  2.6232E+00  7.2598E+00  3.5827E-01  7.6181E+00  5.875E+00  1.518E-02
8.729069E+01  7.47028E+01  2.3520E+00  6.0890E+00  3.3057E-01  6.4196E+00  4.946E+00  1.420E-02
9.331374E+01  7.49250E+01  2.1121E+00  5.1151E+00  3.0556E-01  5.4207E+00  4.171E+00  1.329E-02
9.975239E+01  7.50733E+01  1.8873E+00  4.2756E+00  2.8298E-01  4.5586E+00  3.495E+00  1.243E-02
1.066353E+02  7.51704E+01  1.6866E+00  3.5744E+00  2.6260E-01  3.8370E+00  2.928E+00  1.163E-02
1.139931E+02  7.52342E+01  1.5075E+00  2.9885E+00  2.4421E-01  3.2327E+00  2.454E+00  1.088E-02
1.218587E+02  7.52751E+01  1.3476E+00  2.4991E+00  2.2761E-01  2.7267E+00  2.056E+00  1.017E-02
1.302669E+02  7.52997E+01  1.2048E+00  2.0901E+00  2.1262E-01  2.3027E+00  1.723E+00  9.518E-03
1.392553E+02  7.53128E+01  1.0772E+00  1.7482E+00  1.9907E-01  1.9473E+00  1.444E+00  8.903E-03
1.488640E+02  7.53443E+01  9.6158E-01  1.4597E+00  1.8681E-01  1.6465E+00  1.207E+00  8.329E-03
1.591356E+02  7.53404E+01  8.5722E-01  1.2173E+00  1.7571E-01  1.3930E+00  1.008E+00  7.791E-03
1.701159E+02  7.53313E+01  7.6426E-01  1.0153E+00  1.6563E-01  1.1809E+00  8.410E-01  7.288E-03
1.818539E+02  7.53187E+01  6.8146E-01  8.4684E-01  1.5647E-01  1.0033E+00  7.020E-01  6.818E-03
1.944018E+02  7.53038E+01  6.0768E-01  7.0641E-01  1.4812E-01  8.5453E-01  5.859E-01  6.378E-03
2.078156E+02  7.52875E+01  5.4194E-01  5.8933E-01  1.4049E-01  7.2982E-01  4.891E-01  5.966E-03
2.221548E+02  7.52704E+01  4.8335E-01  4.9169E-01  1.3350E-01  6.2519E-01  4.082E-01  5.581E-03
2.374835E+02  7.52530E+01  4.3114E-01  4.1027E-01  1.2706E-01  5.3733E-01  3.407E-01  5.221E-03
2.538699E+02  7.52356E+01  3.8460E-01  3.4236E-01  1.2113E-01  4.6349E-01  2.844E-01  4.884E-03
2.713869E+02  7.52184E+01  3.4311E-01  2.8571E-01  1.1564E-01  4.0135E-01  2.374E-01  4.569E-03
2.901126E+02  7.52015E+01  3.0612E-01  2.3846E-01  1.1053E-01  3.4899E-01  1.981E-01  4.274E-03
3.101304E+02  7.51849E+01  2.7314E-01  1.9903E-01  1.0576E-01  3.0479E-01  1.654E-01  3.998E-03
3.315294E+02  7.51693E+01  2.4564E-01  1.6744E-01  1.0129E-01  2.6873E-01  1.393E-01  3.740E-03
3.544049E+02  7.51553E+01  2.2097E-01  1.4090E-01  9.7090E-02  2.3799E-01  1.174E-01  3.498E-03
3.788588E+02  7.51425E+01  1.9879E-01  1.1858E-01  9.3122E-02  2.1170E-01  9.897E-02  3.273E-03
4.050001E+02  7.51308E+01  1.7886E-01  9.9800E-02  8.9361E-02  1.8916E-01  8.341E-02  3.061E-03
4.329451E+02  7.51199E+01  1.6093E-01  8.4002E-02  8.5784E-02  1.6979E-01  7.029E-02  2.864E-03


