1.067676E+00  4.18815E+01  2.2119E+01  7.1605E+03  6.7670E+00  7.1673E+03  0.000E+00  1.161E+00
1.141345E+00  4.31430E+01  2.0307E+01  6.1494E+03  6.9098E+00  6.1563E+03  0.000E+00  1.086E+00
1.220098E+00  4.40900E+01  1.8640E+01  5.2803E+03  7.0326E+00  5.2873E+03  0.000E+00  1.016E+00
1.304285E+00  4.48358E+01  1.7107E+01  4.5333E+03  7.1346E+00  4.5404E+03  0.000E+00  9.506E-01
1.394281E+00  4.54081E+01  1.5648E+01  3.8790E+03  7.2149E+00  3.8862E+03  0.000E+00  8.892E-01
1.490486E+00  4.58155E+01  1.4293E+01  3.3143E+03  7.2731E+00  3.3216E+03  0.000E+00  8.318E-01
1.593329E+00  4.61106E+01  1.3058E+01  2.8325E+03  7.3089E+00  2.8398E+03  0.000E+00  7.781E-01
1.703269E+00  4.63046E+01  1.1926E+01  2.4200E+03  7.3223E+00  2.4273E+03  0.000E+00  7.279E-01
1.820795E+00  4.64133E+01  1.0897E+01  2.0684E+03  7.3133E+00  2.0757E+03  0.000E+00  6.809E-01
1.946430E+00  4.64607E+01  9.9536E+00  1.7675E+03  7.2823E+00  1.7748E+03  0.000E+00  6.370E-01
2.080733E+00  4.64584E+01  9.0959E+00  1.5109E+03  7.2298E+00  1.5181E+03  0.000E+00  5.959E-01
2.224304E+00  4.64054E+01  8.2687E+00  1.2849E+03  7.1566E+00  1.2921E+03  0.000E+00  5.574E-01
2.377781E+00  4.62816E+01  7.5066E+00  1.0911E+03  7.0636E+00  1.0982E+03  0.000E+00  5.214E-01
2.541848E+00  4.60945E+01  6.8253E+00  9.2807E+02  6.9518E+00  9.3502E+02  0.000E+00  4.878E-01
2.717235E+00  4.58465E+01  6.2155E+00  7.9061E+02  6.8223E+00  7.9743E+02  0.000E+00  4.563E-01
2.904724E+00  4.55381E+01  5.6689E+00  6.7454E+02  6.6766E+00  6.8122E+02  0.000E+00  4.268E-01
3.105150E+00  4.51717E+01  5.1180E+00  5.6968E+02  6.5160E+00  5.7620E+02  0.000E+00  3.993E-01
3.319406E+00  4.46190E+01  4.5597E+00  4.7477E+02  6.3419E+00  4.8111E+02  0.000E+00  3.735E-01
3.548445E+00  4.37679E+01  4.0612E+00  3.9557E+02  6.1559E+00  4.0173E+02  0.000E+00  3.494E-01
3.793288E+00  4.23394E+01  3.6230E+00  3.3011E+02  5.9596E+00  3.3607E+02  0.000E+00  3.269E-01
4.049556E+00  3.86985E+01  3.2402E+00  2.7655E+02  5.7588E+00  2.8231E+02  0.000E+00  3.062E-01
4.055024E+00  3.85259E+01  3.2328E+00  2.7554E+02  5.7546E+00  2.8129E+02  0.000E+00  3.058E-01
4.111539E+00  3.52495E+01  3.1579E+00  2.6546E+02  5.7111E+00  2.7117E+02  0.000E+00  3.016E-01
4.128068E+00  3.12844E+01  3.1365E+00  2.6261E+02  5.6984E+00  2.6831E+02  0.000E+00  3.003E-01
4.152861E+00  3.51768E+01  1.0786E+01  8.9766E+02  5.6795E+00  9.0334E+02  0.000E+00  2.986E-01
4.214844E+00  3.84252E+01  1.0425E+01  8.5487E+02  5.6324E+00  8.6050E+02  0.000E+00  2.942E-01
4.292792E+00  3.94207E+01  9.9960E+00  8.0482E+02  5.5737E+00  8.1039E+02  0.000E+00  2.888E-01
4.334821E+00  3.92292E+01  9.7756E+00  7.7944E+02  5.5423E+00  7.8498E+02  0.000E+00  2.860E-01
4.358498E+00  3.86196E+01  9.6715E+00  7.6695E+02  5.5248E+00  7.7247E+02  0.000E+00  2.845E-01
4.376020E+00  3.68523E+01  9.5967E+00  7.5797E+02  5.5118E+00  7.6348E+02  0.000E+00  2.833E-01
4.402302E+00  3.90524E+01  1.3294E+01  1.0437E+03  5.4924E+00  1.0492E+03  0.000E+00  2.816E-01
4.468008E+00  4.12611E+01  1.2901E+01  9.9797E+02  5.4441E+00  1.0034E+03  0.000E+00  2.775E-01
4.604334E+00  4.28218E+01  1.2162E+01  9.1295E+02  5.3456E+00  9.1830E+02  0.000E+00  2.693E-01
4.633924E+00  4.29076E+01  1.2022E+01  8.9672E+02  5.3245E+00  9.0204E+02  0.000E+00  2.676E-01
4.674808E+00  4.27008E+01  1.1837E+01  8.7513E+02  5.2955E+00  8.8043E+02  0.000E+00  2.652E-01
4.693602E+00  4.19213E+01  1.1754E+01  8.6552E+02  5.2822E+00  8.7080E+02  0.000E+00  2.642E-01
4.721791E+00  4.30690E+01  1.3468E+01  9.8582E+02  5.2623E+00  9.9108E+02  0.000E+00  2.626E-01
4.792266E+00  4.43895E+01  1.3158E+01  9.4896E+02  5.2131E+00  9.5417E+02  0.000E+00  2.587E-01
4.953664E+00  4.58807E+01  1.2511E+01  8.7293E+02  5.1025E+00  8.7803E+02  0.000E+00  2.503E-01
5.295467E+00  4.76632E+01  1.1356E+01  7.4119E+02  4.8779E+00  7.4607E+02  0.000E+00  2.341E-01
5.660855E+00  4.88405E+01  1.0281E+01  6.2771E+02  4.6520E+00  6.3236E+02  0.000E+00  2.190E-01
6.051453E+00  4.96541E+01  9.2620E+00  5.2900E+02  4.4261E+00  5.3343E+02  0.000E+00  2.049E-01
6.469004E+00  5.02187E+01  8.3229E+00  4.4468E+02  4.2015E+00  4.4888E+02  0.000E+00  1.917E-01
6.915365E+00  5.06070E+01  7.4727E+00  3.7349E+02  3.9793E+00  3.7747E+02  0.000E+00  1.793E-01
7.392525E+00  5.08727E+01  6.7098E+00  3.1371E+02  3.7606E+00  3.1747E+02  0.000E+00  1.677E-01
7.902609E+00  5.10531E+01  6.0285E+00  2.6366E+02  3.5463E+00  2.6721E+02  0.000E+00  1.569E-01
8.447890E+00  5.12517E+01  5.4184E+00  2.2168E+02  3.3371E+00  2.2502E+02  0.000E+00  1.468E-01
9.030794E+00  5.13849E+01  4.8549E+00  1.8581E+02  3.1339E+00  1.8894E+02  0.000E+00  1.373E-01
9.653919E+00  5.14451E+01  4.3109E+00  1.5434E+02  2.9372E+00  1.5728E+02  0.000E+00  1.284E-01
1.032004E+01  5.14241E+01  3.8246E+00  1.2809E+02  2.7476E+00  1.3084E+02  0.000E+00  1.201E-01
1.103212E+01  5.13726E+01  3.3957E+00  1.0639E+02  2.5655E+00  1.0896E+02  0.000E+00  1.124E-01
1.179334E+01  5.13015E+01  3.0177E+00  8.8440E+01  2.3911E+00  9.0831E+01  0.000E+00  1.051E-01
1.260708E+01  5.12178E+01  2.6842E+00  7.3589E+01  2.2248E+00  7.5814E+01  0.000E+00  9.834E-02
1.347697E+01  5.11259E+01  2.3898E+00  6.1288E+01  2.0667E+00  6.3355E+01  0.000E+00  9.200E-02
1.440688E+01  5.10287E+01  2.1296E+00  5.1089E+01  1.9168E+00  5.3006E+01  0.000E+00  8.606E-02
1.540095E+01  5.09275E+01  1.8978E+00  4.2591E+01  1.7752E+00  4.4366E+01  0.000E+00  8.050E-02
1.646362E+01  5.08228E+01  1.6923E+00  3.5528E+01  1.6418E+00  3.7170E+01  0.000E+00  7.531E-02
1.759961E+01  5.07150E+01  1.5106E+00  2.9665E+01  1.5165E+00  3.1182E+01  0.000E+00  7.045E-02
1.881398E+01  5.06025E+01  1.3455E+00  2.4718E+01  1.3992E+00  2.6117E+01  0.000E+00  6.590E-02
2.011215E+01  5.04806E+01  1.1969E+00  2.0568E+01  1.2895E+00  2.1858E+01  0.000E+00  6.165E-02
2.149988E+01  5.03444E+01  1.0614E+00  1.7062E+01  1.1874E+00  1.8249E+01  0.000E+00  5.767E-02
2.298338E+01  5.01845E+01  9.4120E-01  1.4154E+01  1.0925E+00  1.5246E+01  0.000E+00  5.395E-02
2.456923E+01  4.99872E+01  8.3540E-01  1.1752E+01  1.0045E+00  1.2756E+01  0.000E+00  5.046E-02
2.626450E+01  4.97185E+01  7.4215E-01  9.7664E+00  9.2310E-01  1.0690E+01  0.000E+00  4.721E-02
2.807676E+01  4.92783E+01  6.5316E-01  8.0405E+00  8.4801E-01  8.8885E+00  0.000E+00  4.416E-02
2.988138E+01  4.81193E+01  5.7836E-01  6.6897E+00  7.8329E-01  7.4730E+00  0.000E+00  4.149E-02
3.001405E+01  4.79024E+01  5.7340E-01  6.6030E+00  7.7888E-01  7.3819E+00  0.000E+00  4.131E-02
3.033874E+01  4.68668E+01  5.6152E-01  6.3970E+00  7.6827E-01  7.1653E+00  0.000E+00  4.087E-02
3.046071E+01  4.53623E+01  5.5716E-01  6.3219E+00  7.6435E-01  7.0862E+00  0.000E+00  4.070E-02
3.064366E+01  4.68879E+01  3.5145E+00  3.9640E+01  7.5853E-01  4.0399E+01  3.343E+01  4.046E-02
3.110102E+01  4.82676E+01  3.4275E+00  3.8091E+01  7.4434E-01  3.8835E+01  3.214E+01  3.987E-02
3.208502E+01  4.92519E+01  3.2520E+00  3.5031E+01  7.1537E-01  3.5746E+01  2.960E+01  3.864E-02
3.429889E+01  5.01312E+01  2.9110E+00  2.9334E+01  6.5715E-01  2.9991E+01  2.487E+01  3.615E-02
3.666551E+01  5.05777E+01  2.6076E+00  2.4581E+01  6.0388E-01  2.5185E+01  2.091E+01  3.381E-02
3.919543E+01  5.08571E+01  2.3365E+00  2.0604E+01  5.5523E-01  2.1159E+01  1.758E+01  3.163E-02
4.189992E+01  5.10451E+01  2.0865E+00  1.7212E+01  5.1087E-01  1.7723E+01  1.472E+01  2.959E-02
4.479101E+01  5.11700E+01  1.8611E+00  1.4361E+01  4.7049E-01  1.4831E+01  1.230E+01  2.768E-02
4.788159E+01  5.12536E+01  1.6592E+00  1.1977E+01  4.3380E-01  1.2411E+01  1.028E+01  2.589E-02
5.118542E+01  5.13083E+01  1.4786E+00  9.9840E+00  4.0050E-01  1.0384E+01  8.578E+00  2.422E-02
5.471721E+01  5.13425E+01  1.3173E+00  8.3210E+00  3.7032E-01  8.6913E+00  7.159E+00  2.266E-02
5.849270E+01  5.13619E+01  1.1735E+00  6.9344E+00  3.4299E-01  7.2774E+00  5.973E+00  2.120E-02
6.252870E+01  5.14029E+01  1.0438E+00  5.7698E+00  3.1826E-01  6.0881E+00  4.973E+00  1.983E-02
6.684318E+01  5.14014E+01  9.2605E-01  4.7884E+00  2.9592E-01  5.0843E+00  4.128E+00  1.855E-02
7.145536E+01  5.13932E+01  8.2164E-01  3.9743E+00  2.7573E-01  4.2500E+00  3.427E+00  1.735E-02
7.638578E+01  5.13809E+01  7.2906E-01  3.2989E+00  2.5749E-01  3.5564E+00  2.845E+00  1.623E-02
8.165640E+01  5.13667E+01  6.4593E-01  2.7340E+00  2.4102E-01  2.9750E+00  2.358E+00  1.518E-02
8.729069E+01  5.13491E+01  5.7023E-01  2.2578E+00  2.2615E-01  2.4840E+00  1.949E+00  1.420E-02
9.331374E+01  5.13295E+01  5.0344E-01  1.8647E+00  2.1270E-01  2.0774E+00  1.611E+00  1.329E-02
9.975239E+01  5.13089E+01  4.4450E-01  1.5401E+00  2.0054E-01  1.7406E+00  1.331E+00  1.243E-02
1.066353E+02  5.12882E+01  3.9249E-01  1.2722E+00  1.8953E-01  1.4617E+00  1.100E+00  1.163E-02
1.139931E+02  5.12677E+01  3.4659E-01  1.0509E+00  1.7955E-01  1.2304E+00  9.091E-01  1.088E-02
1.218587E+02  5.12478E+01  3.0608E-01  8.6813E-01  1.7048E-01  1.0386E+00  7.513E-01  1.017E-02
1.302669E+02  5.12287E+01  2.7032E-01  7.1721E-01  1.6222E-01  8.7943E-01  6.209E-01  9.518E-03
1.392553E+02  5.12105E+01  2.3871E-01  5.9248E-01  1.5468E-01  7.4716E-01  5.130E-01  8.903E-03
1.488640E+02  5.11933E+01  2.1081E-01  4.8945E-01  1.4778E-01  6.3723E-01  4.239E-01  8.329E-03
1.591356E+02  5.11771E+01  1.8617E-01  4.0436E-01  1.4144E-01  5.4580E-01  3.503E-01  7.791E-03
1.701159E+02  5.11620E+01  1.6443E-01  3.3407E-01  1.3560E-01  4.6967E-01  2.894E-01  7.288E-03
1.818539E+02  5.11479E+01  1.4523E-01  2.7602E-01  1.3020E-01  4.0622E-01  2.391E-01  6.818E-03
1.944018E+02  5.11348E+01  1.2828E-01  2.2807E-01  1.2518E-01  3.5325E-01  1.976E-01  6.378E-03
2.078156E+02  5.11228E+01  1.1331E-01  1.8846E-01  1.2050E-01  3.0896E-01  1.633E-01  5.966E-03
2.221548E+02  5.11116E+01  1.0010E-01  1.5573E-01  1.1612E-01  2.7185E-01  1.349E-01  5.581E-03
2.374835E+02  5.11014E+01  8.8426E-02  1.2869E-01  1.1199E-01  2.4068E-01  1.115E-01  5.221E-03
2.538699E+02  5.10920E+01  7.8119E-02  1.0635E-01  1.0810E-01  2.1445E-01  9.209E-02  4.884E-03
2.713869E+02  5.10834E+01  6.9017E-02  8.7897E-02  1.0441E-01  1.9231E-01  7.609E-02  4.569E-03
2.901126E+02  5.10755E+01  6.0977E-02  7.2646E-02  1.0089E-01  1.7354E-01  6.287E-02  4.274E-03
3.101304E+02  5.10683E+01  5.3876E-02  6.0043E-02  9.7530E-02  1.5757E-01  5.195E-02  3.998E-03
3.315294E+02  5.10617E+01  4.7604E-02  4.9629E-02  9.4308E-02  1.4394E-01  4.292E-02  3.740E-03
3.544049E+02  5.10558E+01  4.2063E-02  4.1022E-02  9.1209E-02  1.3223E-01  3.546E-02  3.498E-03
3.788588E+02  5.10503E+01  3.7169E-02  3.3909E-02  8.8219E-02  1.2213E-01  2.930E-02  3.273E-03
4.050001E+02  5.10454E+01  3.2845E-02  2.8030E-02  8.5328E-02  1.1336E-01  2.421E-02  3.061E-03
4.329451E+02  5.10409E+01  2.9025E-02  2.3172E-02  8.2525E-02  1.0570E-01  2.001E-02  2.864E-03


