1.0016605E+00 4.73377E+01  1.4355E+01  3.3328E+03  9.3989E+00  3.3422E+03  0.000E-01  1.238E+00
1.0066688E+00 4.73679E+01  1.4260E+01  3.2943E+03  9.4169E+00  3.3037E+03  0.000E-01  1.232E+00
1.0117021E+00 4.73922E+01  1.4166E+01  3.2562E+03  9.4348E+00  3.2657E+03  0.000E-01  1.226E+00
1.0167606E+00 4.74135E+01  1.4073E+01  3.2187E+03  9.4526E+00  3.2282E+03  0.000E-01  1.219E+00
1.0218444E+00 4.74322E+01  1.3980E+01  3.1816E+03  9.4702E+00  3.1911E+03  0.000E-01  1.213E+00
1.0269536E+00 4.74487E+01  1.3888E+01  3.1451E+03  9.4878E+00  3.1545E+03  0.000E-01  1.207E+00
1.0320884E+00 4.74631E+01  1.3798E+01  3.1089E+03  9.5052E+00  3.1184E+03  0.000E-01  1.201E+00
1.0372489E+00 4.74754E+01  1.3707E+01  3.0733E+03  9.5224E+00  3.0828E+03  0.000E-01  1.195E+00
1.0424351E+00 4.74857E+01  1.3618E+01  3.0380E+03  9.5395E+00  3.0476E+03  0.000E-01  1.189E+00
1.0476473E+00 4.74940E+01  1.3530E+01  3.0033E+03  9.5565E+00  3.0128E+03  0.000E-01  1.183E+00
1.0528855E+00 4.75005E+01  1.3442E+01  2.9689E+03  9.5734E+00  2.9785E+03  0.000E-01  1.178E+00
1.0581499E+00 4.75051E+01  1.3355E+01  2.9350E+03  9.5901E+00  2.9446E+03  0.000E-01  1.172E+00
1.0634407E+00 4.75079E+01  1.3268E+01  2.9016E+03  9.6067E+00  2.9112E+03  0.000E-01  1.166E+00
1.0687579E+00 4.75088E+01  1.3183E+01  2.8685E+03  9.6231E+00  2.8781E+03  0.000E-01  1.160E+00
1.0741017E+00 4.75080E+01  1.3098E+01  2.8359E+03  9.6394E+00  2.8455E+03  0.000E-01  1.154E+00
1.0794722E+00 4.75055E+01  1.3014E+01  2.8036E+03  9.6556E+00  2.8133E+03  0.000E-01  1.149E+00
1.0848695E+00 4.75012E+01  1.2930E+01  2.7718E+03  9.6716E+00  2.7815E+03  0.000E-01  1.143E+00
1.0902939E+00 4.74952E+01  1.2848E+01  2.7404E+03  9.6875E+00  2.7501E+03  0.000E-01  1.137E+00
1.0957454E+00 4.74875E+01  1.2766E+01  2.7093E+03  9.7033E+00  2.7191E+03  0.000E-01  1.132E+00
1.1012241E+00 4.74781E+01  1.2685E+01  2.6787E+03  9.7189E+00  2.6884E+03  0.000E-01  1.126E+00
1.1067302E+00 4.74670E+01  1.2604E+01  2.6484E+03  9.7344E+00  2.6582E+03  0.000E-01  1.120E+00
1.1122639E+00 4.74543E+01  1.2524E+01  2.6185E+03  9.7497E+00  2.6283E+03  0.000E-01  1.115E+00
1.1178252E+00 4.74400E+01  1.2445E+01  2.5890E+03  9.7649E+00  2.5988E+03  0.000E-01  1.109E+00
1.1234143E+00 4.74239E+01  1.2366E+01  2.5599E+03  9.7799E+00  2.5697E+03  0.000E-01  1.104E+00
1.1290314E+00 4.74063E+01  1.2288E+01  2.5311E+03  9.7948E+00  2.5409E+03  0.000E-01  1.098E+00
1.1346765E+00 4.73870E+01  1.2211E+01  2.5027E+03  9.8096E+00  2.5125E+03  0.000E-01  1.093E+00
1.1403499E+00 4.73660E+01  1.2134E+01  2.4746E+03  9.8242E+00  2.4844E+03  0.000E-01  1.087E+00
1.1460517E+00 4.73434E+01  1.2058E+01  2.4469E+03  9.8387E+00  2.4567E+03  0.000E-01  1.082E+00
1.1517819E+00 4.73191E+01  1.1983E+01  2.4195E+03  9.8530E+00  2.4293E+03  0.000E-01  1.076E+00
1.1575408E+00 4.72932E+01  1.1908E+01  2.3924E+03  9.8672E+00  2.4023E+03  0.000E-01  1.071E+00
1.1633285E+00 4.72657E+01  1.1834E+01  2.3657E+03  9.8812E+00  2.3756E+03  0.000E-01  1.066E+00
1.1691452E+00 4.72364E+01  1.1761E+01  2.3393E+03  9.8951E+00  2.3492E+03  0.000E-01  1.060E+00
1.1749909E+00 4.72055E+01  1.1688E+01  2.3133E+03  9.9088E+00  2.3232E+03  0.000E-01  1.055E+00
1.1808659E+00 4.71729E+01  1.1616E+01  2.2875E+03  9.9224E+00  2.2974E+03  0.000E-01  1.050E+00
1.1867702E+00 4.71386E+01  1.1544E+01  2.2621E+03  9.9358E+00  2.2720E+03  0.000E-01  1.045E+00
1.1927040E+00 4.71026E+01  1.1473E+01  2.2370E+03  9.9491E+00  2.2469E+03  0.000E-01  1.040E+00
1.1986676E+00 4.70648E+01  1.1402E+01  2.2122E+03  9.9622E+00  2.2221E+03  0.000E-01  1.034E+00
1.2046609E+00 4.70253E+01  1.1332E+01  2.1877E+03  9.9752E+00  2.1976E+03  0.000E-01  1.029E+00
1.2106842E+00 4.69840E+01  1.1263E+01  2.1634E+03  9.9881E+00  2.1734E+03  0.000E-01  1.024E+00
1.2167376E+00 4.69387E+01  1.1194E+01  2.1395E+03  1.0001E+01  2.1495E+03  0.000E-01  1.019E+00
1.2228213E+00 4.68938E+01  1.1126E+01  2.1159E+03  1.0013E+01  2.1259E+03  0.000E-01  1.014E+00
1.2289354E+00 4.68471E+01  1.1058E+01  2.0926E+03  1.0026E+01  2.1026E+03  0.000E-01  1.009E+00
1.2350801E+00 4.67984E+01  1.0991E+01  2.0695E+03  1.0038E+01  2.0796E+03  0.000E-01  1.004E+00
1.2412555E+00 4.67478E+01  1.0925E+01  2.0468E+03  1.0050E+01  2.0568E+03  0.000E-01  9.989E-01
1.2474618E+00 4.66953E+01  1.0859E+01  2.0243E+03  1.0062E+01  2.0343E+03  0.000E-01  9.939E-01
1.2536991E+00 4.66408E+01  1.0793E+01  2.0021E+03  1.0074E+01  2.0121E+03  0.000E-01  9.889E-01
1.2599676E+00 4.65842E+01  1.0728E+01  1.9801E+03  1.0085E+01  1.9902E+03  0.000E-01  9.840E-01
1.2662674E+00 4.65256E+01  1.0664E+01  1.9584E+03  1.0097E+01  1.9685E+03  0.000E-01  9.791E-01
1.2725988E+00 4.64648E+01  1.0600E+01  1.9370E+03  1.0108E+01  1.9471E+03  0.000E-01  9.743E-01
1.2789618E+00 4.64019E+01  1.0536E+01  1.9158E+03  1.0119E+01  1.9259E+03  0.000E-01  9.694E-01
1.2853566E+00 4.63368E+01  1.0473E+01  1.8949E+03  1.0130E+01  1.9050E+03  0.000E-01  9.646E-01
1.2917833E+00 4.62693E+01  1.0411E+01  1.8743E+03  1.0141E+01  1.8844E+03  0.000E-01  9.598E-01
1.2982423E+00 4.61996E+01  1.0349E+01  1.8538E+03  1.0152E+01  1.8640E+03  0.000E-01  9.550E-01
1.3047335E+00 4.61274E+01  1.0288E+01  1.8337E+03  1.0162E+01  1.8438E+03  0.000E-01  9.503E-01
1.3112571E+00 4.60527E+01  1.0227E+01  1.8138E+03  1.0172E+01  1.8239E+03  0.000E-01  9.455E-01
1.3178134E+00 4.59756E+01  1.0166E+01  1.7941E+03  1.0183E+01  1.8043E+03  0.000E-01  9.408E-01
1.3244025E+00 4.58958E+01  1.0106E+01  1.7746E+03  1.0193E+01  1.7848E+03  0.000E-01  9.362E-01
1.3310245E+00 4.58132E+01  1.0047E+01  1.7554E+03  1.0202E+01  1.7656E+03  0.000E-01  9.315E-01
1.3376796E+00 4.57280E+01  9.9880E+00  1.7364E+03  1.0212E+01  1.7466E+03  0.000E-01  9.269E-01
1.3443680E+00 4.56398E+01  9.9294E+00  1.7176E+03  1.0222E+01  1.7279E+03  0.000E-01  9.222E-01
1.3510899E+00 4.55486E+01  9.8713E+00  1.6991E+03  1.0231E+01  1.7093E+03  0.000E-01  9.177E-01
1.3578453E+00 4.54544E+01  9.8137E+00  1.6808E+03  1.0240E+01  1.6910E+03  0.000E-01  9.131E-01
1.3646345E+00 4.53569E+01  9.7565E+00  1.6627E+03  1.0249E+01  1.6729E+03  0.000E-01  9.086E-01
1.3714577E+00 4.52561E+01  9.6997E+00  1.6448E+03  1.0258E+01  1.6550E+03  0.000E-01  9.040E-01
1.3783150E+00 4.51519E+01  9.6434E+00  1.6271E+03  1.0267E+01  1.6373E+03  0.000E-01  8.995E-01
1.3852066E+00 4.50441E+01  9.5875E+00  1.6096E+03  1.0276E+01  1.6199E+03  0.000E-01  8.951E-01
1.3921326E+00 4.49325E+01  9.5321E+00  1.5923E+03  1.0284E+01  1.6026E+03  0.000E-01  8.906E-01
1.3990933E+00 4.48183E+01  9.4771E+00  1.5753E+03  1.0292E+01  1.5856E+03  0.000E-01  8.862E-01
1.4060887E+00 4.46988E+01  9.4226E+00  1.5584E+03  1.0300E+01  1.5687E+03  0.000E-01  8.818E-01
1.4131192E+00 4.45751E+01  9.3684E+00  1.5417E+03  1.0308E+01  1.5521E+03  0.000E-01  8.774E-01
1.4201848E+00 4.44469E+01  9.3147E+00  1.5253E+03  1.0316E+01  1.5356E+03  0.000E-01  8.730E-01
1.4272857E+00 4.43141E+01  9.2614E+00  1.5090E+03  1.0324E+01  1.5193E+03  0.000E-01  8.687E-01
1.4344221E+00 4.41763E+01  9.2086E+00  1.4929E+03  1.0331E+01  1.5033E+03  0.000E-01  8.643E-01
1.4415942E+00 4.40335E+01  9.1561E+00  1.4770E+03  1.0338E+01  1.4874E+03  0.000E-01  8.600E-01
1.4488022E+00 4.38852E+01  9.1040E+00  1.4613E+03  1.0345E+01  1.4717E+03  0.000E-01  8.558E-01
1.4560462E+00 4.37312E+01  9.0524E+00  1.4458E+03  1.0352E+01  1.4562E+03  0.000E-01  8.515E-01
1.4633265E+00 4.35713E+01  9.0011E+00  1.4305E+03  1.0359E+01  1.4408E+03  0.000E-01  8.473E-01
1.4706431E+00 4.34049E+01  8.9502E+00  1.4153E+03  1.0366E+01  1.4257E+03  0.000E-01  8.431E-01
1.4779963E+00 4.32318E+01  8.8998E+00  1.4003E+03  1.0372E+01  1.4107E+03  0.000E-01  8.389E-01
1.4853863E+00 4.30516E+01  8.8497E+00  1.3855E+03  1.0378E+01  1.3959E+03  0.000E-01  8.347E-01
1.4928132E+00 4.28638E+01  8.8000E+00  1.3709E+03  1.0385E+01  1.3813E+03  0.000E-01  8.305E-01
1.5002773E+00 4.26679E+01  8.7507E+00  1.3564E+03  1.0391E+01  1.3668E+03  0.000E-01  8.264E-01
1.5077787E+00 4.24634E+01  8.7017E+00  1.3421E+03  1.0396E+01  1.3525E+03  0.000E-01  8.223E-01
1.5153176E+00 4.22496E+01  8.6532E+00  1.3280E+03  1.0402E+01  1.3384E+03  0.000E-01  8.182E-01
1.5228942E+00 4.20259E+01  8.6050E+00  1.3140E+03  1.0407E+01  1.3244E+03  0.000E-01  8.141E-01
1.5305086E+00 4.17915E+01  8.5571E+00  1.3002E+03  1.0413E+01  1.3106E+03  0.000E-01  8.101E-01
1.5381612E+00 4.15455E+01  8.5097E+00  1.2866E+03  1.0418E+01  1.2970E+03  0.000E-01  8.061E-01
1.5458520E+00 4.12872E+01  8.4626E+00  1.2731E+03  1.0423E+01  1.2835E+03  0.000E-01  8.020E-01
1.5535812E+00 4.10153E+01  8.4158E+00  1.2598E+03  1.0427E+01  1.2702E+03  0.000E-01  7.981E-01
1.5613491E+00 4.07286E+01  8.3694E+00  1.2466E+03  1.0432E+01  1.2570E+03  0.000E-01  7.941E-01
1.5691559E+00 4.04259E+01  8.3234E+00  1.2336E+03  1.0437E+01  1.2440E+03  0.000E-01  7.901E-01
1.5770017E+00 4.01054E+01  8.2777E+00  1.2207E+03  1.0441E+01  1.2311E+03  0.000E-01  7.862E-01
1.5848867E+00 3.97655E+01  8.2324E+00  1.2080E+03  1.0445E+01  1.2184E+03  0.000E-01  7.823E-01
1.5928111E+00 3.94038E+01  8.1874E+00  1.1954E+03  1.0449E+01  1.2058E+03  0.000E-01  7.784E-01
1.6007752E+00 3.90180E+01  8.1427E+00  1.1829E+03  1.0453E+01  1.1934E+03  0.000E-01  7.745E-01
1.6087790E+00 3.86051E+01  8.0984E+00  1.1707E+03  1.0456E+01  1.1811E+03  0.000E-01  7.707E-01
1.6168229E+00 3.81615E+01  8.0544E+00  1.1585E+03  1.0460E+01  1.1690E+03  0.000E-01  7.668E-01
1.6249070E+00 3.76829E+01  8.0094E+00  1.1463E+03  1.0463E+01  1.1568E+03  0.000E-01  7.630E-01
1.6330316E+00 3.71639E+01  7.9646E+00  1.1342E+03  1.0466E+01  1.1447E+03  0.000E-01  7.592E-01
1.6411967E+00 3.65981E+01  7.9201E+00  1.1223E+03  1.0469E+01  1.1327E+03  0.000E-01  7.555E-01
1.6494027E+00 3.59770E+01  7.8760E+00  1.1105E+03  1.0472E+01  1.1209E+03  0.000E-01  7.517E-01
1.6576497E+00 3.52899E+01  7.8322E+00  1.0988E+03  1.0474E+01  1.1093E+03  0.000E-01  7.480E-01
1.6659380E+00 3.45223E+01  7.7887E+00  1.0873E+03  1.0477E+01  1.0977E+03  0.000E-01  7.442E-01
1.6742677E+00 3.36544E+01  7.7455E+00  1.0759E+03  1.0479E+01  1.0863E+03  0.000E-01  7.405E-01
1.6826390E+00 3.26576E+01  7.7027E+00  1.0646E+03  1.0481E+01  1.0751E+03  0.000E-01  7.368E-01
1.6910522E+00 3.14889E+01  7.6602E+00  1.0534E+03  1.0483E+01  1.0639E+03  0.000E-01  7.332E-01
1.6995075E+00 3.00801E+01  7.6180E+00  1.0424E+03  1.0485E+01  1.0529E+03  0.000E-01  7.295E-01
1.7080050E+00 2.82994E+01  7.5761E+00  1.0315E+03  1.0486E+01  1.0420E+03  0.000E-01  7.259E-01
1.7165450E+00 2.58762E+01  7.5346E+00  1.0208E+03  1.0488E+01  1.0313E+03  0.000E-01  7.223E-01
1.7251278E+00 2.20117E+01  7.4933E+00  1.0101E+03  1.0489E+01  1.0206E+03  0.000E-01  7.187E-01
1.7337534E+00 1.00711E+01  7.4524E+00  9.9962E+02  1.0490E+01  1.0101E+03  0.000E-01  7.151E-01
1.7347877E+00 1.51614E+00  7.4475E+00  9.9837E+02  1.0490E+01  1.0089E+03  0.000E-01  7.147E-01
1.7354123E+00 1.19537E+00  2.5774E+01  3.4539E+03  1.0490E+01  3.4644E+03  0.000E-01  7.144E-01
1.7424222E+00 1.93420E+01  2.5625E+01  3.4200E+03  1.0491E+01  3.4305E+03  0.000E-01  7.116E-01
1.7511343E+00 2.34233E+01  2.5441E+01  3.3786E+03  1.0492E+01  3.3891E+03  0.000E-01  7.080E-01
1.7598899E+00 2.52767E+01  2.5259E+01  3.3378E+03  1.0492E+01  3.3482E+03  0.000E-01  7.045E-01
1.7686894E+00 2.60669E+01  2.5078E+01  3.2974E+03  1.0493E+01  3.3079E+03  0.000E-01  7.010E-01
1.7775328E+00 2.59037E+01  2.4899E+01  3.2575E+03  1.0493E+01  3.2680E+03  0.000E-01  6.975E-01
1.7864205E+00 2.39938E+01  2.4721E+01  3.2181E+03  1.0493E+01  3.2286E+03  0.000E-01  6.940E-01
1.7926172E+00 1.53905E+01  2.4598E+01  3.1911E+03  1.0493E+01  3.2016E+03  0.000E-01  6.916E-01
1.7937828E+00 1.53399E+01  3.6635E+01  4.7496E+03  1.0493E+01  4.7601E+03  0.000E-01  6.912E-01
1.7953526E+00 2.05553E+01  3.6588E+01  4.7393E+03  1.0493E+01  4.7498E+03  0.000E-01  6.906E-01
1.8043294E+00 2.78700E+01  3.6322E+01  4.6814E+03  1.0493E+01  4.6919E+03  0.000E-01  6.871E-01
1.8133510E+00 3.10235E+01  3.6057E+01  4.6242E+03  1.0492E+01  4.6346E+03  0.000E-01  6.837E-01
1.8224178E+00 3.32274E+01  3.5794E+01  4.5676E+03  1.0492E+01  4.5781E+03  0.000E-01  6.803E-01
1.8315299E+00 3.49701E+01  3.5534E+01  4.5118E+03  1.0491E+01  4.5223E+03  0.000E-01  6.769E-01
1.8406875E+00 3.64297E+01  3.5275E+01  4.4567E+03  1.0490E+01  4.4672E+03  0.000E-01  6.736E-01
1.8498909E+00 3.76932E+01  3.5019E+01  4.4023E+03  1.0489E+01  4.4128E+03  0.000E-01  6.702E-01
1.8591404E+00 3.88107E+01  3.4764E+01  4.3486E+03  1.0488E+01  4.3590E+03  0.000E-01  6.669E-01
1.8684361E+00 3.98139E+01  3.4510E+01  4.2953E+03  1.0486E+01  4.3058E+03  0.000E-01  6.636E-01
1.8777783E+00 4.07245E+01  3.4259E+01  4.2428E+03  1.0485E+01  4.2533E+03  0.000E-01  6.603E-01
1.8871672E+00 4.15580E+01  3.4009E+01  4.1909E+03  1.0483E+01  4.2014E+03  0.000E-01  6.570E-01
1.8966030E+00 4.23260E+01  3.3761E+01  4.1397E+03  1.0481E+01  4.1502E+03  0.000E-01  6.537E-01
1.9060860E+00 4.30373E+01  3.3515E+01  4.0891E+03  1.0479E+01  4.0995E+03  0.000E-01  6.505E-01
1.9156165E+00 4.36990E+01  3.3271E+01  4.0391E+03  1.0477E+01  4.0496E+03  0.000E-01  6.472E-01
1.9251945E+00 4.43166E+01  3.3029E+01  3.9897E+03  1.0475E+01  4.0002E+03  0.000E-01  6.440E-01
1.9348205E+00 4.48947E+01  3.2788E+01  3.9410E+03  1.0472E+01  3.9515E+03  0.000E-01  6.408E-01
1.9444946E+00 4.54369E+01  3.2550E+01  3.8929E+03  1.0469E+01  3.9033E+03  0.000E-01  6.376E-01
1.9542171E+00 4.59464E+01  3.2313E+01  3.8453E+03  1.0466E+01  3.8558E+03  0.000E-01  6.344E-01
1.9639882E+00 4.64258E+01  3.2078E+01  3.7984E+03  1.0463E+01  3.8088E+03  0.000E-01  6.313E-01
1.9738081E+00 4.68771E+01  3.1845E+01  3.7520E+03  1.0460E+01  3.7625E+03  0.000E-01  6.281E-01
1.9836772E+00 4.73022E+01  3.1614E+01  3.7062E+03  1.0457E+01  3.7167E+03  0.000E-01  6.250E-01
1.9935955E+00 4.77026E+01  3.1384E+01  3.6610E+03  1.0453E+01  3.6715E+03  0.000E-01  6.219E-01
2.0035635E+00 4.80794E+01  3.1157E+01  3.6164E+03  1.0449E+01  3.6268E+03  0.000E-01  6.188E-01
2.0135813E+00 4.84337E+01  3.0931E+01  3.5723E+03  1.0446E+01  3.5827E+03  0.000E-01  6.157E-01
2.0236492E+00 4.87662E+01  3.0706E+01  3.5287E+03  1.0442E+01  3.5392E+03  0.000E-01  6.127E-01
2.0337675E+00 4.90774E+01  3.0484E+01  3.4857E+03  1.0437E+01  3.4961E+03  0.000E-01  6.096E-01
2.0439363E+00 4.93674E+01  3.0263E+01  3.4432E+03  1.0433E+01  3.4537E+03  0.000E-01  6.066E-01
2.0541560E+00 4.96364E+01  3.0043E+01  3.4013E+03  1.0429E+01  3.4117E+03  0.000E-01  6.036E-01
2.0644268E+00 4.98840E+01  2.9826E+01  3.3599E+03  1.0424E+01  3.3703E+03  0.000E-01  6.006E-01
2.0747489E+00 5.01095E+01  2.9610E+01  3.3189E+03  1.0419E+01  3.3294E+03  0.000E-01  5.976E-01
2.0851227E+00 5.03117E+01  2.9396E+01  3.2785E+03  1.0414E+01  3.2889E+03  0.000E-01  5.946E-01
2.0955483E+00 5.04889E+01  2.9183E+01  3.2386E+03  1.0409E+01  3.2490E+03  0.000E-01  5.917E-01
2.1060260E+00 5.06384E+01  2.8972E+01  3.1992E+03  1.0404E+01  3.2096E+03  0.000E-01  5.887E-01
2.1165562E+00 5.07562E+01  2.8763E+01  3.1603E+03  1.0398E+01  3.1707E+03  0.000E-01  5.858E-01
2.1271389E+00 5.08362E+01  2.8555E+01  3.1218E+03  1.0392E+01  3.1322E+03  0.000E-01  5.829E-01
2.1377746E+00 5.08686E+01  2.8349E+01  3.0839E+03  1.0387E+01  3.0943E+03  0.000E-01  5.800E-01
2.1484635E+00 5.08373E+01  2.8144E+01  3.0464E+03  1.0381E+01  3.0568E+03  0.000E-01  5.771E-01
2.1592058E+00 5.07121E+01  2.7941E+01  3.0094E+03  1.0375E+01  3.0197E+03  0.000E-01  5.742E-01
2.1700018E+00 5.04274E+01  2.7740E+01  2.9728E+03  1.0368E+01  2.9832E+03  0.000E-01  5.714E-01
2.1808519E+00 4.97924E+01  2.7540E+01  2.9367E+03  1.0362E+01  2.9470E+03  0.000E-01  5.685E-01
2.1917561E+00 4.73967E+01  2.7341E+01  2.9010E+03  1.0355E+01  2.9114E+03  0.000E-01  5.657E-01
2.1963695E+00 4.75241E+01  3.2008E+01  3.3891E+03  1.0353E+01  3.3994E+03  0.000E-01  5.645E-01
2.2027149E+00 4.96584E+01  3.1866E+01  3.3643E+03  1.0349E+01  3.3746E+03  0.000E-01  5.629E-01
2.2137285E+00 5.11518E+01  3.1621E+01  3.3218E+03  1.0342E+01  3.3321E+03  0.000E-01  5.601E-01
2.2247971E+00 5.20640E+01  3.1377E+01  3.2798E+03  1.0335E+01  3.2902E+03  0.000E-01  5.573E-01
2.2359211E+00 5.27545E+01  3.1136E+01  3.2384E+03  1.0328E+01  3.2488E+03  0.000E-01  5.545E-01
2.2471007E+00 5.33238E+01  3.0897E+01  3.1976E+03  1.0320E+01  3.2079E+03  0.000E-01  5.518E-01
2.2583362E+00 5.38141E+01  3.0658E+01  3.1571E+03  1.0313E+01  3.1674E+03  0.000E-01  5.490E-01
2.2696279E+00 5.42458E+01  3.0416E+01  3.1166E+03  1.0305E+01  3.1269E+03  0.000E-01  5.463E-01
2.2809760E+00 5.46310E+01  3.0176E+01  3.0765E+03  1.0297E+01  3.0868E+03  0.000E-01  5.436E-01
2.2923809E+00 5.49771E+01  2.9937E+01  3.0370E+03  1.0289E+01  3.0473E+03  0.000E-01  5.409E-01
2.3038428E+00 5.52874E+01  2.9704E+01  2.9984E+03  1.0281E+01  3.0086E+03  0.000E-01  5.382E-01
2.3153620E+00 5.55725E+01  2.9489E+01  2.9619E+03  1.0273E+01  2.9722E+03  0.000E-01  5.355E-01
2.3269388E+00 5.58396E+01  2.9278E+01  2.9260E+03  1.0265E+01  2.9363E+03  0.000E-01  5.328E-01
2.3385735E+00 5.60885E+01  2.9066E+01  2.8904E+03  1.0256E+01  2.9007E+03  0.000E-01  5.302E-01
2.3502664E+00 5.63185E+01  2.8856E+01  2.8552E+03  1.0247E+01  2.8655E+03  0.000E-01  5.275E-01
2.3620177E+00 5.65300E+01  2.8648E+01  2.8205E+03  1.0239E+01  2.8308E+03  0.000E-01  5.249E-01
2.3738278E+00 5.67226E+01  2.8442E+01  2.7864E+03  1.0230E+01  2.7966E+03  0.000E-01  5.223E-01
2.3856970E+00 5.68952E+01  2.8239E+01  2.7527E+03  1.0221E+01  2.7629E+03  0.000E-01  5.197E-01
2.3976254E+00 5.70457E+01  2.8038E+01  2.7195E+03  1.0211E+01  2.7297E+03  0.000E-01  5.171E-01
2.4096136E+00 5.71701E+01  2.7840E+01  2.6868E+03  1.0202E+01  2.6970E+03  0.000E-01  5.145E-01
2.4216616E+00 5.72608E+01  2.7643E+01  2.6546E+03  1.0192E+01  2.6648E+03  0.000E-01  5.120E-01
2.4337699E+00 5.73030E+01  2.7449E+01  2.6228E+03  1.0182E+01  2.6330E+03  0.000E-01  5.094E-01
2.4459388E+00 5.72607E+01  2.7256E+01  2.5915E+03  1.0173E+01  2.6016E+03  0.000E-01  5.069E-01
2.4581685E+00 5.70077E+01  2.7066E+01  2.5606E+03  1.0163E+01  2.5707E+03  0.000E-01  5.044E-01
2.4657375E+00 5.63718E+01  2.6949E+01  2.5417E+03  1.0156E+01  2.5519E+03  0.000E-01  5.028E-01
2.4704593E+00 5.61112E+01  2.8778E+01  2.7090E+03  1.0152E+01  2.7192E+03  0.000E-01  5.019E-01
2.4716624E+00 5.64484E+01  2.8758E+01  2.7058E+03  1.0151E+01  2.7159E+03  0.000E-01  5.016E-01
2.4828116E+00 5.75794E+01  2.8566E+01  2.6757E+03  1.0142E+01  2.6858E+03  0.000E-01  4.994E-01
2.4952257E+00 5.81520E+01  2.8356E+01  2.6428E+03  1.0132E+01  2.6529E+03  0.000E-01  4.969E-01
2.5077018E+00 5.85644E+01  2.8148E+01  2.6103E+03  1.0121E+01  2.6205E+03  0.000E-01  4.944E-01
2.5202403E+00 5.89024E+01  2.7942E+01  2.5783E+03  1.0110E+01  2.5884E+03  0.000E-01  4.920E-01
2.5328415E+00 5.91946E+01  2.7738E+01  2.5468E+03  1.0100E+01  2.5569E+03  0.000E-01  4.895E-01
2.5455057E+00 5.94544E+01  2.7536E+01  2.5156E+03  1.0089E+01  2.5257E+03  0.000E-01  4.871E-01
2.5582333E+00 5.96887E+01  2.7335E+01  2.4849E+03  1.0077E+01  2.4950E+03  0.000E-01  4.846E-01
2.5710244E+00 5.99011E+01  2.7137E+01  2.4546E+03  1.0066E+01  2.4646E+03  0.000E-01  4.822E-01
2.5838796E+00 6.00933E+01  2.6940E+01  2.4246E+03  1.0055E+01  2.4347E+03  0.000E-01  4.798E-01
2.5967990E+00 6.02657E+01  2.6752E+01  2.3957E+03  1.0043E+01  2.4058E+03  0.000E-01  4.775E-01
2.6097829E+00 6.04255E+01  2.6572E+01  2.3678E+03  1.0031E+01  2.3778E+03  0.000E-01  4.751E-01
2.6228319E+00 6.05724E+01  2.6395E+01  2.3403E+03  1.0020E+01  2.3503E+03  0.000E-01  4.727E-01
2.6359460E+00 6.07044E+01  2.6220E+01  2.3132E+03  1.0008E+01  2.3232E+03  0.000E-01  4.704E-01
2.6491257E+00 6.08183E+01  2.6047E+01  2.2866E+03  9.9955E+00  2.2966E+03  0.000E-01  4.680E-01
2.6623714E+00 6.09079E+01  2.5876E+01  2.2603E+03  9.9833E+00  2.2703E+03  0.000E-01  4.657E-01
2.6756832E+00 6.09602E+01  2.5707E+01  2.2343E+03  9.9709E+00  2.2443E+03  0.000E-01  4.634E-01
2.6890617E+00 6.09393E+01  2.5540E+01  2.2088E+03  9.9584E+00  2.2187E+03  0.000E-01  4.611E-01
2.7025070E+00 6.06585E+01  2.5375E+01  2.1835E+03  9.9458E+00  2.1935E+03  0.000E-01  4.588E-01
2.7027735E+00 6.06437E+01  2.5372E+01  2.1831E+03  9.9455E+00  2.1930E+03  0.000E-01  4.587E-01
2.7132264E+00 6.07657E+01  2.6390E+01  2.2619E+03  9.9357E+00  2.2719E+03  0.000E-01  4.570E-01
2.7160195E+00 6.09564E+01  2.6356E+01  2.2567E+03  9.9330E+00  2.2666E+03  0.000E-01  4.565E-01
2.7295996E+00 6.14815E+01  2.6190E+01  2.2313E+03  9.9201E+00  2.2412E+03  0.000E-01  4.542E-01
2.7432476E+00 6.18198E+01  2.6026E+01  2.2063E+03  9.9071E+00  2.2162E+03  0.000E-01  4.520E-01
2.7569638E+00 6.20959E+01  2.5863E+01  2.1816E+03  9.8939E+00  2.1915E+03  0.000E-01  4.497E-01
2.7707486E+00 6.23394E+01  2.5701E+01  2.1572E+03  9.8806E+00  2.1670E+03  0.000E-01  4.475E-01
2.7846024E+00 6.25624E+01  2.5541E+01  2.1330E+03  9.8672E+00  2.1429E+03  0.000E-01  4.452E-01
2.7985254E+00 6.27708E+01  2.5382E+01  2.1092E+03  9.8537E+00  2.1191E+03  0.000E-01  4.430E-01
2.8125180E+00 6.29684E+01  2.5224E+01  2.0856E+03  9.8400E+00  2.0955E+03  0.000E-01  4.408E-01
2.8265806E+00 6.31572E+01  2.5067E+01  2.0623E+03  9.8262E+00  2.0722E+03  0.000E-01  4.386E-01
2.8407135E+00 6.33389E+01  2.4911E+01  2.0393E+03  9.8123E+00  2.0491E+03  0.000E-01  4.365E-01
2.8549171E+00 6.35148E+01  2.4757E+01  2.0166E+03  9.7982E+00  2.0264E+03  0.000E-01  4.343E-01
2.8691917E+00 6.36858E+01  2.4602E+01  1.9940E+03  9.7840E+00  2.0038E+03  0.000E-01  4.321E-01
2.8835376E+00 6.38525E+01  2.4448E+01  1.9717E+03  9.7697E+00  1.9815E+03  0.000E-01  4.300E-01
2.8979553E+00 6.40155E+01  2.4295E+01  1.9496E+03  9.7553E+00  1.9594E+03  0.000E-01  4.278E-01
2.9124451E+00 6.41756E+01  2.4144E+01  1.9278E+03  9.7408E+00  1.9376E+03  0.000E-01  4.257E-01
2.9270073E+00 6.43333E+01  2.3993E+01  1.9063E+03  9.7261E+00  1.9160E+03  0.000E-01  4.236E-01
2.9416424E+00 6.44893E+01  2.3843E+01  1.8850E+03  9.7113E+00  1.8947E+03  0.000E-01  4.215E-01
2.9563506E+00 6.46444E+01  2.3695E+01  1.8639E+03  9.6964E+00  1.8736E+03  0.000E-01  4.194E-01
2.9711323E+00 6.47995E+01  2.3547E+01  1.8431E+03  9.6814E+00  1.8527E+03  0.000E-01  4.173E-01
2.9859880E+00 6.49561E+01  2.3400E+01  1.8225E+03  9.6663E+00  1.8321E+03  0.000E-01  4.152E-01
3.0009179E+00 6.51254E+01  2.3253E+01  1.8020E+03  9.6510E+00  1.8116E+03  0.000E-01  4.132E-01
3.0159225E+00 6.52708E+01  2.3086E+01  1.7802E+03  9.6356E+00  1.7898E+03  0.000E-01  4.111E-01
3.0310021E+00 6.54014E+01  2.2921E+01  1.7586E+03  9.6201E+00  1.7682E+03  0.000E-01  4.091E-01
3.0461571E+00 6.55258E+01  2.2756E+01  1.7373E+03  9.6045E+00  1.7469E+03  0.000E-01  4.070E-01
3.0613879E+00 6.56455E+01  2.2593E+01  1.7162E+03  9.5888E+00  1.7258E+03  0.000E-01  4.050E-01
3.0766949E+00 6.57613E+01  2.2430E+01  1.6954E+03  9.5730E+00  1.7050E+03  0.000E-01  4.030E-01
3.0920783E+00 6.58737E+01  2.2269E+01  1.6749E+03  9.5570E+00  1.6844E+03  0.000E-01  4.010E-01
3.1075387E+00 6.59828E+01  2.2109E+01  1.6546E+03  9.5410E+00  1.6641E+03  0.000E-01  3.990E-01
3.1230764E+00 6.60889E+01  2.1950E+01  1.6345E+03  9.5248E+00  1.6440E+03  0.000E-01  3.970E-01
3.1386918E+00 6.61921E+01  2.1793E+01  1.6147E+03  9.5085E+00  1.6242E+03  0.000E-01  3.950E-01
3.1543853E+00 6.62928E+01  2.1636E+01  1.5951E+03  9.4921E+00  1.6046E+03  0.000E-01  3.931E-01
3.1701572E+00 6.63909E+01  2.1481E+01  1.5758E+03  9.4756E+00  1.5852E+03  0.000E-01  3.911E-01
3.1860080E+00 6.64866E+01  2.1326E+01  1.5567E+03  9.4590E+00  1.5661E+03  0.000E-01  3.892E-01
3.2019380E+00 6.65802E+01  2.1173E+01  1.5378E+03  9.4423E+00  1.5472E+03  0.000E-01  3.872E-01
3.2179477E+00 6.66716E+01  2.1020E+01  1.5191E+03  9.4254E+00  1.5285E+03  0.000E-01  3.853E-01
3.2340374E+00 6.67605E+01  2.0868E+01  1.5006E+03  9.4085E+00  1.5100E+03  0.000E-01  3.834E-01
3.2502076E+00 6.68471E+01  2.0717E+01  1.4823E+03  9.3915E+00  1.4917E+03  0.000E-01  3.815E-01
3.2664587E+00 6.69315E+01  2.0567E+01  1.4643E+03  9.3743E+00  1.4736E+03  0.000E-01  3.796E-01
3.2827910E+00 6.70138E+01  2.0418E+01  1.4464E+03  9.3571E+00  1.4558E+03  0.000E-01  3.777E-01
3.2992049E+00 6.70941E+01  2.0271E+01  1.4288E+03  9.3397E+00  1.4382E+03  0.000E-01  3.758E-01
3.3157009E+00 6.71725E+01  2.0124E+01  1.4115E+03  9.3223E+00  1.4208E+03  0.000E-01  3.739E-01
3.3322794E+00 6.72491E+01  1.9979E+01  1.3943E+03  9.3047E+00  1.4036E+03  0.000E-01  3.721E-01
3.3489408E+00 6.73240E+01  1.9835E+01  1.3774E+03  9.2871E+00  1.3866E+03  0.000E-01  3.702E-01
3.3656856E+00 6.73972E+01  1.9692E+01  1.3606E+03  9.2693E+00  1.3699E+03  0.000E-01  3.684E-01
3.3825140E+00 6.74688E+01  1.9550E+01  1.3441E+03  9.2515E+00  1.3533E+03  0.000E-01  3.665E-01
3.3994265E+00 6.75389E+01  1.9409E+01  1.3278E+03  9.2335E+00  1.3370E+03  0.000E-01  3.647E-01
3.4164237E+00 6.76075E+01  1.9270E+01  1.3117E+03  9.2155E+00  1.3209E+03  0.000E-01  3.629E-01
3.4335058E+00 6.76748E+01  1.9131E+01  1.2958E+03  9.1973E+00  1.3050E+03  0.000E-01  3.611E-01
3.4506733E+00 6.77408E+01  1.8994E+01  1.2801E+03  9.1791E+00  1.2892E+03  0.000E-01  3.593E-01
3.4679267E+00 6.78056E+01  1.8858E+01  1.2646E+03  9.1608E+00  1.2737E+03  0.000E-01  3.575E-01
3.4852663E+00 6.80766E+01  1.8716E+01  1.2488E+03  9.1423E+00  1.2579E+03  0.000E-01  3.557E-01
3.5026927E+00 6.81386E+01  1.8574E+01  1.2332E+03  9.1238E+00  1.2423E+03  0.000E-01  3.540E-01
3.5202061E+00 6.81987E+01  1.8434E+01  1.2178E+03  9.1052E+00  1.2269E+03  0.000E-01  3.522E-01
3.5378072E+00 6.82569E+01  1.8294E+01  1.2025E+03  9.0865E+00  1.2116E+03  0.000E-01  3.505E-01
3.5554962E+00 6.83133E+01  1.8156E+01  1.1875E+03  9.0677E+00  1.1966E+03  0.000E-01  3.487E-01
3.5732737E+00 6.83681E+01  1.8018E+01  1.1727E+03  9.0488E+00  1.1817E+03  0.000E-01  3.470E-01
3.5911400E+00 6.85614E+01  1.7881E+01  1.1579E+03  9.0299E+00  1.1670E+03  0.000E-01  3.453E-01
3.6090957E+00 6.86131E+01  1.7741E+01  1.1432E+03  9.0108E+00  1.1522E+03  0.000E-01  3.435E-01
3.6271412E+00 6.86628E+01  1.7603E+01  1.1286E+03  8.9916E+00  1.1376E+03  0.000E-01  3.418E-01
3.6452769E+00 6.87107E+01  1.7466E+01  1.1142E+03  8.9724E+00  1.1232E+03  0.000E-01  3.401E-01
3.6635033E+00 6.87567E+01  1.7330E+01  1.1001E+03  8.9531E+00  1.1090E+03  0.000E-01  3.384E-01
3.6818208E+00 6.88009E+01  1.7195E+01  1.0861E+03  8.9337E+00  1.0950E+03  0.000E-01  3.367E-01
3.7002299E+00 6.88436E+01  1.7061E+01  1.0723E+03  8.9142E+00  1.0812E+03  0.000E-01  3.351E-01
3.7187311E+00 6.88847E+01  1.6929E+01  1.0587E+03  8.8946E+00  1.0676E+03  0.000E-01  3.334E-01
3.7373247E+00 6.89244E+01  1.6798E+01  1.0453E+03  8.8750E+00  1.0541E+03  0.000E-01  3.317E-01
3.7560114E+00 6.89626E+01  1.6668E+01  1.0320E+03  8.8552E+00  1.0409E+03  0.000E-01  3.301E-01
3.7747914E+00 6.89994E+01  1.6540E+01  1.0190E+03  8.8354E+00  1.0278E+03  0.000E-01  3.285E-01
3.7936654E+00 6.90350E+01  1.6412E+01  1.0061E+03  8.8155E+00  1.0149E+03  0.000E-01  3.268E-01
3.8126337E+00 6.90693E+01  1.6286E+01  9.9338E+02  8.7955E+00  1.0022E+03  0.000E-01  3.252E-01
3.8316969E+00 6.91024E+01  1.6161E+01  9.8085E+02  8.7755E+00  9.8962E+02  0.000E-01  3.236E-01
3.8508554E+00 6.91343E+01  1.6037E+01  9.6848E+02  8.7554E+00  9.7724E+02  0.000E-01  3.220E-01
3.8701096E+00 6.91651E+01  1.5914E+01  9.5628E+02  8.7352E+00  9.6502E+02  0.000E-01  3.204E-01
3.8894602E+00 6.91948E+01  1.5792E+01  9.4425E+02  8.7149E+00  9.5296E+02  0.000E-01  3.188E-01
3.9089075E+00 6.92235E+01  1.5672E+01  9.3238E+02  8.6945E+00  9.4107E+02  0.000E-01  3.172E-01
3.9284520E+00 6.92511E+01  1.5552E+01  9.2066E+02  8.6741E+00  9.2934E+02  0.000E-01  3.156E-01
3.9480943E+00 6.92778E+01  1.5434E+01  9.0911E+02  8.6536E+00  9.1776E+02  0.000E-01  3.140E-01
3.9678347E+00 6.93036E+01  1.5317E+01  8.9771E+02  8.6330E+00  9.0634E+02  0.000E-01  3.125E-01
3.9876739E+00 6.93284E+01  1.5200E+01  8.8646E+02  8.6124E+00  8.9508E+02  0.000E-01  3.109E-01
4.055024E+00  6.97903E+01  1.4818E+01  8.4979E+02  8.5657E+00  8.5836E+02  0.000E+00  3.058E-01
4.334821E+00  6.99592E+01  1.3402E+01  7.1901E+02  8.2818E+00  7.2729E+02  0.000E+00  2.860E-01
4.633924E+00  7.01464E+01  1.2084E+01  6.0646E+02  7.9879E+00  6.1445E+02  0.000E+00  2.676E-01
4.953664E+00  7.01733E+01  1.0900E+01  5.1170E+02  7.6860E+00  5.1939E+02  0.000E+00  2.503E-01
5.295467E+00  7.00792E+01  9.8206E+00  4.3128E+02  7.3781E+00  4.3866E+02  0.000E+00  2.341E-01
5.660855E+00  6.99372E+01  8.8550E+00  3.6378E+02  7.0660E+00  3.7085E+02  0.000E+00  2.190E-01
6.051453E+00  6.97167E+01  7.9928E+00  3.0716E+02  6.7517E+00  3.1391E+02  0.000E+00  2.049E-01
6.469004E+00  6.94432E+01  7.2248E+00  2.5973E+02  6.4369E+00  2.6617E+02  0.000E+00  1.917E-01
6.915365E+00  6.91140E+01  6.5400E+00  2.1993E+02  6.1231E+00  2.2605E+02  0.000E+00  1.793E-01
7.392525E+00  6.87163E+01  5.9283E+00  1.8649E+02  5.8119E+00  1.9230E+02  0.000E+00  1.677E-01
7.902609E+00  6.82155E+01  5.3635E+00  1.5783E+02  5.5047E+00  1.6333E+02  0.000E+00  1.569E-01
8.447890E+00  6.75254E+01  4.8481E+00  1.3346E+02  5.2028E+00  1.3866E+02  0.000E+00  1.468E-01
9.030794E+00  6.64617E+01  4.3729E+00  1.1261E+02  4.9073E+00  1.1752E+02  0.000E+00  1.373E-01
9.653919E+00  6.37140E+01  3.8954E+00  9.3837E+01  4.6192E+00  9.8456E+01  0.000E+00  1.284E-01
9.683478E+00  6.34252E+01  3.8744E+00  9.3045E+01  4.6062E+00  9.7651E+01  0.000E+00  1.280E-01
9.831694E+00  6.05401E+01  3.7718E+00  8.9217E+01  4.5419E+00  9.3759E+01  0.000E+00  1.261E-01
9.871219E+00  5.71434E+01  3.7453E+00  8.8234E+01  4.5250E+00  9.2759E+01  0.000E+00  1.256E-01
9.930505E+00  6.05654E+01  1.0348E+01  2.4233E+02  4.4997E+00  2.4683E+02  0.000E+00  1.249E-01
1.007872E+01  6.35612E+01  1.0006E+01  2.3087E+02  4.4377E+00  2.3531E+02  0.000E+00  1.230E-01
1.032004E+01  6.50977E+01  9.4836E+00  2.1371E+02  4.3395E+00  2.1805E+02  0.000E+00  1.201E-01
1.091338E+01  6.54822E+01  8.5087E+00  1.8131E+02  4.1121E+00  1.8542E+02  0.000E+00  1.136E-01
1.103212E+01  6.48825E+01  8.3416E+00  1.7584E+02  4.0688E+00  1.7991E+02  0.000E+00  1.124E-01
1.108042E+01  6.43050E+01  8.2758E+00  1.7369E+02  4.0514E+00  1.7774E+02  0.000E+00  1.119E-01
1.112496E+01  6.27014E+01  8.2160E+00  1.7175E+02  4.0355E+00  1.7579E+02  0.000E+00  1.114E-01
1.119178E+01  6.44029E+01  1.1357E+01  2.3599E+02  4.0118E+00  2.4000E+02  0.000E+00  1.108E-01
1.135882E+01  6.59310E+01  1.1070E+01  2.2664E+02  3.9534E+00  2.3059E+02  0.000E+00  1.092E-01
1.144787E+01  6.62523E+01  1.0923E+01  2.2189E+02  3.9229E+00  2.2581E+02  0.000E+00  1.083E-01
1.162309E+01  6.62303E+01  1.0644E+01  2.1297E+02  3.8638E+00  2.1683E+02  0.000E+00  1.067E-01
1.166982E+01  6.55306E+01  1.0572E+01  2.1069E+02  3.8483E+00  2.1454E+02  0.000E+00  1.062E-01
1.173991E+01  6.65825E+01  1.2137E+01  2.4041E+02  3.8252E+00  2.4424E+02  0.000E+00  1.056E-01
1.179334E+01  6.70814E+01  1.2053E+01  2.3768E+02  3.8078E+00  2.4149E+02  0.000E+00  1.051E-01
1.191513E+01  6.77871E+01  1.1867E+01  2.3162E+02  3.7685E+00  2.3539E+02  0.000E+00  1.041E-01
1.260708E+01  6.97701E+01  1.0898E+01  2.0103E+02  3.5570E+00  2.0459E+02  0.000E+00  9.834E-02
1.347697E+01  7.10512E+01  9.8172E+00  1.6940E+02  3.3168E+00  1.7272E+02  0.000E+00  9.200E-02
1.440688E+01  7.18606E+01  8.8261E+00  1.4247E+02  3.0874E+00  1.4556E+02  0.000E+00  8.606E-02
1.540095E+01  7.24049E+01  7.9175E+00  1.1955E+02  2.8691E+00  1.2242E+02  0.000E+00  8.050E-02
1.646362E+01  7.27659E+01  7.0951E+00  1.0022E+02  2.6619E+00  1.0288E+02  0.000E+00  7.531E-02
1.759961E+01  7.30023E+01  6.3589E+00  8.4024E+01  2.4659E+00  8.6490E+01  0.000E+00  7.045E-02
1.881398E+01  7.31523E+01  5.7019E+00  7.0480E+01  2.2809E+00  7.2761E+01  0.000E+00  6.590E-02
2.011215E+01  7.33039E+01  5.1142E+00  5.9135E+01  2.1068E+00  6.1242E+01  0.000E+00  6.165E-02
2.149988E+01  7.33452E+01  4.5840E+00  4.9583E+01  1.9434E+00  5.1526E+01  0.000E+00  5.767E-02
2.298338E+01  7.33888E+01  4.1096E+00  4.1583E+01  1.7905E+00  4.3374E+01  0.000E+00  5.395E-02
2.456923E+01  7.34025E+01  3.6801E+00  3.4833E+01  1.6476E+00  3.6481E+01  0.000E+00  5.046E-02
2.626450E+01  7.33713E+01  3.2969E+00  2.9192E+01  1.5146E+00  3.0707E+01  0.000E+00  4.721E-02
2.807676E+01  7.33311E+01  2.9320E+00  2.4285E+01  1.3909E+00  2.5676E+01  0.000E+00  4.416E-02
3.001405E+01  7.32561E+01  2.6027E+00  2.0166E+01  1.2762E+00  2.1442E+01  0.000E+00  4.131E-02
3.208502E+01  7.31674E+01  2.3123E+00  1.6759E+01  1.1702E+00  1.7929E+01  0.000E+00  3.864E-02
3.429889E+01  7.30703E+01  2.0559E+00  1.3940E+01  1.0722E+00  1.5012E+01  0.000E+00  3.615E-02
3.666551E+01  7.29671E+01  1.8295E+00  1.1604E+01  9.8201E-01  1.2586E+01  0.000E+00  3.381E-02
3.919543E+01  7.28589E+01  1.6292E+00  9.6663E+00  8.9907E-01  1.0565E+01  0.000E+00  3.163E-02
4.189992E+01  7.27455E+01  1.4520E+00  8.0587E+00  8.2296E-01  8.8817E+00  0.000E+00  2.959E-02
4.479101E+01  7.26247E+01  1.2929E+00  6.7128E+00  7.5326E-01  7.4661E+00  0.000E+00  2.768E-02
4.788159E+01  7.24914E+01  1.1512E+00  5.5913E+00  6.8954E-01  6.2808E+00  0.000E+00  2.589E-02
5.118542E+01  7.23388E+01  1.0236E+00  4.6506E+00  6.3138E-01  5.2820E+00  0.000E+00  2.422E-02
5.471721E+01  7.21497E+01  9.0721E-01  3.8557E+00  5.7839E-01  4.4341E+00  0.000E+00  2.266E-02
5.849270E+01  7.18904E+01  8.0445E-01  3.1983E+00  5.3018E-01  3.7285E+00  0.000E+00  2.120E-02
6.252870E+01  7.14546E+01  7.1341E-01  2.6533E+00  4.8638E-01  3.1397E+00  0.000E+00  1.983E-02
6.606807E+01  7.04835E+01  6.4647E-01  2.2755E+00  4.5332E-01  2.7288E+00  0.000E+00  1.877E-02
6.684318E+01  6.98055E+01  6.3316E-01  2.2028E+00  4.4665E-01  2.6494E+00  0.000E+00  1.855E-02
6.707932E+01  6.93757E+01  6.2919E-01  2.1813E+00  4.4466E-01  2.6260E+00  0.000E+00  1.848E-02
6.734898E+01  6.80495E+01  6.2470E-01  2.1571E+00  4.4240E-01  2.5995E+00  0.000E+00  1.841E-02
6.775348E+01  6.93893E+01  3.2286E+00  1.1082E+01  4.3906E-01  1.1521E+01  8.960E+00  1.830E-02
6.876473E+01  7.05993E+01  3.1573E+00  1.0678E+01  4.3092E-01  1.1109E+01  8.642E+00  1.803E-02
7.145536E+01  7.15926E+01  2.9775E+00  9.6904E+00  4.1064E-01  1.0101E+01  7.860E+00  1.735E-02
7.638578E+01  7.23062E+01  2.6741E+00  8.1411E+00  3.7805E-01  8.5192E+00  6.619E+00  1.623E-02
8.165640E+01  7.26821E+01  2.3979E+00  6.8291E+00  3.4857E-01  7.1777E+00  5.566E+00  1.518E-02
8.729069E+01  7.29153E+01  2.1482E+00  5.7232E+00  3.2193E-01  6.0451E+00  4.681E+00  1.420E-02
9.331374E+01  7.30695E+01  1.9189E+00  4.7823E+00  2.9787E-01  5.0802E+00  3.921E+00  1.329E-02
9.975239E+01  7.31707E+01  1.7140E+00  3.9959E+00  2.7615E-01  4.2720E+00  3.284E+00  1.243E-02
1.066353E+02  7.32373E+01  1.5312E+00  3.3392E+00  2.5655E-01  3.5958E+00  2.751E+00  1.163E-02
1.139931E+02  7.32801E+01  1.3680E+00  2.7909E+00  2.3885E-01  3.0298E+00  2.304E+00  1.088E-02
1.218587E+02  7.33060E+01  1.2224E+00  2.3328E+00  2.2287E-01  2.5557E+00  1.929E+00  1.017E-02
1.302669E+02  7.33200E+01  1.0924E+00  1.9502E+00  2.0843E-01  2.1586E+00  1.616E+00  9.518E-03
1.392553E+02  7.33528E+01  9.7465E-01  1.6277E+00  1.9538E-01  1.8231E+00  1.350E+00  8.903E-03
1.488640E+02  7.33493E+01  8.6801E-01  1.3560E+00  1.8356E-01  1.5396E+00  1.126E+00  8.329E-03
1.591356E+02  7.33401E+01  7.7311E-01  1.1298E+00  1.7284E-01  1.3026E+00  9.389E-01  7.791E-03
1.701159E+02  7.33273E+01  6.8866E-01  9.4142E-01  1.6311E-01  1.1045E+00  7.829E-01  7.288E-03
1.818539E+02  7.33121E+01  6.1349E-01  7.8453E-01  1.5425E-01  9.3878E-01  6.527E-01  6.818E-03
1.944018E+02  7.32954E+01  5.4657E-01  6.5384E-01  1.4617E-01  8.0001E-01  5.443E-01  6.378E-03
2.078156E+02  7.32778E+01  4.8699E-01  5.4497E-01  1.3878E-01  6.8375E-01  4.538E-01  5.966E-03
2.221548E+02  7.32599E+01  4.3395E-01  4.5427E-01  1.3200E-01  5.8627E-01  3.784E-01  5.581E-03
2.374835E+02  7.32420E+01  3.8672E-01  3.7869E-01  1.2575E-01  5.0444E-01  3.155E-01  5.221E-03
2.538699E+02  7.32244E+01  3.4465E-01  3.1572E-01  1.1998E-01  4.3570E-01  2.631E-01  4.884E-03
2.713869E+02  7.32072E+01  3.0719E-01  2.6323E-01  1.1463E-01  3.7786E-01  2.194E-01  4.569E-03
2.901126E+02  7.31903E+01  2.7382E-01  2.1949E-01  1.0964E-01  3.2913E-01  1.829E-01  4.274E-03
3.101304E+02  7.31743E+01  2.4570E-01  1.8424E-01  1.0499E-01  2.8923E-01  1.537E-01  3.998E-03
3.315294E+02  7.31599E+01  2.2066E-01  1.5479E-01  1.0062E-01  2.5541E-01  1.293E-01  3.740E-03
3.544049E+02  7.31467E+01  1.9819E-01  1.3005E-01  9.6499E-02  2.2655E-01  1.088E-01  3.498E-03
3.788588E+02  7.31345E+01  1.7802E-01  1.0928E-01  9.2607E-02  2.0189E-01  9.150E-02  3.273E-03
4.050001E+02  7.31233E+01  1.5992E-01  9.1825E-02  8.8913E-02  1.8074E-01  7.697E-02  3.061E-03
4.329451E+02  7.31130E+01  1.4366E-01  7.7167E-02  8.5395E-02  1.6256E-01  6.475E-02  2.864E-03


