1.0016605E+00 3.39309E+01  8.5979E+00  2.2728E+03  8.4404E+00  2.2812E+03  0.000E-01  1.238E+00
1.0066688E+00 3.38244E+01  8.5491E+00  2.2486E+03  8.4557E+00  2.2571E+03  0.000E-01  1.232E+00
1.0117021E+00 3.37127E+01  8.5006E+00  2.2248E+03  8.4708E+00  2.2332E+03  0.000E-01  1.226E+00
1.0167606E+00 3.35959E+01  8.4525E+00  2.2012E+03  8.4858E+00  2.2096E+03  0.000E-01  1.219E+00
1.0218444E+00 3.34736E+01  8.4047E+00  2.1778E+03  8.5007E+00  2.1863E+03  0.000E-01  1.213E+00
1.0269536E+00 3.33455E+01  8.3572E+00  2.1547E+03  8.5155E+00  2.1633E+03  0.000E-01  1.207E+00
1.0320884E+00 3.32115E+01  8.3100E+00  2.1319E+03  8.5302E+00  2.1404E+03  0.000E-01  1.201E+00
1.0372489E+00 3.30713E+01  8.2632E+00  2.1093E+03  8.5447E+00  2.1179E+03  0.000E-01  1.195E+00
1.0424351E+00 3.29245E+01  8.2166E+00  2.0870E+03  8.5592E+00  2.0956E+03  0.000E-01  1.189E+00
1.0476473E+00 3.27707E+01  8.1704E+00  2.0650E+03  8.5735E+00  2.0735E+03  0.000E-01  1.183E+00
1.0528855E+00 3.26097E+01  8.1245E+00  2.0432E+03  8.5876E+00  2.0517E+03  0.000E-01  1.178E+00
1.0581499E+00 3.24410E+01  8.0789E+00  2.0216E+03  8.6017E+00  2.0302E+03  0.000E-01  1.172E+00
1.0634407E+00 3.22642E+01  8.0337E+00  2.0003E+03  8.6156E+00  2.0089E+03  0.000E-01  1.166E+00
1.0687579E+00 3.20788E+01  7.9887E+00  1.9792E+03  8.6294E+00  1.9878E+03  0.000E-01  1.160E+00
1.0741017E+00 3.18842E+01  7.9440E+00  1.9583E+03  8.6431E+00  1.9670E+03  0.000E-01  1.154E+00
1.0794722E+00 3.16798E+01  7.8997E+00  1.9377E+03  8.6566E+00  1.9463E+03  0.000E-01  1.149E+00
1.0848695E+00 3.14650E+01  7.8556E+00  1.9173E+03  8.6700E+00  1.9260E+03  0.000E-01  1.143E+00
1.0902939E+00 3.12390E+01  7.8119E+00  1.8971E+03  8.6833E+00  1.9058E+03  0.000E-01  1.137E+00
1.0957454E+00 3.10010E+01  7.7684E+00  1.8772E+03  8.6964E+00  1.8859E+03  0.000E-01  1.132E+00
1.1012241E+00 3.07501E+01  7.7253E+00  1.8575E+03  8.7095E+00  1.8662E+03  0.000E-01  1.126E+00
1.1067302E+00 3.04851E+01  7.6824E+00  1.8380E+03  8.7224E+00  1.8467E+03  0.000E-01  1.120E+00
1.1122639E+00 3.02050E+01  7.6398E+00  1.8187E+03  8.7351E+00  1.8274E+03  0.000E-01  1.115E+00
1.1178252E+00 2.99083E+01  7.5976E+00  1.7996E+03  8.7478E+00  1.8084E+03  0.000E-01  1.109E+00
1.1234143E+00 2.95935E+01  7.5556E+00  1.7808E+03  8.7603E+00  1.7896E+03  0.000E-01  1.104E+00
1.1290314E+00 2.92589E+01  7.5139E+00  1.7622E+03  8.7726E+00  1.7709E+03  0.000E-01  1.098E+00
1.1346765E+00 2.89023E+01  7.4725E+00  1.7437E+03  8.7849E+00  1.7525E+03  0.000E-01  1.093E+00
1.1403499E+00 2.85214E+01  7.4312E+00  1.7255E+03  8.7970E+00  1.7343E+03  0.000E-01  1.087E+00
1.1460517E+00 2.81132E+01  7.3885E+00  1.7070E+03  8.8089E+00  1.7158E+03  0.000E-01  1.082E+00
1.1517819E+00 2.76743E+01  7.3461E+00  1.6888E+03  8.8208E+00  1.6976E+03  0.000E-01  1.076E+00
1.1575408E+00 2.72007E+01  7.3040E+00  1.6707E+03  8.8325E+00  1.6796E+03  0.000E-01  1.071E+00
1.1633285E+00 2.66875E+01  7.2621E+00  1.6529E+03  8.8440E+00  1.6617E+03  0.000E-01  1.066E+00
1.1691452E+00 2.61287E+01  7.2206E+00  1.6353E+03  8.8554E+00  1.6441E+03  0.000E-01  1.060E+00
1.1749909E+00 2.55167E+01  7.1793E+00  1.6178E+03  8.8667E+00  1.6267E+03  0.000E-01  1.055E+00
1.1808659E+00 2.48419E+01  7.1384E+00  1.6006E+03  8.8779E+00  1.6095E+03  0.000E-01  1.050E+00
1.1867702E+00 2.40918E+01  7.0977E+00  1.5836E+03  8.8889E+00  1.5925E+03  0.000E-01  1.045E+00
1.1927040E+00 2.32496E+01  7.0573E+00  1.5667E+03  8.8998E+00  1.5756E+03  0.000E-01  1.040E+00
1.1986676E+00 2.22917E+01  7.0172E+00  1.5501E+03  8.9105E+00  1.5590E+03  0.000E-01  1.034E+00
1.2046609E+00 2.11857E+01  6.9774E+00  1.5336E+03  8.9211E+00  1.5425E+03  0.000E-01  1.029E+00
1.2106842E+00 1.98799E+01  6.9379E+00  1.5173E+03  8.9316E+00  1.5263E+03  0.000E-01  1.024E+00
1.2167376E+00 1.82900E+01  6.8986E+00  1.5012E+03  8.9419E+00  1.5102E+03  0.000E-01  1.019E+00
1.2228213E+00 1.62608E+01  6.8596E+00  1.4853E+03  8.9521E+00  1.4943E+03  0.000E-01  1.014E+00
1.2289354E+00 1.34483E+01  6.8209E+00  1.4696E+03  8.9621E+00  1.4786E+03  0.000E-01  1.009E+00
1.2350801E+00 8.76614E+00  6.7824E+00  1.4540E+03  8.9720E+00  1.4630E+03  0.000E-01  1.004E+00
1.2410448E+00  -1.46252E+01  6.7455E+00  1.4392E+03  8.9815E+00  1.4482E+03  0.000E-01  9.990E-01
1.2412555E+00  -2.14128E+01  2.6448E+01  5.6419E+03  8.9818E+00  5.6509E+03  0.000E-01  9.989E-01
1.2413551E+00  -1.49723E+01  2.6445E+01  5.6407E+03  8.9820E+00  5.6497E+03  0.000E-01  9.988E-01
1.2474618E+00 7.73230E+00  2.6244E+01  5.5705E+03  8.9914E+00  5.5795E+03  0.000E-01  9.939E-01
1.2536991E+00 1.12864E+01  2.6042E+01  5.5000E+03  9.0009E+00  5.5090E+03  0.000E-01  9.889E-01
1.2599676E+00 1.26566E+01  2.5841E+01  5.4304E+03  9.0103E+00  5.4394E+03  0.000E-01  9.840E-01
1.2662674E+00 1.24859E+01  2.5641E+01  5.3617E+03  9.0195E+00  5.3707E+03  0.000E-01  9.791E-01
1.2725988E+00 8.84739E+00  2.5444E+01  5.2938E+03  9.0285E+00  5.3029E+03  0.000E-01  9.743E-01
1.2747297E+00 3.75774E-01  2.5378E+01  5.2713E+03  9.0315E+00  5.2803E+03  0.000E-01  9.726E-01
1.2752703E+00 2.86762E-01  3.8277E+01  7.9474E+03  9.0323E+00  7.9564E+03  0.000E-01  9.722E-01
1.2789618E+00 1.21356E+01  3.8103E+01  7.8884E+03  9.0374E+00  7.8974E+03  0.000E-01  9.694E-01
1.2853566E+00 1.72921E+01  3.7804E+01  7.7876E+03  9.0462E+00  7.7966E+03  0.000E-01  9.646E-01
1.2917833E+00 2.03204E+01  3.7508E+01  7.6881E+03  9.0548E+00  7.6972E+03  0.000E-01  9.598E-01
1.2982423E+00 2.25811E+01  3.7214E+01  7.5900E+03  9.0633E+00  7.5990E+03  0.000E-01  9.550E-01
1.3047335E+00 2.44201E+01  3.6923E+01  7.4930E+03  9.0716E+00  7.5021E+03  0.000E-01  9.503E-01
1.3112571E+00 2.59839E+01  3.6634E+01  7.3974E+03  9.0798E+00  7.4065E+03  0.000E-01  9.455E-01
1.3178134E+00 2.73503E+01  3.6347E+01  7.3030E+03  9.0879E+00  7.3121E+03  0.000E-01  9.408E-01
1.3244025E+00 2.85662E+01  3.6063E+01  7.2098E+03  9.0958E+00  7.2189E+03  0.000E-01  9.362E-01
1.3310245E+00 2.96627E+01  3.5780E+01  7.1178E+03  9.1035E+00  7.1269E+03  0.000E-01  9.315E-01
1.3376796E+00 3.06615E+01  3.5501E+01  7.0270E+03  9.1112E+00  7.0361E+03  0.000E-01  9.269E-01
1.3443680E+00 3.15784E+01  3.5223E+01  6.9374E+03  9.1186E+00  6.9465E+03  0.000E-01  9.222E-01
1.3510899E+00 3.24253E+01  3.4948E+01  6.8489E+03  9.1259E+00  6.8580E+03  0.000E-01  9.177E-01
1.3578453E+00 3.32117E+01  3.4675E+01  6.7616E+03  9.1331E+00  6.7707E+03  0.000E-01  9.131E-01
1.3646345E+00 3.39449E+01  3.4404E+01  6.6754E+03  9.1401E+00  6.6845E+03  0.000E-01  9.086E-01
1.3714577E+00 3.46310E+01  3.4135E+01  6.5903E+03  9.1470E+00  6.5994E+03  0.000E-01  9.040E-01
1.3783150E+00 3.52747E+01  3.3869E+01  6.5063E+03  9.1538E+00  6.5155E+03  0.000E-01  8.995E-01
1.3852066E+00 3.58803E+01  3.3604E+01  6.4234E+03  9.1603E+00  6.4326E+03  0.000E-01  8.951E-01
1.3921326E+00 3.64511E+01  3.3342E+01  6.3416E+03  9.1668E+00  6.3507E+03  0.000E-01  8.906E-01
1.3990933E+00 3.69901E+01  3.3082E+01  6.2608E+03  9.1731E+00  6.2700E+03  0.000E-01  8.862E-01
1.4060887E+00 3.74997E+01  3.2824E+01  6.1811E+03  9.1792E+00  6.1903E+03  0.000E-01  8.818E-01
1.4131192E+00 3.79820E+01  3.2568E+01  6.1024E+03  9.1852E+00  6.1116E+03  0.000E-01  8.774E-01
1.4201848E+00 3.84389E+01  3.2314E+01  6.0247E+03  9.1911E+00  6.0339E+03  0.000E-01  8.730E-01
1.4272857E+00 3.88719E+01  3.2062E+01  5.9480E+03  9.1968E+00  5.9572E+03  0.000E-01  8.687E-01
1.4344221E+00 3.92824E+01  3.1813E+01  5.8723E+03  9.2023E+00  5.8815E+03  0.000E-01  8.643E-01
1.4415942E+00 3.96715E+01  3.1565E+01  5.7976E+03  9.2077E+00  5.8068E+03  0.000E-01  8.600E-01
1.4488022E+00 4.00403E+01  3.1319E+01  5.7238E+03  9.2130E+00  5.7331E+03  0.000E-01  8.558E-01
1.4560462E+00 4.03894E+01  3.1075E+01  5.6510E+03  9.2181E+00  5.6603E+03  0.000E-01  8.515E-01
1.4633265E+00 4.07198E+01  3.0834E+01  5.5792E+03  9.2230E+00  5.5884E+03  0.000E-01  8.473E-01
1.4706431E+00 4.10317E+01  3.0594E+01  5.5082E+03  9.2278E+00  5.5175E+03  0.000E-01  8.431E-01
1.4779963E+00 4.13257E+01  3.0356E+01  5.4382E+03  9.2325E+00  5.4475E+03  0.000E-01  8.389E-01
1.4853863E+00 4.16020E+01  3.0120E+01  5.3691E+03  9.2370E+00  5.3783E+03  0.000E-01  8.347E-01
1.4928132E+00 4.18607E+01  2.9886E+01  5.3009E+03  9.2413E+00  5.3101E+03  0.000E-01  8.305E-01
1.5002773E+00 4.21016E+01  2.9654E+01  5.2335E+03  9.2456E+00  5.2428E+03  0.000E-01  8.264E-01
1.5077787E+00 4.23245E+01  2.9423E+01  5.1670E+03  9.2496E+00  5.1763E+03  0.000E-01  8.223E-01
1.5153176E+00 4.25289E+01  2.9195E+01  5.1014E+03  9.2535E+00  5.1107E+03  0.000E-01  8.182E-01
1.5228942E+00 4.27137E+01  2.8968E+01  5.0366E+03  9.2573E+00  5.0459E+03  0.000E-01  8.141E-01
1.5305086E+00 4.28779E+01  2.8744E+01  4.9727E+03  9.2609E+00  4.9820E+03  0.000E-01  8.101E-01
1.5381612E+00 4.30195E+01  2.8521E+01  4.9096E+03  9.2643E+00  4.9188E+03  0.000E-01  8.061E-01
1.5458520E+00 4.31358E+01  2.8300E+01  4.8473E+03  9.2676E+00  4.8565E+03  0.000E-01  8.020E-01
1.5535812E+00 4.32231E+01  2.8080E+01  4.7858E+03  9.2708E+00  4.7950E+03  0.000E-01  7.981E-01
1.5613491E+00 4.32756E+01  2.7862E+01  4.7250E+03  9.2738E+00  4.7343E+03  0.000E-01  7.941E-01
1.5691559E+00 4.32843E+01  2.7647E+01  4.6651E+03  9.2767E+00  4.6744E+03  0.000E-01  7.901E-01
1.5770017E+00 4.32344E+01  2.7432E+01  4.6059E+03  9.2794E+00  4.6152E+03  0.000E-01  7.862E-01
1.5848867E+00 4.30989E+01  2.7220E+01  4.5475E+03  9.2819E+00  4.5568E+03  0.000E-01  7.823E-01
1.5928111E+00 4.28205E+01  2.7009E+01  4.4899E+03  9.2843E+00  4.4992E+03  0.000E-01  7.784E-01
1.6007752E+00 4.22397E+01  2.6800E+01  4.4329E+03  9.2866E+00  4.4422E+03  0.000E-01  7.745E-01
1.6087790E+00 4.04058E+01  2.6592E+01  4.3767E+03  9.2887E+00  4.3860E+03  0.000E-01  7.707E-01
1.6098611E+00 3.96252E+01  2.6565E+01  4.3692E+03  9.2890E+00  4.3785E+03  0.000E-01  7.702E-01
1.6127389E+00 3.96414E+01  3.1048E+01  5.0975E+03  9.2897E+00  5.1067E+03  0.000E-01  7.688E-01
1.6168229E+00 4.17185E+01  3.0919E+01  5.0635E+03  9.2906E+00  5.0728E+03  0.000E-01  7.668E-01
1.6249070E+00 4.32470E+01  3.0667E+01  4.9972E+03  9.2925E+00  5.0064E+03  0.000E-01  7.630E-01
1.6330316E+00 4.41265E+01  3.0416E+01  4.9317E+03  9.2941E+00  4.9410E+03  0.000E-01  7.592E-01
1.6411967E+00 4.47741E+01  3.0168E+01  4.8671E+03  9.2956E+00  4.8764E+03  0.000E-01  7.555E-01
1.6494027E+00 4.52968E+01  2.9922E+01  4.8034E+03  9.2970E+00  4.8127E+03  0.000E-01  7.517E-01
1.6576497E+00 4.57386E+01  2.9678E+01  4.7406E+03  9.2982E+00  4.7499E+03  0.000E-01  7.480E-01
1.6659380E+00 4.61214E+01  2.9436E+01  4.6785E+03  9.2992E+00  4.6878E+03  0.000E-01  7.442E-01
1.6742677E+00 4.64572E+01  2.9196E+01  4.6172E+03  9.3001E+00  4.6265E+03  0.000E-01  7.405E-01
1.6826390E+00 4.67528E+01  2.8957E+01  4.5567E+03  9.3009E+00  4.5660E+03  0.000E-01  7.368E-01
1.6910522E+00 4.70108E+01  2.8722E+01  4.4972E+03  9.3015E+00  4.5065E+03  0.000E-01  7.332E-01
1.6995075E+00 4.72386E+01  2.8507E+01  4.4414E+03  9.3019E+00  4.4507E+03  0.000E-01  7.295E-01
1.7080050E+00 4.74430E+01  2.8295E+01  4.3864E+03  9.3022E+00  4.3957E+03  0.000E-01  7.259E-01
1.7165450E+00 4.76215E+01  2.8086E+01  4.3323E+03  9.3024E+00  4.3417E+03  0.000E-01  7.223E-01
1.7251278E+00 4.77705E+01  2.7880E+01  4.2791E+03  9.3024E+00  4.2884E+03  0.000E-01  7.187E-01
1.7337534E+00 4.78831E+01  2.7676E+01  4.2267E+03  9.3023E+00  4.2360E+03  0.000E-01  7.151E-01
1.7424222E+00 4.79450E+01  2.7475E+01  4.1751E+03  9.3020E+00  4.1844E+03  0.000E-01  7.116E-01
1.7511343E+00 4.79218E+01  2.7276E+01  4.1243E+03  9.3015E+00  4.1336E+03  0.000E-01  7.080E-01
1.7598899E+00 4.76933E+01  2.7080E+01  4.0743E+03  9.3009E+00  4.0836E+03  0.000E-01  7.045E-01
1.7660507E+00 4.69089E+01  2.6944E+01  4.0396E+03  9.3004E+00  4.0489E+03  0.000E-01  7.020E-01
1.7686894E+00 4.66372E+01  2.8792E+01  4.3103E+03  9.3002E+00  4.3196E+03  0.000E-01  7.010E-01
1.7693492E+00 4.69650E+01  2.8776E+01  4.3062E+03  9.3001E+00  4.3155E+03  0.000E-01  7.007E-01
1.7775328E+00 4.82501E+01  2.8575E+01  4.2566E+03  9.2993E+00  4.2659E+03  0.000E-01  6.975E-01
1.7864205E+00 4.88419E+01  2.8361E+01  4.2037E+03  9.2983E+00  4.2130E+03  0.000E-01  6.940E-01
1.7953526E+00 4.92675E+01  2.8150E+01  4.1516E+03  9.2971E+00  4.1609E+03  0.000E-01  6.906E-01
1.8043294E+00 4.96165E+01  2.7941E+01  4.1003E+03  9.2957E+00  4.1095E+03  0.000E-01  6.871E-01
1.8133510E+00 4.99189E+01  2.7734E+01  4.0497E+03  9.2943E+00  4.0590E+03  0.000E-01  6.837E-01
1.8224178E+00 5.01884E+01  2.7530E+01  3.9998E+03  9.2926E+00  4.0091E+03  0.000E-01  6.803E-01
1.8315299E+00 5.04324E+01  2.7328E+01  3.9507E+03  9.2908E+00  3.9600E+03  0.000E-01  6.769E-01
1.8406875E+00 5.06550E+01  2.7128E+01  3.9023E+03  9.2889E+00  3.9116E+03  0.000E-01  6.736E-01
1.8498909E+00 5.08584E+01  2.6930E+01  3.8546E+03  9.2869E+00  3.8639E+03  0.000E-01  6.702E-01
1.8591404E+00 5.10436E+01  2.6740E+01  3.8083E+03  9.2846E+00  3.8176E+03  0.000E-01  6.669E-01
1.8684361E+00 5.12174E+01  2.6558E+01  3.7636E+03  9.2823E+00  3.7729E+03  0.000E-01  6.636E-01
1.8777783E+00 5.13805E+01  2.6379E+01  3.7196E+03  9.2798E+00  3.7289E+03  0.000E-01  6.603E-01
1.8871672E+00 5.15326E+01  2.6202E+01  3.6763E+03  9.2771E+00  3.6856E+03  0.000E-01  6.570E-01
1.8966030E+00 5.16730E+01  2.6028E+01  3.6337E+03  9.2743E+00  3.6429E+03  0.000E-01  6.537E-01
1.9060860E+00 5.18006E+01  2.5855E+01  3.5916E+03  9.2713E+00  3.6009E+03  0.000E-01  6.505E-01
1.9156165E+00 5.19135E+01  2.5685E+01  3.5503E+03  9.2682E+00  3.5595E+03  0.000E-01  6.472E-01
1.9251945E+00 5.20083E+01  2.5517E+01  3.5095E+03  9.2650E+00  3.5188E+03  0.000E-01  6.440E-01
1.9348205E+00 5.20783E+01  2.5351E+01  3.4693E+03  9.2616E+00  3.4786E+03  0.000E-01  6.408E-01
1.9444946E+00 5.21094E+01  2.5187E+01  3.4298E+03  9.2581E+00  3.4390E+03  0.000E-01  6.376E-01
1.9542171E+00 5.20624E+01  2.5025E+01  3.3907E+03  9.2544E+00  3.4000E+03  0.000E-01  6.344E-01
1.9639882E+00 5.17185E+01  2.4865E+01  3.3523E+03  9.2506E+00  3.3615E+03  0.000E-01  6.313E-01
1.9642536E+00 5.16931E+01  2.4861E+01  3.3512E+03  9.2505E+00  3.3605E+03  0.000E-01  6.312E-01
1.9707463E+00 5.17851E+01  2.5938E+01  3.4850E+03  9.2479E+00  3.4942E+03  0.000E-01  6.291E-01
1.9738081E+00 5.20833E+01  2.5888E+01  3.4728E+03  9.2466E+00  3.4820E+03  0.000E-01  6.281E-01
1.9836772E+00 5.25884E+01  2.5726E+01  3.4339E+03  9.2425E+00  3.4432E+03  0.000E-01  6.250E-01
1.9935955E+00 5.29146E+01  2.5566E+01  3.3956E+03  9.2383E+00  3.4048E+03  0.000E-01  6.219E-01
2.0035635E+00 5.31790E+01  2.5408E+01  3.3578E+03  9.2339E+00  3.3670E+03  0.000E-01  6.188E-01
2.0135813E+00 5.34106E+01  2.5251E+01  3.3204E+03  9.2293E+00  3.3297E+03  0.000E-01  6.157E-01
2.0236492E+00 5.36213E+01  2.5096E+01  3.2836E+03  9.2247E+00  3.2928E+03  0.000E-01  6.127E-01
2.0337675E+00 5.38172E+01  2.4942E+01  3.2473E+03  9.2198E+00  3.2565E+03  0.000E-01  6.096E-01
2.0439363E+00 5.40019E+01  2.4790E+01  3.2114E+03  9.2149E+00  3.2206E+03  0.000E-01  6.066E-01
2.0541560E+00 5.41777E+01  2.4639E+01  3.1759E+03  9.2098E+00  3.1851E+03  0.000E-01  6.036E-01
2.0644268E+00 5.43459E+01  2.4489E+01  3.1409E+03  9.2045E+00  3.1501E+03  0.000E-01  6.006E-01
2.0747489E+00 5.45082E+01  2.4342E+01  3.1066E+03  9.1991E+00  3.1158E+03  0.000E-01  5.976E-01
2.0851227E+00 5.46662E+01  2.4197E+01  3.0726E+03  9.1936E+00  3.0818E+03  0.000E-01  5.946E-01
2.0955483E+00 5.48205E+01  2.4052E+01  3.0391E+03  9.1879E+00  3.0482E+03  0.000E-01  5.917E-01
2.1060260E+00 5.49700E+01  2.3902E+01  3.0051E+03  9.1821E+00  3.0143E+03  0.000E-01  5.887E-01
2.1165562E+00 5.51146E+01  2.3753E+01  2.9715E+03  9.1762E+00  2.9807E+03  0.000E-01  5.858E-01
2.1271389E+00 5.52548E+01  2.3606E+01  2.9384E+03  9.1701E+00  2.9475E+03  0.000E-01  5.829E-01
2.1377746E+00 5.53910E+01  2.3459E+01  2.9056E+03  9.1639E+00  2.9148E+03  0.000E-01  5.800E-01
2.1484635E+00 5.55237E+01  2.3314E+01  2.8732E+03  9.1575E+00  2.8824E+03  0.000E-01  5.771E-01
2.1592058E+00 5.56530E+01  2.3169E+01  2.8412E+03  9.1510E+00  2.8504E+03  0.000E-01  5.742E-01
2.1700018E+00 5.57793E+01  2.3026E+01  2.8096E+03  9.1444E+00  2.8188E+03  0.000E-01  5.714E-01
2.1808519E+00 5.59026E+01  2.2884E+01  2.7784E+03  9.1376E+00  2.7875E+03  0.000E-01  5.685E-01
2.1917561E+00 5.60233E+01  2.2743E+01  2.7475E+03  9.1307E+00  2.7566E+03  0.000E-01  5.657E-01
2.2027149E+00 5.61415E+01  2.2602E+01  2.7170E+03  9.1237E+00  2.7261E+03  0.000E-01  5.629E-01
2.2137285E+00 5.62573E+01  2.2463E+01  2.6868E+03  9.1165E+00  2.6959E+03  0.000E-01  5.601E-01
2.2247971E+00 5.63709E+01  2.2325E+01  2.6570E+03  9.1092E+00  2.6661E+03  0.000E-01  5.573E-01
2.2359211E+00 5.64824E+01  2.2187E+01  2.6275E+03  9.1017E+00  2.6366E+03  0.000E-01  5.545E-01
2.2471007E+00 5.65919E+01  2.2051E+01  2.5983E+03  9.0942E+00  2.6074E+03  0.000E-01  5.518E-01
2.2583362E+00 5.66995E+01  2.1915E+01  2.5695E+03  9.0865E+00  2.5786E+03  0.000E-01  5.490E-01
2.2696279E+00 5.68055E+01  2.1781E+01  2.5410E+03  9.0786E+00  2.5500E+03  0.000E-01  5.463E-01
2.2809760E+00 5.69099E+01  2.1647E+01  2.5128E+03  9.0706E+00  2.5219E+03  0.000E-01  5.436E-01
2.2923809E+00 5.70129E+01  2.1514E+01  2.4849E+03  9.0625E+00  2.4940E+03  0.000E-01  5.409E-01
2.3038428E+00 5.71145E+01  2.1379E+01  2.4571E+03  9.0543E+00  2.4662E+03  0.000E-01  5.382E-01
2.3153620E+00 5.72137E+01  2.1244E+01  2.4295E+03  9.0459E+00  2.4385E+03  0.000E-01  5.355E-01
2.3269388E+00 5.73108E+01  2.1110E+01  2.4021E+03  9.0374E+00  2.4111E+03  0.000E-01  5.328E-01
2.3385735E+00 5.74059E+01  2.0977E+01  2.3750E+03  9.0287E+00  2.3841E+03  0.000E-01  5.302E-01
2.3502664E+00 5.74991E+01  2.0844E+01  2.3483E+03  9.0200E+00  2.3573E+03  0.000E-01  5.275E-01
2.3620177E+00 5.75905E+01  2.0712E+01  2.3218E+03  9.0111E+00  2.3308E+03  0.000E-01  5.249E-01
2.3738278E+00 5.76802E+01  2.0581E+01  2.2956E+03  9.0021E+00  2.3046E+03  0.000E-01  5.223E-01
2.3856970E+00 5.77683E+01  2.0451E+01  2.2697E+03  8.9929E+00  2.2787E+03  0.000E-01  5.197E-01
2.3976254E+00 5.78547E+01  2.0321E+01  2.2441E+03  8.9836E+00  2.2531E+03  0.000E-01  5.171E-01
2.4096136E+00 5.79397E+01  2.0192E+01  2.2188E+03  8.9742E+00  2.2278E+03  0.000E-01  5.145E-01
2.4216616E+00 5.80231E+01  2.0064E+01  2.1938E+03  8.9647E+00  2.2028E+03  0.000E-01  5.120E-01
2.4337699E+00 5.81052E+01  1.9937E+01  2.1690E+03  8.9550E+00  2.1780E+03  0.000E-01  5.094E-01
2.4459388E+00 5.81860E+01  1.9811E+01  2.1446E+03  8.9452E+00  2.1535E+03  0.000E-01  5.069E-01
2.4581685E+00 5.82654E+01  1.9685E+01  2.1204E+03  8.9353E+00  2.1293E+03  0.000E-01  5.044E-01
2.4704593E+00 5.83436E+01  1.9560E+01  2.0964E+03  8.9253E+00  2.1053E+03  0.000E-01  5.019E-01
2.4828116E+00 5.86401E+01  1.9436E+01  2.0727E+03  8.9151E+00  2.0816E+03  0.000E-01  4.994E-01
2.4952257E+00 5.87160E+01  1.9308E+01  2.0488E+03  8.9049E+00  2.0577E+03  0.000E-01  4.969E-01
2.5077018E+00 5.87903E+01  1.9181E+01  2.0252E+03  8.8944E+00  2.0341E+03  0.000E-01  4.944E-01
2.5202403E+00 5.88630E+01  1.9054E+01  2.0019E+03  8.8839E+00  2.0108E+03  0.000E-01  4.920E-01
2.5328415E+00 5.89343E+01  1.8929E+01  1.9788E+03  8.8733E+00  1.9877E+03  0.000E-01  4.895E-01
2.5455057E+00 5.90042E+01  1.8804E+01  1.9560E+03  8.8625E+00  1.9648E+03  0.000E-01  4.871E-01
2.5582333E+00 5.92221E+01  1.8678E+01  1.9332E+03  8.8516E+00  1.9421E+03  0.000E-01  4.846E-01
2.5710244E+00 5.92892E+01  1.8552E+01  1.9106E+03  8.8406E+00  1.9194E+03  0.000E-01  4.822E-01
2.5838796E+00 5.93545E+01  1.8426E+01  1.8882E+03  8.8295E+00  1.8970E+03  0.000E-01  4.798E-01
2.5967990E+00 5.94182E+01  1.8301E+01  1.8660E+03  8.8182E+00  1.8749E+03  0.000E-01  4.775E-01
2.6097829E+00 5.94804E+01  1.8177E+01  1.8442E+03  8.8069E+00  1.8530E+03  0.000E-01  4.751E-01
2.6228319E+00 5.95411E+01  1.8054E+01  1.8226E+03  8.7954E+00  1.8314E+03  0.000E-01  4.727E-01
2.6359460E+00 5.96004E+01  1.7931E+01  1.8012E+03  8.7838E+00  1.8100E+03  0.000E-01  4.704E-01
2.6491257E+00 5.96584E+01  1.7810E+01  1.7801E+03  8.7721E+00  1.7889E+03  0.000E-01  4.680E-01
2.6623714E+00 5.97150E+01  1.7689E+01  1.7593E+03  8.7602E+00  1.7680E+03  0.000E-01  4.657E-01
2.6756832E+00 5.97704E+01  1.7570E+01  1.7386E+03  8.7483E+00  1.7474E+03  0.000E-01  4.634E-01
2.6890617E+00 5.98246E+01  1.7451E+01  1.7183E+03  8.7362E+00  1.7270E+03  0.000E-01  4.611E-01
2.7025070E+00 5.98777E+01  1.7333E+01  1.6982E+03  8.7240E+00  1.7069E+03  0.000E-01  4.588E-01
2.7160195E+00 5.99296E+01  1.7216E+01  1.6783E+03  8.7117E+00  1.6870E+03  0.000E-01  4.565E-01
2.7295996E+00 5.99805E+01  1.7099E+01  1.6587E+03  8.6993E+00  1.6674E+03  0.000E-01  4.542E-01
2.7432476E+00 6.00304E+01  1.6984E+01  1.6393E+03  8.6868E+00  1.6480E+03  0.000E-01  4.520E-01
2.7569638E+00 6.00793E+01  1.6869E+01  1.6201E+03  8.6742E+00  1.6288E+03  0.000E-01  4.497E-01
2.7707486E+00 6.01273E+01  1.6753E+01  1.6010E+03  8.6615E+00  1.6097E+03  0.000E-01  4.475E-01
2.7846024E+00 6.01743E+01  1.6638E+01  1.5820E+03  8.6486E+00  1.5907E+03  0.000E-01  4.452E-01
2.7985254E+00 6.02204E+01  1.6523E+01  1.5633E+03  8.6357E+00  1.5719E+03  0.000E-01  4.430E-01
2.8125180E+00 6.02655E+01  1.6409E+01  1.5448E+03  8.6226E+00  1.5534E+03  0.000E-01  4.408E-01
2.8265806E+00 6.03097E+01  1.6296E+01  1.5265E+03  8.6094E+00  1.5351E+03  0.000E-01  4.386E-01
2.8407135E+00 6.03531E+01  1.6184E+01  1.5085E+03  8.5962E+00  1.5171E+03  0.000E-01  4.365E-01
2.8549171E+00 6.03958E+01  1.6073E+01  1.4907E+03  8.5828E+00  1.4993E+03  0.000E-01  4.343E-01
2.8691917E+00 6.04377E+01  1.5962E+01  1.4731E+03  8.5693E+00  1.4816E+03  0.000E-01  4.321E-01
2.8835376E+00 6.04789E+01  1.5853E+01  1.4557E+03  8.5557E+00  1.4643E+03  0.000E-01  4.300E-01
2.8979553E+00 6.05195E+01  1.5745E+01  1.4385E+03  8.5420E+00  1.4471E+03  0.000E-01  4.278E-01
2.9124451E+00 6.05595E+01  1.5637E+01  1.4216E+03  8.5282E+00  1.4301E+03  0.000E-01  4.257E-01
2.9270073E+00 6.05992E+01  1.5530E+01  1.4049E+03  8.5143E+00  1.4134E+03  0.000E-01  4.236E-01
2.9416424E+00 6.06384E+01  1.5424E+01  1.3884E+03  8.5003E+00  1.3969E+03  0.000E-01  4.215E-01
2.9563506E+00 6.06775E+01  1.5319E+01  1.3720E+03  8.4861E+00  1.3805E+03  0.000E-01  4.194E-01
2.9711323E+00 6.07165E+01  1.5215E+01  1.3559E+03  8.4719E+00  1.3644E+03  0.000E-01  4.173E-01
2.9859880E+00 6.07557E+01  1.5112E+01  1.3400E+03  8.4576E+00  1.3485E+03  0.000E-01  4.152E-01
3.0009179E+00 6.07956E+01  1.5009E+01  1.3243E+03  8.4432E+00  1.3327E+03  0.000E-01  4.132E-01
3.0159225E+00 6.08359E+01  1.4891E+01  1.3074E+03  8.4287E+00  1.3158E+03  0.000E-01  4.111E-01
3.0310021E+00 6.08734E+01  1.4775E+01  1.2907E+03  8.4141E+00  1.2991E+03  0.000E-01  4.091E-01
3.0461571E+00 6.09086E+01  1.4660E+01  1.2743E+03  8.3994E+00  1.2827E+03  0.000E-01  4.070E-01
3.0613879E+00 6.09417E+01  1.4546E+01  1.2581E+03  8.3846E+00  1.2664E+03  0.000E-01  4.050E-01
3.0766949E+00 6.09732E+01  1.4433E+01  1.2421E+03  8.3697E+00  1.2504E+03  0.000E-01  4.030E-01
3.0920783E+00 6.10030E+01  1.4321E+01  1.2263E+03  8.3547E+00  1.2346E+03  0.000E-01  4.010E-01
3.1075387E+00 6.10315E+01  1.4210E+01  1.2107E+03  8.3396E+00  1.2191E+03  0.000E-01  3.990E-01
3.1230764E+00 6.10586E+01  1.4100E+01  1.1954E+03  8.3244E+00  1.2037E+03  0.000E-01  3.970E-01
3.1386918E+00 6.10844E+01  1.3990E+01  1.1802E+03  8.3091E+00  1.1885E+03  0.000E-01  3.950E-01
3.1543853E+00 6.11091E+01  1.3882E+01  1.1653E+03  8.2937E+00  1.1736E+03  0.000E-01  3.931E-01
3.1701572E+00 6.11328E+01  1.3775E+01  1.1506E+03  8.2783E+00  1.1588E+03  0.000E-01  3.911E-01
3.1860080E+00 6.11554E+01  1.3669E+01  1.1360E+03  8.2627E+00  1.1443E+03  0.000E-01  3.892E-01
3.2019380E+00 6.11770E+01  1.3564E+01  1.1217E+03  8.2470E+00  1.1299E+03  0.000E-01  3.872E-01
3.2179477E+00 6.11978E+01  1.3460E+01  1.1075E+03  8.2313E+00  1.1158E+03  0.000E-01  3.853E-01
3.2340374E+00 6.13211E+01  1.3354E+01  1.0934E+03  8.2155E+00  1.1016E+03  0.000E-01  3.834E-01
3.2502076E+00 6.13406E+01  1.3249E+01  1.0793E+03  8.1996E+00  1.0875E+03  0.000E-01  3.815E-01
3.2664587E+00 6.13590E+01  1.3144E+01  1.0654E+03  8.1836E+00  1.0736E+03  0.000E-01  3.796E-01
3.2827910E+00 6.13763E+01  1.3040E+01  1.0518E+03  8.1675E+00  1.0599E+03  0.000E-01  3.777E-01
3.2992049E+00 6.13925E+01  1.2937E+01  1.0383E+03  8.1513E+00  1.0464E+03  0.000E-01  3.758E-01
3.3157009E+00 6.14078E+01  1.2835E+01  1.0249E+03  8.1350E+00  1.0331E+03  0.000E-01  3.739E-01
3.3322794E+00 6.14220E+01  1.2734E+01  1.0118E+03  8.1187E+00  1.0199E+03  0.000E-01  3.721E-01
3.3489408E+00 6.14354E+01  1.2634E+01  9.9886E+02  8.1023E+00  1.0070E+03  0.000E-01  3.702E-01
3.3656856E+00 6.14479E+01  1.2534E+01  9.8608E+02  8.0857E+00  9.9417E+02  0.000E-01  3.684E-01
3.3825140E+00 6.14596E+01  1.2436E+01  9.7348E+02  8.0691E+00  9.8155E+02  0.000E-01  3.665E-01
3.3994265E+00 6.14705E+01  1.2338E+01  9.6104E+02  8.0525E+00  9.6909E+02  0.000E-01  3.647E-01
3.4164237E+00 6.14807E+01  1.2242E+01  9.4877E+02  8.0357E+00  9.5681E+02  0.000E-01  3.629E-01
3.4335058E+00 6.14901E+01  1.2146E+01  9.3667E+02  8.0189E+00  9.4469E+02  0.000E-01  3.611E-01
3.4506733E+00 6.14988E+01  1.2051E+01  9.2473E+02  8.0020E+00  9.3273E+02  0.000E-01  3.593E-01
3.4679267E+00 6.15069E+01  1.1957E+01  9.1295E+02  7.9850E+00  9.2094E+02  0.000E-01  3.575E-01
3.4852663E+00 6.15143E+01  1.1864E+01  9.0133E+02  7.9679E+00  9.0930E+02  0.000E-01  3.557E-01
3.5026927E+00 6.15211E+01  1.1772E+01  8.8987E+02  7.9507E+00  8.9782E+02  0.000E-01  3.540E-01
3.5202061E+00 6.15273E+01  1.1680E+01  8.7856E+02  7.9335E+00  8.8649E+02  0.000E-01  3.522E-01
3.5378072E+00 6.15803E+01  1.1589E+01  8.6738E+02  7.9162E+00  8.7530E+02  0.000E-01  3.505E-01
3.5554962E+00 6.15858E+01  1.1497E+01  8.5622E+02  7.8988E+00  8.6412E+02  0.000E-01  3.487E-01
3.5732737E+00 6.15905E+01  1.1406E+01  8.4521E+02  7.8814E+00  8.5309E+02  0.000E-01  3.470E-01
3.5911400E+00 6.15945E+01  1.1316E+01  8.3435E+02  7.8638E+00  8.4221E+02  0.000E-01  3.453E-01
3.6090957E+00 6.15978E+01  1.1227E+01  8.2363E+02  7.8462E+00  8.3148E+02  0.000E-01  3.435E-01
3.6271412E+00 6.16004E+01  1.1138E+01  8.1306E+02  7.8286E+00  8.2089E+02  0.000E-01  3.418E-01
3.6452769E+00 6.16023E+01  1.1050E+01  8.0263E+02  7.8108E+00  8.1044E+02  0.000E-01  3.401E-01
3.6635033E+00 6.16036E+01  1.0963E+01  7.9234E+02  7.7930E+00  8.0013E+02  0.000E-01  3.384E-01
3.6818208E+00 6.16044E+01  1.0877E+01  7.8219E+02  7.7751E+00  7.8997E+02  0.000E-01  3.367E-01
3.7002299E+00 6.16045E+01  1.0791E+01  7.7218E+02  7.7572E+00  7.7993E+02  0.000E-01  3.351E-01
3.7187311E+00 6.16041E+01  1.0706E+01  7.6230E+02  7.7392E+00  7.7004E+02  0.000E-01  3.334E-01
3.7373247E+00 6.16031E+01  1.0622E+01  7.5255E+02  7.7211E+00  7.6027E+02  0.000E-01  3.317E-01
3.7560114E+00 6.16016E+01  1.0539E+01  7.4294E+02  7.7029E+00  7.5064E+02  0.000E-01  3.301E-01
3.7747914E+00 6.15996E+01  1.0456E+01  7.3345E+02  7.6847E+00  7.4113E+02  0.000E-01  3.285E-01
3.7936654E+00 6.15971E+01  1.0374E+01  7.2409E+02  7.6664E+00  7.3176E+02  0.000E-01  3.268E-01
3.8126337E+00 6.15941E+01  1.0293E+01  7.1485E+02  7.6481E+00  7.2250E+02  0.000E-01  3.252E-01
3.8316969E+00 6.15907E+01  1.0213E+01  7.0574E+02  7.6297E+00  7.1337E+02  0.000E-01  3.236E-01
3.8508554E+00 6.15868E+01  1.0133E+01  6.9676E+02  7.6112E+00  7.0437E+02  0.000E-01  3.220E-01
3.8701096E+00 6.15824E+01  1.0054E+01  6.8789E+02  7.5926E+00  6.9548E+02  0.000E-01  3.204E-01
3.8894602E+00 6.15776E+01  9.9761E+00  6.7914E+02  7.5740E+00  6.8671E+02  0.000E-01  3.188E-01
3.9089075E+00 6.15724E+01  9.8986E+00  6.7051E+02  7.5554E+00  6.7806E+02  0.000E-01  3.172E-01
3.9284520E+00 6.15668E+01  9.8217E+00  6.6199E+02  7.5367E+00  6.6952E+02  0.000E-01  3.156E-01
3.9480943E+00 6.15835E+01  9.7449E+00  6.5355E+02  7.5179E+00  6.6106E+02  0.000E-01  3.140E-01
3.9678347E+00 6.15773E+01  9.6685E+00  6.4520E+02  7.4991E+00  6.5270E+02  0.000E-01  3.125E-01
3.9876739E+00 6.15705E+01  9.5928E+00  6.3696E+02  7.4802E+00  6.4444E+02  0.000E-01  3.109E-01
4.055024E+00  6.19269E+01  9.3434E+00  6.1009E+02  7.4424E+00  6.1753E+02  0.000E+00  3.058E-01
4.334821E+00  6.17228E+01  8.4197E+00  5.1429E+02  7.1840E+00  5.2147E+02  0.000E+00  2.860E-01
4.633924E+00  6.14665E+01  7.5975E+00  4.3411E+02  6.9177E+00  4.4103E+02  0.000E+00  2.676E-01
4.953664E+00  6.11604E+01  6.8649E+00  3.6694E+02  6.6455E+00  3.7359E+02  0.000E+00  2.503E-01
5.295467E+00  6.07991E+01  6.2113E+00  3.1057E+02  6.3689E+00  3.1694E+02  0.000E+00  2.341E-01
5.660855E+00  6.03598E+01  5.6017E+00  2.6202E+02  6.0898E+00  2.6811E+02  0.000E+00  2.190E-01
6.051453E+00  5.97832E+01  5.0463E+00  2.2080E+02  5.8096E+00  2.2661E+02  0.000E+00  2.049E-01
6.469004E+00  5.89836E+01  4.5534E+00  1.8637E+02  5.5299E+00  1.9190E+02  0.000E+00  1.917E-01
6.915365E+00  5.77015E+01  4.1161E+00  1.5760E+02  5.2521E+00  1.6285E+02  0.000E+00  1.793E-01
7.363720E+00  5.46368E+01  3.7337E+00  1.3425E+02  4.9934E+00  1.3924E+02  0.000E+00  1.684E-01
7.392525E+00  5.41724E+01  3.7112E+00  1.3292E+02  4.9775E+00  1.3790E+02  0.000E+00  1.677E-01
7.476430E+00  5.16171E+01  3.6468E+00  1.2915E+02  4.9314E+00  1.3408E+02  0.000E+00  1.658E-01
7.506486E+00  4.80919E+01  3.6242E+00  1.2784E+02  4.9151E+00  1.3276E+02  0.000E+00  1.652E-01
7.551570E+00  5.16124E+01  1.0464E+01  3.6689E+02  4.8907E+00  3.7178E+02  0.000E+00  1.642E-01
7.664280E+00  5.46597E+01  1.0133E+01  3.5007E+02  4.8306E+00  3.5490E+02  0.000E+00  1.618E-01
7.902609E+00  5.62924E+01  9.4871E+00  3.1787E+02  4.7072E+00  3.2258E+02  0.000E+00  1.569E-01
8.086568E+00  5.63069E+01  9.1064E+00  2.9817E+02  4.6152E+00  3.0279E+02  0.000E+00  1.533E-01
8.210342E+00  5.51953E+01  8.8738E+00  2.8618E+02  4.5548E+00  2.9073E+02  0.000E+00  1.510E-01
8.243349E+00  5.35209E+01  8.8144E+00  2.8312E+02  4.5390E+00  2.8766E+02  0.000E+00  1.504E-01
8.292858E+00  5.54015E+01  1.2167E+01  3.8847E+02  4.5153E+00  3.9299E+02  0.000E+00  1.495E-01
8.416632E+00  5.71642E+01  1.1841E+01  3.7251E+02  4.4569E+00  3.7697E+02  0.000E+00  1.473E-01
8.447890E+00  5.73859E+01  1.1761E+01  3.6863E+02  4.4424E+00  3.7307E+02  0.000E+00  1.468E-01
8.533840E+00  5.77981E+01  1.1547E+01  3.5827E+02  4.4027E+00  3.6267E+02  0.000E+00  1.453E-01
8.664460E+00  5.77495E+01  1.1235E+01  3.4333E+02  4.3435E+00  3.4767E+02  0.000E+00  1.431E-01
8.699292E+00  5.70199E+01  1.1163E+01  3.3976E+02  4.3279E+00  3.4409E+02  0.000E+00  1.425E-01
8.751540E+00  5.81155E+01  1.2789E+01  3.8694E+02  4.3047E+00  3.9124E+02  0.000E+00  1.417E-01
8.882160E+00  5.93813E+01  1.2511E+01  3.7296E+02  4.2475E+00  3.7721E+02  0.000E+00  1.396E-01
9.030794E+00  6.02005E+01  1.2202E+01  3.5775E+02  4.1839E+00  3.6193E+02  0.000E+00  1.373E-01
9.653919E+00  6.21877E+01  1.1006E+01  3.0187E+02  3.9326E+00  3.0580E+02  0.000E+00  1.284E-01
1.032004E+01  6.33585E+01  9.8620E+00  2.5303E+02  3.6893E+00  2.5672E+02  0.000E+00  1.201E-01
1.103212E+01  6.40963E+01  8.8004E+00  2.1122E+02  3.4545E+00  2.1467E+02  0.000E+00  1.124E-01
1.179334E+01  6.45643E+01  7.8620E+00  1.7652E+02  3.2286E+00  1.7975E+02  0.000E+00  1.051E-01
1.260708E+01  6.48759E+01  7.0353E+00  1.4776E+02  3.0122E+00  1.5077E+02  0.000E+00  9.834E-02
1.347697E+01  6.50801E+01  6.3010E+00  1.2379E+02  2.8054E+00  1.2660E+02  0.000E+00  9.200E-02
1.440688E+01  6.52095E+01  5.6482E+00  1.0381E+02  2.6084E+00  1.0642E+02  0.000E+00  8.606E-02
1.540095E+01  6.53548E+01  5.0597E+00  8.6989E+01  2.4214E+00  8.9410E+01  0.000E+00  8.050E-02
1.646362E+01  6.53846E+01  4.5252E+00  7.2778E+01  2.2444E+00  7.5022E+01  0.000E+00  7.531E-02
1.759961E+01  6.54482E+01  4.0404E+00  6.0787E+01  2.0773E+00  6.2864E+01  0.000E+00  7.045E-02
1.881398E+01  6.54127E+01  3.6017E+00  5.0689E+01  1.9199E+00  5.2609E+01  0.000E+00  6.590E-02
2.011215E+01  6.53547E+01  3.2134E+00  4.2305E+01  1.7722E+00  4.4077E+01  0.000E+00  6.165E-02
2.149988E+01  6.52827E+01  2.8695E+00  3.5340E+01  1.6338E+00  3.6974E+01  0.000E+00  5.767E-02
2.298338E+01  6.52020E+01  2.5647E+00  2.9547E+01  1.5046E+00  3.1052E+01  0.000E+00  5.395E-02
2.456923E+01  6.51162E+01  2.2943E+00  2.4726E+01  1.3842E+00  2.6110E+01  0.000E+00  5.046E-02
2.626450E+01  6.50301E+01  2.0543E+00  2.0710E+01  1.2723E+00  2.1982E+01  0.000E+00  4.721E-02
2.807676E+01  6.49464E+01  1.8264E+00  1.7224E+01  1.1685E+00  1.8392E+01  0.000E+00  4.416E-02
3.001405E+01  6.48428E+01  1.6209E+00  1.4300E+01  1.0724E+00  1.5372E+01  0.000E+00  4.131E-02
3.208502E+01  6.47303E+01  1.4399E+00  1.1883E+01  9.8375E-01  1.2867E+01  0.000E+00  3.864E-02
3.429889E+01  6.46085E+01  1.2777E+00  9.8632E+00  9.0206E-01  1.0765E+01  0.000E+00  3.615E-02
3.666551E+01  6.44733E+01  1.1329E+00  8.1814E+00  8.2694E-01  9.0083E+00  0.000E+00  3.381E-02
3.919543E+01  6.43176E+01  1.0021E+00  6.7694E+00  7.5802E-01  7.5274E+00  0.000E+00  3.163E-02
4.189992E+01  6.41253E+01  8.8527E-01  5.5943E+00  6.9489E-01  6.2892E+00  0.000E+00  2.959E-02
4.479101E+01  6.38653E+01  7.8210E-01  4.6233E+00  6.3717E-01  5.2605E+00  0.000E+00  2.768E-02
4.788159E+01  6.34418E+01  6.9148E-01  3.8238E+00  5.8450E-01  4.4083E+00  0.000E+00  2.589E-02
5.095579E+01  6.23594E+01  6.1688E-01  3.2055E+00  5.3960E-01  3.7451E+00  0.000E+00  2.433E-02
5.118542E+01  6.21547E+01  6.1183E-01  3.1650E+00  5.3650E-01  3.7015E+00  0.000E+00  2.422E-02
5.173572E+01  6.11993E+01  5.9999E-01  3.0707E+00  5.2922E-01  3.5999E+00  0.000E+00  2.396E-02
5.194371E+01  5.98099E+01  5.9561E-01  3.0361E+00  5.2652E-01  3.5626E+00  0.000E+00  2.387E-02
5.225568E+01  6.12140E+01  3.3244E+00  1.6845E+01  5.2251E-01  1.7368E+01  1.386E+01  2.373E-02
5.303561E+01  6.24827E+01  3.2494E+00  1.6223E+01  5.1275E-01  1.6736E+01  1.336E+01  2.338E-02
5.471721E+01  6.33932E+01  3.0964E+00  1.4984E+01  4.9284E-01  1.5477E+01  1.236E+01  2.266E-02
5.849270E+01  6.42121E+01  2.7800E+00  1.2584E+01  4.5317E-01  1.3037E+01  1.041E+01  2.120E-02
6.252870E+01  6.46272E+01  2.4918E+00  1.0551E+01  4.1718E-01  1.0968E+01  8.749E+00  1.983E-02
6.684318E+01  6.48831E+01  2.2322E+00  8.8423E+00  3.8456E-01  9.2269E+00  7.346E+00  1.855E-02
7.145536E+01  6.50525E+01  1.9977E+00  7.4025E+00  3.5503E-01  7.7575E+00  6.159E+00  1.735E-02
7.638578E+01  6.51669E+01  1.7875E+00  6.1960E+00  3.2832E-01  6.5243E+00  5.162E+00  1.623E-02
8.165640E+01  6.52468E+01  1.5972E+00  5.1790E+00  3.0418E-01  5.4832E+00  4.321E+00  1.518E-02
8.729069E+01  6.52984E+01  1.4228E+00  4.3157E+00  2.8237E-01  4.5981E+00  3.608E+00  1.420E-02
9.331374E+01  6.53289E+01  1.2675E+00  3.5967E+00  2.6267E-01  3.8594E+00  3.013E+00  1.329E-02
9.975239E+01  6.53454E+01  1.1294E+00  2.9979E+00  2.4489E-01  3.2428E+00  2.516E+00  1.243E-02
1.066353E+02  6.53814E+01  1.0049E+00  2.4951E+00  2.2882E-01  2.7239E+00  2.097E+00  1.163E-02
1.139931E+02  6.53781E+01  8.9182E-01  2.0715E+00  2.1430E-01  2.2858E+00  1.742E+00  1.088E-02
1.218587E+02  6.53683E+01  7.9157E-01  1.7200E+00  2.0118E-01  1.9212E+00  1.448E+00  1.017E-02
1.302669E+02  6.53544E+01  7.0266E-01  1.4282E+00  1.8929E-01  1.6175E+00  1.203E+00  9.518E-03
1.392553E+02  6.53378E+01  6.2379E-01  1.1861E+00  1.7852E-01  1.3646E+00  9.993E-01  8.903E-03
1.488640E+02  6.53196E+01  5.5382E-01  9.8506E-01  1.6875E-01  1.1538E+00  8.303E-01  8.329E-03
1.591356E+02  6.53004E+01  4.9174E-01  8.1819E-01  1.5985E-01  9.7804E-01  6.899E-01  7.791E-03
1.701159E+02  6.52810E+01  4.3666E-01  6.7965E-01  1.5174E-01  8.3139E-01  5.732E-01  7.288E-03
1.818539E+02  6.52617E+01  3.8778E-01  5.6461E-01  1.4432E-01  7.0893E-01  4.763E-01  6.818E-03
1.944018E+02  6.52427E+01  3.4439E-01  4.6907E-01  1.3752E-01  6.0659E-01  3.957E-01  6.378E-03
2.078156E+02  6.52242E+01  3.0589E-01  3.8974E-01  1.3126E-01  5.2100E-01  3.288E-01  5.966E-03
2.221548E+02  6.52063E+01  2.7171E-01  3.2384E-01  1.2548E-01  4.4932E-01  2.732E-01  5.581E-03
2.374835E+02  6.51893E+01  2.4224E-01  2.7008E-01  1.2012E-01  3.9020E-01  2.280E-01  5.221E-03
2.538699E+02  6.51737E+01  2.1619E-01  2.2548E-01  1.1513E-01  3.4061E-01  1.904E-01  4.884E-03
2.713869E+02  6.51593E+01  1.9295E-01  1.8825E-01  1.1047E-01  2.9872E-01  1.591E-01  4.569E-03
2.901126E+02  6.51459E+01  1.7223E-01  1.5719E-01  1.0610E-01  2.6329E-01  1.329E-01  4.274E-03
3.101304E+02  6.51335E+01  1.5374E-01  1.3126E-01  1.0198E-01  2.3324E-01  1.110E-01  3.998E-03
3.315294E+02  6.51221E+01  1.3724E-01  1.0961E-01  9.8083E-02  2.0769E-01  9.275E-02  3.740E-03
3.544049E+02  6.51115E+01  1.2252E-01  9.1536E-02  9.4383E-02  1.8592E-01  7.748E-02  3.498E-03
3.788588E+02  6.51017E+01  1.0939E-01  7.6449E-02  9.0857E-02  1.6731E-01  6.473E-02  3.273E-03
4.050001E+02  6.50928E+01  9.7665E-02  6.3851E-02  8.7486E-02  1.5134E-01  5.407E-02  3.061E-03
4.329451E+02  6.50845E+01  8.7205E-02  5.3333E-02  8.4251E-02  1.3758E-01  4.517E-02  2.864E-03


