1.000970E+00  3.90626E+01  2.4694E+01  8.1358E+03  6.5510E+00  8.1424E+03  0.000E+00  1.239E+00
1.004994E+00  3.86076E+01  2.4564E+01  8.0604E+03  6.5610E+00  8.0670E+03  0.000E+00  1.234E+00
1.011030E+00  3.93620E+01  2.5499E+01  8.3174E+03  6.5759E+00  8.3240E+03  0.000E+00  1.226E+00
1.026120E+00  4.02800E+01  2.5017E+01  8.0401E+03  6.6120E+00  8.0467E+03  0.000E+00  1.208E+00
1.067676E+00  4.16539E+01  2.3768E+01  7.3415E+03  6.7044E+00  7.3482E+03  0.000E+00  1.161E+00
1.141345E+00  4.32237E+01  2.1817E+01  6.3038E+03  6.8447E+00  6.3106E+03  0.000E+00  1.086E+00
1.220098E+00  4.43693E+01  2.0028E+01  5.4135E+03  6.9653E+00  5.4205E+03  0.000E+00  1.016E+00
1.304285E+00  4.52519E+01  1.8393E+01  4.6505E+03  7.0653E+00  4.6576E+03  0.000E+00  9.506E-01
1.394281E+00  4.59578E+01  1.6880E+01  3.9924E+03  7.1440E+00  3.9995E+03  0.000E+00  8.892E-01
1.490486E+00  4.64985E+01  1.5440E+01  3.4161E+03  7.2009E+00  3.4233E+03  0.000E+00  8.318E-01
1.593329E+00  4.68807E+01  1.4101E+01  2.9186E+03  7.2358E+00  2.9258E+03  0.000E+00  7.781E-01
1.703269E+00  4.71403E+01  1.2882E+01  2.4941E+03  7.2486E+00  2.5013E+03  0.000E+00  7.279E-01
1.820795E+00  4.73202E+01  1.1773E+01  2.1323E+03  7.2393E+00  2.1395E+03  0.000E+00  6.809E-01
1.946430E+00  4.74163E+01  1.0766E+01  1.8240E+03  7.2084E+00  1.8312E+03  0.000E+00  6.370E-01
2.080733E+00  4.74762E+01  9.8467E+00  1.5606E+03  7.1564E+00  1.5678E+03  0.000E+00  5.959E-01
2.224304E+00  4.74681E+01  8.9995E+00  1.3343E+03  7.0840E+00  1.3414E+03  0.000E+00  5.574E-01
2.377781E+00  4.74141E+01  8.1995E+00  1.1372E+03  6.9921E+00  1.1442E+03  0.000E+00  5.214E-01
2.541848E+00  4.72925E+01  7.4470E+00  9.6618E+02  6.8816E+00  9.7306E+02  0.000E+00  4.878E-01
2.717235E+00  4.70977E+01  6.7743E+00  8.2217E+02  6.7538E+00  8.2892E+02  0.000E+00  4.563E-01
2.904724E+00  4.68476E+01  6.1722E+00  7.0075E+02  6.6100E+00  7.0736E+02  0.000E+00  4.268E-01
3.105150E+00  4.66153E+01  5.5748E+00  5.9207E+02  6.4514E+00  5.9852E+02  0.000E+00  3.993E-01
3.319406E+00  4.61977E+01  4.9906E+00  4.9582E+02  6.2796E+00  5.0210E+02  0.000E+00  3.735E-01
3.548445E+00  4.55660E+01  4.4525E+00  4.1380E+02  6.0961E+00  4.1990E+02  0.000E+00  3.494E-01
3.793288E+00  4.46074E+01  3.9705E+00  3.4519E+02  5.9024E+00  3.5109E+02  0.000E+00  3.269E-01
4.055024E+00  4.29161E+01  3.5466E+00  2.8844E+02  5.7001E+00  2.9414E+02  0.000E+00  3.058E-01
4.254572E+00  3.98866E+01  3.2731E+00  2.5370E+02  5.5499E+00  2.5925E+02  0.000E+00  2.914E-01
4.319693E+00  3.64828E+01  3.1916E+00  2.4366E+02  5.5017E+00  2.4916E+02  0.000E+00  2.870E-01
4.334821E+00  3.35784E+01  3.1732E+00  2.4141E+02  5.4906E+00  2.4690E+02  0.000E+00  2.860E-01
4.337059E+00  3.25661E+01  3.1704E+00  2.4108E+02  5.4889E+00  2.4657E+02  0.000E+00  2.859E-01
4.363107E+00  3.64143E+01  1.0730E+01  8.1100E+02  5.4699E+00  8.1647E+02  0.000E+00  2.842E-01
4.428228E+00  3.96387E+01  1.0375E+01  7.7263E+02  5.4224E+00  7.7805E+02  0.000E+00  2.800E-01
4.519760E+00  4.06986E+01  9.9045E+00  7.2268E+02  5.3565E+00  7.2804E+02  0.000E+00  2.743E-01
4.588940E+00  3.98588E+01  9.5928E+00  6.8938E+02  5.3073E+00  6.9469E+02  0.000E+00  2.702E-01
4.607388E+00  3.81010E+01  9.5193E+00  6.8137E+02  5.2942E+00  6.8666E+02  0.000E+00  2.691E-01
4.633924E+00  4.01981E+01  1.3189E+01  9.3861E+02  5.2755E+00  9.4389E+02  0.000E+00  2.676E-01
4.635060E+00  4.02695E+01  1.3182E+01  9.3792E+02  5.2747E+00  9.4319E+02  0.000E+00  2.675E-01
4.704240E+00  4.24355E+01  1.2795E+01  8.9696E+02  5.2264E+00  9.0219E+02  0.000E+00  2.636E-01
4.840416E+00  4.39010E+01  1.2099E+01  8.2431E+02  5.1327E+00  8.2944E+02  0.000E+00  2.561E-01
4.914504E+00  4.37836E+01  1.1775E+01  7.9017E+02  5.0826E+00  7.9525E+02  0.000E+00  2.523E-01
4.934261E+00  4.30070E+01  1.1693E+01  7.8149E+02  5.0694E+00  7.8656E+02  0.000E+00  2.513E-01
4.953664E+00  4.37620E+01  1.3446E+01  8.9514E+02  5.0564E+00  9.0020E+02  0.000E+00  2.503E-01
4.963896E+00  4.41527E+01  1.3402E+01  8.9036E+02  5.0496E+00  8.9541E+02  0.000E+00  2.498E-01
5.037984E+00  4.54697E+01  1.3093E+01  8.5704E+02  5.0005E+00  8.6204E+02  0.000E+00  2.461E-01
5.295467E+00  4.74921E+01  1.2143E+01  7.5622E+02  4.8346E+00  7.6105E+02  0.000E+00  2.341E-01
5.660855E+00  4.90633E+01  1.1024E+01  6.4224E+02  4.6115E+00  6.4685E+02  0.000E+00  2.190E-01
6.051453E+00  5.01223E+01  9.9599E+00  5.4278E+02  4.3884E+00  5.4717E+02  0.000E+00  2.049E-01
6.469004E+00  5.08541E+01  8.9652E+00  4.5704E+02  4.1666E+00  4.6121E+02  0.000E+00  1.917E-01
6.915365E+00  5.13603E+01  8.0533E+00  3.8405E+02  3.9470E+00  3.8800E+02  0.000E+00  1.793E-01
7.392525E+00  5.17086E+01  7.2315E+00  3.2260E+02  3.7309E+00  3.2633E+02  0.000E+00  1.677E-01
7.902609E+00  5.19470E+01  6.4957E+00  2.7107E+02  3.5190E+00  2.7459E+02  0.000E+00  1.569E-01
8.447890E+00  5.21110E+01  5.8397E+00  2.2797E+02  3.3122E+00  2.3128E+02  0.000E+00  1.468E-01
9.030794E+00  5.23131E+01  5.2387E+00  1.9131E+02  3.1111E+00  1.9442E+02  0.000E+00  1.373E-01
9.653919E+00  5.24118E+01  4.6582E+00  1.5913E+02  2.9166E+00  1.6205E+02  0.000E+00  1.284E-01
1.032004E+01  5.24525E+01  4.1358E+00  1.3216E+02  2.7289E+00  1.3489E+02  0.000E+00  1.201E-01
1.103212E+01  5.24176E+01  3.6712E+00  1.0974E+02  2.5486E+00  1.1229E+02  0.000E+00  1.124E-01
1.179334E+01  5.23573E+01  3.2610E+00  9.1188E+01  2.3759E+00  9.3564E+01  0.000E+00  1.051E-01
1.260708E+01  5.22804E+01  2.8992E+00  7.5838E+01  2.2112E+00  7.8049E+01  0.000E+00  9.834E-02
1.347697E+01  5.21929E+01  2.5799E+00  6.3130E+01  2.0544E+00  6.5184E+01  0.000E+00  9.200E-02
1.440688E+01  5.20983E+01  2.2978E+00  5.2599E+01  1.9059E+00  5.4505E+01  0.000E+00  8.606E-02
1.540095E+01  5.19993E+01  2.0485E+00  4.3864E+01  1.7654E+00  4.5629E+01  0.000E+00  8.050E-02
1.646362E+01  5.18967E+01  1.8263E+00  3.6583E+01  1.6331E+00  3.8216E+01  0.000E+00  7.531E-02
1.759961E+01  5.17907E+01  1.6292E+00  3.0528E+01  1.5088E+00  3.2037E+01  0.000E+00  7.045E-02
1.881398E+01  5.16814E+01  1.4547E+00  2.5499E+01  1.3922E+00  2.6891E+01  0.000E+00  6.590E-02
2.011215E+01  5.15662E+01  1.2957E+00  2.1246E+01  1.2833E+00  2.2529E+01  0.000E+00  6.165E-02
2.149988E+01  5.14406E+01  1.1532E+00  1.7689E+01  1.1818E+00  1.8871E+01  0.000E+00  5.767E-02
2.298338E+01  5.12980E+01  1.0224E+00  1.4670E+01  1.0875E+00  1.5758E+01  0.000E+00  5.395E-02
2.456923E+01  5.11280E+01  9.0723E-01  1.2177E+01  9.9993E-01  1.3177E+01  0.000E+00  5.046E-02
2.626450E+01  5.09118E+01  8.0574E-01  1.0117E+01  9.1896E-01  1.1036E+01  0.000E+00  4.721E-02
2.807676E+01  5.06060E+01  7.0918E-01  8.3299E+00  8.4421E-01  9.1741E+00  0.000E+00  4.416E-02
3.001405E+01  5.00202E+01  6.2270E-01  6.8420E+00  7.7536E-01  7.6174E+00  0.000E+00  4.131E-02
3.117752E+01  4.91381E+01  5.7843E-01  6.1184E+00  7.3862E-01  6.8570E+00  0.000E+00  3.977E-02
3.165473E+01  4.78928E+01  5.6169E-01  5.8517E+00  7.2444E-01  6.5761E+00  0.000E+00  3.917E-02
3.178199E+01  4.63982E+01  5.5735E-01  5.7833E+00  7.2075E-01  6.5040E+00  0.000E+00  3.901E-02
3.197287E+01  4.79119E+01  3.4947E+00  3.6046E+01  7.1526E-01  3.6761E+01  3.036E+01  3.878E-02
3.208502E+01  4.84330E+01  3.4746E+00  3.5714E+01  7.1207E-01  3.6426E+01  3.009E+01  3.864E-02
3.245008E+01  4.92809E+01  3.4107E+00  3.4662E+01  7.0187E-01  3.5364E+01  2.922E+01  3.821E-02
3.429889E+01  5.06702E+01  3.1135E+00  2.9937E+01  6.5403E-01  3.0591E+01  2.531E+01  3.615E-02
3.666551E+01  5.13278E+01  2.7886E+00  2.5082E+01  6.0089E-01  2.5683E+01  2.127E+01  3.381E-02
3.919543E+01  5.16980E+01  2.4971E+00  2.1010E+01  5.5233E-01  2.1562E+01  1.787E+01  3.163E-02
4.189992E+01  5.19380E+01  2.2343E+00  1.7586E+01  5.0804E-01  1.8094E+01  1.500E+01  2.959E-02
4.479101E+01  5.20975E+01  1.9932E+00  1.4675E+01  4.6770E-01  1.5143E+01  1.254E+01  2.768E-02
4.788159E+01  5.22041E+01  1.7775E+00  1.2242E+01  4.3102E-01  1.2673E+01  1.048E+01  2.589E-02
5.118542E+01  5.22749E+01  1.5846E+00  1.0209E+01  3.9771E-01  1.0607E+01  8.750E+00  2.422E-02
5.471721E+01  5.23206E+01  1.4123E+00  8.5123E+00  3.6751E-01  8.8798E+00  7.305E+00  2.266E-02
5.849270E+01  5.23484E+01  1.2587E+00  7.0963E+00  3.4014E-01  7.4364E+00  6.097E+00  2.120E-02
6.252870E+01  5.23636E+01  1.1216E+00  5.9157E+00  3.1538E-01  6.2311E+00  5.088E+00  1.983E-02
6.684318E+01  5.24005E+01  9.9655E-01  4.9167E+00  2.9298E-01  5.2097E+00  4.230E+00  1.855E-02
7.145536E+01  5.23964E+01  8.8454E-01  4.0824E+00  2.7273E-01  4.3551E+00  3.513E+00  1.735E-02
7.638578E+01  5.23867E+01  7.8519E-01  3.3899E+00  2.5444E-01  3.6443E+00  2.917E+00  1.623E-02
8.165640E+01  5.23744E+01  6.9597E-01  2.8108E+00  2.3791E-01  3.0487E+00  2.419E+00  1.518E-02
8.729069E+01  5.23584E+01  6.1479E-01  2.3227E+00  2.2298E-01  2.5457E+00  2.000E+00  1.420E-02
9.331374E+01  5.23395E+01  5.4312E-01  1.9195E+00  2.0948E-01  2.1290E+00  1.654E+00  1.329E-02
9.975239E+01  5.23193E+01  4.7984E-01  1.5864E+00  1.9727E-01  1.7837E+00  1.367E+00  1.243E-02
1.066353E+02  5.22986E+01  4.2397E-01  1.3112E+00  1.8621E-01  1.4974E+00  1.131E+00  1.163E-02
1.139931E+02  5.22780E+01  3.7464E-01  1.0838E+00  1.7618E-01  1.2600E+00  9.347E-01  1.088E-02
1.218587E+02  5.22578E+01  3.3107E-01  8.9596E-01  1.6708E-01  1.0630E+00  7.728E-01  1.017E-02
1.302669E+02  5.22384E+01  2.9258E-01  7.4070E-01  1.5879E-01  8.9949E-01  6.390E-01  9.518E-03
1.392553E+02  5.22197E+01  2.5859E-01  6.1240E-01  1.5123E-01  7.6363E-01  5.283E-01  8.903E-03
1.488640E+02  5.22020E+01  2.2858E-01  5.0639E-01  1.4432E-01  6.5071E-01  4.368E-01  8.329E-03
1.591356E+02  5.21854E+01  2.0207E-01  4.1875E-01  1.3798E-01  5.5673E-01  3.612E-01  7.791E-03
1.701159E+02  5.21697E+01  1.7864E-01  3.4630E-01  1.3214E-01  4.7844E-01  2.987E-01  7.288E-03
1.818539E+02  5.21552E+01  1.5794E-01  2.8641E-01  1.2675E-01  4.1316E-01  2.469E-01  6.818E-03
1.944018E+02  5.21416E+01  1.3964E-01  2.3689E-01  1.2176E-01  3.5865E-01  2.042E-01  6.378E-03
2.078156E+02  5.21291E+01  1.2347E-01  1.9594E-01  1.1711E-01  3.1305E-01  1.688E-01  5.966E-03
2.221548E+02  5.21175E+01  1.0918E-01  1.6208E-01  1.1277E-01  2.7485E-01  1.396E-01  5.581E-03
2.374835E+02  5.21068E+01  9.6550E-02  1.3407E-01  1.0869E-01  2.4276E-01  1.154E-01  5.221E-03
2.538699E+02  5.20970E+01  8.5384E-02  1.1092E-01  1.0485E-01  2.1577E-01  9.545E-02  4.884E-03
2.713869E+02  5.20880E+01  7.5514E-02  9.1763E-02  1.0122E-01  1.9298E-01  7.892E-02  4.569E-03
2.901126E+02  5.20797E+01  6.6788E-02  7.5921E-02  9.7779E-02  1.7370E-01  6.526E-02  4.274E-03
3.101304E+02  5.20722E+01  5.9073E-02  6.2817E-02  9.4497E-02  1.5731E-01  5.396E-02  3.998E-03
3.315294E+02  5.20653E+01  5.2252E-02  5.1977E-02  9.1360E-02  1.4334E-01  4.462E-02  3.740E-03
3.544049E+02  5.20590E+01  4.6221E-02  4.3010E-02  8.8353E-02  1.3136E-01  3.689E-02  3.498E-03
3.788588E+02  5.20533E+01  4.0888E-02  3.5591E-02  8.5460E-02  1.2105E-01  3.050E-02  3.273E-03
4.050001E+02  5.20481E+01  3.6171E-02  2.9454E-02  8.2671E-02  1.1212E-01  2.522E-02  3.061E-03
4.329451E+02  5.20434E+01  3.2001E-02  2.4376E-02  7.9976E-02  1.0435E-01  2.086E-02  2.864E-03


