1.067676E+00  5.96223E+01  3.3269E+01  5.6509E+03  1.0533E+01  5.6614E+03  0.000E+00  1.161E+00
1.141345E+00  6.17056E+01  3.1392E+01  4.9880E+03  1.0823E+01  4.9988E+03  0.000E+00  1.086E+00
1.144836E+00  6.17815E+01  3.1305E+01  4.9589E+03  1.0835E+01  4.9697E+03  0.000E+00  1.083E+00
1.162359E+00  6.20428E+01  3.0854E+01  4.8138E+03  1.0897E+01  4.8247E+03  0.000E+00  1.067E+00
1.167032E+00  6.19319E+01  3.0736E+01  4.7762E+03  1.0914E+01  4.7871E+03  0.000E+00  1.062E+00
1.174041E+00  6.23361E+01  3.1003E+01  4.7890E+03  1.0937E+01  4.7999E+03  0.000E+00  1.056E+00
1.191564E+00  6.29405E+01  3.0570E+01  4.6527E+03  1.0996E+01  4.6637E+03  0.000E+00  1.041E+00
1.220098E+00  6.36643E+01  2.9870E+01  4.4398E+03  1.1085E+01  4.4509E+03  0.000E+00  1.016E+00
1.302910E+00  6.51130E+01  2.7954E+01  3.8908E+03  1.1315E+01  3.9021E+03  0.000E+00  9.516E-01
1.304285E+00  6.51281E+01  2.7924E+01  3.8826E+03  1.1318E+01  3.8939E+03  0.000E+00  9.506E-01
1.322852E+00  6.52187E+01  2.7527E+01  3.7737E+03  1.1364E+01  3.7851E+03  0.000E+00  9.372E-01
1.328170E+00  6.50333E+01  2.7416E+01  3.7434E+03  1.1376E+01  3.7548E+03  0.000E+00  9.335E-01
1.336147E+00  6.54457E+01  2.7784E+01  3.7710E+03  1.1395E+01  3.7824E+03  0.000E+00  9.279E-01
1.356090E+00  6.59912E+01  2.7340E+01  3.6562E+03  1.1440E+01  3.6676E+03  0.000E+00  9.143E-01
1.394281E+00  6.66735E+01  2.6477E+01  3.4438E+03  1.1520E+01  3.4553E+03  0.000E+00  8.892E-01
1.490486E+00  6.78083E+01  2.4451E+01  2.9750E+03  1.1688E+01  2.9867E+03  0.000E+00  8.318E-01
1.593329E+00  6.85722E+01  2.2623E+01  2.5750E+03  1.1823E+01  2.5868E+03  0.000E+00  7.781E-01
1.703269E+00  6.90935E+01  2.0944E+01  2.2300E+03  1.1923E+01  2.2419E+03  0.000E+00  7.279E-01
1.820795E+00  6.94038E+01  1.9396E+01  1.9318E+03  1.1987E+01  1.9438E+03  0.000E+00  6.809E-01
1.946430E+00  6.95328E+01  1.7987E+01  1.6759E+03  1.2015E+01  1.6879E+03  0.000E+00  6.370E-01
2.080733E+00  6.95040E+01  1.6713E+01  1.4566E+03  1.2009E+01  1.4686E+03  0.000E+00  5.959E-01
2.224304E+00  6.93177E+01  1.5559E+01  1.2685E+03  1.1967E+01  1.2805E+03  0.000E+00  5.574E-01
2.377781E+00  6.89539E+01  1.4510E+01  1.1067E+03  1.1890E+01  1.1186E+03  0.000E+00  5.214E-01
2.541848E+00  6.83469E+01  1.3550E+01  9.6676E+02  1.1781E+01  9.7854E+02  0.000E+00  4.878E-01
2.717235E+00  6.73970E+01  1.2670E+01  8.4564E+02  1.1640E+01  8.5728E+02  0.000E+00  4.563E-01
2.904724E+00  6.58273E+01  1.1779E+01  7.3537E+02  1.1468E+01  7.4684E+02  0.000E+00  4.268E-01
3.105150E+00  6.27555E+01  1.0766E+01  6.2875E+02  1.1267E+01  6.4002E+02  0.000E+00  3.993E-01
3.265360E+00  5.64413E+01  9.9671E+00  5.5355E+02  1.1098E+01  5.6465E+02  0.000E+00  3.797E-01
3.315340E+00  4.98314E+01  9.7405E+00  5.3281E+02  1.1044E+01  5.4385E+02  0.000E+00  3.740E-01
3.319406E+00  4.85588E+01  9.7225E+00  5.3117E+02  1.1040E+01  5.4221E+02  0.000E+00  3.735E-01
3.328668E+00  4.26554E+01  9.6817E+00  5.2747E+02  1.1030E+01  5.3850E+02  0.000E+00  3.725E-01
3.348660E+00  4.89995E+01  2.3222E+01  1.2576E+03  1.1008E+01  1.2686E+03  0.000E+00  3.703E-01
3.398640E+00  5.38257E+01  2.3169E+01  1.2363E+03  1.0954E+01  1.2473E+03  0.000E+00  3.648E-01
3.420984E+00  5.43109E+01  2.3148E+01  1.2271E+03  1.0929E+01  1.2380E+03  0.000E+00  3.624E-01
3.473346E+00  5.21394E+01  2.3103E+01  1.2063E+03  1.0871E+01  1.2172E+03  0.000E+00  3.570E-01
3.487309E+00  4.72186E+01  2.3093E+01  1.2009E+03  1.0856E+01  1.2118E+03  0.000E+00  3.555E-01
3.508254E+00  5.36217E+01  3.3748E+01  1.7445E+03  1.0833E+01  1.7553E+03  0.000E+00  3.534E-01
3.548445E+00  5.91957E+01  3.3101E+01  1.6917E+03  1.0788E+01  1.7025E+03  0.000E+00  3.494E-01
3.560616E+00  6.02205E+01  3.2903E+01  1.6758E+03  1.0775E+01  1.6866E+03  0.000E+00  3.482E-01
3.793288E+00  6.89910E+01  2.9417E+01  1.4064E+03  1.0514E+01  1.4169E+03  0.000E+00  3.269E-01
3.965178E+00  7.07696E+01  2.7185E+01  1.2433E+03  1.0321E+01  1.2536E+03  0.000E+00  3.127E-01
4.025870E+00  6.96889E+01  2.6448E+01  1.1914E+03  1.0253E+01  1.2017E+03  0.000E+00  3.080E-01
4.042054E+00  6.76045E+01  2.6257E+01  1.1780E+03  1.0235E+01  1.1882E+03  0.000E+00  3.067E-01
4.055024E+00  6.88475E+01  3.0612E+01  1.3691E+03  1.0220E+01  1.3793E+03  0.000E+00  3.058E-01
4.066331E+00  7.01740E+01  3.0470E+01  1.3589E+03  1.0207E+01  1.3691E+03  0.000E+00  3.049E-01
4.127022E+00  7.28891E+01  2.9725E+01  1.3062E+03  1.0139E+01  1.3163E+03  0.000E+00  3.004E-01
4.334821E+00  7.64784E+01  2.7409E+01  1.1467E+03  9.9084E+00  1.1566E+03  0.000E+00  2.860E-01
4.633924E+00  7.88363E+01  2.4678E+01  9.6579E+02  9.5817E+00  9.7537E+02  0.000E+00  2.676E-01
4.733792E+00  7.91340E+01  2.3854E+01  9.1383E+02  9.4745E+00  9.2330E+02  0.000E+00  2.619E-01
4.806248E+00  7.88658E+01  2.3286E+01  8.7864E+02  9.3974E+00  8.8804E+02  0.000E+00  2.580E-01
4.825570E+00  7.81943E+01  2.3139E+01  8.6959E+02  9.3769E+00  8.7897E+02  0.000E+00  2.569E-01
4.854552E+00  7.90758E+01  2.4418E+01  9.1218E+02  9.3463E+00  9.2153E+02  0.000E+00  2.554E-01
4.927008E+00  8.00402E+01  2.3885E+01  8.7914E+02  9.2702E+00  8.8841E+02  0.000E+00  2.516E-01
4.953664E+00  8.02534E+01  2.3694E+01  8.6743E+02  9.2423E+00  8.7667E+02  0.000E+00  2.503E-01
5.078654E+00  8.09038E+01  2.2836E+01  8.1545E+02  9.1128E+00  8.2456E+02  0.000E+00  2.441E-01
5.156389E+00  8.09152E+01  2.2329E+01  7.8533E+02  9.0332E+00  7.9436E+02  0.000E+00  2.404E-01
5.177118E+00  8.05251E+01  2.2198E+01  7.7757E+02  9.0121E+00  7.8658E+02  0.000E+00  2.395E-01
5.208212E+00  8.11716E+01  2.2975E+01  7.9999E+02  8.9806E+00  8.0897E+02  0.000E+00  2.381E-01
5.285946E+00  8.19615E+01  2.2498E+01  7.7187E+02  8.9022E+00  7.8077E+02  0.000E+00  2.346E-01
5.295467E+00  8.20302E+01  2.2440E+01  7.6850E+02  8.8927E+00  7.7739E+02  0.000E+00  2.341E-01
5.660855E+00  8.37431E+01  2.0400E+01  6.5352E+02  8.5353E+00  6.6206E+02  0.000E+00  2.190E-01
6.051453E+00  8.48168E+01  1.8549E+01  5.5588E+02  8.1724E+00  5.6405E+02  0.000E+00  2.049E-01
6.469004E+00  8.55864E+01  1.6866E+01  4.7281E+02  7.8062E+00  4.8062E+02  0.000E+00  1.917E-01
6.915365E+00  8.62858E+01  1.5296E+01  4.0112E+02  7.4389E+00  4.0856E+02  0.000E+00  1.793E-01
7.392525E+00  8.67388E+01  1.3846E+01  3.3966E+02  7.0725E+00  3.4673E+02  0.000E+00  1.677E-01
7.902609E+00  8.69518E+01  1.2553E+01  2.8806E+02  6.7088E+00  2.9477E+02  0.000E+00  1.569E-01
8.447890E+00  8.71749E+01  1.1388E+01  2.4447E+02  6.3496E+00  2.5082E+02  0.000E+00  1.468E-01
9.030794E+00  8.73194E+01  1.0307E+01  2.0698E+02  5.9964E+00  2.1298E+02  0.000E+00  1.373E-01
9.653919E+00  8.72509E+01  9.2288E+00  1.7337E+02  5.6506E+00  1.7902E+02  0.000E+00  1.284E-01
1.032004E+01  8.71265E+01  8.2609E+00  1.4517E+02  5.3134E+00  1.5048E+02  0.000E+00  1.201E-01
1.103212E+01  8.68947E+01  7.3993E+00  1.2163E+02  4.9861E+00  1.2662E+02  0.000E+00  1.124E-01
1.179334E+01  8.65667E+01  6.6379E+00  1.0207E+02  4.6694E+00  1.0674E+02  0.000E+00  1.051E-01
1.260708E+01  8.61496E+01  5.9644E+00  8.5796E+01  4.3641E+00  9.0160E+01  0.000E+00  9.834E-02
1.347697E+01  8.56059E+01  5.3635E+00  7.2173E+01  4.0709E+00  7.6244E+01  0.000E+00  9.200E-02
1.440688E+01  8.48326E+01  4.8281E+00  6.0776E+01  3.7903E+00  6.4566E+01  0.000E+00  8.606E-02
1.540095E+01  8.34505E+01  4.3400E+00  5.1104E+01  3.5225E+00  5.4626E+01  0.000E+00  8.050E-02
1.597429E+01  8.16017E+01  4.0941E+00  4.6479E+01  3.3813E+00  4.9860E+01  0.000E+00  7.761E-02
1.621880E+01  7.90611E+01  3.9969E+00  4.4691E+01  3.3238E+00  4.8015E+01  0.000E+00  7.644E-02
1.628400E+01  7.60712E+01  3.9716E+00  4.4231E+01  3.3088E+00  4.7540E+01  0.000E+00  7.614E-02
1.638180E+01  7.90529E+01  9.7880E+00  1.0836E+02  3.2863E+00  1.1165E+02  0.000E+00  7.568E-02
1.646362E+01  8.03818E+01  9.7109E+00  1.0697E+02  3.2678E+00  1.1024E+02  0.000E+00  7.531E-02
1.662631E+01  8.17029E+01  9.5605E+00  1.0428E+02  3.2314E+00  1.0751E+02  0.000E+00  7.457E-02
1.759961E+01  8.41490E+01  8.7161E+00  8.9813E+01  3.0263E+00  9.2839E+01  0.000E+00  7.045E-02
1.881398E+01  8.45346E+01  7.7725E+00  7.4920E+01  2.7980E+00  7.7718E+01  0.000E+00  6.590E-02
1.929934E+01  8.40137E+01  7.4369E+00  6.9883E+01  2.7143E+00  7.2597E+01  0.000E+00  6.424E-02
1.959473E+01  8.27868E+01  7.2435E+00  6.7039E+01  2.6653E+00  6.9704E+01  0.000E+00  6.327E-02
1.967351E+01  8.12699E+01  7.1932E+00  6.6307E+01  2.6525E+00  6.8960E+01  0.000E+00  6.302E-02
1.979167E+01  8.27857E+01  1.0103E+01  9.2578E+01  2.6334E+00  9.5211E+01  0.000E+00  6.264E-02
2.006266E+01  8.39989E+01  9.8825E+00  8.9330E+01  2.5905E+00  9.1920E+01  0.000E+00  6.180E-02
2.008706E+01  8.40465E+01  9.8630E+00  8.9045E+01  2.5867E+00  9.1632E+01  0.000E+00  6.172E-02
2.011215E+01  8.40894E+01  9.8430E+00  8.8754E+01  2.5828E+00  9.1337E+01  0.000E+00  6.165E-02
2.036974E+01  8.41042E+01  9.6416E+00  8.5838E+01  2.5432E+00  8.8381E+01  0.000E+00  6.087E-02
2.045163E+01  8.34960E+01  9.5789E+00  8.4939E+01  2.5309E+00  8.7470E+01  0.000E+00  6.062E-02
2.057446E+01  8.44507E+01  1.0973E+01  9.6723E+01  2.5125E+00  9.9236E+01  0.000E+00  6.026E-02
2.088154E+01  8.55442E+01  1.0734E+01  9.3221E+01  2.4674E+00  9.5688E+01  0.000E+00  5.938E-02
2.149988E+01  8.66258E+01  1.0271E+01  8.6632E+01  2.3805E+00  8.9012E+01  0.000E+00  5.767E-02
2.298338E+01  8.79963E+01  9.2629E+00  7.3089E+01  2.1909E+00  7.5280E+01  0.000E+00  5.395E-02
2.456923E+01  8.88005E+01  8.3504E+00  6.1636E+01  2.0136E+00  6.3650E+01  0.000E+00  5.046E-02
2.626450E+01  8.93430E+01  7.5314E+00  5.2003E+01  1.8482E+00  5.3851E+01  0.000E+00  4.721E-02
2.807676E+01  8.97360E+01  6.7506E+00  4.3603E+01  1.6944E+00  4.5297E+01  0.000E+00  4.416E-02
3.001405E+01  8.99689E+01  6.0420E+00  3.6507E+01  1.5517E+00  3.8059E+01  0.000E+00  4.131E-02
3.208502E+01  9.01138E+01  5.4126E+00  3.0593E+01  1.4195E+00  3.2013E+01  0.000E+00  3.864E-02
3.429889E+01  9.02537E+01  4.8420E+00  2.5602E+01  1.2974E+00  2.6899E+01  0.000E+00  3.615E-02
3.666551E+01  9.02855E+01  4.3329E+00  2.1431E+01  1.1849E+00  2.2616E+01  0.000E+00  3.381E-02
3.919543E+01  9.02857E+01  3.8815E+00  1.7959E+01  1.0814E+00  1.9040E+01  0.000E+00  3.163E-02
4.189992E+01  9.03247E+01  3.4680E+00  1.5010E+01  9.8643E-01  1.5996E+01  0.000E+00  2.959E-02
4.479101E+01  9.02774E+01  3.0935E+00  1.2525E+01  8.9943E-01  1.3424E+01  0.000E+00  2.768E-02
4.788159E+01  9.02124E+01  2.7615E+00  1.0459E+01  8.1990E-01  1.1279E+01  0.000E+00  2.589E-02
5.118542E+01  9.01362E+01  2.4670E+00  8.7406E+00  7.4733E-01  9.4879E+00  0.000E+00  2.422E-02
5.471721E+01  9.00521E+01  2.2056E+00  7.3101E+00  6.8123E-01  7.9913E+00  0.000E+00  2.266E-02
5.849270E+01  8.99624E+01  1.9734E+00  6.1184E+00  6.2112E-01  6.7395E+00  0.000E+00  2.120E-02
6.252870E+01  8.98678E+01  1.7670E+00  5.1248E+00  5.6655E-01  5.6914E+00  0.000E+00  1.983E-02
6.684318E+01  8.97685E+01  1.5833E+00  4.2957E+00  5.1708E-01  4.8128E+00  0.000E+00  1.855E-02
7.145536E+01  8.96635E+01  1.4194E+00  3.6023E+00  4.7230E-01  4.0746E+00  0.000E+00  1.735E-02
7.638578E+01  8.95493E+01  1.2714E+00  3.0185E+00  4.3182E-01  3.4503E+00  0.000E+00  1.623E-02
8.165640E+01  8.94238E+01  1.1368E+00  2.5247E+00  3.9526E-01  2.9200E+00  0.000E+00  1.518E-02
8.729069E+01  8.92693E+01  1.0106E+00  2.0997E+00  3.6229E-01  2.4620E+00  0.000E+00  1.420E-02
9.331374E+01  8.90604E+01  8.9633E-01  1.7420E+00  3.3257E-01  2.0746E+00  0.000E+00  1.329E-02
9.975239E+01  8.87342E+01  7.9500E-01  1.4453E+00  3.0581E-01  1.7511E+00  0.000E+00  1.243E-02
1.066353E+02  8.79446E+01  7.0562E-01  1.2000E+00  2.8173E-01  1.4817E+00  0.000E+00  1.163E-02
1.074579E+02  8.77255E+01  6.9603E-01  1.1747E+00  2.7912E-01  1.4538E+00  0.000E+00  1.154E-02
1.091026E+02  8.67428E+01  6.7747E-01  1.1261E+00  2.7405E-01  1.4002E+00  0.000E+00  1.136E-02
1.095413E+02  8.55680E+01  6.7265E-01  1.1136E+00  2.7273E-01  1.3863E+00  0.000E+00  1.132E-02
1.101992E+02  8.67915E+01  2.9769E+00  4.8990E+00  2.7077E-01  5.1698E+00  3.804E+00  1.125E-02
1.118439E+02  8.78609E+01  2.9101E+00  4.7186E+00  2.6602E-01  4.9846E+00  3.667E+00  1.109E-02
1.139931E+02  8.84013E+01  2.8262E+00  4.4961E+00  2.6007E-01  4.7562E+00  3.499E+00  1.088E-02
1.218587E+02  8.92165E+01  2.5488E+00  3.7931E+00  2.4058E-01  4.0337E+00  2.964E+00  1.017E-02
1.302669E+02  8.95995E+01  2.2961E+00  3.1965E+00  2.2306E-01  3.4196E+00  2.507E+00  9.518E-03
1.392553E+02  8.98307E+01  2.0668E+00  2.6916E+00  2.0730E-01  2.8989E+00  2.117E+00  8.903E-03
1.488640E+02  8.99822E+01  1.8601E+00  2.2660E+00  1.9311E-01  2.4591E+00  1.788E+00  8.329E-03
1.591356E+02  9.00854E+01  1.6732E+00  1.9068E+00  1.8033E-01  2.0871E+00  1.508E+00  7.791E-03
1.701159E+02  9.01548E+01  1.5039E+00  1.6032E+00  1.6881E-01  1.7720E+00  1.270E+00  7.288E-03
1.818539E+02  9.02007E+01  1.3518E+00  1.3481E+00  1.5842E-01  1.5065E+00  1.070E+00  6.818E-03
1.944018E+02  9.02299E+01  1.2151E+00  1.1336E+00  1.4901E-01  1.2826E+00  9.015E-01  6.378E-03
2.078156E+02  9.02469E+01  1.0924E+00  9.5331E-01  1.4050E-01  1.0938E+00  7.594E-01  5.966E-03
2.221548E+02  9.02549E+01  9.8224E-01  8.0183E-01  1.3276E-01  9.3459E-01  6.396E-01  5.581E-03
2.374835E+02  9.02562E+01  8.8375E-01  6.7486E-01  1.2572E-01  8.0058E-01  5.391E-01  5.221E-03
2.538699E+02  9.02533E+01  7.9550E-01  5.6826E-01  1.1930E-01  6.8756E-01  4.546E-01  4.884E-03
2.713869E+02  9.02471E+01  7.1615E-01  4.7856E-01  1.1342E-01  5.9198E-01  3.834E-01  4.569E-03
2.901126E+02  9.02387E+01  6.4479E-01  4.0306E-01  1.0802E-01  5.1108E-01  3.233E-01  4.274E-03
3.101304E+02  9.02286E+01  5.8061E-01  3.3951E-01  1.0304E-01  4.4255E-01  2.726E-01  3.998E-03
3.315294E+02  9.02174E+01  5.2287E-01  2.8602E-01  9.8428E-02  3.8445E-01  2.299E-01  3.740E-03
3.544049E+02  9.02056E+01  4.7092E-01  2.4097E-01  9.4150E-02  3.3512E-01  1.938E-01  3.498E-03
3.788588E+02  9.01936E+01  4.2417E-01  2.0304E-01  9.0161E-02  2.9320E-01  1.635E-01  3.273E-03
4.050001E+02  9.01815E+01  3.8211E-01  1.7110E-01  8.6429E-02  2.5753E-01  1.378E-01  3.061E-03
4.329451E+02  9.01695E+01  3.4424E-01  1.4420E-01  8.2922E-02  2.2712E-01  1.162E-01  2.864E-03
