1.0016605E+00 4.12515E+01  1.1102E+01  2.7608E+03  9.0347E+00  2.7699E+03  0.000E-01  1.238E+00
1.0066688E+00 4.12383E+01  1.1034E+01  2.7302E+03  9.0516E+00  2.7392E+03  0.000E-01  1.232E+00
1.0117021E+00 4.12230E+01  1.0966E+01  2.6999E+03  9.0684E+00  2.7089E+03  0.000E-01  1.226E+00
1.0167606E+00 4.12037E+01  1.0898E+01  2.6699E+03  9.0850E+00  2.6790E+03  0.000E-01  1.219E+00
1.0218444E+00 4.11816E+01  1.0831E+01  2.6404E+03  9.1015E+00  2.6495E+03  0.000E-01  1.213E+00
1.0269536E+00 4.11566E+01  1.0765E+01  2.6111E+03  9.1179E+00  2.6202E+03  0.000E-01  1.207E+00
1.0320884E+00 4.11288E+01  1.0699E+01  2.5823E+03  9.1342E+00  2.5914E+03  0.000E-01  1.201E+00
1.0372489E+00 4.10983E+01  1.0634E+01  2.5537E+03  9.1503E+00  2.5629E+03  0.000E-01  1.195E+00
1.0424351E+00 4.10651E+01  1.0569E+01  2.5255E+03  9.1663E+00  2.5347E+03  0.000E-01  1.189E+00
1.0476473E+00 4.10293E+01  1.0505E+01  2.4977E+03  9.1822E+00  2.5069E+03  0.000E-01  1.183E+00
1.0528855E+00 4.09908E+01  1.0441E+01  2.4702E+03  9.1979E+00  2.4794E+03  0.000E-01  1.178E+00
1.0581499E+00 4.09497E+01  1.0378E+01  2.4430E+03  9.2135E+00  2.4522E+03  0.000E-01  1.172E+00
1.0634407E+00 4.09059E+01  1.0315E+01  2.4161E+03  9.2290E+00  2.4253E+03  0.000E-01  1.166E+00
1.0687579E+00 4.08595E+01  1.0253E+01  2.3895E+03  9.2444E+00  2.3988E+03  0.000E-01  1.160E+00
1.0741017E+00 4.08104E+01  1.0191E+01  2.3633E+03  9.2596E+00  2.3726E+03  0.000E-01  1.154E+00
1.0794722E+00 4.07587E+01  1.0129E+01  2.3374E+03  9.2746E+00  2.3467E+03  0.000E-01  1.149E+00
1.0848695E+00 4.07042E+01  1.0068E+01  2.3118E+03  9.2896E+00  2.3211E+03  0.000E-01  1.143E+00
1.0902939E+00 4.06470E+01  1.0008E+01  2.2865E+03  9.3044E+00  2.2958E+03  0.000E-01  1.137E+00
1.0957454E+00 4.05871E+01  9.9479E+00  2.2614E+03  9.3190E+00  2.2708E+03  0.000E-01  1.132E+00
1.1012241E+00 4.05243E+01  9.8884E+00  2.2367E+03  9.3336E+00  2.2460E+03  0.000E-01  1.126E+00
1.1067302E+00 4.04586E+01  9.8293E+00  2.2123E+03  9.3480E+00  2.2216E+03  0.000E-01  1.120E+00
1.1122639E+00 4.03901E+01  9.7706E+00  2.1881E+03  9.3622E+00  2.1975E+03  0.000E-01  1.115E+00
1.1178252E+00 4.03185E+01  9.7124E+00  2.1643E+03  9.3763E+00  2.1737E+03  0.000E-01  1.109E+00
1.1234143E+00 4.02439E+01  9.6547E+00  2.1407E+03  9.3903E+00  2.1501E+03  0.000E-01  1.104E+00
1.1290314E+00 4.01661E+01  9.5973E+00  2.1174E+03  9.4041E+00  2.1268E+03  0.000E-01  1.098E+00
1.1346765E+00 4.00851E+01  9.5404E+00  2.0944E+03  9.4178E+00  2.1038E+03  0.000E-01  1.093E+00
1.1403499E+00 4.00008E+01  9.4840E+00  2.0716E+03  9.4314E+00  2.0811E+03  0.000E-01  1.087E+00
1.1460517E+00 3.99131E+01  9.4279E+00  2.0492E+03  9.4448E+00  2.0586E+03  0.000E-01  1.082E+00
1.1517819E+00 3.98219E+01  9.3723E+00  2.0269E+03  9.4581E+00  2.0364E+03  0.000E-01  1.076E+00
1.1575408E+00 3.97271E+01  9.3171E+00  2.0050E+03  9.4712E+00  2.0144E+03  0.000E-01  1.071E+00
1.1633285E+00 3.96269E+01  9.2623E+00  1.9833E+03  9.4842E+00  1.9927E+03  0.000E-01  1.066E+00
1.1691452E+00 3.95244E+01  9.2080E+00  1.9618E+03  9.4970E+00  1.9713E+03  0.000E-01  1.060E+00
1.1749909E+00 3.94179E+01  9.1540E+00  1.9406E+03  9.5097E+00  1.9501E+03  0.000E-01  1.055E+00
1.1808659E+00 3.93073E+01  9.1004E+00  1.9197E+03  9.5223E+00  1.9292E+03  0.000E-01  1.050E+00
1.1867702E+00 3.91922E+01  9.0473E+00  1.8989E+03  9.5347E+00  1.9085E+03  0.000E-01  1.045E+00
1.1927040E+00 3.90726E+01  8.9945E+00  1.8785E+03  9.5469E+00  1.8880E+03  0.000E-01  1.040E+00
1.1986676E+00 3.89483E+01  8.9421E+00  1.8582E+03  9.5590E+00  1.8678E+03  0.000E-01  1.034E+00
1.2046609E+00 3.88190E+01  8.8901E+00  1.8383E+03  9.5710E+00  1.8478E+03  0.000E-01  1.029E+00
1.2106842E+00 3.86846E+01  8.8385E+00  1.8185E+03  9.5828E+00  1.8281E+03  0.000E-01  1.024E+00
1.2167376E+00 3.85447E+01  8.7873E+00  1.7990E+03  9.5945E+00  1.8086E+03  0.000E-01  1.019E+00
1.2228213E+00 3.83992E+01  8.7365E+00  1.7797E+03  9.6060E+00  1.7893E+03  0.000E-01  1.014E+00
1.2289354E+00 3.82476E+01  8.6860E+00  1.7606E+03  9.6174E+00  1.7702E+03  0.000E-01  1.009E+00
1.2350801E+00 3.80898E+01  8.6359E+00  1.7417E+03  9.6286E+00  1.7513E+03  0.000E-01  1.004E+00
1.2412555E+00 3.79253E+01  8.5862E+00  1.7231E+03  9.6397E+00  1.7327E+03  0.000E-01  9.989E-01
1.2474618E+00 3.77537E+01  8.5369E+00  1.7046E+03  9.6506E+00  1.7143E+03  0.000E-01  9.939E-01
1.2536991E+00 3.75747E+01  8.4879E+00  1.6864E+03  9.6614E+00  1.6961E+03  0.000E-01  9.889E-01
1.2599676E+00 3.73878E+01  8.4393E+00  1.6684E+03  9.6720E+00  1.6781E+03  0.000E-01  9.840E-01
1.2662674E+00 3.71925E+01  8.3910E+00  1.6506E+03  9.6825E+00  1.6603E+03  0.000E-01  9.791E-01
1.2725988E+00 3.69883E+01  8.3431E+00  1.6330E+03  9.6928E+00  1.6427E+03  0.000E-01  9.743E-01
1.2789618E+00 3.67744E+01  8.2955E+00  1.6157E+03  9.7030E+00  1.6254E+03  0.000E-01  9.694E-01
1.2853566E+00 3.65503E+01  8.2483E+00  1.5985E+03  9.7130E+00  1.6082E+03  0.000E-01  9.646E-01
1.2917833E+00 3.63152E+01  8.2015E+00  1.5815E+03  9.7229E+00  1.5912E+03  0.000E-01  9.598E-01
1.2982423E+00 3.60682E+01  8.1550E+00  1.5647E+03  9.7326E+00  1.5744E+03  0.000E-01  9.550E-01
1.3047335E+00 3.58083E+01  8.1088E+00  1.5481E+03  9.7422E+00  1.5578E+03  0.000E-01  9.503E-01
1.3112571E+00 3.55346E+01  8.0630E+00  1.5317E+03  9.7516E+00  1.5414E+03  0.000E-01  9.455E-01
1.3178134E+00 3.52458E+01  8.0175E+00  1.5155E+03  9.7608E+00  1.5252E+03  0.000E-01  9.408E-01
1.3244025E+00 3.49405E+01  7.9723E+00  1.4994E+03  9.7699E+00  1.5092E+03  0.000E-01  9.362E-01
1.3310245E+00 3.46172E+01  7.9275E+00  1.4836E+03  9.7789E+00  1.4934E+03  0.000E-01  9.315E-01
1.3376796E+00 3.42739E+01  7.8830E+00  1.4679E+03  9.7876E+00  1.4777E+03  0.000E-01  9.269E-01
1.3443680E+00 3.39086E+01  7.8388E+00  1.4524E+03  9.7963E+00  1.4622E+03  0.000E-01  9.222E-01
1.3510899E+00 3.35188E+01  7.7937E+00  1.4369E+03  9.8048E+00  1.4467E+03  0.000E-01  9.177E-01
1.3578453E+00 3.31015E+01  7.7484E+00  1.4214E+03  9.8131E+00  1.4312E+03  0.000E-01  9.131E-01
1.3646345E+00 3.26531E+01  7.7035E+00  1.4062E+03  9.8212E+00  1.4160E+03  0.000E-01  9.086E-01
1.3714577E+00 3.21695E+01  7.6589E+00  1.3911E+03  9.8293E+00  1.4009E+03  0.000E-01  9.040E-01
1.3783150E+00 3.16455E+01  7.6146E+00  1.3761E+03  9.8371E+00  1.3860E+03  0.000E-01  8.995E-01
1.3852066E+00 3.10748E+01  7.5707E+00  1.3614E+03  9.8448E+00  1.3712E+03  0.000E-01  8.951E-01
1.3921326E+00 3.04494E+01  7.5271E+00  1.3468E+03  9.8523E+00  1.3567E+03  0.000E-01  8.906E-01
1.3990933E+00 2.97590E+01  7.4837E+00  1.3324E+03  9.8597E+00  1.3423E+03  0.000E-01  8.862E-01
1.4060887E+00 2.89902E+01  7.4408E+00  1.3182E+03  9.8669E+00  1.3280E+03  0.000E-01  8.818E-01
1.4131192E+00 2.81245E+01  7.3981E+00  1.3041E+03  9.8740E+00  1.3139E+03  0.000E-01  8.774E-01
1.4201848E+00 2.71371E+01  7.3557E+00  1.2902E+03  9.8809E+00  1.3000E+03  0.000E-01  8.730E-01
1.4272857E+00 2.59882E+01  7.3137E+00  1.2764E+03  9.8876E+00  1.2863E+03  0.000E-01  8.687E-01
1.4344221E+00 2.46188E+01  7.2719E+00  1.2628E+03  9.8942E+00  1.2727E+03  0.000E-01  8.643E-01
1.4415942E+00 2.29259E+01  7.2305E+00  1.2494E+03  9.9007E+00  1.2593E+03  0.000E-01  8.600E-01
1.4488022E+00 2.07073E+01  7.1894E+00  1.2361E+03  9.9069E+00  1.2460E+03  0.000E-01  8.558E-01
1.4560462E+00 1.74624E+01  7.1485E+00  1.2229E+03  9.9130E+00  1.2328E+03  0.000E-01  8.515E-01
1.4633265E+00 1.11020E+01  7.1080E+00  1.2100E+03  9.9190E+00  1.2199E+03  0.000E-01  8.473E-01
1.4674798E+00  -7.62740E+00  7.0851E+00  1.2026E+03  9.9223E+00  1.2126E+03  0.000E-01  8.449E-01
1.4679202E+00  -7.97086E+00  2.6608E+01  4.5152E+03  9.9227E+00  4.5251E+03  0.000E-01  8.446E-01
1.4706431E+00 8.04023E+00  2.6532E+01  4.4940E+03  9.9248E+00  4.5039E+03  0.000E-01  8.431E-01
1.4779963E+00 1.53680E+01  2.6329E+01  4.4373E+03  9.9304E+00  4.4472E+03  0.000E-01  8.389E-01
1.4853863E+00 1.80630E+01  2.6127E+01  4.3813E+03  9.9359E+00  4.3912E+03  0.000E-01  8.347E-01
1.4928132E+00 1.92819E+01  2.5926E+01  4.3261E+03  9.9412E+00  4.3360E+03  0.000E-01  8.305E-01
1.5002773E+00 1.94196E+01  2.5727E+01  4.2716E+03  9.9464E+00  4.2815E+03  0.000E-01  8.264E-01
1.5077787E+00 1.79223E+01  2.5530E+01  4.2177E+03  9.9513E+00  4.2277E+03  0.000E-01  8.223E-01
1.5141684E+00 7.84877E+00  2.5364E+01  4.1727E+03  9.9555E+00  4.1826E+03  0.000E-01  8.188E-01
1.5150317E+00 7.78268E+00  3.8095E+01  6.2633E+03  9.9560E+00  6.2733E+03  0.000E-01  8.184E-01
1.5153176E+00 9.89537E+00  3.8084E+01  6.2603E+03  9.9562E+00  6.2703E+03  0.000E-01  8.182E-01
1.5228942E+00 2.09882E+01  3.7787E+01  6.1807E+03  9.9609E+00  6.1906E+03  0.000E-01  8.141E-01
1.5305086E+00 2.46248E+01  3.7493E+01  6.1020E+03  9.9654E+00  6.1120E+03  0.000E-01  8.101E-01
1.5381612E+00 2.70972E+01  3.7201E+01  6.0244E+03  9.9697E+00  6.0344E+03  0.000E-01  8.061E-01
1.5458520E+00 2.90321E+01  3.6912E+01  5.9478E+03  9.9739E+00  5.9578E+03  0.000E-01  8.020E-01
1.5535812E+00 3.06439E+01  3.6624E+01  5.8721E+03  9.9779E+00  5.8820E+03  0.000E-01  7.981E-01
1.5613491E+00 3.20345E+01  3.6338E+01  5.7973E+03  9.9818E+00  5.8073E+03  0.000E-01  7.941E-01
1.5691559E+00 3.32616E+01  3.6055E+01  5.7235E+03  9.9855E+00  5.7335E+03  0.000E-01  7.901E-01
1.5770017E+00 3.43615E+01  3.5774E+01  5.6507E+03  9.9890E+00  5.6607E+03  0.000E-01  7.862E-01
1.5848867E+00 3.53588E+01  3.5496E+01  5.5788E+03  9.9924E+00  5.5888E+03  0.000E-01  7.823E-01
1.5928111E+00 3.62710E+01  3.5219E+01  5.5078E+03  9.9956E+00  5.5178E+03  0.000E-01  7.784E-01
1.6007752E+00 3.71112E+01  3.4945E+01  5.4378E+03  9.9987E+00  5.4478E+03  0.000E-01  7.745E-01
1.6087790E+00 3.78892E+01  3.4673E+01  5.3686E+03  1.0002E+01  5.3786E+03  0.000E-01  7.707E-01
1.6168229E+00 3.86130E+01  3.4404E+01  5.3004E+03  1.0004E+01  5.3104E+03  0.000E-01  7.668E-01
1.6249070E+00 3.92887E+01  3.4136E+01  5.2330E+03  1.0007E+01  5.2430E+03  0.000E-01  7.630E-01
1.6330316E+00 3.99216E+01  3.3871E+01  5.1665E+03  1.0009E+01  5.1765E+03  0.000E-01  7.592E-01
1.6411967E+00 4.05157E+01  3.3608E+01  5.1009E+03  1.0012E+01  5.1109E+03  0.000E-01  7.555E-01
1.6494027E+00 4.10746E+01  3.3347E+01  5.0361E+03  1.0014E+01  5.0461E+03  0.000E-01  7.517E-01
1.6576497E+00 4.16013E+01  3.3088E+01  4.9721E+03  1.0016E+01  4.9821E+03  0.000E-01  7.480E-01
1.6659380E+00 4.20982E+01  3.2831E+01  4.9090E+03  1.0017E+01  4.9190E+03  0.000E-01  7.442E-01
1.6742677E+00 4.25674E+01  3.2577E+01  4.8467E+03  1.0019E+01  4.8567E+03  0.000E-01  7.405E-01
1.6826390E+00 4.30107E+01  3.2324E+01  4.7851E+03  1.0020E+01  4.7952E+03  0.000E-01  7.368E-01
1.6910522E+00 4.34297E+01  3.2073E+01  4.7244E+03  1.0022E+01  4.7344E+03  0.000E-01  7.332E-01
1.6995075E+00 4.38256E+01  3.1825E+01  4.6645E+03  1.0023E+01  4.6745E+03  0.000E-01  7.295E-01
1.7080050E+00 4.41996E+01  3.1578E+01  4.6053E+03  1.0024E+01  4.6154E+03  0.000E-01  7.259E-01
1.7165450E+00 4.45524E+01  3.1334E+01  4.5469E+03  1.0025E+01  4.5570E+03  0.000E-01  7.223E-01
1.7251278E+00 4.48848E+01  3.1091E+01  4.4893E+03  1.0025E+01  4.4993E+03  0.000E-01  7.187E-01
1.7337534E+00 4.51973E+01  3.0851E+01  4.4324E+03  1.0026E+01  4.4424E+03  0.000E-01  7.151E-01
1.7424222E+00 4.54903E+01  3.0612E+01  4.3762E+03  1.0026E+01  4.3862E+03  0.000E-01  7.116E-01
1.7511343E+00 4.57638E+01  3.0375E+01  4.3208E+03  1.0026E+01  4.3308E+03  0.000E-01  7.080E-01
1.7598899E+00 4.60179E+01  3.0140E+01  4.2660E+03  1.0026E+01  4.2760E+03  0.000E-01  7.045E-01
1.7686894E+00 4.62520E+01  2.9907E+01  4.2120E+03  1.0026E+01  4.2220E+03  0.000E-01  7.010E-01
1.7775328E+00 4.64657E+01  2.9676E+01  4.1587E+03  1.0026E+01  4.1687E+03  0.000E-01  6.975E-01
1.7864205E+00 4.66579E+01  2.9447E+01  4.1060E+03  1.0025E+01  4.1160E+03  0.000E-01  6.940E-01
1.7953526E+00 4.68271E+01  2.9220E+01  4.0540E+03  1.0025E+01  4.0641E+03  0.000E-01  6.906E-01
1.8043294E+00 4.69709E+01  2.8994E+01  4.0027E+03  1.0024E+01  4.0128E+03  0.000E-01  6.871E-01
1.8133510E+00 4.70860E+01  2.8771E+01  3.9521E+03  1.0023E+01  3.9621E+03  0.000E-01  6.837E-01
1.8224178E+00 4.71676E+01  2.8549E+01  3.9021E+03  1.0022E+01  3.9121E+03  0.000E-01  6.803E-01
1.8315299E+00 4.72079E+01  2.8329E+01  3.8528E+03  1.0020E+01  3.8628E+03  0.000E-01  6.769E-01
1.8406875E+00 4.71947E+01  2.8110E+01  3.8041E+03  1.0019E+01  3.8141E+03  0.000E-01  6.736E-01
1.8498909E+00 4.71065E+01  2.7894E+01  3.7560E+03  1.0017E+01  3.7660E+03  0.000E-01  6.702E-01
1.8591404E+00 4.69006E+01  2.7679E+01  3.7085E+03  1.0016E+01  3.7185E+03  0.000E-01  6.669E-01
1.8684361E+00 4.64731E+01  2.7466E+01  3.6617E+03  1.0014E+01  3.6717E+03  0.000E-01  6.636E-01
1.8777783E+00 4.54244E+01  2.7255E+01  3.6154E+03  1.0012E+01  3.6254E+03  0.000E-01  6.603E-01
1.8824082E+00 4.38040E+01  2.7151E+01  3.5928E+03  1.0011E+01  3.6028E+03  0.000E-01  6.586E-01
1.8865918E+00 4.38500E+01  3.1766E+01  4.1942E+03  1.0010E+01  4.2042E+03  0.000E-01  6.572E-01
1.8871672E+00 4.42318E+01  3.1750E+01  4.1908E+03  1.0009E+01  4.2008E+03  0.000E-01  6.570E-01
1.8966030E+00 4.67542E+01  3.1488E+01  4.1355E+03  1.0007E+01  4.1455E+03  0.000E-01  6.537E-01
1.9060860E+00 4.78491E+01  3.1229E+01  4.0811E+03  1.0005E+01  4.0911E+03  0.000E-01  6.505E-01
1.9156165E+00 4.86072E+01  3.0971E+01  4.0272E+03  1.0002E+01  4.0372E+03  0.000E-01  6.472E-01
1.9251945E+00 4.92042E+01  3.0714E+01  3.9740E+03  9.9990E+00  3.9840E+03  0.000E-01  6.440E-01
1.9348205E+00 4.97033E+01  3.0460E+01  3.9215E+03  9.9959E+00  3.9315E+03  0.000E-01  6.408E-01
1.9444946E+00 5.01343E+01  3.0209E+01  3.8698E+03  9.9928E+00  3.8798E+03  0.000E-01  6.376E-01
1.9542171E+00 5.05134E+01  2.9959E+01  3.8187E+03  9.9894E+00  3.8287E+03  0.000E-01  6.344E-01
1.9639882E+00 5.08498E+01  2.9712E+01  3.7683E+03  9.9860E+00  3.7783E+03  0.000E-01  6.313E-01
1.9738081E+00 5.11481E+01  2.9466E+01  3.7185E+03  9.9823E+00  3.7285E+03  0.000E-01  6.281E-01
1.9836772E+00 5.14118E+01  2.9235E+01  3.6711E+03  9.9785E+00  3.6810E+03  0.000E-01  6.250E-01
1.9935955E+00 5.16542E+01  2.9014E+01  3.6253E+03  9.9746E+00  3.6352E+03  0.000E-01  6.219E-01
2.0035635E+00 5.18756E+01  2.8797E+01  3.5802E+03  9.9705E+00  3.5902E+03  0.000E-01  6.188E-01
2.0135813E+00 5.20754E+01  2.8583E+01  3.5359E+03  9.9662E+00  3.5458E+03  0.000E-01  6.157E-01
2.0236492E+00 5.22523E+01  2.8371E+01  3.4922E+03  9.9618E+00  3.5022E+03  0.000E-01  6.127E-01
2.0337675E+00 5.24038E+01  2.8162E+01  3.4493E+03  9.9572E+00  3.4592E+03  0.000E-01  6.096E-01
2.0439363E+00 5.25249E+01  2.7956E+01  3.4070E+03  9.9525E+00  3.4169E+03  0.000E-01  6.066E-01
2.0541560E+00 5.26060E+01  2.7753E+01  3.3654E+03  9.9476E+00  3.3753E+03  0.000E-01  6.036E-01
2.0644268E+00 5.26266E+01  2.7552E+01  3.3244E+03  9.9426E+00  3.3343E+03  0.000E-01  6.006E-01
2.0747489E+00 5.25309E+01  2.7353E+01  3.2840E+03  9.9374E+00  3.2939E+03  0.000E-01  5.976E-01
2.0851227E+00 5.20407E+01  2.7157E+01  3.2442E+03  9.9321E+00  3.2541E+03  0.000E-01  5.946E-01
2.0874384E+00 5.16756E+01  2.7113E+01  3.2354E+03  9.9309E+00  3.2454E+03  0.000E-01  5.940E-01
2.0921614E+00 5.17443E+01  2.8924E+01  3.4437E+03  9.9284E+00  3.4537E+03  0.000E-01  5.926E-01
2.0955483E+00 5.23530E+01  2.8854E+01  3.4298E+03  9.9266E+00  3.4397E+03  0.000E-01  5.917E-01
2.1060260E+00 5.31829E+01  2.8638E+01  3.3872E+03  9.9210E+00  3.3972E+03  0.000E-01  5.887E-01
2.1165562E+00 5.36739E+01  2.8425E+01  3.3453E+03  9.9152E+00  3.3552E+03  0.000E-01  5.858E-01
2.1271389E+00 5.40531E+01  2.8214E+01  3.3040E+03  9.9093E+00  3.3139E+03  0.000E-01  5.829E-01
2.1377746E+00 5.43726E+01  2.8006E+01  3.2632E+03  9.9032E+00  3.2731E+03  0.000E-01  5.800E-01
2.1484635E+00 5.46529E+01  2.7800E+01  3.2231E+03  9.8969E+00  3.2330E+03  0.000E-01  5.771E-01
2.1592058E+00 5.49043E+01  2.7596E+01  3.1835E+03  9.8906E+00  3.1934E+03  0.000E-01  5.742E-01
2.1700018E+00 5.51323E+01  2.7394E+01  3.1445E+03  9.8840E+00  3.1544E+03  0.000E-01  5.714E-01
2.1808519E+00 5.53400E+01  2.7194E+01  3.1061E+03  9.8773E+00  3.1159E+03  0.000E-01  5.685E-01
2.1917561E+00 5.55284E+01  2.6996E+01  3.0681E+03  9.8705E+00  3.0780E+03  0.000E-01  5.657E-01
2.2027149E+00 5.57004E+01  2.6811E+01  3.0319E+03  9.8635E+00  3.0418E+03  0.000E-01  5.629E-01
2.2137285E+00 5.58613E+01  2.6629E+01  2.9964E+03  9.8564E+00  3.0062E+03  0.000E-01  5.601E-01
2.2247971E+00 5.60099E+01  2.6450E+01  2.9614E+03  9.8491E+00  2.9712E+03  0.000E-01  5.573E-01
2.2359211E+00 5.61451E+01  2.6273E+01  2.9269E+03  9.8417E+00  2.9367E+03  0.000E-01  5.545E-01
2.2471007E+00 5.62648E+01  2.6098E+01  2.8930E+03  9.8342E+00  2.9028E+03  0.000E-01  5.518E-01
2.2583362E+00 5.63654E+01  2.5925E+01  2.8595E+03  9.8264E+00  2.8693E+03  0.000E-01  5.490E-01
2.2696279E+00 5.64399E+01  2.5754E+01  2.8265E+03  9.8186E+00  2.8363E+03  0.000E-01  5.463E-01
2.2809760E+00 5.64730E+01  2.5585E+01  2.7940E+03  9.8106E+00  2.8038E+03  0.000E-01  5.436E-01
2.2923809E+00 5.64203E+01  2.5418E+01  2.7620E+03  9.8025E+00  2.7718E+03  0.000E-01  5.409E-01
2.3022094E+00 5.61306E+01  2.5276E+01  2.7348E+03  9.7954E+00  2.7446E+03  0.000E-01  5.385E-01
2.3038428E+00 5.59885E+01  2.5253E+01  2.7304E+03  9.7942E+00  2.7402E+03  0.000E-01  5.382E-01
2.3113904E+00 5.62497E+01  2.6325E+01  2.8370E+03  9.7887E+00  2.8467E+03  0.000E-01  5.364E-01
2.3153620E+00 5.65389E+01  2.6267E+01  2.8259E+03  9.7857E+00  2.8356E+03  0.000E-01  5.355E-01
2.3269388E+00 5.70159E+01  2.6100E+01  2.7939E+03  9.7772E+00  2.8037E+03  0.000E-01  5.328E-01
2.3385735E+00 5.73383E+01  2.5934E+01  2.7624E+03  9.7685E+00  2.7722E+03  0.000E-01  5.302E-01
2.3502664E+00 5.76033E+01  2.5770E+01  2.7313E+03  9.7596E+00  2.7410E+03  0.000E-01  5.275E-01
2.3620177E+00 5.78370E+01  2.5608E+01  2.7006E+03  9.7506E+00  2.7103E+03  0.000E-01  5.249E-01
2.3738278E+00 5.80503E+01  2.5447E+01  2.6702E+03  9.7415E+00  2.6800E+03  0.000E-01  5.223E-01
2.3856970E+00 5.82491E+01  2.5288E+01  2.6403E+03  9.7322E+00  2.6500E+03  0.000E-01  5.197E-01
2.3976254E+00 5.84366E+01  2.5129E+01  2.6107E+03  9.7228E+00  2.6204E+03  0.000E-01  5.171E-01
2.4096136E+00 5.86151E+01  2.4972E+01  2.5815E+03  9.7132E+00  2.5912E+03  0.000E-01  5.145E-01
2.4216616E+00 5.87858E+01  2.4816E+01  2.5526E+03  9.7035E+00  2.5623E+03  0.000E-01  5.120E-01
2.4337699E+00 5.89506E+01  2.4663E+01  2.5242E+03  9.6937E+00  2.5339E+03  0.000E-01  5.094E-01
2.4459388E+00 5.91110E+01  2.4511E+01  2.4962E+03  9.6837E+00  2.5059E+03  0.000E-01  5.069E-01
2.4581685E+00 5.92668E+01  2.4357E+01  2.4682E+03  9.6736E+00  2.4778E+03  0.000E-01  5.044E-01
2.4704593E+00 5.94173E+01  2.4202E+01  2.4403E+03  9.6634E+00  2.4499E+03  0.000E-01  5.019E-01
2.4828116E+00 5.95631E+01  2.4048E+01  2.4127E+03  9.6530E+00  2.4224E+03  0.000E-01  4.994E-01
2.4952257E+00 5.97047E+01  2.3896E+01  2.3855E+03  9.6425E+00  2.3951E+03  0.000E-01  4.969E-01
2.5077018E+00 5.98424E+01  2.3744E+01  2.3586E+03  9.6319E+00  2.3682E+03  0.000E-01  4.944E-01
2.5202403E+00 5.99765E+01  2.3594E+01  2.3320E+03  9.6211E+00  2.3416E+03  0.000E-01  4.920E-01
2.5328415E+00 6.01072E+01  2.3445E+01  2.3057E+03  9.6102E+00  2.3153E+03  0.000E-01  4.895E-01
2.5455057E+00 6.02349E+01  2.3297E+01  2.2797E+03  9.5991E+00  2.2893E+03  0.000E-01  4.871E-01
2.5582333E+00 6.03597E+01  2.3150E+01  2.2541E+03  9.5880E+00  2.2636E+03  0.000E-01  4.846E-01
2.5710244E+00 6.04817E+01  2.3003E+01  2.2287E+03  9.5767E+00  2.2383E+03  0.000E-01  4.822E-01
2.5838796E+00 6.06011E+01  2.2858E+01  2.2036E+03  9.5652E+00  2.2132E+03  0.000E-01  4.798E-01
2.5967990E+00 6.07181E+01  2.2714E+01  2.1788E+03  9.5537E+00  2.1884E+03  0.000E-01  4.775E-01
2.6097829E+00 6.08327E+01  2.2571E+01  2.1543E+03  9.5420E+00  2.1638E+03  0.000E-01  4.751E-01
2.6228319E+00 6.09452E+01  2.2428E+01  2.1300E+03  9.5301E+00  2.1396E+03  0.000E-01  4.727E-01
2.6359460E+00 6.10555E+01  2.2287E+01  2.1061E+03  9.5182E+00  2.1156E+03  0.000E-01  4.704E-01
2.6491257E+00 6.11638E+01  2.2146E+01  2.0824E+03  9.5061E+00  2.0919E+03  0.000E-01  4.680E-01
2.6623714E+00 6.12702E+01  2.2007E+01  2.0589E+03  9.4939E+00  2.0684E+03  0.000E-01  4.657E-01
2.6756832E+00 6.13748E+01  2.1868E+01  2.0358E+03  9.4816E+00  2.0453E+03  0.000E-01  4.634E-01
2.6890617E+00 6.14777E+01  2.1730E+01  2.0129E+03  9.4691E+00  2.0223E+03  0.000E-01  4.611E-01
2.7025070E+00 6.15790E+01  2.1592E+01  1.9902E+03  9.4565E+00  1.9996E+03  0.000E-01  4.588E-01
2.7160195E+00 6.16788E+01  2.1456E+01  1.9678E+03  9.4438E+00  1.9772E+03  0.000E-01  4.565E-01
2.7295996E+00 6.17768E+01  2.1318E+01  1.9454E+03  9.4310E+00  1.9549E+03  0.000E-01  4.542E-01
2.7432476E+00 6.18728E+01  2.1181E+01  1.9233E+03  9.4180E+00  1.9327E+03  0.000E-01  4.520E-01
2.7569638E+00 6.19669E+01  2.1045E+01  1.9014E+03  9.4050E+00  1.9109E+03  0.000E-01  4.497E-01
2.7707486E+00 6.20592E+01  2.0910E+01  1.8798E+03  9.3918E+00  1.8892E+03  0.000E-01  4.475E-01
2.7846024E+00 6.21499E+01  2.0776E+01  1.8585E+03  9.3785E+00  1.8678E+03  0.000E-01  4.452E-01
2.7985254E+00 6.22390E+01  2.0642E+01  1.8373E+03  9.3650E+00  1.8467E+03  0.000E-01  4.430E-01
2.8125180E+00 6.23265E+01  2.0509E+01  1.8164E+03  9.3515E+00  1.8258E+03  0.000E-01  4.408E-01
2.8265806E+00 6.24126E+01  2.0377E+01  1.7958E+03  9.3378E+00  1.8051E+03  0.000E-01  4.386E-01
2.8407135E+00 6.24974E+01  2.0246E+01  1.7753E+03  9.3240E+00  1.7847E+03  0.000E-01  4.365E-01
2.8549171E+00 6.25808E+01  2.0116E+01  1.7552E+03  9.3101E+00  1.7645E+03  0.000E-01  4.343E-01
2.8691917E+00 6.26630E+01  1.9987E+01  1.7352E+03  9.2960E+00  1.7445E+03  0.000E-01  4.321E-01
2.8835376E+00 6.27441E+01  1.9858E+01  1.7155E+03  9.2819E+00  1.7247E+03  0.000E-01  4.300E-01
2.8979553E+00 6.28241E+01  1.9731E+01  1.6960E+03  9.2676E+00  1.7052E+03  0.000E-01  4.278E-01
2.9124451E+00 6.29032E+01  1.9604E+01  1.6767E+03  9.2533E+00  1.6859E+03  0.000E-01  4.257E-01
2.9270073E+00 6.29813E+01  1.9478E+01  1.6576E+03  9.2388E+00  1.6669E+03  0.000E-01  4.236E-01
2.9416424E+00 6.32813E+01  1.9352E+01  1.6387E+03  9.2242E+00  1.6479E+03  0.000E-01  4.215E-01
2.9563506E+00 6.33587E+01  1.9225E+01  1.6198E+03  9.2095E+00  1.6290E+03  0.000E-01  4.194E-01
2.9711323E+00 6.34355E+01  1.9098E+01  1.6012E+03  9.1946E+00  1.6103E+03  0.000E-01  4.173E-01
2.9859880E+00 6.35120E+01  1.8973E+01  1.5827E+03  9.1797E+00  1.5919E+03  0.000E-01  4.152E-01
3.0009179E+00 6.35908E+01  1.8847E+01  1.5644E+03  9.1646E+00  1.5736E+03  0.000E-01  4.132E-01
3.0159225E+00 6.36825E+01  1.8704E+01  1.5448E+03  9.1495E+00  1.5539E+03  0.000E-01  4.111E-01
3.0310021E+00 6.39106E+01  1.8561E+01  1.5254E+03  9.1342E+00  1.5345E+03  0.000E-01  4.091E-01
3.0461571E+00 6.39821E+01  1.8416E+01  1.5059E+03  9.1189E+00  1.5150E+03  0.000E-01  4.070E-01
3.0613879E+00 6.40500E+01  1.8271E+01  1.4867E+03  9.1034E+00  1.4958E+03  0.000E-01  4.050E-01
3.0766949E+00 6.41148E+01  1.8129E+01  1.4677E+03  9.0878E+00  1.4768E+03  0.000E-01  4.030E-01
3.0920783E+00 6.41769E+01  1.7987E+01  1.4490E+03  9.0721E+00  1.4581E+03  0.000E-01  4.010E-01
3.1075387E+00 6.42364E+01  1.7847E+01  1.4306E+03  9.0563E+00  1.4396E+03  0.000E-01  3.990E-01
3.1230764E+00 6.42936E+01  1.7708E+01  1.4124E+03  9.0404E+00  1.4214E+03  0.000E-01  3.970E-01
3.1386918E+00 6.43486E+01  1.7570E+01  1.3944E+03  9.0244E+00  1.4034E+03  0.000E-01  3.950E-01
3.1543853E+00 6.44016E+01  1.7434E+01  1.3767E+03  9.0083E+00  1.3857E+03  0.000E-01  3.931E-01
3.1701572E+00 6.44526E+01  1.7299E+01  1.3592E+03  8.9921E+00  1.3682E+03  0.000E-01  3.911E-01
3.1860080E+00 6.45018E+01  1.7165E+01  1.3420E+03  8.9757E+00  1.3510E+03  0.000E-01  3.892E-01
3.2019380E+00 6.45492E+01  1.7032E+01  1.3250E+03  8.9593E+00  1.3340E+03  0.000E-01  3.872E-01
3.2179477E+00 6.45949E+01  1.6901E+01  1.3082E+03  8.9428E+00  1.3172E+03  0.000E-01  3.853E-01
3.2340374E+00 6.46390E+01  1.6770E+01  1.2917E+03  8.9262E+00  1.3006E+03  0.000E-01  3.834E-01
3.2502076E+00 6.46816E+01  1.6641E+01  1.2754E+03  8.9095E+00  1.2843E+03  0.000E-01  3.815E-01
3.2664587E+00 6.47227E+01  1.6513E+01  1.2593E+03  8.8927E+00  1.2682E+03  0.000E-01  3.796E-01
3.2827910E+00 6.47624E+01  1.6387E+01  1.2434E+03  8.8758E+00  1.2523E+03  0.000E-01  3.777E-01
3.2992049E+00 6.48007E+01  1.6261E+01  1.2277E+03  8.8588E+00  1.2366E+03  0.000E-01  3.758E-01
3.3157009E+00 6.48378E+01  1.6137E+01  1.2123E+03  8.8417E+00  1.2211E+03  0.000E-01  3.739E-01
3.3322794E+00 6.48736E+01  1.6013E+01  1.1970E+03  8.8245E+00  1.2058E+03  0.000E-01  3.721E-01
3.3489408E+00 6.49081E+01  1.5891E+01  1.1820E+03  8.8072E+00  1.1908E+03  0.000E-01  3.702E-01
3.3656856E+00 6.49416E+01  1.5770E+01  1.1671E+03  8.7899E+00  1.1759E+03  0.000E-01  3.684E-01
3.3825140E+00 6.49739E+01  1.5648E+01  1.1524E+03  8.7724E+00  1.1611E+03  0.000E-01  3.665E-01
3.3994265E+00 6.50051E+01  1.5527E+01  1.1378E+03  8.7548E+00  1.1465E+03  0.000E-01  3.647E-01
3.4164237E+00 6.50351E+01  1.5407E+01  1.1234E+03  8.7372E+00  1.1321E+03  0.000E-01  3.629E-01
3.4335058E+00 6.50641E+01  1.5288E+01  1.1091E+03  8.7194E+00  1.1179E+03  0.000E-01  3.611E-01
3.4506733E+00 6.50920E+01  1.5171E+01  1.0951E+03  8.7016E+00  1.1038E+03  0.000E-01  3.593E-01
3.4679267E+00 6.51188E+01  1.5054E+01  1.0813E+03  8.6837E+00  1.0900E+03  0.000E-01  3.575E-01
3.4852663E+00 6.51447E+01  1.4938E+01  1.0676E+03  8.6657E+00  1.0763E+03  0.000E-01  3.557E-01
3.5026927E+00 6.51696E+01  1.4824E+01  1.0542E+03  8.6476E+00  1.0628E+03  0.000E-01  3.540E-01
3.5202061E+00 6.51936E+01  1.4710E+01  1.0409E+03  8.6294E+00  1.0495E+03  0.000E-01  3.522E-01
3.5378072E+00 6.52168E+01  1.4597E+01  1.0278E+03  8.6112E+00  1.0364E+03  0.000E-01  3.505E-01
3.5554962E+00 6.52390E+01  1.4486E+01  1.0149E+03  8.5928E+00  1.0235E+03  0.000E-01  3.487E-01
3.5732737E+00 6.52605E+01  1.4375E+01  1.0021E+03  8.5744E+00  1.0107E+03  0.000E-01  3.470E-01
3.5911400E+00 6.52811E+01  1.4266E+01  9.8953E+02  8.5559E+00  9.9809E+02  0.000E-01  3.453E-01
3.6090957E+00 6.53010E+01  1.4157E+01  9.7712E+02  8.5373E+00  9.8566E+02  0.000E-01  3.435E-01
3.6271412E+00 6.53201E+01  1.4050E+01  9.6488E+02  8.5186E+00  9.7339E+02  0.000E-01  3.418E-01
3.6452769E+00 6.53386E+01  1.3943E+01  9.5280E+02  8.4999E+00  9.6130E+02  0.000E-01  3.401E-01
3.6635033E+00 6.53563E+01  1.3838E+01  9.4088E+02  8.4811E+00  9.4936E+02  0.000E-01  3.384E-01
3.6818208E+00 6.53734E+01  1.3733E+01  9.2912E+02  8.4622E+00  9.3758E+02  0.000E-01  3.367E-01
3.7002299E+00 6.53899E+01  1.3630E+01  9.1752E+02  8.4432E+00  9.2596E+02  0.000E-01  3.351E-01
3.7187311E+00 6.54057E+01  1.3527E+01  9.0607E+02  8.4241E+00  9.1449E+02  0.000E-01  3.334E-01
3.7373247E+00 6.54210E+01  1.3425E+01  8.9478E+02  8.4050E+00  9.0318E+02  0.000E-01  3.317E-01
3.7560114E+00 6.54358E+01  1.3324E+01  8.8363E+02  8.3858E+00  8.9202E+02  0.000E-01  3.301E-01
3.7747914E+00 6.55572E+01  1.3223E+01  8.7255E+02  8.3665E+00  8.8092E+02  0.000E-01  3.285E-01
3.7936654E+00 6.55716E+01  1.3119E+01  8.6143E+02  8.3471E+00  8.6977E+02  0.000E-01  3.268E-01
3.8126337E+00 6.55850E+01  1.3017E+01  8.5045E+02  8.3277E+00  8.5878E+02  0.000E-01  3.252E-01
3.8316969E+00 6.55975E+01  1.2916E+01  8.3962E+02  8.3082E+00  8.4793E+02  0.000E-01  3.236E-01
3.8508554E+00 6.56091E+01  1.2815E+01  8.2894E+02  8.2886E+00  8.3723E+02  0.000E-01  3.220E-01
3.8701096E+00 6.56199E+01  1.2715E+01  8.1840E+02  8.2690E+00  8.2667E+02  0.000E-01  3.204E-01
3.8894602E+00 6.56299E+01  1.2617E+01  8.0800E+02  8.2493E+00  8.1625E+02  0.000E-01  3.188E-01
3.9089075E+00 6.56392E+01  1.2519E+01  7.9775E+02  8.2295E+00  8.0598E+02  0.000E-01  3.172E-01
3.9284520E+00 6.56478E+01  1.2422E+01  7.8763E+02  8.2096E+00  7.9584E+02  0.000E-01  3.156E-01
3.9480943E+00 6.56557E+01  1.2326E+01  7.7764E+02  8.1897E+00  7.8583E+02  0.000E-01  3.140E-01
3.9678347E+00 6.56629E+01  1.2230E+01  7.6780E+02  8.1697E+00  7.7596E+02  0.000E-01  3.125E-01
3.9876739E+00 6.56695E+01  1.2136E+01  7.5808E+02  8.1497E+00  7.6623E+02  0.000E-01  3.109E-01
4.055024E+00  6.61088E+01  1.1825E+01  7.2639E+02  8.1065E+00  7.3450E+02  0.000E+00  3.058E-01
4.334821E+00  6.61107E+01  1.0658E+01  6.1242E+02  7.8315E+00  6.2025E+02  0.000E+00  2.860E-01
4.633924E+00  6.60094E+01  9.6063E+00  5.1638E+02  7.5475E+00  5.2393E+02  0.000E+00  2.676E-01
4.953664E+00  6.58258E+01  8.6601E+00  4.3547E+02  7.2564E+00  4.4273E+02  0.000E+00  2.503E-01
5.295467E+00  6.55870E+01  7.8175E+00  3.6773E+02  6.9601E+00  3.7469E+02  0.000E+00  2.341E-01
5.660855E+00  6.52974E+01  7.0662E+00  3.1093E+02  6.6604E+00  3.1759E+02  0.000E+00  2.190E-01
6.051453E+00  6.49529E+01  6.3955E+00  2.6325E+02  6.3591E+00  2.6961E+02  0.000E+00  2.049E-01
6.469004E+00  6.45390E+01  5.7885E+00  2.2289E+02  6.0578E+00  2.2895E+02  0.000E+00  1.917E-01
6.915365E+00  6.40048E+01  5.2191E+00  1.8799E+02  5.7580E+00  1.9375E+02  0.000E+00  1.793E-01
7.392525E+00  6.32653E+01  4.7110E+00  1.5874E+02  5.4611E+00  1.6420E+02  0.000E+00  1.677E-01
7.902609E+00  6.21040E+01  4.2584E+00  1.3423E+02  5.1685E+00  1.3940E+02  0.000E+00  1.569E-01
8.447890E+00  5.92839E+01  3.8477E+00  1.1345E+02  4.8814E+00  1.1833E+02  0.000E+00  1.468E-01
8.475040E+00  5.89756E+01  3.8287E+00  1.1253E+02  4.8677E+00  1.1740E+02  0.000E+00  1.463E-01
8.604760E+00  5.60429E+01  3.7405E+00  1.0828E+02  4.8033E+00  1.1308E+02  0.000E+00  1.441E-01
8.639352E+00  5.25930E+01  3.7176E+00  1.0719E+02  4.7863E+00  1.1198E+02  0.000E+00  1.435E-01
8.691240E+00  5.60824E+01  1.0419E+01  2.9860E+02  4.7611E+00  3.0336E+02  0.000E+00  1.427E-01
8.820960E+00  5.90778E+01  9.9983E+00  2.8234E+02  4.6988E+00  2.8704E+02  0.000E+00  1.406E-01
9.030794E+00  6.03859E+01  9.5496E+00  2.6340E+02  4.6007E+00  2.6800E+02  0.000E+00  1.373E-01
9.424561E+00  6.07158E+01  9.0035E+00  2.3796E+02  4.4251E+00  2.4239E+02  0.000E+00  1.316E-01
9.568814E+00  5.95927E+01  8.8174E+00  2.2953E+02  4.3633E+00  2.3389E+02  0.000E+00  1.296E-01
9.607282E+00  5.79397E+01  8.7676E+00  2.2732E+02  4.3471E+00  2.3167E+02  0.000E+00  1.291E-01
9.653919E+00  5.94809E+01  1.2105E+01  3.1235E+02  4.3275E+00  3.1668E+02  0.000E+00  1.284E-01
9.664983E+00  5.97910E+01  1.2082E+01  3.1138E+02  4.3229E+00  3.1570E+02  0.000E+00  1.283E-01
9.809237E+00  6.15257E+01  1.1774E+01  2.9899E+02  4.2633E+00  3.0325E+02  0.000E+00  1.264E-01
9.913386E+00  6.20369E+01  1.1552E+01  2.9027E+02  4.2212E+00  2.9449E+02  0.000E+00  1.251E-01
1.006512E+01  6.20671E+01  1.1228E+01  2.7786E+02  4.1608E+00  2.8202E+02  0.000E+00  1.232E-01
1.010558E+01  6.13640E+01  1.1143E+01  2.7466E+02  4.1450E+00  2.7880E+02  0.000E+00  1.227E-01
1.016628E+01  6.24607E+01  1.2729E+01  3.1189E+02  4.1214E+00  3.1601E+02  0.000E+00  1.220E-01
1.032004E+01  6.37534E+01  1.2408E+01  2.9949E+02  4.0625E+00  3.0355E+02  0.000E+00  1.201E-01
1.103212E+01  6.61062E+01  1.0996E+01  2.4828E+02  3.8065E+00  2.5209E+02  0.000E+00  1.124E-01
1.179334E+01  6.72118E+01  9.8298E+00  2.0762E+02  3.5599E+00  2.1118E+02  0.000E+00  1.051E-01
1.260708E+01  6.79569E+01  8.8364E+00  1.7459E+02  3.3233E+00  1.7791E+02  0.000E+00  9.834E-02
1.347697E+01  6.84675E+01  7.9243E+00  1.4646E+02  3.0969E+00  1.4956E+02  0.000E+00  9.200E-02
1.440688E+01  6.88093E+01  7.1023E+00  1.2280E+02  2.8811E+00  1.2568E+02  0.000E+00  8.606E-02
1.540095E+01  6.90350E+01  6.3661E+00  1.0296E+02  2.6759E+00  1.0564E+02  0.000E+00  8.050E-02
1.646362E+01  6.91791E+01  5.7080E+00  8.6362E+01  2.4814E+00  8.8843E+01  0.000E+00  7.531E-02
1.759961E+01  6.93315E+01  5.1161E+00  7.2410E+01  2.2975E+00  7.4708E+01  0.000E+00  7.045E-02
1.881398E+01  6.93678E+01  4.5777E+00  6.0607E+01  2.1242E+00  6.2731E+01  0.000E+00  6.590E-02
2.011215E+01  6.94030E+01  4.0962E+00  5.0732E+01  1.9614E+00  5.2693E+01  0.000E+00  6.165E-02
2.149988E+01  6.94058E+01  3.6598E+00  4.2402E+01  1.8087E+00  4.4211E+01  0.000E+00  5.767E-02
2.298338E+01  6.93572E+01  3.2721E+00  3.5463E+01  1.6659E+00  3.7129E+01  0.000E+00  5.395E-02
2.456923E+01  6.92964E+01  2.9280E+00  2.9686E+01  1.5327E+00  3.1219E+01  0.000E+00  5.046E-02
2.626450E+01  6.92330E+01  2.6224E+00  2.4871E+01  1.4087E+00  2.6280E+01  0.000E+00  4.721E-02
2.807676E+01  6.91640E+01  2.3318E+00  2.0687E+01  1.2936E+00  2.1981E+01  0.000E+00  4.416E-02
3.001405E+01  6.90712E+01  2.0697E+00  1.7177E+01  1.1870E+00  1.8364E+01  0.000E+00  4.131E-02
3.208502E+01  6.89695E+01  1.8385E+00  1.4273E+01  1.0885E+00  1.5362E+01  0.000E+00  3.864E-02
3.429889E+01  6.88613E+01  1.6344E+00  1.1869E+01  9.9767E-01  1.2867E+01  0.000E+00  3.615E-02
3.666551E+01  6.87471E+01  1.4542E+00  9.8791E+00  9.1405E-01  1.0793E+01  0.000E+00  3.381E-02
3.919543E+01  6.86254E+01  1.2928E+00  8.2156E+00  8.3725E-01  9.0528E+00  0.000E+00  3.163E-02
4.189992E+01  6.84912E+01  1.1489E+00  6.8299E+00  7.6684E-01  7.5967E+00  0.000E+00  2.959E-02
4.479101E+01  6.83377E+01  1.0190E+00  5.6671E+00  7.0241E-01  6.3695E+00  0.000E+00  2.768E-02
4.788159E+01  6.81488E+01  9.0164E-01  4.6906E+00  6.4355E-01  5.3342E+00  0.000E+00  2.589E-02
5.118542E+01  6.78932E+01  7.9799E-01  3.8834E+00  5.8988E-01  4.4733E+00  0.000E+00  2.422E-02
5.471721E+01  6.74763E+01  7.0656E-01  3.2165E+00  5.4102E-01  3.7575E+00  0.000E+00  2.266E-02
5.820181E+01  6.64210E+01  6.3175E-01  2.7038E+00  4.9976E-01  3.2036E+00  0.000E+00  2.130E-02
5.849270E+01  6.61954E+01  6.2608E-01  2.6662E+00  4.9659E-01  3.1628E+00  0.000E+00  2.120E-02
5.909265E+01  6.52863E+01  6.1465E-01  2.5909E+00  4.9016E-01  3.0811E+00  0.000E+00  2.098E-02
5.933021E+01  6.39276E+01  6.1021E-01  2.5619E+00  4.8766E-01  3.0496E+00  0.000E+00  2.090E-02
5.968655E+01  6.53004E+01  3.2783E+00  1.3682E+01  4.8396E-01  1.4166E+01  1.116E+01  2.077E-02
6.057739E+01  6.65405E+01  3.2050E+00  1.3179E+01  4.7493E-01  1.3654E+01  1.076E+01  2.047E-02
6.252870E+01  6.74400E+01  3.0529E+00  1.2162E+01  4.5625E-01  1.2618E+01  9.950E+00  1.983E-02
6.684318E+01  6.82358E+01  2.7418E+00  1.0217E+01  4.1968E-01  1.0637E+01  8.381E+00  1.855E-02
7.145536E+01  6.86397E+01  2.4583E+00  8.5696E+00  3.8655E-01  8.9561E+00  7.044E+00  1.735E-02
7.638578E+01  6.88894E+01  2.2038E+00  7.1865E+00  3.5658E-01  7.5431E+00  5.919E+00  1.623E-02
8.165640E+01  6.90612E+01  1.9726E+00  6.0174E+00  3.2947E-01  6.3469E+00  4.965E+00  1.518E-02
8.729069E+01  6.91715E+01  1.7598E+00  5.0217E+00  3.0499E-01  5.3267E+00  4.154E+00  1.420E-02
9.331374E+01  6.92436E+01  1.5702E+00  4.1914E+00  2.8287E-01  4.4743E+00  3.475E+00  1.329E-02
9.975239E+01  6.92898E+01  1.4011E+00  3.4988E+00  2.6290E-01  3.7617E+00  2.907E+00  1.243E-02
1.066353E+02  6.93180E+01  1.2505E+00  2.9211E+00  2.4487E-01  3.1660E+00  2.432E+00  1.163E-02
1.139931E+02  6.93333E+01  1.1162E+00  2.4390E+00  2.2859E-01  2.6676E+00  2.034E+00  1.088E-02
1.218587E+02  6.93682E+01  9.9475E-01  2.0334E+00  2.1388E-01  2.2473E+00  1.698E+00  1.017E-02
1.302669E+02  6.93651E+01  8.8429E-01  1.6909E+00  2.0058E-01  1.8915E+00  1.413E+00  9.518E-03
1.392553E+02  6.93557E+01  7.8617E-01  1.4063E+00  1.8854E-01  1.5948E+00  1.176E+00  8.903E-03
1.488640E+02  6.93424E+01  6.9900E-01  1.1696E+00  1.7762E-01  1.3472E+00  9.789E-01  8.329E-03
1.591356E+02  6.93265E+01  6.2156E-01  9.7292E-01  1.6771E-01  1.1406E+00  8.146E-01  7.791E-03
1.701159E+02  6.93090E+01  5.5275E-01  8.0936E-01  1.5869E-01  9.6805E-01  6.780E-01  7.288E-03
1.818539E+02  6.92906E+01  4.9159E-01  6.7336E-01  1.5047E-01  8.2383E-01  5.642E-01  6.818E-03
1.944018E+02  6.92719E+01  4.3724E-01  5.6025E-01  1.4295E-01  7.0320E-01  4.696E-01  6.378E-03
2.078156E+02  6.92532E+01  3.8893E-01  4.6619E-01  1.3605E-01  6.0224E-01  3.908E-01  5.966E-03
2.221548E+02  6.92348E+01  3.4599E-01  3.8795E-01  1.2970E-01  5.1765E-01  3.252E-01  5.581E-03
2.374835E+02  6.92169E+01  3.0781E-01  3.2286E-01  1.2384E-01  4.4670E-01  2.707E-01  5.221E-03
2.538699E+02  6.91994E+01  2.7387E-01  2.6871E-01  1.1841E-01  3.8712E-01  2.253E-01  4.884E-03
2.713869E+02  6.91828E+01  2.4486E-01  2.2474E-01  1.1335E-01  3.3809E-01  1.885E-01  4.569E-03
2.901126E+02  6.91677E+01  2.1921E-01  1.8821E-01  1.0863E-01  2.9684E-01  1.580E-01  4.274E-03
3.101304E+02  6.91538E+01  1.9626E-01  1.5763E-01  1.0420E-01  2.6183E-01  1.325E-01  3.998E-03
3.315294E+02  6.91410E+01  1.7572E-01  1.3203E-01  1.0003E-01  2.3206E-01  1.110E-01  3.740E-03
3.544049E+02  6.91291E+01  1.5735E-01  1.1059E-01  9.6087E-02  2.0668E-01  9.309E-02  3.498E-03
3.788588E+02  6.91182E+01  1.4090E-01  9.2641E-02  9.2345E-02  1.8499E-01  7.803E-02  3.273E-03
4.050001E+02  6.91081E+01  1.2618E-01  7.7609E-02  8.8783E-02  1.6639E-01  6.541E-02  3.061E-03
4.329451E+02  6.90987E+01  1.1301E-01  6.5020E-02  8.5379E-02  1.5040E-01  5.483E-02  2.864E-03


