1.024002E+00  5.67617E+01  3.5157E+01  6.0696E+03  1.0612E+01  6.0802E+03  0.000E+00  1.211E+00
1.039675E+00  5.63907E+01  3.4673E+01  5.8958E+03  1.0686E+01  5.9065E+03  0.000E+00  1.193E+00
1.043855E+00  5.54427E+01  3.4545E+01  5.8506E+03  1.0705E+01  5.8613E+03  0.000E+00  1.188E+00
1.050124E+00  5.67055E+01  3.6492E+01  6.1434E+03  1.0733E+01  6.1541E+03  0.000E+00  1.181E+00
1.065798E+00  5.81523E+01  3.6075E+01  5.9838E+03  1.0803E+01  5.9946E+03  0.000E+00  1.163E+00
1.067676E+00  5.82710E+01  3.6026E+01  5.9651E+03  1.0811E+01  5.9759E+03  0.000E+00  1.161E+00
1.141345E+00  6.14510E+01  3.4109E+01  5.2833E+03  1.1109E+01  5.2944E+03  0.000E+00  1.086E+00
1.220098E+00  6.37054E+01  3.2167E+01  4.6609E+03  1.1378E+01  4.6723E+03  0.000E+00  1.016E+00
1.247148E+00  6.42924E+01  3.1543E+01  4.4713E+03  1.1460E+01  4.4828E+03  0.000E+00  9.941E-01
1.266237E+00  6.45437E+01  3.1076E+01  4.3387E+03  1.1514E+01  4.3502E+03  0.000E+00  9.792E-01
1.271327E+00  6.44228E+01  3.0953E+01  4.3043E+03  1.1529E+01  4.3158E+03  0.000E+00  9.752E-01
1.278963E+00  6.48365E+01  3.1232E+01  4.3171E+03  1.1550E+01  4.3286E+03  0.000E+00  9.694E-01
1.298052E+00  6.54451E+01  3.0775E+01  4.1913E+03  1.1600E+01  4.2029E+03  0.000E+00  9.552E-01
1.304285E+00  6.56027E+01  3.0628E+01  4.1514E+03  1.1616E+01  4.1630E+03  0.000E+00  9.506E-01
1.394281E+00  6.72306E+01  2.8569E+01  3.6224E+03  1.1823E+01  3.6342E+03  0.000E+00  8.892E-01
1.411984E+00  6.74332E+01  2.8194E+01  3.5300E+03  1.1858E+01  3.5419E+03  0.000E+00  8.781E-01
1.433596E+00  6.75238E+01  2.7750E+01  3.4221E+03  1.1899E+01  3.4340E+03  0.000E+00  8.648E-01
1.439359E+00  6.73356E+01  2.7634E+01  3.3941E+03  1.1909E+01  3.4060E+03  0.000E+00  8.614E-01
1.448004E+00  6.77376E+01  2.7992E+01  3.4175E+03  1.1925E+01  3.4294E+03  0.000E+00  8.562E-01
1.469616E+00  6.82637E+01  2.7573E+01  3.3169E+03  1.1962E+01  3.3289E+03  0.000E+00  8.437E-01
1.490486E+00  6.86245E+01  2.7181E+01  3.2240E+03  1.1995E+01  3.2360E+03  0.000E+00  8.318E-01
1.593329E+00  6.99370E+01  2.5229E+01  2.7993E+03  1.2133E+01  2.8114E+03  0.000E+00  7.781E-01
1.703269E+00  7.08029E+01  2.3293E+01  2.4177E+03  1.2235E+01  2.4299E+03  0.000E+00  7.279E-01
1.820795E+00  7.13695E+01  2.1544E+01  2.0918E+03  1.2301E+01  2.1041E+03  0.000E+00  6.809E-01
1.946430E+00  7.17207E+01  1.9946E+01  1.8116E+03  1.2330E+01  1.8239E+03  0.000E+00  6.370E-01
2.080733E+00  7.18915E+01  1.8490E+01  1.5709E+03  1.2323E+01  1.5832E+03  0.000E+00  5.959E-01
2.224304E+00  7.19718E+01  1.7142E+01  1.3624E+03  1.2279E+01  1.3747E+03  0.000E+00  5.574E-01
2.377781E+00  7.18121E+01  1.5922E+01  1.1838E+03  1.2201E+01  1.1960E+03  0.000E+00  5.214E-01
2.541848E+00  7.14495E+01  1.4819E+01  1.0307E+03  1.2089E+01  1.0428E+03  0.000E+00  4.878E-01
2.717235E+00  7.08654E+01  1.3811E+01  8.9857E+02  1.1943E+01  9.1051E+02  0.000E+00  4.563E-01
2.904724E+00  6.99412E+01  1.2896E+01  7.8488E+02  1.1767E+01  7.9665E+02  0.000E+00  4.268E-01
3.105150E+00  6.86251E+01  1.1834E+01  6.7378E+02  1.1561E+01  6.8534E+02  0.000E+00  3.993E-01
3.319406E+00  6.54390E+01  1.0677E+01  5.6862E+02  1.1328E+01  5.7995E+02  0.000E+00  3.735E-01
3.480666E+00  5.97039E+01  9.9352E+00  5.0462E+02  1.1147E+01  5.1577E+02  0.000E+00  3.562E-01
3.533942E+00  5.38613E+01  9.7113E+00  4.8581E+02  1.1086E+01  4.9690E+02  0.000E+00  3.508E-01
3.548445E+00  4.74966E+01  9.6521E+00  4.8087E+02  1.1070E+01  4.9194E+02  0.000E+00  3.494E-01
3.569459E+00  5.26347E+01  2.0892E+01  1.0347E+03  1.1046E+01  1.0457E+03  0.000E+00  3.473E-01
3.622734E+00  5.61730E+01  2.1494E+01  1.0489E+03  1.0985E+01  1.0599E+03  0.000E+00  3.422E-01
3.653048E+00  5.65213E+01  2.1860E+01  1.0579E+03  1.0950E+01  1.0688E+03  0.000E+00  3.394E-01
3.708962E+00  5.46240E+01  2.2581E+01  1.0763E+03  1.0886E+01  1.0872E+03  0.000E+00  3.343E-01
3.723872E+00  5.07198E+01  2.2783E+01  1.0816E+03  1.0868E+01  1.0925E+03  0.000E+00  3.329E-01
3.746238E+00  5.57172E+01  3.1484E+01  1.4858E+03  1.0843E+01  1.4966E+03  0.000E+00  3.310E-01
3.793288E+00  6.05481E+01  3.1609E+01  1.4731E+03  1.0788E+01  1.4839E+03  0.000E+00  3.269E-01
3.802152E+00  6.11356E+01  3.1623E+01  1.4703E+03  1.0778E+01  1.4811E+03  0.000E+00  3.261E-01
4.055024E+00  7.07049E+01  3.0305E+01  1.3212E+03  1.0487E+01  1.3317E+03  0.000E+00  3.058E-01
4.217332E+00  7.30339E+01  2.8336E+01  1.1878E+03  1.0301E+01  1.1981E+03  0.000E+00  2.940E-01
4.281883E+00  7.22360E+01  2.7486E+01  1.1348E+03  1.0227E+01  1.1450E+03  0.000E+00  2.896E-01
4.299097E+00  7.02440E+01  2.7258E+01  1.1209E+03  1.0208E+01  1.1311E+03  0.000E+00  2.884E-01
4.324917E+00  7.28482E+01  3.1346E+01  1.2813E+03  1.0178E+01  1.2915E+03  0.000E+00  2.867E-01
4.334821E+00  7.35305E+01  3.1209E+01  1.2728E+03  1.0167E+01  1.2830E+03  0.000E+00  2.860E-01
4.389468E+00  7.56949E+01  3.0458E+01  1.2267E+03  1.0105E+01  1.2368E+03  0.000E+00  2.825E-01
4.633924E+00  7.97420E+01  2.7299E+01  1.0415E+03  9.8318E+00  1.0513E+03  0.000E+00  2.676E-01
4.953664E+00  8.17842E+01  2.4172E+01  8.6265E+02  9.4836E+00  8.7213E+02  0.000E+00  2.503E-01
5.078556E+00  8.20216E+01  2.3162E+01  8.0629E+02  9.3509E+00  8.1564E+02  0.000E+00  2.441E-01
5.156289E+00  8.16845E+01  2.2579E+01  7.7413E+02  9.2692E+00  7.8340E+02  0.000E+00  2.405E-01
5.177018E+00  8.10069E+01  2.2429E+01  7.6590E+02  9.2476E+00  7.7515E+02  0.000E+00  2.395E-01
5.208111E+00  8.18451E+01  2.3676E+01  8.0366E+02  9.2152E+00  8.1288E+02  0.000E+00  2.381E-01
5.285844E+00  8.27243E+01  2.3136E+01  7.7379E+02  9.1349E+00  7.8292E+02  0.000E+00  2.346E-01
5.295467E+00  8.27906E+01  2.3071E+01  7.7022E+02  9.1250E+00  7.7934E+02  0.000E+00  2.341E-01
5.437040E+00  8.34056E+01  2.2163E+01  7.2065E+02  8.9808E+00  7.2963E+02  0.000E+00  2.280E-01
5.520260E+00  8.33692E+01  2.1668E+01  6.9392E+02  8.8973E+00  7.0282E+02  0.000E+00  2.246E-01
5.542452E+00  8.29745E+01  2.1539E+01  6.8704E+02  8.8752E+00  6.9592E+02  0.000E+00  2.237E-01
5.575740E+00  8.35910E+01  2.2303E+01  7.0714E+02  8.8422E+00  7.1598E+02  0.000E+00  2.224E-01
5.660855E+00  8.43339E+01  2.1828E+01  6.8168E+02  8.7583E+00  6.9044E+02  0.000E+00  2.190E-01
6.051453E+00  8.58919E+01  1.9892E+01  5.8112E+02  8.3860E+00  5.8951E+02  0.000E+00  2.049E-01
6.469004E+00  8.68845E+01  1.8160E+01  4.9629E+02  8.0104E+00  5.0430E+02  0.000E+00  1.917E-01
6.915365E+00  8.76315E+01  1.6578E+01  4.2379E+02  7.6336E+00  4.3142E+02  0.000E+00  1.793E-01
7.392525E+00  8.83400E+01  1.5073E+01  3.6045E+02  7.2576E+00  3.6771E+02  0.000E+00  1.677E-01
7.902609E+00  8.88088E+01  1.3659E+01  3.0556E+02  6.8845E+00  3.1244E+02  0.000E+00  1.569E-01
8.447890E+00  8.90434E+01  1.2396E+01  2.5940E+02  6.5159E+00  2.6592E+02  0.000E+00  1.468E-01
9.030794E+00  8.93244E+01  1.1217E+01  2.1958E+02  6.1535E+00  2.2573E+02  0.000E+00  1.373E-01
9.653919E+00  8.93484E+01  1.0035E+01  1.8377E+02  5.7987E+00  1.8957E+02  0.000E+00  1.284E-01
1.032004E+01  8.92472E+01  8.9963E+00  1.5411E+02  5.4528E+00  1.5956E+02  0.000E+00  1.201E-01
1.103212E+01  8.91021E+01  8.0616E+00  1.2918E+02  5.1169E+00  1.3430E+02  0.000E+00  1.124E-01
1.179334E+01  8.88563E+01  7.2272E+00  1.0834E+02  4.7919E+00  1.1313E+02  0.000E+00  1.051E-01
1.260708E+01  8.85144E+01  6.4889E+00  9.0992E+01  4.4786E+00  9.5471E+01  0.000E+00  9.834E-02
1.347697E+01  8.80793E+01  5.8352E+00  7.6545E+01  4.1777E+00  8.0723E+01  0.000E+00  9.200E-02
1.440688E+01  8.75056E+01  5.2532E+00  6.4461E+01  3.8897E+00  6.8351E+01  0.000E+00  8.606E-02
1.540095E+01  8.66632E+01  4.7330E+00  5.4329E+01  3.6149E+00  5.7944E+01  0.000E+00  8.050E-02
1.646362E+01  8.49904E+01  4.2573E+00  4.5715E+01  3.3534E+00  4.9068E+01  0.000E+00  7.531E-02
1.682297E+01  8.37020E+01  4.1139E+00  4.3232E+01  3.2717E+00  4.6504E+01  0.000E+00  7.370E-02
1.708047E+01  8.11840E+01  4.0165E+00  4.1572E+01  3.2151E+00  4.4787E+01  0.000E+00  7.259E-02
1.714913E+01  7.82159E+01  3.9912E+00  4.1145E+01  3.2003E+00  4.4345E+01  0.000E+00  7.230E-02
1.725213E+01  8.11816E+01  9.7676E+00  1.0009E+02  3.1782E+00  1.0327E+02  0.000E+00  7.187E-02
1.750963E+01  8.38201E+01  9.5374E+00  9.6295E+01  3.1241E+00  9.9419E+01  0.000E+00  7.081E-02
1.759961E+01  8.42601E+01  9.4591E+00  9.5016E+01  3.1055E+00  9.8122E+01  0.000E+00  7.045E-02
1.881398E+01  8.65214E+01  8.4719E+00  7.9607E+01  2.8712E+00  8.2478E+01  0.000E+00  6.590E-02
2.011215E+01  8.66430E+01  7.5551E+00  6.6409E+01  2.6502E+00  6.9059E+01  0.000E+00  6.165E-02
2.052865E+01  8.61569E+01  7.2931E+00  6.2806E+01  2.5850E+00  6.5391E+01  0.000E+00  6.040E-02
2.084286E+01  8.49264E+01  7.1048E+00  6.0262E+01  2.5375E+00  6.2800E+01  0.000E+00  5.949E-02
2.092665E+01  8.34187E+01  7.0559E+00  5.9608E+01  2.5251E+00  6.2133E+01  0.000E+00  5.925E-02
2.105234E+01  8.49155E+01  9.9432E+00  8.3498E+01  2.5066E+00  8.6005E+01  0.000E+00  5.889E-02
2.132225E+01  8.60676E+01  9.7423E+00  8.0775E+01  2.4677E+00  8.3243E+01  0.000E+00  5.815E-02
2.136655E+01  8.61487E+01  9.7100E+00  8.0340E+01  2.4614E+00  8.2801E+01  0.000E+00  5.803E-02
2.149988E+01  8.62893E+01  9.6138E+00  7.9051E+01  2.4425E+00  8.1494E+01  0.000E+00  5.767E-02
2.164861E+01  8.61911E+01  9.5083E+00  7.7647E+01  2.4218E+00  8.0069E+01  0.000E+00  5.727E-02
2.173564E+01  8.55954E+01  9.4475E+00  7.6841E+01  2.4098E+00  7.9251E+01  0.000E+00  5.704E-02
2.186619E+01  8.65378E+01  1.0820E+01  8.7479E+01  2.3920E+00  8.9871E+01  0.000E+00  5.670E-02
2.219255E+01  8.76176E+01  1.0587E+01  8.4333E+01  2.3484E+00  8.6681E+01  0.000E+00  5.587E-02
2.298338E+01  8.88440E+01  1.0043E+01  7.7249E+01  2.2478E+00  7.9497E+01  0.000E+00  5.395E-02
2.456923E+01  9.01206E+01  9.0627E+00  6.5211E+01  2.0657E+00  6.7277E+01  0.000E+00  5.046E-02
2.626450E+01  9.08923E+01  8.1770E+00  5.5040E+01  1.8959E+00  5.6936E+01  0.000E+00  4.721E-02
2.807676E+01  9.14167E+01  7.3433E+00  4.6237E+01  1.7379E+00  4.7975E+01  0.000E+00  4.416E-02
3.001405E+01  9.17506E+01  6.5760E+00  3.8734E+01  1.5913E+00  4.0325E+01  0.000E+00  4.131E-02
3.208502E+01  9.19635E+01  5.8930E+00  3.2470E+01  1.4555E+00  3.3926E+01  0.000E+00  3.864E-02
3.429889E+01  9.20978E+01  5.2854E+00  2.7242E+01  1.3301E+00  2.8572E+01  0.000E+00  3.615E-02
3.666551E+01  9.22294E+01  4.7300E+00  2.2806E+01  1.2145E+00  2.4020E+01  0.000E+00  3.381E-02
3.919543E+01  9.22566E+01  4.2372E+00  1.9111E+01  1.1081E+00  2.0219E+01  0.000E+00  3.163E-02
4.189992E+01  9.22905E+01  3.7996E+00  1.6032E+01  1.0105E+00  1.7042E+01  0.000E+00  2.959E-02
4.479101E+01  9.22915E+01  3.3967E+00  1.3407E+01  9.2107E-01  1.4328E+01  0.000E+00  2.768E-02
4.788159E+01  9.22438E+01  3.0332E+00  1.1199E+01  8.3931E-01  1.2038E+01  0.000E+00  2.589E-02
5.118542E+01  9.21798E+01  2.7107E+00  9.3624E+00  7.6468E-01  1.0127E+01  0.000E+00  2.422E-02
5.471721E+01  9.21051E+01  2.4243E+00  7.8328E+00  6.9670E-01  8.5295E+00  0.000E+00  2.266E-02
5.849270E+01  9.20229E+01  2.1699E+00  6.5581E+00  6.3488E-01  7.1930E+00  0.000E+00  2.120E-02
6.252870E+01  9.19351E+01  1.9436E+00  5.4951E+00  5.7874E-01  6.0738E+00  0.000E+00  1.983E-02
6.684318E+01  9.18426E+01  1.7422E+00  4.6078E+00  5.2784E-01  5.1356E+00  0.000E+00  1.855E-02
7.145536E+01  9.17453E+01  1.5628E+00  3.8666E+00  4.8176E-01  4.3484E+00  0.000E+00  1.735E-02
7.638578E+01  9.16425E+01  1.4021E+00  3.2449E+00  4.4010E-01  3.6850E+00  0.000E+00  1.623E-02
8.165640E+01  9.15374E+01  1.2542E+00  2.7155E+00  4.0248E-01  3.1180E+00  0.000E+00  1.518E-02
8.729069E+01  9.14048E+01  1.1164E+00  2.2610E+00  3.6854E-01  2.6295E+00  0.000E+00  1.420E-02
9.331374E+01  9.12401E+01  9.9385E-01  1.8829E+00  3.3795E-01  2.2208E+00  0.000E+00  1.329E-02
9.975239E+01  9.10167E+01  8.8245E-01  1.5639E+00  3.1041E-01  1.8743E+00  0.000E+00  1.243E-02
1.066353E+02  9.06512E+01  7.8376E-01  1.2994E+00  2.8562E-01  1.5850E+00  0.000E+00  1.163E-02
1.132940E+02  8.97540E+01  7.0418E-01  1.0988E+00  2.6528E-01  1.3641E+00  0.000E+00  1.094E-02
1.139931E+02  8.95066E+01  6.9658E-01  1.0803E+00  2.6332E-01  1.3436E+00  0.000E+00  1.088E-02
1.150281E+02  8.87858E+01  6.8558E-01  1.0537E+00  2.6048E-01  1.3142E+00  0.000E+00  1.078E-02
1.154905E+02  8.76284E+01  6.8076E-01  1.0421E+00  2.5923E-01  1.3013E+00  0.000E+00  1.074E-02
1.161841E+02  8.88339E+01  2.9507E+00  4.4898E+00  2.5738E-01  4.7472E+00  3.465E+00  1.067E-02
1.179182E+02  8.98873E+01  2.8843E+00  4.3242E+00  2.5288E-01  4.5771E+00  3.340E+00  1.051E-02
1.218587E+02  9.06637E+01  2.7419E+00  3.9778E+00  2.4327E-01  4.2211E+00  3.079E+00  1.017E-02
1.302669E+02  9.13182E+01  2.4727E+00  3.3558E+00  2.2525E-01  3.5810E+00  2.607E+00  9.518E-03
1.392553E+02  9.16532E+01  2.2281E+00  2.8286E+00  2.0904E-01  3.0376E+00  2.205E+00  8.903E-03
1.488640E+02  9.18604E+01  2.0069E+00  2.3833E+00  1.9446E-01  2.5778E+00  1.864E+00  8.329E-03
1.591356E+02  9.19976E+01  1.8075E+00  2.0080E+00  1.8133E-01  2.1893E+00  1.574E+00  7.791E-03
1.701159E+02  9.20914E+01  1.6270E+00  1.6908E+00  1.6951E-01  1.8603E+00  1.329E+00  7.288E-03
1.818539E+02  9.21545E+01  1.4640E+00  1.4232E+00  1.5885E-01  1.5820E+00  1.121E+00  6.818E-03
1.944018E+02  9.21962E+01  1.3174E+00  1.1980E+00  1.4922E-01  1.3472E+00  9.454E-01  6.378E-03
2.078156E+02  9.22226E+01  1.1856E+00  1.0085E+00  1.4051E-01  1.1490E+00  7.973E-01  5.966E-03
2.221548E+02  9.22378E+01  1.0670E+00  8.4913E-01  1.3262E-01  9.8175E-01  6.724E-01  5.581E-03
2.374835E+02  9.22446E+01  9.6050E-01  7.1501E-01  1.2545E-01  8.4046E-01  5.670E-01  5.221E-03
2.538699E+02  9.22454E+01  8.6554E-01  6.0273E-01  1.1891E-01  7.2164E-01  4.788E-01  4.884E-03
2.713869E+02  9.22423E+01  7.8024E-01  5.0826E-01  1.1295E-01  6.2121E-01  4.044E-01  4.569E-03
2.901126E+02  9.22362E+01  7.0343E-01  4.2865E-01  1.0749E-01  5.3614E-01  3.415E-01  4.274E-03
3.101304E+02  9.22281E+01  6.3425E-01  3.6155E-01  1.0247E-01  4.6402E-01  2.884E-01  3.998E-03
3.315294E+02  9.22184E+01  5.7194E-01  3.0499E-01  9.7836E-02  4.0283E-01  2.436E-01  3.740E-03
3.544049E+02  9.22078E+01  5.1581E-01  2.5730E-01  9.3550E-02  3.5085E-01  2.058E-01  3.498E-03
3.788588E+02  9.21966E+01  4.6523E-01  2.1709E-01  8.9570E-02  3.0666E-01  1.738E-01  3.273E-03
4.050001E+02  9.21851E+01  4.1966E-01  1.8318E-01  8.5860E-02  2.6904E-01  1.468E-01  3.061E-03
4.329451E+02  9.21736E+01  3.7858E-01  1.5459E-01  8.2388E-02  2.3698E-01  1.240E-01  2.864E-03


