1.0016605E+00 4.86747E+01  1.5321E+01  3.5010E+03  9.5075E+00  3.5105E+03  0.000E-01  1.238E+00
1.0066688E+00 4.87529E+01  1.5226E+01  3.4619E+03  9.5257E+00  3.4715E+03  0.000E-01  1.232E+00
1.0117021E+00 4.88078E+01  1.5131E+01  3.4233E+03  9.5439E+00  3.4328E+03  0.000E-01  1.226E+00
1.0167606E+00 4.88558E+01  1.5038E+01  3.3851E+03  9.5619E+00  3.3947E+03  0.000E-01  1.219E+00
1.0218444E+00 4.88986E+01  1.4944E+01  3.3474E+03  9.5798E+00  3.3570E+03  0.000E-01  1.213E+00
1.0269536E+00 4.89373E+01  1.4852E+01  3.3102E+03  9.5975E+00  3.3198E+03  0.000E-01  1.207E+00
1.0320884E+00 4.89722E+01  1.4760E+01  3.2734E+03  9.6151E+00  3.2830E+03  0.000E-01  1.201E+00
1.0372489E+00 4.90039E+01  1.4667E+01  3.2364E+03  9.6326E+00  3.2460E+03  0.000E-01  1.195E+00
1.0424351E+00 4.90320E+01  1.4569E+01  3.1989E+03  9.6499E+00  3.2086E+03  0.000E-01  1.189E+00
1.0476473E+00 4.90568E+01  1.4473E+01  3.1619E+03  9.6671E+00  3.1716E+03  0.000E-01  1.183E+00
1.0528855E+00 4.90786E+01  1.4377E+01  3.1254E+03  9.6842E+00  3.1351E+03  0.000E-01  1.178E+00
1.0581499E+00 4.90975E+01  1.4282E+01  3.0893E+03  9.7011E+00  3.0990E+03  0.000E-01  1.172E+00
1.0634407E+00 4.91137E+01  1.4188E+01  3.0537E+03  9.7179E+00  3.0635E+03  0.000E-01  1.166E+00
1.0687579E+00 4.91273E+01  1.4095E+01  3.0186E+03  9.7346E+00  3.0283E+03  0.000E-01  1.160E+00
1.0741017E+00 4.91385E+01  1.4003E+01  2.9839E+03  9.7511E+00  2.9937E+03  0.000E-01  1.154E+00
1.0794722E+00 4.91474E+01  1.3911E+01  2.9497E+03  9.7675E+00  2.9594E+03  0.000E-01  1.149E+00
1.0848695E+00 4.91540E+01  1.3821E+01  2.9158E+03  9.7838E+00  2.9256E+03  0.000E-01  1.143E+00
1.0902939E+00 4.91585E+01  1.3731E+01  2.8825E+03  9.7999E+00  2.8923E+03  0.000E-01  1.137E+00
1.0957454E+00 4.91609E+01  1.3642E+01  2.8495E+03  9.8158E+00  2.8593E+03  0.000E-01  1.132E+00
1.1012241E+00 4.91614E+01  1.3553E+01  2.8170E+03  9.8317E+00  2.8268E+03  0.000E-01  1.126E+00
1.1067302E+00 4.91599E+01  1.3466E+01  2.7848E+03  9.8473E+00  2.7947E+03  0.000E-01  1.120E+00
1.1122639E+00 4.91566E+01  1.3379E+01  2.7531E+03  9.8629E+00  2.7630E+03  0.000E-01  1.115E+00
1.1178252E+00 4.91514E+01  1.3293E+01  2.7218E+03  9.8783E+00  2.7317E+03  0.000E-01  1.109E+00
1.1234143E+00 4.91444E+01  1.3207E+01  2.6909E+03  9.8935E+00  2.7008E+03  0.000E-01  1.104E+00
1.1290314E+00 4.91357E+01  1.3123E+01  2.6603E+03  9.9086E+00  2.6702E+03  0.000E-01  1.098E+00
1.1346765E+00 4.91252E+01  1.3039E+01  2.6302E+03  9.9236E+00  2.6401E+03  0.000E-01  1.093E+00
1.1403499E+00 4.91131E+01  1.2956E+01  2.6004E+03  9.9384E+00  2.6104E+03  0.000E-01  1.087E+00
1.1460517E+00 4.90993E+01  1.2873E+01  2.5710E+03  9.9530E+00  2.5810E+03  0.000E-01  1.082E+00
1.1517819E+00 4.90838E+01  1.2792E+01  2.5420E+03  9.9676E+00  2.5520E+03  0.000E-01  1.076E+00
1.1575408E+00 4.90668E+01  1.2711E+01  2.5133E+03  9.9819E+00  2.5233E+03  0.000E-01  1.071E+00
1.1633285E+00 4.90481E+01  1.2630E+01  2.4850E+03  9.9962E+00  2.4950E+03  0.000E-01  1.066E+00
1.1691452E+00 4.90278E+01  1.2551E+01  2.4571E+03  1.0010E+01  2.4671E+03  0.000E-01  1.060E+00
1.1749909E+00 4.90060E+01  1.2472E+01  2.4295E+03  1.0024E+01  2.4395E+03  0.000E-01  1.055E+00
1.1808659E+00 4.89825E+01  1.2394E+01  2.4022E+03  1.0038E+01  2.4123E+03  0.000E-01  1.050E+00
1.1867702E+00 4.89575E+01  1.2316E+01  2.3753E+03  1.0052E+01  2.3854E+03  0.000E-01  1.045E+00
1.1927040E+00 4.89309E+01  1.2239E+01  2.3487E+03  1.0065E+01  2.3588E+03  0.000E-01  1.040E+00
1.1986676E+00 4.89027E+01  1.2163E+01  2.3225E+03  1.0078E+01  2.3326E+03  0.000E-01  1.034E+00
1.2046609E+00 4.88730E+01  1.2087E+01  2.2966E+03  1.0092E+01  2.3067E+03  0.000E-01  1.029E+00
1.2106842E+00 4.88417E+01  1.2012E+01  2.2710E+03  1.0105E+01  2.2811E+03  0.000E-01  1.024E+00
1.2167376E+00 4.88088E+01  1.1938E+01  2.2457E+03  1.0117E+01  2.2558E+03  0.000E-01  1.019E+00
1.2228213E+00 4.87743E+01  1.1864E+01  2.2207E+03  1.0130E+01  2.2309E+03  0.000E-01  1.014E+00
1.2289354E+00 4.87382E+01  1.1791E+01  2.1961E+03  1.0143E+01  2.2062E+03  0.000E-01  1.009E+00
1.2350801E+00 4.87005E+01  1.1719E+01  2.1717E+03  1.0155E+01  2.1819E+03  0.000E-01  1.004E+00
1.2412555E+00 4.86611E+01  1.1647E+01  2.1477E+03  1.0167E+01  2.1578E+03  0.000E-01  9.989E-01
1.2474618E+00 4.86201E+01  1.1576E+01  2.1239E+03  1.0179E+01  2.1341E+03  0.000E-01  9.939E-01
1.2536991E+00 4.85775E+01  1.1505E+01  2.1004E+03  1.0191E+01  2.1106E+03  0.000E-01  9.889E-01
1.2599676E+00 4.85332E+01  1.1435E+01  2.0773E+03  1.0203E+01  2.0875E+03  0.000E-01  9.840E-01
1.2662674E+00 4.84871E+01  1.1365E+01  2.0544E+03  1.0215E+01  2.0646E+03  0.000E-01  9.791E-01
1.2725988E+00 4.84394E+01  1.1297E+01  2.0318E+03  1.0226E+01  2.0420E+03  0.000E-01  9.743E-01
1.2789618E+00 4.83920E+01  1.1228E+01  2.0094E+03  1.0237E+01  2.0197E+03  0.000E-01  9.694E-01
1.2853566E+00 4.83407E+01  1.1161E+01  1.9874E+03  1.0249E+01  1.9976E+03  0.000E-01  9.646E-01
1.2917833E+00 4.82876E+01  1.1093E+01  1.9656E+03  1.0260E+01  1.9758E+03  0.000E-01  9.598E-01
1.2982423E+00 4.82326E+01  1.1027E+01  1.9440E+03  1.0270E+01  1.9543E+03  0.000E-01  9.550E-01
1.3047335E+00 4.81757E+01  1.0961E+01  1.9228E+03  1.0281E+01  1.9331E+03  0.000E-01  9.503E-01
1.3112571E+00 4.81170E+01  1.0895E+01  1.9018E+03  1.0292E+01  1.9121E+03  0.000E-01  9.455E-01
1.3178134E+00 4.80562E+01  1.0830E+01  1.8810E+03  1.0302E+01  1.8913E+03  0.000E-01  9.408E-01
1.3244025E+00 4.79934E+01  1.0766E+01  1.8605E+03  1.0312E+01  1.8708E+03  0.000E-01  9.362E-01
1.3310245E+00 4.79286E+01  1.0702E+01  1.8403E+03  1.0322E+01  1.8506E+03  0.000E-01  9.315E-01
1.3376796E+00 4.78617E+01  1.0638E+01  1.8203E+03  1.0332E+01  1.8306E+03  0.000E-01  9.269E-01
1.3443680E+00 4.77926E+01  1.0575E+01  1.8005E+03  1.0342E+01  1.8109E+03  0.000E-01  9.222E-01
1.3510899E+00 4.77213E+01  1.0513E+01  1.7810E+03  1.0351E+01  1.7913E+03  0.000E-01  9.177E-01
1.3578453E+00 4.76477E+01  1.0451E+01  1.7617E+03  1.0361E+01  1.7721E+03  0.000E-01  9.131E-01
1.3646345E+00 4.75717E+01  1.0390E+01  1.7427E+03  1.0370E+01  1.7530E+03  0.000E-01  9.086E-01
1.3714577E+00 4.74934E+01  1.0329E+01  1.7238E+03  1.0379E+01  1.7342E+03  0.000E-01  9.040E-01
1.3783150E+00 4.74125E+01  1.0269E+01  1.7052E+03  1.0388E+01  1.7156E+03  0.000E-01  8.995E-01
1.3852066E+00 4.73291E+01  1.0209E+01  1.6869E+03  1.0397E+01  1.6973E+03  0.000E-01  8.951E-01
1.3921326E+00 4.72430E+01  1.0149E+01  1.6687E+03  1.0405E+01  1.6791E+03  0.000E-01  8.906E-01
1.3990933E+00 4.71542E+01  1.0091E+01  1.6508E+03  1.0413E+01  1.6612E+03  0.000E-01  8.862E-01
1.4060887E+00 4.70625E+01  1.0032E+01  1.6330E+03  1.0422E+01  1.6435E+03  0.000E-01  8.818E-01
1.4131192E+00 4.69679E+01  9.9742E+00  1.6155E+03  1.0430E+01  1.6260E+03  0.000E-01  8.774E-01
1.4201848E+00 4.68702E+01  9.9168E+00  1.5982E+03  1.0438E+01  1.6087E+03  0.000E-01  8.730E-01
1.4272857E+00 4.67693E+01  9.8598E+00  1.5811E+03  1.0445E+01  1.5916E+03  0.000E-01  8.687E-01
1.4344221E+00 4.66652E+01  9.8032E+00  1.5643E+03  1.0453E+01  1.5747E+03  0.000E-01  8.643E-01
1.4415942E+00 4.65576E+01  9.7471E+00  1.5476E+03  1.0460E+01  1.5580E+03  0.000E-01  8.600E-01
1.4488022E+00 4.64465E+01  9.6915E+00  1.5311E+03  1.0468E+01  1.5415E+03  0.000E-01  8.558E-01
1.4560462E+00 4.63316E+01  9.6362E+00  1.5148E+03  1.0475E+01  1.5252E+03  0.000E-01  8.515E-01
1.4633265E+00 4.62129E+01  9.5814E+00  1.4987E+03  1.0482E+01  1.5091E+03  0.000E-01  8.473E-01
1.4706431E+00 4.60901E+01  9.5270E+00  1.4827E+03  1.0488E+01  1.4932E+03  0.000E-01  8.431E-01
1.4779963E+00 4.59654E+01  9.4730E+00  1.4670E+03  1.0495E+01  1.4775E+03  0.000E-01  8.389E-01
1.4853863E+00 4.58339E+01  9.4195E+00  1.4515E+03  1.0501E+01  1.4620E+03  0.000E-01  8.347E-01
1.4928132E+00 4.56978E+01  9.3664E+00  1.4361E+03  1.0507E+01  1.4466E+03  0.000E-01  8.305E-01
1.5002773E+00 4.55567E+01  9.3137E+00  1.4209E+03  1.0514E+01  1.4314E+03  0.000E-01  8.264E-01
1.5077787E+00 4.54105E+01  9.2615E+00  1.4059E+03  1.0519E+01  1.4164E+03  0.000E-01  8.223E-01
1.5153176E+00 4.52588E+01  9.2096E+00  1.3911E+03  1.0525E+01  1.4016E+03  0.000E-01  8.182E-01
1.5228942E+00 4.51013E+01  9.1582E+00  1.3764E+03  1.0531E+01  1.3870E+03  0.000E-01  8.141E-01
1.5305086E+00 4.49378E+01  9.1072E+00  1.3620E+03  1.0536E+01  1.3725E+03  0.000E-01  8.101E-01
1.5381612E+00 4.47679E+01  9.0565E+00  1.3476E+03  1.0541E+01  1.3582E+03  0.000E-01  8.061E-01
1.5458520E+00 4.45911E+01  9.0063E+00  1.3335E+03  1.0546E+01  1.3440E+03  0.000E-01  8.020E-01
1.5535812E+00 4.44071E+01  8.9565E+00  1.3195E+03  1.0551E+01  1.3301E+03  0.000E-01  7.981E-01
1.5613491E+00 4.42154E+01  8.9070E+00  1.3057E+03  1.0556E+01  1.3163E+03  0.000E-01  7.941E-01
1.5691559E+00 4.40154E+01  8.8580E+00  1.2921E+03  1.0561E+01  1.3026E+03  0.000E-01  7.901E-01
1.5770017E+00 4.38066E+01  8.8093E+00  1.2786E+03  1.0565E+01  1.2891E+03  0.000E-01  7.862E-01
1.5848867E+00 4.35884E+01  8.7610E+00  1.2652E+03  1.0569E+01  1.2758E+03  0.000E-01  7.823E-01
1.5928111E+00 4.33600E+01  8.7131E+00  1.2520E+03  1.0573E+01  1.2626E+03  0.000E-01  7.784E-01
1.6007752E+00 4.31207E+01  8.6655E+00  1.2390E+03  1.0577E+01  1.2496E+03  0.000E-01  7.745E-01
1.6087790E+00 4.28695E+01  8.6183E+00  1.2261E+03  1.0581E+01  1.2367E+03  0.000E-01  7.707E-01
1.6168229E+00 4.26055E+01  8.5715E+00  1.2134E+03  1.0584E+01  1.2240E+03  0.000E-01  7.668E-01
1.6249070E+00 4.23276E+01  8.5250E+00  1.2008E+03  1.0588E+01  1.2114E+03  0.000E-01  7.630E-01
1.6330316E+00 4.20344E+01  8.4789E+00  1.1884E+03  1.0591E+01  1.1990E+03  0.000E-01  7.592E-01
1.6411967E+00 4.17244E+01  8.4332E+00  1.1761E+03  1.0594E+01  1.1867E+03  0.000E-01  7.555E-01
1.6494027E+00 4.13961E+01  8.3878E+00  1.1640E+03  1.0597E+01  1.1746E+03  0.000E-01  7.517E-01
1.6576497E+00 4.10474E+01  8.3428E+00  1.1519E+03  1.0599E+01  1.1625E+03  0.000E-01  7.480E-01
1.6659380E+00 4.06759E+01  8.2981E+00  1.1401E+03  1.0602E+01  1.1507E+03  0.000E-01  7.442E-01
1.6742677E+00 4.02791E+01  8.2537E+00  1.1283E+03  1.0604E+01  1.1389E+03  0.000E-01  7.405E-01
1.6826390E+00 3.98536E+01  8.2097E+00  1.1167E+03  1.0606E+01  1.1273E+03  0.000E-01  7.368E-01
1.6910522E+00 3.93956E+01  8.1660E+00  1.1053E+03  1.0609E+01  1.1159E+03  0.000E-01  7.332E-01
1.6995075E+00 3.89003E+01  8.1227E+00  1.0939E+03  1.0610E+01  1.1045E+03  0.000E-01  7.295E-01
1.7080050E+00 3.83617E+01  8.0781E+00  1.0825E+03  1.0612E+01  1.0931E+03  0.000E-01  7.259E-01
1.7165450E+00 3.77723E+01  8.0334E+00  1.0712E+03  1.0614E+01  1.0818E+03  0.000E-01  7.223E-01
1.7251278E+00 3.71225E+01  7.9890E+00  1.0600E+03  1.0615E+01  1.0706E+03  0.000E-01  7.187E-01
1.7337534E+00 3.63998E+01  7.9450E+00  1.0489E+03  1.0616E+01  1.0595E+03  0.000E-01  7.151E-01
1.7424222E+00 3.55869E+01  7.9014E+00  1.0379E+03  1.0617E+01  1.0485E+03  0.000E-01  7.116E-01
1.7511343E+00 3.46597E+01  7.8580E+00  1.0271E+03  1.0618E+01  1.0377E+03  0.000E-01  7.080E-01
1.7598899E+00 3.35823E+01  7.8150E+00  1.0164E+03  1.0618E+01  1.0270E+03  0.000E-01  7.045E-01
1.7686894E+00 3.22981E+01  7.7723E+00  1.0058E+03  1.0619E+01  1.0164E+03  0.000E-01  7.010E-01
1.7775328E+00 3.07091E+01  7.7299E+00  9.9534E+02  1.0619E+01  1.0060E+03  0.000E-01  6.975E-01
1.7864205E+00 2.86218E+01  7.6878E+00  9.8499E+02  1.0619E+01  9.9561E+02  0.000E-01  6.940E-01
1.7953526E+00 2.55410E+01  7.6460E+00  9.7477E+02  1.0619E+01  9.8539E+02  0.000E-01  6.906E-01
1.8043294E+00 1.92952E+01  7.6046E+00  9.6466E+02  1.0619E+01  9.7528E+02  0.000E-01  6.871E-01
1.8088491E+00 4.06674E+00  7.5839E+00  9.5964E+02  1.0619E+01  9.7025E+02  0.000E-01  6.854E-01
1.8095510E+00 3.74869E+00  2.5626E+01  3.2413E+03  1.0619E+01  3.2520E+03  0.000E-01  6.852E-01
1.8133510E+00 1.78305E+01  2.5549E+01  3.2249E+03  1.0619E+01  3.2355E+03  0.000E-01  6.837E-01
1.8224178E+00 2.40826E+01  2.5369E+01  3.1861E+03  1.0618E+01  3.1968E+03  0.000E-01  6.803E-01
1.8315299E+00 2.65264E+01  2.5189E+01  3.1479E+03  1.0618E+01  3.1585E+03  0.000E-01  6.769E-01
1.8406875E+00 2.77107E+01  2.5011E+01  3.1101E+03  1.0617E+01  3.1207E+03  0.000E-01  6.736E-01
1.8498909E+00 2.80311E+01  2.4835E+01  3.0728E+03  1.0616E+01  3.0834E+03  0.000E-01  6.702E-01
1.8591404E+00 2.72913E+01  2.4659E+01  3.0359E+03  1.0615E+01  3.0465E+03  0.000E-01  6.669E-01
1.8684361E+00 2.32827E+01  2.4485E+01  2.9995E+03  1.0613E+01  3.0101E+03  0.000E-01  6.636E-01
1.8709394E+00 1.76545E+01  2.4439E+01  2.9898E+03  1.0613E+01  3.0004E+03  0.000E-01  6.627E-01
1.8722607E+00 1.76137E+01  3.6298E+01  4.4375E+03  1.0613E+01  4.4481E+03  0.000E-01  6.622E-01
1.8777783E+00 2.66817E+01  3.6144E+01  4.4056E+03  1.0612E+01  4.4162E+03  0.000E-01  6.603E-01
1.8871672E+00 3.10855E+01  3.5884E+01  4.3521E+03  1.0610E+01  4.3627E+03  0.000E-01  6.570E-01
1.8966030E+00 3.36780E+01  3.5625E+01  4.2993E+03  1.0608E+01  4.3099E+03  0.000E-01  6.537E-01
1.9060860E+00 3.56113E+01  3.5369E+01  4.2471E+03  1.0606E+01  4.2577E+03  0.000E-01  6.505E-01
1.9156165E+00 3.71838E+01  3.5115E+01  4.1956E+03  1.0604E+01  4.2062E+03  0.000E-01  6.472E-01
1.9251945E+00 3.85216E+01  3.4862E+01  4.1447E+03  1.0602E+01  4.1553E+03  0.000E-01  6.440E-01
1.9348205E+00 3.96913E+01  3.4612E+01  4.0945E+03  1.0599E+01  4.1051E+03  0.000E-01  6.408E-01
1.9444946E+00 4.07328E+01  3.4363E+01  4.0449E+03  1.0596E+01  4.0554E+03  0.000E-01  6.376E-01
1.9542171E+00 4.16726E+01  3.4117E+01  3.9958E+03  1.0593E+01  4.0064E+03  0.000E-01  6.344E-01
1.9639882E+00 4.25289E+01  3.3872E+01  3.9474E+03  1.0590E+01  3.9580E+03  0.000E-01  6.313E-01
1.9738081E+00 4.33150E+01  3.3628E+01  3.8995E+03  1.0587E+01  3.9101E+03  0.000E-01  6.281E-01
1.9836772E+00 4.40410E+01  3.3386E+01  3.8522E+03  1.0584E+01  3.8628E+03  0.000E-01  6.250E-01
1.9935955E+00 4.47146E+01  3.3146E+01  3.8054E+03  1.0580E+01  3.8160E+03  0.000E-01  6.219E-01
2.0035635E+00 4.53419E+01  3.2907E+01  3.7593E+03  1.0577E+01  3.7698E+03  0.000E-01  6.188E-01
2.0135813E+00 4.59281E+01  3.2670E+01  3.7137E+03  1.0573E+01  3.7242E+03  0.000E-01  6.157E-01
2.0236492E+00 4.64771E+01  3.2436E+01  3.6686E+03  1.0569E+01  3.6792E+03  0.000E-01  6.127E-01
2.0337675E+00 4.69922E+01  3.2202E+01  3.6241E+03  1.0565E+01  3.6347E+03  0.000E-01  6.096E-01
2.0439363E+00 4.74762E+01  3.1971E+01  3.5802E+03  1.0560E+01  3.5908E+03  0.000E-01  6.066E-01
2.0541560E+00 4.79314E+01  3.1742E+01  3.5368E+03  1.0556E+01  3.5474E+03  0.000E-01  6.036E-01
2.0644268E+00 4.83597E+01  3.1514E+01  3.4939E+03  1.0551E+01  3.5045E+03  0.000E-01  6.006E-01
2.0747489E+00 4.87627E+01  3.1288E+01  3.4516E+03  1.0546E+01  3.4622E+03  0.000E-01  5.976E-01
2.0851227E+00 4.91417E+01  3.1063E+01  3.4098E+03  1.0541E+01  3.4203E+03  0.000E-01  5.946E-01
2.0955483E+00 4.94977E+01  3.0840E+01  3.3685E+03  1.0536E+01  3.3791E+03  0.000E-01  5.917E-01
2.1060260E+00 4.98314E+01  3.0619E+01  3.3277E+03  1.0531E+01  3.3383E+03  0.000E-01  5.887E-01
2.1165562E+00 5.01433E+01  3.0400E+01  3.2875E+03  1.0526E+01  3.2980E+03  0.000E-01  5.858E-01
2.1271389E+00 5.04338E+01  3.0182E+01  3.2477E+03  1.0520E+01  3.2582E+03  0.000E-01  5.829E-01
2.1377746E+00 5.07027E+01  2.9966E+01  3.2084E+03  1.0514E+01  3.2189E+03  0.000E-01  5.800E-01
2.1484635E+00 5.09498E+01  2.9752E+01  3.1696E+03  1.0508E+01  3.1801E+03  0.000E-01  5.771E-01
2.1592058E+00 5.11743E+01  2.9539E+01  3.1313E+03  1.0502E+01  3.1418E+03  0.000E-01  5.742E-01
2.1700018E+00 5.13749E+01  2.9328E+01  3.0934E+03  1.0496E+01  3.1039E+03  0.000E-01  5.714E-01
2.1808519E+00 5.15496E+01  2.9118E+01  3.0560E+03  1.0489E+01  3.0665E+03  0.000E-01  5.685E-01
2.1917561E+00 5.16957E+01  2.8910E+01  3.0191E+03  1.0483E+01  3.0296E+03  0.000E-01  5.657E-01
2.2027149E+00 5.18086E+01  2.8704E+01  2.9826E+03  1.0476E+01  2.9931E+03  0.000E-01  5.629E-01
2.2137285E+00 5.18817E+01  2.8499E+01  2.9466E+03  1.0469E+01  2.9571E+03  0.000E-01  5.601E-01
2.2247971E+00 5.19041E+01  2.8296E+01  2.9110E+03  1.0462E+01  2.9215E+03  0.000E-01  5.573E-01
2.2359211E+00 5.18573E+01  2.8094E+01  2.8759E+03  1.0455E+01  2.8863E+03  0.000E-01  5.545E-01
2.2471007E+00 5.17061E+01  2.7893E+01  2.8411E+03  1.0448E+01  2.8516E+03  0.000E-01  5.518E-01
2.2583362E+00 5.13704E+01  2.7695E+01  2.8069E+03  1.0440E+01  2.8173E+03  0.000E-01  5.490E-01
2.2696279E+00 5.05932E+01  2.7497E+01  2.7730E+03  1.0433E+01  2.7834E+03  0.000E-01  5.463E-01
2.2786505E+00 4.83982E+01  2.7341E+01  2.7464E+03  1.0426E+01  2.7568E+03  0.000E-01  5.441E-01
2.2809760E+00 4.13917E+01  2.7301E+01  2.7396E+03  1.0425E+01  2.7500E+03  0.000E-01  5.436E-01
2.2833493E+00 4.84449E+01  3.2090E+01  3.2167E+03  1.0423E+01  3.2271E+03  0.000E-01  5.430E-01
2.2923809E+00 5.11010E+01  3.1891E+01  3.1841E+03  1.0417E+01  3.1946E+03  0.000E-01  5.409E-01
2.3038428E+00 5.24327E+01  3.1641E+01  3.1435E+03  1.0409E+01  3.1539E+03  0.000E-01  5.382E-01
2.3153620E+00 5.33017E+01  3.1393E+01  3.1034E+03  1.0400E+01  3.1138E+03  0.000E-01  5.355E-01
2.3269388E+00 5.39744E+01  3.1148E+01  3.0638E+03  1.0392E+01  3.0742E+03  0.000E-01  5.328E-01
2.3385735E+00 5.45346E+01  3.0904E+01  3.0247E+03  1.0383E+01  3.0351E+03  0.000E-01  5.302E-01
2.3502664E+00 5.50199E+01  3.0663E+01  2.9862E+03  1.0375E+01  2.9965E+03  0.000E-01  5.275E-01
2.3620177E+00 5.54489E+01  3.0417E+01  2.9475E+03  1.0366E+01  2.9579E+03  0.000E-01  5.249E-01
2.3738278E+00 5.58317E+01  3.0172E+01  2.9092E+03  1.0357E+01  2.9196E+03  0.000E-01  5.223E-01
2.3856970E+00 5.61749E+01  2.9929E+01  2.8714E+03  1.0348E+01  2.8817E+03  0.000E-01  5.197E-01
2.3976254E+00 5.64813E+01  2.9696E+01  2.8349E+03  1.0338E+01  2.8452E+03  0.000E-01  5.171E-01
2.4096136E+00 5.67657E+01  2.9481E+01  2.8004E+03  1.0329E+01  2.8107E+03  0.000E-01  5.145E-01
2.4216616E+00 5.70327E+01  2.9270E+01  2.7664E+03  1.0319E+01  2.7768E+03  0.000E-01  5.120E-01
2.4337699E+00 5.72825E+01  2.9061E+01  2.7330E+03  1.0309E+01  2.7433E+03  0.000E-01  5.094E-01
2.4459388E+00 5.75145E+01  2.8850E+01  2.6997E+03  1.0300E+01  2.7100E+03  0.000E-01  5.069E-01
2.4581685E+00 5.77286E+01  2.8642E+01  2.6669E+03  1.0289E+01  2.6772E+03  0.000E-01  5.044E-01
2.4704593E+00 5.79246E+01  2.8436E+01  2.6346E+03  1.0279E+01  2.6449E+03  0.000E-01  5.019E-01
2.4828116E+00 5.81017E+01  2.8233E+01  2.6028E+03  1.0269E+01  2.6130E+03  0.000E-01  4.994E-01
2.4952257E+00 5.82584E+01  2.8033E+01  2.5714E+03  1.0258E+01  2.5817E+03  0.000E-01  4.969E-01
2.5077018E+00 5.83915E+01  2.7835E+01  2.5405E+03  1.0248E+01  2.5508E+03  0.000E-01  4.944E-01
2.5202403E+00 5.84954E+01  2.7639E+01  2.5101E+03  1.0237E+01  2.5203E+03  0.000E-01  4.920E-01
2.5328415E+00 5.85591E+01  2.7445E+01  2.4801E+03  1.0226E+01  2.4903E+03  0.000E-01  4.895E-01
2.5455057E+00 5.85592E+01  2.7253E+01  2.4505E+03  1.0215E+01  2.4607E+03  0.000E-01  4.871E-01
2.5582333E+00 5.84289E+01  2.7064E+01  2.4214E+03  1.0204E+01  2.4316E+03  0.000E-01  4.846E-01
2.5710244E+00 5.77597E+01  2.6876E+01  2.3926E+03  1.0192E+01  2.4028E+03  0.000E-01  4.822E-01
2.5716555E+00 5.76629E+01  2.6867E+01  2.3912E+03  1.0192E+01  2.4014E+03  0.000E-01  4.821E-01
2.5781443E+00 5.77438E+01  2.8665E+01  2.5449E+03  1.0186E+01  2.5551E+03  0.000E-01  4.809E-01
2.5838796E+00 5.84515E+01  2.8571E+01  2.5309E+03  1.0181E+01  2.5411E+03  0.000E-01  4.798E-01
2.5967990E+00 5.91845E+01  2.8362E+01  2.4998E+03  1.0169E+01  2.5100E+03  0.000E-01  4.775E-01
2.6097829E+00 5.96478E+01  2.8154E+01  2.4692E+03  1.0158E+01  2.4793E+03  0.000E-01  4.751E-01
2.6228319E+00 6.00117E+01  2.7949E+01  2.4390E+03  1.0146E+01  2.4491E+03  0.000E-01  4.727E-01
2.6359460E+00 6.03202E+01  2.7745E+01  2.4092E+03  1.0134E+01  2.4193E+03  0.000E-01  4.704E-01
2.6491257E+00 6.05917E+01  2.7544E+01  2.3798E+03  1.0121E+01  2.3899E+03  0.000E-01  4.680E-01
2.6623714E+00 6.08352E+01  2.7344E+01  2.3507E+03  1.0109E+01  2.3609E+03  0.000E-01  4.657E-01
2.6756832E+00 6.10555E+01  2.7146E+01  2.3221E+03  1.0097E+01  2.3322E+03  0.000E-01  4.634E-01
2.6890617E+00 6.12549E+01  2.6950E+01  2.2939E+03  1.0084E+01  2.3039E+03  0.000E-01  4.611E-01
2.7025070E+00 6.14337E+01  2.6756E+01  2.2660E+03  1.0071E+01  2.2761E+03  0.000E-01  4.588E-01
2.7160195E+00 6.15963E+01  2.6578E+01  2.2397E+03  1.0059E+01  2.2498E+03  0.000E-01  4.565E-01
2.7295996E+00 6.17470E+01  2.6402E+01  2.2139E+03  1.0046E+01  2.2239E+03  0.000E-01  4.542E-01
2.7432476E+00 6.18834E+01  2.6228E+01  2.1884E+03  1.0033E+01  2.1984E+03  0.000E-01  4.520E-01
2.7569638E+00 6.20023E+01  2.6057E+01  2.1633E+03  1.0019E+01  2.1733E+03  0.000E-01  4.497E-01
2.7707486E+00 6.20982E+01  2.5888E+01  2.1385E+03  1.0006E+01  2.1485E+03  0.000E-01  4.475E-01
2.7846024E+00 6.21590E+01  2.5720E+01  2.1141E+03  9.9924E+00  2.1241E+03  0.000E-01  4.452E-01
2.7985254E+00 6.21531E+01  2.5554E+01  2.0900E+03  9.9788E+00  2.1000E+03  0.000E-01  4.430E-01
2.8125180E+00 6.19324E+01  2.5390E+01  2.0663E+03  9.9650E+00  2.0762E+03  0.000E-01  4.408E-01
2.8140455E+00 6.18632E+01  2.5373E+01  2.0637E+03  9.9635E+00  2.0737E+03  0.000E-01  4.406E-01
2.8251547E+00 6.19917E+01  2.6383E+01  2.1374E+03  9.9525E+00  2.1474E+03  0.000E-01  4.389E-01
2.8265806E+00 6.20919E+01  2.6366E+01  2.1350E+03  9.9511E+00  2.1450E+03  0.000E-01  4.386E-01
2.8407135E+00 6.26619E+01  2.6201E+01  2.1111E+03  9.9371E+00  2.1211E+03  0.000E-01  4.365E-01
2.8549171E+00 6.30133E+01  2.6038E+01  2.0875E+03  9.9229E+00  2.0975E+03  0.000E-01  4.343E-01
2.8691917E+00 6.32980E+01  2.5876E+01  2.0642E+03  9.9087E+00  2.0741E+03  0.000E-01  4.321E-01
2.8835376E+00 6.35490E+01  2.5715E+01  2.0412E+03  9.8943E+00  2.0511E+03  0.000E-01  4.300E-01
2.8979553E+00 6.37792E+01  2.5556E+01  2.0184E+03  9.8798E+00  2.0283E+03  0.000E-01  4.278E-01
2.9124451E+00 6.39949E+01  2.5397E+01  1.9959E+03  9.8651E+00  2.0057E+03  0.000E-01  4.257E-01
2.9270073E+00 6.42001E+01  2.5239E+01  1.9736E+03  9.8503E+00  1.9835E+03  0.000E-01  4.236E-01
2.9416424E+00 6.43972E+01  2.5082E+01  1.9516E+03  9.8355E+00  1.9614E+03  0.000E-01  4.215E-01
2.9563506E+00 6.45879E+01  2.4926E+01  1.9298E+03  9.8205E+00  1.9396E+03  0.000E-01  4.194E-01
2.9711323E+00 6.47745E+01  2.4772E+01  1.9083E+03  9.8053E+00  1.9181E+03  0.000E-01  4.173E-01
2.9859880E+00 6.49610E+01  2.4619E+01  1.8871E+03  9.7901E+00  1.8969E+03  0.000E-01  4.152E-01
3.0009179E+00 6.51549E+01  2.4466E+01  1.8660E+03  9.7747E+00  1.8758E+03  0.000E-01  4.132E-01
3.0159225E+00 6.53159E+01  2.4291E+01  1.8435E+03  9.7592E+00  1.8532E+03  0.000E-01  4.111E-01
3.0310021E+00 6.54708E+01  2.4117E+01  1.8212E+03  9.7436E+00  1.8309E+03  0.000E-01  4.091E-01
3.0461571E+00 6.56203E+01  2.3944E+01  1.7991E+03  9.7279E+00  1.8089E+03  0.000E-01  4.070E-01
3.0613879E+00 6.57647E+01  2.3773E+01  1.7774E+03  9.7120E+00  1.7871E+03  0.000E-01  4.050E-01
3.0766949E+00 6.59045E+01  2.3603E+01  1.7559E+03  9.6961E+00  1.7656E+03  0.000E-01  4.030E-01
3.0920783E+00 6.60400E+01  2.3434E+01  1.7346E+03  9.6800E+00  1.7443E+03  0.000E-01  4.010E-01
3.1075387E+00 6.61714E+01  2.3266E+01  1.7136E+03  9.6638E+00  1.7233E+03  0.000E-01  3.990E-01
3.1230764E+00 6.62990E+01  2.3099E+01  1.6929E+03  9.6475E+00  1.7025E+03  0.000E-01  3.970E-01
3.1386918E+00 6.64231E+01  2.2934E+01  1.6724E+03  9.6311E+00  1.6820E+03  0.000E-01  3.950E-01
3.1543853E+00 6.65437E+01  2.2769E+01  1.6522E+03  9.6146E+00  1.6618E+03  0.000E-01  3.931E-01
3.1701572E+00 6.66610E+01  2.2606E+01  1.6322E+03  9.5980E+00  1.6418E+03  0.000E-01  3.911E-01
3.1860080E+00 6.67752E+01  2.2444E+01  1.6124E+03  9.5812E+00  1.6220E+03  0.000E-01  3.892E-01
3.2019380E+00 6.68864E+01  2.2283E+01  1.5929E+03  9.5644E+00  1.6024E+03  0.000E-01  3.872E-01
3.2179477E+00 6.69948E+01  2.2123E+01  1.5736E+03  9.5474E+00  1.5831E+03  0.000E-01  3.853E-01
3.2340374E+00 6.71004E+01  2.1964E+01  1.5545E+03  9.5304E+00  1.5640E+03  0.000E-01  3.834E-01
3.2502076E+00 6.72033E+01  2.1807E+01  1.5357E+03  9.5132E+00  1.5452E+03  0.000E-01  3.815E-01
3.2664587E+00 6.73037E+01  2.1650E+01  1.5170E+03  9.4959E+00  1.5265E+03  0.000E-01  3.796E-01
3.2827910E+00 6.74017E+01  2.1495E+01  1.4987E+03  9.4785E+00  1.5081E+03  0.000E-01  3.777E-01
3.2992049E+00 6.74973E+01  2.1340E+01  1.4805E+03  9.4611E+00  1.4900E+03  0.000E-01  3.758E-01
3.3157009E+00 6.75906E+01  2.1187E+01  1.4625E+03  9.4435E+00  1.4720E+03  0.000E-01  3.739E-01
3.3322794E+00 6.76819E+01  2.1035E+01  1.4448E+03  9.4258E+00  1.4542E+03  0.000E-01  3.721E-01
3.3489408E+00 6.77711E+01  2.0884E+01  1.4273E+03  9.4080E+00  1.4367E+03  0.000E-01  3.702E-01
3.3656856E+00 6.78581E+01  2.0733E+01  1.4099E+03  9.3901E+00  1.4193E+03  0.000E-01  3.684E-01
3.3825140E+00 6.79429E+01  2.0583E+01  1.3928E+03  9.3721E+00  1.4021E+03  0.000E-01  3.665E-01
3.3994265E+00 6.80255E+01  2.0434E+01  1.3758E+03  9.3540E+00  1.3852E+03  0.000E-01  3.647E-01
3.4164237E+00 6.81062E+01  2.0286E+01  1.3591E+03  9.3358E+00  1.3684E+03  0.000E-01  3.629E-01
3.4335058E+00 6.81849E+01  2.0140E+01  1.3425E+03  9.3175E+00  1.3519E+03  0.000E-01  3.611E-01
3.4506733E+00 6.82617E+01  1.9994E+01  1.3262E+03  9.2991E+00  1.3355E+03  0.000E-01  3.593E-01
3.4679267E+00 6.83368E+01  1.9850E+01  1.3101E+03  9.2806E+00  1.3194E+03  0.000E-01  3.575E-01
3.4852663E+00 6.84102E+01  1.9707E+01  1.2942E+03  9.2620E+00  1.3034E+03  0.000E-01  3.557E-01
3.5026927E+00 6.84819E+01  1.9565E+01  1.2784E+03  9.2434E+00  1.2877E+03  0.000E-01  3.540E-01
3.5202061E+00 6.85521E+01  1.9424E+01  1.2629E+03  9.2246E+00  1.2721E+03  0.000E-01  3.522E-01
3.5378072E+00 6.86208E+01  1.9284E+01  1.2476E+03  9.2057E+00  1.2568E+03  0.000E-01  3.505E-01
3.5554962E+00 6.86880E+01  1.9145E+01  1.2325E+03  9.1868E+00  1.2416E+03  0.000E-01  3.487E-01
3.5732737E+00 6.87538E+01  1.9007E+01  1.2175E+03  9.1677E+00  1.2267E+03  0.000E-01  3.470E-01
3.5911400E+00 6.88184E+01  1.8871E+01  1.2027E+03  9.1486E+00  1.2119E+03  0.000E-01  3.453E-01
3.6090957E+00 6.88817E+01  1.8735E+01  1.1882E+03  9.1294E+00  1.1973E+03  0.000E-01  3.435E-01
3.6271412E+00 6.91474E+01  1.8597E+01  1.1735E+03  9.1101E+00  1.1826E+03  0.000E-01  3.418E-01
3.6452769E+00 6.92084E+01  1.8456E+01  1.1588E+03  9.0907E+00  1.1679E+03  0.000E-01  3.401E-01
3.6635033E+00 6.92674E+01  1.8316E+01  1.1443E+03  9.0712E+00  1.1534E+03  0.000E-01  3.384E-01
3.6818208E+00 6.93244E+01  1.8177E+01  1.1300E+03  9.0516E+00  1.1391E+03  0.000E-01  3.367E-01
3.7002299E+00 6.93798E+01  1.8040E+01  1.1159E+03  9.0319E+00  1.1249E+03  0.000E-01  3.351E-01
3.7187311E+00 6.94334E+01  1.7904E+01  1.1020E+03  9.0122E+00  1.1110E+03  0.000E-01  3.334E-01
3.7373247E+00 6.94855E+01  1.7769E+01  1.0882E+03  8.9924E+00  1.0972E+03  0.000E-01  3.317E-01
3.7560114E+00 6.96769E+01  1.7631E+01  1.0744E+03  8.9725E+00  1.0834E+03  0.000E-01  3.301E-01
3.7747914E+00 6.97259E+01  1.7493E+01  1.0607E+03  8.9525E+00  1.0697E+03  0.000E-01  3.285E-01
3.7936654E+00 6.97730E+01  1.7357E+01  1.0472E+03  8.9324E+00  1.0561E+03  0.000E-01  3.268E-01
3.8126337E+00 6.98183E+01  1.7222E+01  1.0339E+03  8.9122E+00  1.0428E+03  0.000E-01  3.252E-01
3.8316969E+00 6.98618E+01  1.7088E+01  1.0207E+03  8.8920E+00  1.0296E+03  0.000E-01  3.236E-01
3.8508554E+00 6.99037E+01  1.6955E+01  1.0078E+03  8.8717E+00  1.0166E+03  0.000E-01  3.220E-01
3.8701096E+00 6.99441E+01  1.6823E+01  9.9497E+02  8.8513E+00  1.0038E+03  0.000E-01  3.204E-01
3.8894602E+00 6.99829E+01  1.6693E+01  9.8235E+02  8.8308E+00  9.9118E+02  0.000E-01  3.188E-01
3.9089075E+00 7.00204E+01  1.6564E+01  9.6990E+02  8.8103E+00  9.7871E+02  0.000E-01  3.172E-01
3.9284520E+00 7.00565E+01  1.6436E+01  9.5762E+02  8.7897E+00  9.6641E+02  0.000E-01  3.156E-01
3.9480943E+00 7.00913E+01  1.6309E+01  9.4551E+02  8.7690E+00  9.5428E+02  0.000E-01  3.140E-01
3.9678347E+00 7.01248E+01  1.6184E+01  9.3357E+02  8.7482E+00  9.4232E+02  0.000E-01  3.125E-01
3.9876739E+00 7.01571E+01  1.6060E+01  9.2178E+02  8.7274E+00  9.3051E+02  0.000E-01  3.109E-01
4.055024E+00  7.06313E+01  1.5650E+01  8.8336E+02  8.6798E+00  8.9204E+02  0.000E+00  3.058E-01
4.334821E+00  7.08697E+01  1.4139E+01  7.4653E+02  8.3931E+00  7.5492E+02  0.000E+00  2.860E-01
4.633924E+00  7.11122E+01  1.2784E+01  6.3146E+02  8.0963E+00  6.3956E+02  0.000E+00  2.676E-01
4.953664E+00  7.11475E+01  1.1526E+01  5.3255E+02  7.7914E+00  5.4034E+02  0.000E+00  2.503E-01
5.295467E+00  7.11450E+01  1.0392E+01  4.4918E+02  7.4803E+00  4.5666E+02  0.000E+00  2.341E-01
5.660855E+00  7.10404E+01  9.3697E+00  3.7884E+02  7.1649E+00  3.8600E+02  0.000E+00  2.190E-01
6.051453E+00  7.08546E+01  8.4516E+00  3.1967E+02  6.8471E+00  3.2652E+02  0.000E+00  2.049E-01
6.469004E+00  7.06120E+01  7.6347E+00  2.7013E+02  6.5287E+00  2.7666E+02  0.000E+00  1.917E-01
6.915365E+00  7.03157E+01  6.9068E+00  2.2860E+02  6.2113E+00  2.3481E+02  0.000E+00  1.793E-01
7.392525E+00  6.99589E+01  6.2574E+00  1.9374E+02  5.8965E+00  1.9964E+02  0.000E+00  1.677E-01
7.902609E+00  6.95221E+01  5.6752E+00  1.6437E+02  5.5856E+00  1.6996E+02  0.000E+00  1.569E-01
8.447890E+00  6.89513E+01  5.1320E+00  1.3904E+02  5.2800E+00  1.4432E+02  0.000E+00  1.468E-01
9.030794E+00  6.81293E+01  4.6283E+00  1.1730E+02  4.9808E+00  1.2228E+02  0.000E+00  1.373E-01
9.653919E+00  6.65592E+01  4.1268E+00  9.7842E+01  4.6891E+00  1.0253E+02  0.000E+00  1.284E-01
1.000266E+01  6.45033E+01  3.8823E+00  8.8837E+01  4.5373E+00  9.3374E+01  0.000E+00  1.240E-01
1.015577E+01  6.16346E+01  3.7802E+00  8.5196E+01  4.4730E+00  8.9669E+01  0.000E+00  1.221E-01
1.019659E+01  5.82555E+01  3.7538E+00  8.4261E+01  4.4562E+00  8.8717E+01  0.000E+00  1.216E-01
1.025783E+01  6.16606E+01  1.0324E+01  2.3035E+02  4.4310E+00  2.3478E+02  0.000E+00  1.209E-01
1.032004E+01  6.33883E+01  1.0184E+01  2.2587E+02  4.4057E+00  2.3028E+02  0.000E+00  1.201E-01
1.041094E+01  6.46451E+01  9.9850E+00  2.1952E+02  4.3691E+00  2.2389E+02  0.000E+00  1.191E-01
1.103212E+01  6.68651E+01  8.8485E+00  1.8358E+02  4.1314E+00  1.8771E+02  0.000E+00  1.124E-01
1.131312E+01  6.65940E+01  8.4442E+00  1.7084E+02  4.0305E+00  1.7487E+02  0.000E+00  1.096E-01
1.148628E+01  6.54086E+01  8.2142E+00  1.6368E+02  3.9703E+00  1.6765E+02  0.000E+00  1.079E-01
1.153246E+01  6.38067E+01  8.1551E+00  1.6185E+02  3.9545E+00  1.6580E+02  0.000E+00  1.075E-01
1.160172E+01  6.55005E+01  1.1288E+01  2.2269E+02  3.9309E+00  2.2662E+02  0.000E+00  1.069E-01
1.177488E+01  6.70136E+01  1.1001E+01  2.1384E+02  3.8730E+00  2.1771E+02  0.000E+00  1.053E-01
1.179334E+01  6.70913E+01  1.0971E+01  2.1292E+02  3.8669E+00  2.1679E+02  0.000E+00  1.051E-01
1.185780E+01  6.73020E+01  1.0868E+01  2.0978E+02  3.8458E+00  2.1363E+02  0.000E+00  1.046E-01
1.203930E+01  6.72878E+01  1.0589E+01  2.0131E+02  3.7871E+00  2.0510E+02  0.000E+00  1.030E-01
1.208770E+01  6.65917E+01  1.0516E+01  1.9913E+02  3.7718E+00  2.0290E+02  0.000E+00  1.026E-01
1.216030E+01  6.76405E+01  1.2074E+01  2.2725E+02  3.7489E+00  2.3100E+02  0.000E+00  1.020E-01
1.234180E+01  6.88404E+01  1.1804E+01  2.1891E+02  3.6926E+00  2.2260E+02  0.000E+00  1.005E-01
1.260708E+01  6.97737E+01  1.1430E+01  2.0751E+02  3.6127E+00  2.1112E+02  0.000E+00  9.834E-02
1.347697E+01  7.14875E+01  1.0319E+01  1.7526E+02  3.3691E+00  1.7863E+02  0.000E+00  9.200E-02
1.440688E+01  7.24910E+01  9.2845E+00  1.4750E+02  3.1365E+00  1.5064E+02  0.000E+00  8.606E-02
1.540095E+01  7.31546E+01  8.3430E+00  1.2399E+02  2.9151E+00  1.2691E+02  0.000E+00  8.050E-02
1.646362E+01  7.36002E+01  7.4814E+00  1.0401E+02  2.7049E+00  1.0671E+02  0.000E+00  7.531E-02
1.759961E+01  7.38944E+01  6.7060E+00  8.7212E+01  2.5059E+00  8.9718E+01  0.000E+00  7.045E-02
1.881398E+01  7.40850E+01  6.0128E+00  7.3150E+01  2.3181E+00  7.5468E+01  0.000E+00  6.590E-02
2.011215E+01  7.42037E+01  5.3947E+00  6.1393E+01  2.1414E+00  6.3534E+01  0.000E+00  6.165E-02
2.149988E+01  7.43309E+01  4.8368E+00  5.1491E+01  1.9754E+00  5.3466E+01  0.000E+00  5.767E-02
2.298338E+01  7.43562E+01  4.3382E+00  4.3203E+01  1.8201E+00  4.5023E+01  0.000E+00  5.395E-02
2.456923E+01  7.44178E+01  3.8884E+00  3.6224E+01  1.6749E+00  3.7899E+01  0.000E+00  5.046E-02
2.626450E+01  7.43985E+01  3.4838E+00  3.0360E+01  1.5397E+00  3.1900E+01  0.000E+00  4.721E-02
2.807676E+01  7.43669E+01  3.0983E+00  2.5257E+01  1.4140E+00  2.6671E+01  0.000E+00  4.416E-02
3.001405E+01  7.42970E+01  2.7503E+00  2.0973E+01  1.2974E+00  2.2270E+01  0.000E+00  4.131E-02
3.208502E+01  7.42121E+01  2.4435E+00  1.7431E+01  1.1896E+00  1.8621E+01  0.000E+00  3.864E-02
3.429889E+01  7.41179E+01  2.1727E+00  1.4499E+01  1.0900E+00  1.5589E+01  0.000E+00  3.615E-02
3.666551E+01  7.40173E+01  1.9334E+00  1.2069E+01  9.9817E-01  1.3067E+01  0.000E+00  3.381E-02
3.919543E+01  7.39116E+01  1.7219E+00  1.0055E+01  9.1378E-01  1.0969E+01  0.000E+00  3.163E-02
4.189992E+01  7.38011E+01  1.5346E+00  8.3832E+00  8.3632E-01  9.2195E+00  0.000E+00  2.959E-02
4.479101E+01  7.36848E+01  1.3682E+00  6.9916E+00  7.6537E-01  7.7570E+00  0.000E+00  2.768E-02
4.788159E+01  7.35584E+01  1.2184E+00  5.8244E+00  7.0050E-01  6.5249E+00  0.000E+00  2.589E-02
5.118542E+01  7.34168E+01  1.0851E+00  4.8521E+00  6.4128E-01  5.4934E+00  0.000E+00  2.422E-02
5.471721E+01  7.32486E+01  9.6347E-01  4.0302E+00  5.8731E-01  4.6175E+00  0.000E+00  2.266E-02
5.849270E+01  7.30295E+01  8.5449E-01  3.3437E+00  5.3821E-01  3.8819E+00  0.000E+00  2.120E-02
6.252870E+01  7.27015E+01  7.5806E-01  2.7749E+00  4.9359E-01  3.2685E+00  0.000E+00  1.983E-02
6.684318E+01  7.20009E+01  6.7279E-01  2.3038E+00  4.5311E-01  2.7569E+00  0.000E+00  1.855E-02
6.813450E+01  7.15004E+01  6.5025E-01  2.1844E+00  4.4222E-01  2.6266E+00  0.000E+00  1.820E-02
6.917738E+01  7.03996E+01  6.3292E-01  2.0941E+00  4.3378E-01  2.5279E+00  0.000E+00  1.792E-02
6.945548E+01  6.90815E+01  6.2842E-01  2.0709E+00  4.3159E-01  2.5025E+00  0.000E+00  1.785E-02
6.987263E+01  7.04134E+01  3.2163E+00  1.0536E+01  4.2834E-01  1.0964E+01  8.499E+00  1.774E-02
7.091550E+01  7.16162E+01  3.1450E+00  1.0151E+01  4.2041E-01  1.0571E+01  8.196E+00  1.748E-02
7.145536E+01  7.19078E+01  3.1091E+00  9.9591E+00  4.1642E-01  1.0376E+01  8.045E+00  1.735E-02
7.638578E+01  7.30529E+01  2.7986E+00  8.3857E+00  3.8321E-01  8.7689E+00  6.794E+00  1.623E-02
8.165640E+01  7.35353E+01  2.5097E+00  7.0346E+00  3.5317E-01  7.3878E+00  5.714E+00  1.518E-02
8.729069E+01  7.38178E+01  2.2497E+00  5.8989E+00  3.2602E-01  6.2249E+00  4.809E+00  1.420E-02
9.331374E+01  7.40042E+01  2.0139E+00  4.9397E+00  3.0150E-01  5.2412E+00  4.039E+00  1.329E-02
9.975239E+01  7.41261E+01  1.7992E+00  4.1282E+00  2.7936E-01  4.4076E+00  3.384E+00  1.243E-02
1.066353E+02  7.42067E+01  1.6076E+00  3.4505E+00  2.5938E-01  3.7099E+00  2.835E+00  1.163E-02
1.139931E+02  7.42592E+01  1.4366E+00  2.8844E+00  2.4135E-01  3.1258E+00  2.375E+00  1.088E-02
1.218587E+02  7.42920E+01  1.2839E+00  2.4115E+00  2.2507E-01  2.6366E+00  1.989E+00  1.017E-02
1.302669E+02  7.43109E+01  1.1476E+00  2.0164E+00  2.1036E-01  2.2268E+00  1.667E+00  9.518E-03
1.392553E+02  7.43475E+01  1.0259E+00  1.6861E+00  1.9706E-01  1.8832E+00  1.396E+00  8.903E-03
1.488640E+02  7.43477E+01  9.1402E-01  1.4053E+00  1.8503E-01  1.5903E+00  1.165E+00  8.329E-03
1.591356E+02  7.43410E+01  8.1445E-01  1.1714E+00  1.7412E-01  1.3455E+00  9.715E-01  7.791E-03
1.701159E+02  7.43299E+01  7.2581E-01  9.7654E-01  1.6422E-01  1.1408E+00  8.105E-01  7.288E-03
1.818539E+02  7.43159E+01  6.4687E-01  8.1416E-01  1.5521E-01  9.6937E-01  6.762E-01  6.818E-03
1.944018E+02  7.43000E+01  5.7657E-01  6.7884E-01  1.4700E-01  8.2584E-01  5.641E-01  6.378E-03
2.078156E+02  7.42830E+01  5.1396E-01  5.6606E-01  1.3949E-01  7.0555E-01  4.706E-01  5.966E-03
2.221548E+02  7.42654E+01  4.5818E-01  4.7206E-01  1.3260E-01  6.0466E-01  3.926E-01  5.581E-03
2.374835E+02  7.42477E+01  4.0850E-01  3.9371E-01  1.2626E-01  5.1997E-01  3.275E-01  5.221E-03
2.538699E+02  7.42302E+01  3.6423E-01  3.2838E-01  1.2041E-01  4.4879E-01  2.732E-01  4.884E-03
2.713869E+02  7.42129E+01  3.2479E-01  2.7392E-01  1.1499E-01  3.8891E-01  2.279E-01  4.569E-03
2.901126E+02  7.41960E+01  2.8963E-01  2.2851E-01  1.0994E-01  3.3845E-01  1.901E-01  4.274E-03
3.101304E+02  7.41795E+01  2.5917E-01  1.9127E-01  1.0523E-01  2.9650E-01  1.593E-01  3.998E-03
3.315294E+02  7.41646E+01  2.3293E-01  1.6081E-01  1.0082E-01  2.6163E-01  1.341E-01  3.740E-03
3.544049E+02  7.41511E+01  2.0937E-01  1.3522E-01  9.6661E-02  2.3188E-01  1.129E-01  3.498E-03
3.788588E+02  7.41386E+01  1.8820E-01  1.1370E-01  9.2734E-02  2.0643E-01  9.505E-02  3.273E-03
4.050001E+02  7.41271E+01  1.6919E-01  9.5617E-02  8.9009E-02  1.8463E-01  8.003E-02  3.061E-03
4.329451E+02  7.41165E+01  1.5211E-01  8.0415E-02  8.5466E-02  1.6588E-01  6.738E-02  2.864E-03


