1.0016605E+00 4.25334E+01  1.1840E+01  2.8746E+03  9.0845E+00  2.8837E+03  0.000E-01  1.238E+00
1.0066688E+00 4.25528E+01  1.1765E+01  2.8421E+03  9.1017E+00  2.8512E+03  0.000E-01  1.232E+00
1.0117021E+00 4.25643E+01  1.1690E+01  2.8100E+03  9.1188E+00  2.8191E+03  0.000E-01  1.226E+00
1.0167606E+00 4.25695E+01  1.1616E+01  2.7783E+03  9.1358E+00  2.7874E+03  0.000E-01  1.219E+00
1.0218444E+00 4.25694E+01  1.1543E+01  2.7470E+03  9.1527E+00  2.7561E+03  0.000E-01  1.213E+00
1.0269536E+00 4.25649E+01  1.1470E+01  2.7160E+03  9.1694E+00  2.7252E+03  0.000E-01  1.207E+00
1.0320884E+00 4.25578E+01  1.1397E+01  2.6855E+03  9.1860E+00  2.6947E+03  0.000E-01  1.201E+00
1.0372489E+00 4.25458E+01  1.1326E+01  2.6553E+03  9.2025E+00  2.6645E+03  0.000E-01  1.195E+00
1.0424351E+00 4.25305E+01  1.1255E+01  2.6255E+03  9.2188E+00  2.6347E+03  0.000E-01  1.189E+00
1.0476473E+00 4.25121E+01  1.1184E+01  2.5961E+03  9.2350E+00  2.6053E+03  0.000E-01  1.183E+00
1.0528855E+00 4.24908E+01  1.1114E+01  2.5670E+03  9.2511E+00  2.5762E+03  0.000E-01  1.178E+00
1.0581499E+00 4.24667E+01  1.1045E+01  2.5383E+03  9.2670E+00  2.5475E+03  0.000E-01  1.172E+00
1.0634407E+00 4.24399E+01  1.0976E+01  2.5099E+03  9.2828E+00  2.5192E+03  0.000E-01  1.166E+00
1.0687579E+00 4.24105E+01  1.0907E+01  2.4818E+03  9.2985E+00  2.4911E+03  0.000E-01  1.160E+00
1.0741017E+00 4.23786E+01  1.0840E+01  2.4542E+03  9.3141E+00  2.4635E+03  0.000E-01  1.154E+00
1.0794722E+00 4.23441E+01  1.0772E+01  2.4268E+03  9.3295E+00  2.4361E+03  0.000E-01  1.149E+00
1.0848695E+00 4.23071E+01  1.0706E+01  2.3998E+03  9.3447E+00  2.4091E+03  0.000E-01  1.143E+00
1.0902939E+00 4.22676E+01  1.0640E+01  2.3731E+03  9.3599E+00  2.3825E+03  0.000E-01  1.137E+00
1.0957454E+00 4.22256E+01  1.0574E+01  2.3467E+03  9.3749E+00  2.3561E+03  0.000E-01  1.132E+00
1.1012241E+00 4.21812E+01  1.0509E+01  2.3207E+03  9.3897E+00  2.3301E+03  0.000E-01  1.126E+00
1.1067302E+00 4.21343E+01  1.0444E+01  2.2950E+03  9.4045E+00  2.3044E+03  0.000E-01  1.120E+00
1.1122639E+00 4.20849E+01  1.0380E+01  2.2695E+03  9.4190E+00  2.2790E+03  0.000E-01  1.115E+00
1.1178252E+00 4.20330E+01  1.0317E+01  2.2444E+03  9.4335E+00  2.2539E+03  0.000E-01  1.109E+00
1.1234143E+00 4.19785E+01  1.0254E+01  2.2196E+03  9.4478E+00  2.2291E+03  0.000E-01  1.104E+00
1.1290314E+00 4.19214E+01  1.0191E+01  2.1951E+03  9.4620E+00  2.2046E+03  0.000E-01  1.098E+00
1.1346765E+00 4.18617E+01  1.0129E+01  2.1709E+03  9.4760E+00  2.1804E+03  0.000E-01  1.093E+00
1.1403499E+00 4.17994E+01  1.0068E+01  2.1470E+03  9.4899E+00  2.1564E+03  0.000E-01  1.087E+00
1.1460517E+00 4.17343E+01  1.0007E+01  2.1233E+03  9.5036E+00  2.1328E+03  0.000E-01  1.082E+00
1.1517819E+00 4.16664E+01  9.9460E+00  2.1000E+03  9.5172E+00  2.1095E+03  0.000E-01  1.076E+00
1.1575408E+00 4.15958E+01  9.8859E+00  2.0769E+03  9.5307E+00  2.0864E+03  0.000E-01  1.071E+00
1.1633285E+00 4.15222E+01  9.8263E+00  2.0541E+03  9.5440E+00  2.0636E+03  0.000E-01  1.066E+00
1.1691452E+00 4.14456E+01  9.7672E+00  2.0316E+03  9.5571E+00  2.0411E+03  0.000E-01  1.060E+00
1.1749909E+00 4.13660E+01  9.7085E+00  2.0093E+03  9.5702E+00  2.0189E+03  0.000E-01  1.055E+00
1.1808659E+00 4.12832E+01  9.6502E+00  1.9873E+03  9.5830E+00  1.9969E+03  0.000E-01  1.050E+00
1.1867702E+00 4.11972E+01  9.5925E+00  1.9656E+03  9.5958E+00  1.9752E+03  0.000E-01  1.045E+00
1.1927040E+00 4.11064E+01  9.5351E+00  1.9441E+03  9.6084E+00  1.9537E+03  0.000E-01  1.040E+00
1.1986676E+00 4.10136E+01  9.4783E+00  1.9229E+03  9.6208E+00  1.9325E+03  0.000E-01  1.034E+00
1.2046609E+00 4.09172E+01  9.4218E+00  1.9020E+03  9.6331E+00  1.9116E+03  0.000E-01  1.029E+00
1.2106842E+00 4.08172E+01  9.3658E+00  1.8813E+03  9.6452E+00  1.8909E+03  0.000E-01  1.024E+00
1.2167376E+00 4.07133E+01  9.3103E+00  1.8608E+03  9.6572E+00  1.8704E+03  0.000E-01  1.019E+00
1.2228213E+00 4.06055E+01  9.2551E+00  1.8406E+03  9.6691E+00  1.8502E+03  0.000E-01  1.014E+00
1.2289354E+00 4.04935E+01  9.2004E+00  1.8206E+03  9.6808E+00  1.8303E+03  0.000E-01  1.009E+00
1.2350801E+00 4.03772E+01  9.1462E+00  1.8008E+03  9.6923E+00  1.8105E+03  0.000E-01  1.004E+00
1.2412555E+00 4.02564E+01  9.0923E+00  1.7813E+03  9.7037E+00  1.7910E+03  0.000E-01  9.989E-01
1.2474618E+00 4.01310E+01  9.0389E+00  1.7621E+03  9.7150E+00  1.7718E+03  0.000E-01  9.939E-01
1.2536991E+00 4.00006E+01  8.9858E+00  1.7430E+03  9.7260E+00  1.7527E+03  0.000E-01  9.889E-01
1.2599676E+00 3.98652E+01  8.9332E+00  1.7242E+03  9.7370E+00  1.7339E+03  0.000E-01  9.840E-01
1.2662674E+00 3.97243E+01  8.8810E+00  1.7056E+03  9.7478E+00  1.7153E+03  0.000E-01  9.791E-01
1.2725988E+00 3.95778E+01  8.8292E+00  1.6872E+03  9.7584E+00  1.6969E+03  0.000E-01  9.743E-01
1.2789618E+00 3.94254E+01  8.7778E+00  1.6690E+03  9.7689E+00  1.6788E+03  0.000E-01  9.694E-01
1.2853566E+00 3.92667E+01  8.7268E+00  1.6511E+03  9.7792E+00  1.6608E+03  0.000E-01  9.646E-01
1.2917833E+00 3.91014E+01  8.6761E+00  1.6333E+03  9.7894E+00  1.6431E+03  0.000E-01  9.598E-01
1.2982423E+00 3.89292E+01  8.6259E+00  1.6158E+03  9.7994E+00  1.6256E+03  0.000E-01  9.550E-01
1.3047335E+00 3.87495E+01  8.5760E+00  1.5984E+03  9.8093E+00  1.6083E+03  0.000E-01  9.503E-01
1.3112571E+00 3.85620E+01  8.5266E+00  1.5813E+03  9.8190E+00  1.5911E+03  0.000E-01  9.455E-01
1.3178134E+00 3.83662E+01  8.4775E+00  1.5644E+03  9.8286E+00  1.5742E+03  0.000E-01  9.408E-01
1.3244025E+00 3.81614E+01  8.4287E+00  1.5477E+03  9.8380E+00  1.5575E+03  0.000E-01  9.362E-01
1.3310245E+00 3.79471E+01  8.3804E+00  1.5311E+03  9.8473E+00  1.5410E+03  0.000E-01  9.315E-01
1.3376796E+00 3.77227E+01  8.3324E+00  1.5148E+03  9.8563E+00  1.5246E+03  0.000E-01  9.269E-01
1.3443680E+00 3.74873E+01  8.2848E+00  1.4986E+03  9.8653E+00  1.5085E+03  0.000E-01  9.222E-01
1.3510899E+00 3.72401E+01  8.2375E+00  1.4827E+03  9.8741E+00  1.4925E+03  0.000E-01  9.177E-01
1.3578453E+00 3.69801E+01  8.1906E+00  1.4669E+03  9.8827E+00  1.4768E+03  0.000E-01  9.131E-01
1.3646345E+00 3.67064E+01  8.1441E+00  1.4513E+03  9.8912E+00  1.4612E+03  0.000E-01  9.086E-01
1.3714577E+00 3.64177E+01  8.0979E+00  1.4359E+03  9.8995E+00  1.4458E+03  0.000E-01  9.040E-01
1.3783150E+00 3.61126E+01  8.0509E+00  1.4205E+03  9.9076E+00  1.4304E+03  0.000E-01  8.995E-01
1.3852066E+00 3.57894E+01  8.0037E+00  1.4051E+03  9.9156E+00  1.4150E+03  0.000E-01  8.951E-01
1.3921326E+00 3.54463E+01  7.9568E+00  1.3899E+03  9.9234E+00  1.3998E+03  0.000E-01  8.906E-01
1.3990933E+00 3.50812E+01  7.9103E+00  1.3749E+03  9.9311E+00  1.3849E+03  0.000E-01  8.862E-01
1.4060887E+00 3.46916E+01  7.8641E+00  1.3601E+03  9.9386E+00  1.3700E+03  0.000E-01  8.818E-01
1.4131192E+00 3.42747E+01  7.8183E+00  1.3454E+03  9.9460E+00  1.3554E+03  0.000E-01  8.774E-01
1.4201848E+00 3.38270E+01  7.7728E+00  1.3310E+03  9.9532E+00  1.3409E+03  0.000E-01  8.730E-01
1.4272857E+00 3.33443E+01  7.7277E+00  1.3167E+03  9.9602E+00  1.3266E+03  0.000E-01  8.687E-01
1.4344221E+00 3.28216E+01  7.6829E+00  1.3025E+03  9.9671E+00  1.3125E+03  0.000E-01  8.643E-01
1.4415942E+00 3.22526E+01  7.6385E+00  1.2885E+03  9.9738E+00  1.2985E+03  0.000E-01  8.600E-01
1.4488022E+00 3.16294E+01  7.5944E+00  1.2747E+03  9.9804E+00  1.2847E+03  0.000E-01  8.558E-01
1.4560462E+00 3.09419E+01  7.5506E+00  1.2611E+03  9.9868E+00  1.2711E+03  0.000E-01  8.515E-01
1.4633265E+00 3.01780E+01  7.5072E+00  1.2476E+03  9.9930E+00  1.2576E+03  0.000E-01  8.473E-01
1.4706431E+00 2.93172E+01  7.4641E+00  1.2342E+03  9.9991E+00  1.2442E+03  0.000E-01  8.431E-01
1.4779963E+00 2.83353E+01  7.4213E+00  1.2211E+03  1.0005E+01  1.2311E+03  0.000E-01  8.389E-01
1.4853863E+00 2.71953E+01  7.3788E+00  1.2080E+03  1.0011E+01  1.2180E+03  0.000E-01  8.347E-01
1.4928132E+00 2.58385E+01  7.3366E+00  1.1952E+03  1.0016E+01  1.2052E+03  0.000E-01  8.305E-01
1.5002773E+00 2.41652E+01  7.2948E+00  1.1824E+03  1.0022E+01  1.1924E+03  0.000E-01  8.264E-01
1.5077787E+00 2.19805E+01  7.2533E+00  1.1698E+03  1.0027E+01  1.1799E+03  0.000E-01  8.223E-01
1.5153176E+00 1.88094E+01  7.2120E+00  1.1574E+03  1.0032E+01  1.1674E+03  0.000E-01  8.182E-01
1.5228942E+00 1.27485E+01  7.1711E+00  1.1451E+03  1.0037E+01  1.1552E+03  0.000E-01  8.141E-01
1.5275616E+00  -6.16539E+00  7.1462E+00  1.1376E+03  1.0040E+01  1.1477E+03  0.000E-01  8.116E-01
1.5280383E+00  -6.50870E+00  2.6615E+01  4.2357E+03  1.0040E+01  4.2458E+03  0.000E-01  8.114E-01
1.5305086E+00 8.46563E+00  2.6549E+01  4.2184E+03  1.0042E+01  4.2284E+03  0.000E-01  8.101E-01
1.5381612E+00 1.63279E+01  2.6345E+01  4.1652E+03  1.0047E+01  4.1752E+03  0.000E-01  8.061E-01
1.5458520E+00 1.91031E+01  2.6144E+01  4.1127E+03  1.0051E+01  4.1228E+03  0.000E-01  8.020E-01
1.5535812E+00 2.03540E+01  2.5943E+01  4.0609E+03  1.0055E+01  4.0710E+03  0.000E-01  7.981E-01
1.5613491E+00 2.05113E+01  2.5745E+01  4.0098E+03  1.0059E+01  4.0198E+03  0.000E-01  7.941E-01
1.5691559E+00 1.90375E+01  2.5548E+01  3.9593E+03  1.0063E+01  3.9694E+03  0.000E-01  7.901E-01
1.5758114E+00 9.29434E+00  2.5382E+01  3.9170E+03  1.0067E+01  3.9271E+03  0.000E-01  7.868E-01
1.5767887E+00 9.24297E+00  3.8098E+01  5.8757E+03  1.0067E+01  5.8858E+03  0.000E-01  7.863E-01
1.5770017E+00 1.07459E+01  3.8090E+01  5.8737E+03  1.0067E+01  5.8837E+03  0.000E-01  7.862E-01
1.5848867E+00 2.20634E+01  3.7793E+01  5.7990E+03  1.0071E+01  5.8090E+03  0.000E-01  7.823E-01
1.5928111E+00 2.57088E+01  3.7499E+01  5.7251E+03  1.0074E+01  5.7352E+03  0.000E-01  7.784E-01
1.6007752E+00 2.81835E+01  3.7206E+01  5.6522E+03  1.0078E+01  5.6623E+03  0.000E-01  7.745E-01
1.6087790E+00 3.01187E+01  3.6916E+01  5.5802E+03  1.0081E+01  5.5903E+03  0.000E-01  7.707E-01
1.6168229E+00 3.17298E+01  3.6629E+01  5.5092E+03  1.0084E+01  5.5193E+03  0.000E-01  7.668E-01
1.6249070E+00 3.31192E+01  3.6343E+01  5.4391E+03  1.0087E+01  5.4492E+03  0.000E-01  7.630E-01
1.6330316E+00 3.43448E+01  3.6060E+01  5.3699E+03  1.0089E+01  5.3800E+03  0.000E-01  7.592E-01
1.6411967E+00 3.54429E+01  3.5779E+01  5.3016E+03  1.0092E+01  5.3117E+03  0.000E-01  7.555E-01
1.6494027E+00 3.64381E+01  3.5501E+01  5.2342E+03  1.0094E+01  5.2442E+03  0.000E-01  7.517E-01
1.6576497E+00 3.73481E+01  3.5225E+01  5.1676E+03  1.0096E+01  5.1777E+03  0.000E-01  7.480E-01
1.6659380E+00 3.81859E+01  3.4951E+01  5.1019E+03  1.0098E+01  5.1120E+03  0.000E-01  7.442E-01
1.6742677E+00 3.89614E+01  3.4679E+01  5.0371E+03  1.0100E+01  5.0472E+03  0.000E-01  7.405E-01
1.6826390E+00 3.96825E+01  3.4410E+01  4.9731E+03  1.0102E+01  4.9832E+03  0.000E-01  7.368E-01
1.6910522E+00 4.03554E+01  3.4142E+01  4.9099E+03  1.0104E+01  4.9200E+03  0.000E-01  7.332E-01
1.6995075E+00 4.09853E+01  3.3877E+01  4.8475E+03  1.0105E+01  4.8576E+03  0.000E-01  7.295E-01
1.7080050E+00 4.15763E+01  3.3614E+01  4.7860E+03  1.0106E+01  4.7961E+03  0.000E-01  7.259E-01
1.7165450E+00 4.21319E+01  3.3354E+01  4.7252E+03  1.0107E+01  4.7353E+03  0.000E-01  7.223E-01
1.7251278E+00 4.26550E+01  3.3095E+01  4.6652E+03  1.0108E+01  4.6753E+03  0.000E-01  7.187E-01
1.7337534E+00 4.31481E+01  3.2838E+01  4.6060E+03  1.0109E+01  4.6161E+03  0.000E-01  7.151E-01
1.7424222E+00 4.36134E+01  3.2584E+01  4.5476E+03  1.0109E+01  4.5577E+03  0.000E-01  7.116E-01
1.7511343E+00 4.40524E+01  3.2331E+01  4.4899E+03  1.0110E+01  4.5000E+03  0.000E-01  7.080E-01
1.7598899E+00 4.44668E+01  3.2081E+01  4.4329E+03  1.0110E+01  4.4431E+03  0.000E-01  7.045E-01
1.7686894E+00 4.48578E+01  3.1832E+01  4.3767E+03  1.0110E+01  4.3868E+03  0.000E-01  7.010E-01
1.7775328E+00 4.52264E+01  3.1586E+01  4.3213E+03  1.0110E+01  4.3314E+03  0.000E-01  6.975E-01
1.7864205E+00 4.55733E+01  3.1342E+01  4.2665E+03  1.0110E+01  4.2766E+03  0.000E-01  6.940E-01
1.7953526E+00 4.58993E+01  3.1099E+01  4.2124E+03  1.0109E+01  4.2225E+03  0.000E-01  6.906E-01
1.8043294E+00 4.62047E+01  3.0859E+01  4.1591E+03  1.0109E+01  4.1692E+03  0.000E-01  6.871E-01
1.8133510E+00 4.64896E+01  3.0620E+01  4.1064E+03  1.0108E+01  4.1165E+03  0.000E-01  6.837E-01
1.8224178E+00 4.67541E+01  3.0384E+01  4.0544E+03  1.0107E+01  4.0645E+03  0.000E-01  6.803E-01
1.8315299E+00 4.69979E+01  3.0149E+01  4.0031E+03  1.0106E+01  4.0132E+03  0.000E-01  6.769E-01
1.8406875E+00 4.72202E+01  2.9916E+01  3.9524E+03  1.0105E+01  3.9625E+03  0.000E-01  6.736E-01
1.8498909E+00 4.74201E+01  2.9686E+01  3.9024E+03  1.0103E+01  3.9125E+03  0.000E-01  6.702E-01
1.8591404E+00 4.75958E+01  2.9457E+01  3.8530E+03  1.0102E+01  3.8631E+03  0.000E-01  6.669E-01
1.8684361E+00 4.77450E+01  2.9230E+01  3.8043E+03  1.0100E+01  3.8144E+03  0.000E-01  6.636E-01
1.8777783E+00 4.78640E+01  2.9004E+01  3.7562E+03  1.0098E+01  3.7663E+03  0.000E-01  6.603E-01
1.8871672E+00 4.79476E+01  2.8781E+01  3.7087E+03  1.0096E+01  3.7188E+03  0.000E-01  6.570E-01
1.8966030E+00 4.79874E+01  2.8559E+01  3.6619E+03  1.0094E+01  3.6719E+03  0.000E-01  6.537E-01
1.9060860E+00 4.79698E+01  2.8339E+01  3.6156E+03  1.0092E+01  3.6257E+03  0.000E-01  6.505E-01
1.9156165E+00 4.78704E+01  2.8121E+01  3.5699E+03  1.0089E+01  3.5800E+03  0.000E-01  6.472E-01
1.9251945E+00 4.76397E+01  2.7905E+01  3.5248E+03  1.0087E+01  3.5349E+03  0.000E-01  6.440E-01
1.9348205E+00 4.71503E+01  2.7690E+01  3.4803E+03  1.0084E+01  3.4904E+03  0.000E-01  6.408E-01
1.9444946E+00 4.58346E+01  2.7477E+01  3.4364E+03  1.0081E+01  3.4465E+03  0.000E-01  6.376E-01
1.9475382E+00 4.46174E+01  2.7411E+01  3.4227E+03  1.0080E+01  3.4328E+03  0.000E-01  6.366E-01
1.9520618E+00 4.46759E+01  3.2118E+01  4.0012E+03  1.0078E+01  4.0113E+03  0.000E-01  6.351E-01
1.9542171E+00 4.57658E+01  3.2058E+01  3.9893E+03  1.0078E+01  3.9994E+03  0.000E-01  6.344E-01
1.9639882E+00 4.78151E+01  3.1786E+01  3.9358E+03  1.0074E+01  3.9459E+03  0.000E-01  6.313E-01
1.9738081E+00 4.88564E+01  3.1517E+01  3.8831E+03  1.0071E+01  3.8931E+03  0.000E-01  6.281E-01
1.9836772E+00 4.96011E+01  3.1250E+01  3.8310E+03  1.0067E+01  3.8411E+03  0.000E-01  6.250E-01
1.9935955E+00 5.01960E+01  3.0985E+01  3.7796E+03  1.0064E+01  3.7897E+03  0.000E-01  6.219E-01
2.0035635E+00 5.06968E+01  3.0722E+01  3.7289E+03  1.0060E+01  3.7389E+03  0.000E-01  6.188E-01
2.0135813E+00 5.11310E+01  3.0461E+01  3.6788E+03  1.0056E+01  3.6889E+03  0.000E-01  6.157E-01
2.0236492E+00 5.15135E+01  3.0202E+01  3.6294E+03  1.0051E+01  3.6395E+03  0.000E-01  6.127E-01
2.0337675E+00 5.18530E+01  2.9946E+01  3.5808E+03  1.0047E+01  3.5908E+03  0.000E-01  6.096E-01
2.0439363E+00 5.21534E+01  2.9692E+01  3.5327E+03  1.0042E+01  3.5428E+03  0.000E-01  6.066E-01
2.0541560E+00 5.24207E+01  2.9461E+01  3.4878E+03  1.0038E+01  3.4978E+03  0.000E-01  6.036E-01
2.0644268E+00 5.26687E+01  2.9237E+01  3.4440E+03  1.0033E+01  3.4540E+03  0.000E-01  6.006E-01
2.0747489E+00 5.28970E+01  2.9016E+01  3.4010E+03  1.0028E+01  3.4110E+03  0.000E-01  5.976E-01
2.0851227E+00 5.31051E+01  2.8799E+01  3.3587E+03  1.0023E+01  3.3687E+03  0.000E-01  5.946E-01
2.0955483E+00 5.32923E+01  2.8584E+01  3.3171E+03  1.0017E+01  3.3271E+03  0.000E-01  5.917E-01
2.1060260E+00 5.34572E+01  2.8373E+01  3.2762E+03  1.0012E+01  3.2862E+03  0.000E-01  5.887E-01
2.1165562E+00 5.35967E+01  2.8164E+01  3.2359E+03  1.0006E+01  3.2459E+03  0.000E-01  5.858E-01
2.1271389E+00 5.37051E+01  2.7958E+01  3.1963E+03  1.0001E+01  3.2063E+03  0.000E-01  5.829E-01
2.1377746E+00 5.37715E+01  2.7755E+01  3.1573E+03  9.9946E+00  3.1673E+03  0.000E-01  5.800E-01
2.1484635E+00 5.37716E+01  2.7554E+01  3.1189E+03  9.9886E+00  3.1289E+03  0.000E-01  5.771E-01
2.1592058E+00 5.36356E+01  2.7356E+01  3.0810E+03  9.9823E+00  3.0910E+03  0.000E-01  5.742E-01
2.1700018E+00 5.29164E+01  2.7161E+01  3.0438E+03  9.9760E+00  3.0538E+03  0.000E-01  5.714E-01
2.1704360E+00 5.28293E+01  2.7153E+01  3.0423E+03  9.9757E+00  3.0523E+03  0.000E-01  5.712E-01
2.1755642E+00 5.29028E+01  2.8982E+01  3.2396E+03  9.9726E+00  3.2495E+03  0.000E-01  5.699E-01
2.1808519E+00 5.36916E+01  2.8875E+01  3.2198E+03  9.9694E+00  3.2298E+03  0.000E-01  5.685E-01
2.1917561E+00 5.44223E+01  2.8658E+01  3.1797E+03  9.9628E+00  3.1896E+03  0.000E-01  5.657E-01
2.2027149E+00 5.48883E+01  2.8443E+01  3.1401E+03  9.9559E+00  3.1501E+03  0.000E-01  5.629E-01
2.2137285E+00 5.52548E+01  2.8230E+01  3.1011E+03  9.9490E+00  3.1111E+03  0.000E-01  5.601E-01
2.2247971E+00 5.55658E+01  2.8020E+01  3.0628E+03  9.9418E+00  3.0727E+03  0.000E-01  5.573E-01
2.2359211E+00 5.58396E+01  2.7812E+01  3.0249E+03  9.9346E+00  3.0349E+03  0.000E-01  5.545E-01
2.2471007E+00 5.60852E+01  2.7607E+01  2.9876E+03  9.9271E+00  2.9976E+03  0.000E-01  5.518E-01
2.2583362E+00 5.63078E+01  2.7404E+01  2.9509E+03  9.9196E+00  2.9608E+03  0.000E-01  5.490E-01
2.2696279E+00 5.65101E+01  2.7203E+01  2.9147E+03  9.9119E+00  2.9246E+03  0.000E-01  5.463E-01
2.2809760E+00 5.66927E+01  2.7005E+01  2.8791E+03  9.9040E+00  2.8890E+03  0.000E-01  5.436E-01
2.2923809E+00 5.68603E+01  2.6821E+01  2.8453E+03  9.8960E+00  2.8552E+03  0.000E-01  5.409E-01
2.3038428E+00 5.70170E+01  2.6640E+01  2.8120E+03  9.8878E+00  2.8219E+03  0.000E-01  5.382E-01
2.3153620E+00 5.71615E+01  2.6461E+01  2.7792E+03  9.8795E+00  2.7891E+03  0.000E-01  5.355E-01
2.3269388E+00 5.72923E+01  2.6284E+01  2.7469E+03  9.8711E+00  2.7568E+03  0.000E-01  5.328E-01
2.3385735E+00 5.74073E+01  2.6110E+01  2.7151E+03  9.8625E+00  2.7250E+03  0.000E-01  5.302E-01
2.3502664E+00 5.75023E+01  2.5938E+01  2.6838E+03  9.8538E+00  2.6937E+03  0.000E-01  5.275E-01
2.3620177E+00 5.75690E+01  2.5768E+01  2.6530E+03  9.8449E+00  2.6628E+03  0.000E-01  5.249E-01
2.3738278E+00 5.75888E+01  2.5600E+01  2.6226E+03  9.8359E+00  2.6324E+03  0.000E-01  5.223E-01
2.3856970E+00 5.75021E+01  2.5434E+01  2.5926E+03  9.8267E+00  2.6024E+03  0.000E-01  5.197E-01
2.3931119E+00 5.72620E+01  2.5331E+01  2.5741E+03  9.8210E+00  2.5839E+03  0.000E-01  5.181E-01
2.3976254E+00 5.64412E+01  2.5270E+01  2.5630E+03  9.8175E+00  2.5728E+03  0.000E-01  5.171E-01
2.4030879E+00 5.73875E+01  2.6372E+01  2.6687E+03  9.8132E+00  2.6785E+03  0.000E-01  5.159E-01
2.4096136E+00 5.77872E+01  2.6280E+01  2.6523E+03  9.8080E+00  2.6621E+03  0.000E-01  5.145E-01
2.4216616E+00 5.82101E+01  2.6114E+01  2.6224E+03  9.7984E+00  2.6322E+03  0.000E-01  5.120E-01
2.4337699E+00 5.85158E+01  2.5950E+01  2.5929E+03  9.7887E+00  2.6027E+03  0.000E-01  5.094E-01
2.4459388E+00 5.87724E+01  2.5786E+01  2.5638E+03  9.7789E+00  2.5735E+03  0.000E-01  5.069E-01
2.4581685E+00 5.90011E+01  2.5625E+01  2.5350E+03  9.7689E+00  2.5448E+03  0.000E-01  5.044E-01
2.4704593E+00 5.92111E+01  2.5465E+01  2.5066E+03  9.7587E+00  2.5164E+03  0.000E-01  5.019E-01
2.4828116E+00 5.94075E+01  2.5306E+01  2.4786E+03  9.7485E+00  2.4884E+03  0.000E-01  4.994E-01
2.4952257E+00 5.95935E+01  2.5148E+01  2.4509E+03  9.7381E+00  2.4606E+03  0.000E-01  4.969E-01
2.5077018E+00 5.97708E+01  2.4992E+01  2.4236E+03  9.7275E+00  2.4333E+03  0.000E-01  4.944E-01
2.5202403E+00 5.99408E+01  2.4837E+01  2.3966E+03  9.7168E+00  2.4063E+03  0.000E-01  4.920E-01
2.5328415E+00 6.01056E+01  2.4685E+01  2.3701E+03  9.7060E+00  2.3798E+03  0.000E-01  4.895E-01
2.5455057E+00 6.02653E+01  2.4530E+01  2.3434E+03  9.6951E+00  2.3531E+03  0.000E-01  4.871E-01
2.5582333E+00 6.04194E+01  2.4375E+01  2.3170E+03  9.6840E+00  2.3267E+03  0.000E-01  4.846E-01
2.5710244E+00 6.05687E+01  2.4221E+01  2.2909E+03  9.6728E+00  2.3006E+03  0.000E-01  4.822E-01
2.5838796E+00 6.07135E+01  2.4068E+01  2.2652E+03  9.6614E+00  2.2748E+03  0.000E-01  4.798E-01
2.5967990E+00 6.08544E+01  2.3916E+01  2.2397E+03  9.6499E+00  2.2494E+03  0.000E-01  4.775E-01
2.6097829E+00 6.09915E+01  2.3766E+01  2.2145E+03  9.6383E+00  2.2242E+03  0.000E-01  4.751E-01
2.6228319E+00 6.11252E+01  2.3616E+01  2.1897E+03  9.6266E+00  2.1993E+03  0.000E-01  4.727E-01
2.6359460E+00 6.12558E+01  2.3468E+01  2.1651E+03  9.6147E+00  2.1747E+03  0.000E-01  4.704E-01
2.6491257E+00 6.13833E+01  2.3321E+01  2.1408E+03  9.6027E+00  2.1504E+03  0.000E-01  4.680E-01
2.6623714E+00 6.15081E+01  2.3174E+01  2.1167E+03  9.5906E+00  2.1263E+03  0.000E-01  4.657E-01
2.6756832E+00 6.16302E+01  2.3029E+01  2.0930E+03  9.5783E+00  2.1026E+03  0.000E-01  4.634E-01
2.6890617E+00 6.17499E+01  2.2884E+01  2.0695E+03  9.5659E+00  2.0791E+03  0.000E-01  4.611E-01
2.7025070E+00 6.18672E+01  2.2740E+01  2.0463E+03  9.5534E+00  2.0558E+03  0.000E-01  4.588E-01
2.7160195E+00 6.19822E+01  2.2597E+01  2.0233E+03  9.5408E+00  2.0328E+03  0.000E-01  4.565E-01
2.7295996E+00 6.20951E+01  2.2455E+01  2.0006E+03  9.5280E+00  2.0101E+03  0.000E-01  4.542E-01
2.7432476E+00 6.22059E+01  2.2314E+01  1.9781E+03  9.5151E+00  1.9876E+03  0.000E-01  4.520E-01
2.7569638E+00 6.23149E+01  2.2174E+01  1.9559E+03  9.5021E+00  1.9654E+03  0.000E-01  4.497E-01
2.7707486E+00 6.24219E+01  2.2035E+01  1.9339E+03  9.4890E+00  1.9434E+03  0.000E-01  4.475E-01
2.7846024E+00 6.25273E+01  2.1896E+01  1.9122E+03  9.4757E+00  1.9217E+03  0.000E-01  4.452E-01
2.7985254E+00 6.26309E+01  2.1758E+01  1.8907E+03  9.4623E+00  1.9002E+03  0.000E-01  4.430E-01
2.8125180E+00 6.27331E+01  2.1621E+01  1.8694E+03  9.4488E+00  1.8789E+03  0.000E-01  4.408E-01
2.8265806E+00 6.28338E+01  2.1484E+01  1.8484E+03  9.4352E+00  1.8578E+03  0.000E-01  4.386E-01
2.8407135E+00 6.29327E+01  2.1347E+01  1.8274E+03  9.4214E+00  1.8368E+03  0.000E-01  4.365E-01
2.8549171E+00 6.30297E+01  2.1210E+01  1.8067E+03  9.4076E+00  1.8161E+03  0.000E-01  4.343E-01
2.8691917E+00 6.31251E+01  2.1074E+01  1.7862E+03  9.3936E+00  1.7956E+03  0.000E-01  4.321E-01
2.8835376E+00 6.32191E+01  2.0939E+01  1.7659E+03  9.3795E+00  1.7753E+03  0.000E-01  4.300E-01
2.8979553E+00 6.33116E+01  2.0805E+01  1.7458E+03  9.3652E+00  1.7552E+03  0.000E-01  4.278E-01
2.9124451E+00 6.34028E+01  2.0671E+01  1.7260E+03  9.3509E+00  1.7353E+03  0.000E-01  4.257E-01
2.9270073E+00 6.34930E+01  2.0538E+01  1.7064E+03  9.3365E+00  1.7157E+03  0.000E-01  4.236E-01
2.9416424E+00 6.35823E+01  2.0406E+01  1.6870E+03  9.3219E+00  1.6963E+03  0.000E-01  4.215E-01
2.9563506E+00 6.36712E+01  2.0275E+01  1.6678E+03  9.3072E+00  1.6771E+03  0.000E-01  4.194E-01
2.9711323E+00 6.37602E+01  2.0145E+01  1.6489E+03  9.2924E+00  1.6582E+03  0.000E-01  4.173E-01
2.9859880E+00 6.38504E+01  2.0016E+01  1.6301E+03  9.2775E+00  1.6394E+03  0.000E-01  4.152E-01
3.0009179E+00 6.39454E+01  1.9887E+01  1.6115E+03  9.2625E+00  1.6208E+03  0.000E-01  4.132E-01
3.0159225E+00 6.40414E+01  1.9743E+01  1.5919E+03  9.2473E+00  1.6012E+03  0.000E-01  4.111E-01
3.0310021E+00 6.41313E+01  1.9600E+01  1.5725E+03  9.2321E+00  1.5818E+03  0.000E-01  4.091E-01
3.0461571E+00 6.42174E+01  1.9458E+01  1.5534E+03  9.2167E+00  1.5626E+03  0.000E-01  4.070E-01
3.0613879E+00 6.45182E+01  1.9315E+01  1.5343E+03  9.2013E+00  1.5435E+03  0.000E-01  4.050E-01
3.0766949E+00 6.45976E+01  1.9168E+01  1.5150E+03  9.1857E+00  1.5242E+03  0.000E-01  4.030E-01
3.0920783E+00 6.46741E+01  1.9023E+01  1.4961E+03  9.1700E+00  1.5052E+03  0.000E-01  4.010E-01
3.1075387E+00 6.47478E+01  1.8879E+01  1.4774E+03  9.1542E+00  1.4865E+03  0.000E-01  3.990E-01
3.1230764E+00 6.48190E+01  1.8736E+01  1.4589E+03  9.1383E+00  1.4680E+03  0.000E-01  3.970E-01
3.1386918E+00 6.48878E+01  1.8593E+01  1.4406E+03  9.1223E+00  1.4497E+03  0.000E-01  3.950E-01
3.1543853E+00 6.50964E+01  1.8452E+01  1.4225E+03  9.1062E+00  1.4316E+03  0.000E-01  3.931E-01
3.1701572E+00 6.51611E+01  1.8308E+01  1.4044E+03  9.0900E+00  1.4135E+03  0.000E-01  3.911E-01
3.1860080E+00 6.52232E+01  1.8165E+01  1.3865E+03  9.0737E+00  1.3955E+03  0.000E-01  3.892E-01
3.2019380E+00 6.52829E+01  1.8023E+01  1.3688E+03  9.0573E+00  1.3779E+03  0.000E-01  3.872E-01
3.2179477E+00 6.53402E+01  1.7882E+01  1.3514E+03  9.0408E+00  1.3604E+03  0.000E-01  3.853E-01
3.2340374E+00 6.53954E+01  1.7743E+01  1.3342E+03  9.0242E+00  1.3432E+03  0.000E-01  3.834E-01
3.2502076E+00 6.54485E+01  1.7606E+01  1.3173E+03  9.0074E+00  1.3263E+03  0.000E-01  3.815E-01
3.2664587E+00 6.54997E+01  1.7469E+01  1.3005E+03  8.9906E+00  1.3095E+03  0.000E-01  3.796E-01
3.2827910E+00 6.55490E+01  1.7334E+01  1.2840E+03  8.9737E+00  1.2930E+03  0.000E-01  3.777E-01
3.2992049E+00 6.55966E+01  1.7200E+01  1.2678E+03  8.9567E+00  1.2767E+03  0.000E-01  3.758E-01
3.3157009E+00 6.56425E+01  1.7067E+01  1.2517E+03  8.9396E+00  1.2607E+03  0.000E-01  3.739E-01
3.3322794E+00 6.56868E+01  1.6935E+01  1.2359E+03  8.9224E+00  1.2448E+03  0.000E-01  3.721E-01
3.3489408E+00 6.57295E+01  1.6805E+01  1.2203E+03  8.9051E+00  1.2292E+03  0.000E-01  3.702E-01
3.3656856E+00 6.57708E+01  1.6675E+01  1.2048E+03  8.8877E+00  1.2137E+03  0.000E-01  3.684E-01
3.3825140E+00 6.58106E+01  1.6547E+01  1.1896E+03  8.8702E+00  1.1985E+03  0.000E-01  3.665E-01
3.3994265E+00 6.58491E+01  1.6420E+01  1.1746E+03  8.8526E+00  1.1835E+03  0.000E-01  3.647E-01
3.4164237E+00 6.58863E+01  1.6294E+01  1.1598E+03  8.8349E+00  1.1687E+03  0.000E-01  3.629E-01
3.4335058E+00 6.59222E+01  1.6170E+01  1.1452E+03  8.8172E+00  1.1541E+03  0.000E-01  3.611E-01
3.4506733E+00 6.59569E+01  1.6046E+01  1.1308E+03  8.7993E+00  1.1396E+03  0.000E-01  3.593E-01
3.4679267E+00 6.59904E+01  1.5924E+01  1.1166E+03  8.7814E+00  1.1254E+03  0.000E-01  3.575E-01
3.4852663E+00 6.60228E+01  1.5802E+01  1.1025E+03  8.7633E+00  1.1113E+03  0.000E-01  3.557E-01
3.5026927E+00 6.60541E+01  1.5680E+01  1.0886E+03  8.7452E+00  1.0974E+03  0.000E-01  3.540E-01
3.5202061E+00 6.60843E+01  1.5560E+01  1.0749E+03  8.7270E+00  1.0836E+03  0.000E-01  3.522E-01
3.5378072E+00 6.61134E+01  1.5440E+01  1.0614E+03  8.7087E+00  1.0701E+03  0.000E-01  3.505E-01
3.5554962E+00 6.61415E+01  1.5322E+01  1.0480E+03  8.6903E+00  1.0567E+03  0.000E-01  3.487E-01
3.5732737E+00 6.61686E+01  1.5205E+01  1.0348E+03  8.6718E+00  1.0435E+03  0.000E-01  3.470E-01
3.5911400E+00 6.61948E+01  1.5089E+01  1.0218E+03  8.6533E+00  1.0304E+03  0.000E-01  3.453E-01
3.6090957E+00 6.62200E+01  1.4974E+01  1.0090E+03  8.6347E+00  1.0176E+03  0.000E-01  3.435E-01
3.6271412E+00 6.62443E+01  1.4860E+01  9.9630E+02  8.6159E+00  1.0049E+03  0.000E-01  3.418E-01
3.6452769E+00 6.62678E+01  1.4747E+01  9.8381E+02  8.5971E+00  9.9241E+02  0.000E-01  3.401E-01
3.6635033E+00 6.62904E+01  1.4635E+01  9.7149E+02  8.5783E+00  9.8007E+02  0.000E-01  3.384E-01
3.6818208E+00 6.63122E+01  1.4524E+01  9.5933E+02  8.5593E+00  9.6789E+02  0.000E-01  3.367E-01
3.7002299E+00 6.63332E+01  1.4415E+01  9.4734E+02  8.5403E+00  9.5588E+02  0.000E-01  3.351E-01
3.7187311E+00 6.63535E+01  1.4306E+01  9.3551E+02  8.5211E+00  9.4403E+02  0.000E-01  3.334E-01
3.7373247E+00 6.63731E+01  1.4197E+01  9.2378E+02  8.5019E+00  9.3229E+02  0.000E-01  3.317E-01
3.7560114E+00 6.63920E+01  1.4089E+01  9.1222E+02  8.4827E+00  9.2070E+02  0.000E-01  3.301E-01
3.7747914E+00 6.64102E+01  1.3983E+01  9.0080E+02  8.4633E+00  9.0927E+02  0.000E-01  3.285E-01
3.7936654E+00 6.64276E+01  1.3877E+01  8.8954E+02  8.4439E+00  8.9799E+02  0.000E-01  3.268E-01
3.8126337E+00 6.64445E+01  1.3772E+01  8.7843E+02  8.4244E+00  8.8686E+02  0.000E-01  3.252E-01
3.8316969E+00 6.64608E+01  1.3668E+01  8.6747E+02  8.4048E+00  8.7588E+02  0.000E-01  3.236E-01
3.8508554E+00 6.64764E+01  1.3565E+01  8.5666E+02  8.3852E+00  8.6504E+02  0.000E-01  3.220E-01
3.8701096E+00 6.64915E+01  1.3463E+01  8.4599E+02  8.3655E+00  8.5435E+02  0.000E-01  3.204E-01
3.8894602E+00 6.65061E+01  1.3362E+01  8.3546E+02  8.3457E+00  8.4381E+02  0.000E-01  3.188E-01
3.9089075E+00 6.66298E+01  1.3260E+01  8.2494E+02  8.3258E+00  8.3327E+02  0.000E-01  3.172E-01
3.9284520E+00 6.66439E+01  1.3156E+01  8.1442E+02  8.3059E+00  8.2273E+02  0.000E-01  3.156E-01
3.9480943E+00 6.66571E+01  1.3054E+01  8.0404E+02  8.2859E+00  8.1233E+02  0.000E-01  3.140E-01
3.9678347E+00 6.66694E+01  1.2952E+01  7.9381E+02  8.2658E+00  8.0207E+02  0.000E-01  3.125E-01
3.9876739E+00 6.66808E+01  1.2851E+01  7.8371E+02  8.2457E+00  7.9195E+02  0.000E-01  3.109E-01
4.055024E+00  6.71293E+01  1.2519E+01  7.5078E+02  8.2015E+00  7.5898E+02  0.000E+00  3.058E-01
4.334821E+00  6.71246E+01  1.1292E+01  6.3346E+02  7.9251E+00  6.4139E+02  0.000E+00  2.860E-01
4.633924E+00  6.70963E+01  1.0172E+01  5.3381E+02  7.6394E+00  5.4145E+02  0.000E+00  2.676E-01
4.953664E+00  6.69694E+01  9.1701E+00  4.5017E+02  7.3464E+00  4.5752E+02  0.000E+00  2.503E-01
5.295467E+00  6.67626E+01  8.2727E+00  3.7991E+02  7.0479E+00  3.8696E+02  0.000E+00  2.341E-01
5.660855E+00  6.65036E+01  7.4733E+00  3.2104E+02  6.7458E+00  3.2779E+02  0.000E+00  2.190E-01
6.051453E+00  6.61931E+01  6.7601E+00  2.7166E+02  6.4419E+00  2.7810E+02  0.000E+00  2.049E-01
6.469004E+00  6.58226E+01  6.1228E+00  2.3017E+02  6.1379E+00  2.3631E+02  0.000E+00  1.917E-01
6.915365E+00  6.53663E+01  5.5324E+00  1.9455E+02  5.8352E+00  2.0039E+02  0.000E+00  1.793E-01
7.392525E+00  6.47554E+01  4.9914E+00  1.6420E+02  5.5353E+00  1.6974E+02  0.000E+00  1.677E-01
7.902609E+00  6.38684E+01  4.5094E+00  1.3876E+02  5.2396E+00  1.4400E+02  0.000E+00  1.569E-01
8.447890E+00  6.22694E+01  4.0808E+00  1.1747E+02  4.9493E+00  1.2242E+02  0.000E+00  1.468E-01
8.764728E+00  6.01186E+01  3.8563E+00  1.0700E+02  4.7918E+00  1.1179E+02  0.000E+00  1.415E-01
8.898882E+00  5.71931E+01  3.7678E+00  1.0297E+02  4.7275E+00  1.0770E+02  0.000E+00  1.393E-01
8.934656E+00  5.37535E+01  3.7409E+00  1.0182E+02  4.7105E+00  1.0653E+02  0.000E+00  1.388E-01
8.988318E+00  5.72170E+01  1.0431E+01  2.8220E+02  4.6853E+00  2.8689E+02  0.000E+00  1.379E-01
9.030794E+00  5.86884E+01  1.0321E+01  2.7791E+02  4.6655E+00  2.8258E+02  0.000E+00  1.373E-01
9.122472E+00  6.02430E+01  1.0089E+01  2.6895E+02  4.6231E+00  2.7357E+02  0.000E+00  1.359E-01
9.653919E+00  6.22929E+01  8.9588E+00  2.2567E+02  4.3891E+00  2.3006E+02  0.000E+00  1.284E-01
9.778636E+00  6.20963E+01  8.7436E+00  2.1744E+02  4.3368E+00  2.2178E+02  0.000E+00  1.268E-01
9.928309E+00  6.09185E+01  8.5005E+00  2.0821E+02  4.2754E+00  2.1249E+02  0.000E+00  1.249E-01
9.968222E+00  5.92549E+01  8.4382E+00  2.0586E+02  4.2592E+00  2.1012E+02  0.000E+00  1.244E-01
1.002809E+01  6.10691E+01  1.1721E+01  2.8424E+02  4.2352E+00  2.8848E+02  0.000E+00  1.236E-01
1.017776E+01  6.27204E+01  1.1387E+01  2.7208E+02  4.1760E+00  2.7626E+02  0.000E+00  1.218E-01
1.027667E+01  6.31439E+01  1.1176E+01  2.6446E+02  4.1375E+00  2.6860E+02  0.000E+00  1.206E-01
1.032004E+01  6.32436E+01  1.1086E+01  2.6122E+02  4.1209E+00  2.6534E+02  0.000E+00  1.201E-01
1.043397E+01  6.31156E+01  1.0854E+01  2.5298E+02  4.0776E+00  2.5706E+02  0.000E+00  1.188E-01
1.047591E+01  6.24005E+01  1.0772E+01  2.5005E+02  4.0618E+00  2.5411E+02  0.000E+00  1.184E-01
1.053883E+01  6.34667E+01  1.2356E+01  2.8511E+02  4.0384E+00  2.8915E+02  0.000E+00  1.176E-01
1.069613E+01  6.46852E+01  1.2066E+01  2.7434E+02  3.9807E+00  2.7832E+02  0.000E+00  1.159E-01
1.103212E+01  6.59637E+01  1.1498E+01  2.5345E+02  3.8616E+00  2.5731E+02  0.000E+00  1.124E-01
1.179334E+01  6.75511E+01  1.0372E+01  2.1388E+02  3.6119E+00  2.1749E+02  0.000E+00  1.051E-01
1.260708E+01  6.85201E+01  9.3393E+00  1.8015E+02  3.3722E+00  1.8352E+02  0.000E+00  9.834E-02
1.347697E+01  6.91784E+01  8.3938E+00  1.5146E+02  3.1428E+00  1.5460E+02  0.000E+00  9.200E-02
1.440688E+01  6.96219E+01  7.5242E+00  1.2700E+02  2.9240E+00  1.2992E+02  0.000E+00  8.606E-02
1.540095E+01  6.99154E+01  6.7398E+00  1.0642E+02  2.7159E+00  1.0914E+02  0.000E+00  8.050E-02
1.646362E+01  7.01045E+01  6.0368E+00  8.9170E+01  2.5186E+00  9.1689E+01  0.000E+00  7.531E-02
1.759961E+01  7.02200E+01  5.4096E+00  7.4747E+01  2.3321E+00  7.7079E+01  0.000E+00  7.045E-02
1.881398E+01  7.03448E+01  4.8427E+00  6.2595E+01  2.1563E+00  6.4751E+01  0.000E+00  6.590E-02
2.011215E+01  7.03981E+01  4.3363E+00  5.2432E+01  1.9910E+00  5.4423E+01  0.000E+00  6.165E-02
2.149988E+01  7.04166E+01  3.8790E+00  4.3875E+01  1.8359E+00  4.5711E+01  0.000E+00  5.767E-02
2.298338E+01  7.03806E+01  3.4684E+00  3.6699E+01  1.6909E+00  3.8390E+01  0.000E+00  5.395E-02
2.456923E+01  7.03291E+01  3.1040E+00  3.0723E+01  1.5556E+00  3.2279E+01  0.000E+00  5.046E-02
2.626450E+01  7.02721E+01  2.7802E+00  2.5742E+01  1.4297E+00  2.7172E+01  0.000E+00  4.721E-02
2.807676E+01  7.02074E+01  2.4723E+00  2.1413E+01  1.3128E+00  2.2726E+01  0.000E+00  4.416E-02
3.001405E+01  7.01192E+01  2.1945E+00  1.7780E+01  1.2045E+00  1.8984E+01  0.000E+00  4.131E-02
3.208502E+01  7.00208E+01  1.9495E+00  1.4776E+01  1.1043E+00  1.5880E+01  0.000E+00  3.864E-02
3.429889E+01  6.99157E+01  1.7332E+00  1.2289E+01  1.0120E+00  1.3301E+01  0.000E+00  3.615E-02
3.666551E+01  6.98048E+01  1.5421E+00  1.0228E+01  9.2696E-01  1.1155E+01  0.000E+00  3.381E-02
3.919543E+01  6.96878E+01  1.3727E+00  8.5168E+00  8.4886E-01  9.3657E+00  0.000E+00  3.163E-02
4.189992E+01  6.95608E+01  1.2204E+00  7.0830E+00  7.7725E-01  7.8602E+00  0.000E+00  2.959E-02
4.479101E+01  6.94188E+01  1.0847E+00  5.8890E+00  7.1172E-01  6.6007E+00  0.000E+00  2.768E-02
4.788159E+01  6.92508E+01  9.6081E-01  4.8798E+00  6.5185E-01  5.5316E+00  0.000E+00  2.589E-02
5.118542E+01  6.90346E+01  8.5078E-01  4.0421E+00  5.9725E-01  4.6394E+00  0.000E+00  2.422E-02
5.471721E+01  6.87183E+01  7.5329E-01  3.3479E+00  5.4754E-01  3.8954E+00  0.000E+00  2.266E-02
5.849270E+01  6.80890E+01  6.6748E-01  2.7750E+00  5.0234E-01  3.2773E+00  0.000E+00  2.120E-02
6.010565E+01  6.74370E+01  6.3550E-01  2.5712E+00  4.8512E-01  3.0563E+00  0.000E+00  2.063E-02
6.102564E+01  6.63087E+01  6.1835E-01  2.4641E+00  4.7580E-01  2.9399E+00  0.000E+00  2.032E-02
6.127097E+01  6.49576E+01  6.1390E-01  2.4366E+00  4.7338E-01  2.9100E+00  0.000E+00  2.024E-02
6.163896E+01  6.63231E+01  3.2671E+00  1.2890E+01  4.6978E-01  1.3360E+01  1.049E+01  2.011E-02
6.252870E+01  6.75338E+01  3.1960E+00  1.2430E+01  4.6130E-01  1.2891E+01  1.013E+01  1.983E-02
6.255894E+01  6.75565E+01  3.1936E+00  1.2414E+01  4.6102E-01  1.2875E+01  1.012E+01  1.982E-02
6.684318E+01  6.89414E+01  2.8776E+00  1.0469E+01  4.2409E-01  1.0893E+01  8.558E+00  1.855E-02
7.145536E+01  6.94756E+01  2.5819E+00  8.7868E+00  3.9039E-01  9.1772E+00  7.199E+00  1.735E-02
7.638578E+01  6.97851E+01  2.3152E+00  7.3706E+00  3.5989E-01  7.7305E+00  6.051E+00  1.623E-02
8.165640E+01  6.99894E+01  2.0735E+00  6.1750E+00  3.3233E-01  6.5073E+00  5.080E+00  1.518E-02
8.729069E+01  7.01221E+01  1.8505E+00  5.1554E+00  3.0742E-01  5.4628E+00  4.252E+00  1.420E-02
9.331374E+01  7.02094E+01  1.6518E+00  4.3047E+00  2.8493E-01  4.5896E+00  3.559E+00  1.329E-02
9.975239E+01  7.02663E+01  1.4746E+00  3.5949E+00  2.6463E-01  3.8595E+00  2.978E+00  1.243E-02
1.066353E+02  7.03022E+01  1.3166E+00  3.0026E+00  2.4631E-01  3.2489E+00  2.493E+00  1.163E-02
1.139931E+02  7.03230E+01  1.1757E+00  2.5081E+00  2.2976E-01  2.7379E+00  2.086E+00  1.088E-02
1.218587E+02  7.03335E+01  1.0500E+00  2.0954E+00  2.1482E-01  2.3102E+00  1.746E+00  1.017E-02
1.302669E+02  7.03634E+01  9.3416E-01  1.7439E+00  2.0131E-01  1.9452E+00  1.455E+00  9.518E-03
1.392553E+02  7.03570E+01  8.3084E-01  1.4509E+00  1.8909E-01  1.6400E+00  1.211E+00  8.903E-03
1.488640E+02  7.03456E+01  7.3901E-01  1.2072E+00  1.7802E-01  1.3852E+00  1.008E+00  8.329E-03
1.591356E+02  7.03310E+01  6.5740E-01  1.0046E+00  1.6798E-01  1.1726E+00  8.396E-01  7.791E-03
1.701159E+02  7.03144E+01  5.8485E-01  8.3605E-01  1.5884E-01  9.9489E-01  6.991E-01  7.288E-03
1.818539E+02  7.02967E+01  5.2036E-01  6.9584E-01  1.5051E-01  8.4635E-01  5.820E-01  6.818E-03
1.944018E+02  7.02783E+01  4.6302E-01  5.7920E-01  1.4291E-01  7.2211E-01  4.846E-01  6.378E-03
2.078156E+02  7.02598E+01  4.1203E-01  4.8215E-01  1.3593E-01  6.1808E-01  4.035E-01  5.966E-03
2.221548E+02  7.02414E+01  3.6668E-01  4.0139E-01  1.2952E-01  5.3091E-01  3.359E-01  5.581E-03
2.374835E+02  7.02234E+01  3.2635E-01  3.3419E-01  1.2360E-01  4.5779E-01  2.797E-01  5.221E-03
2.538699E+02  7.02059E+01  2.9048E-01  2.7826E-01  1.1812E-01  3.9638E-01  2.329E-01  4.884E-03
2.713869E+02  7.01888E+01  2.5909E-01  2.3216E-01  1.1302E-01  3.4518E-01  1.944E-01  4.569E-03
2.901126E+02  7.01732E+01  2.3212E-01  1.9457E-01  1.0827E-01  3.0284E-01  1.631E-01  4.274E-03
3.101304E+02  7.01589E+01  2.0797E-01  1.6308E-01  1.0381E-01  2.6689E-01  1.368E-01  3.998E-03
3.315294E+02  7.01457E+01  1.8635E-01  1.3669E-01  9.9612E-02  2.3630E-01  1.148E-01  3.740E-03
3.544049E+02  7.01335E+01  1.6699E-01  1.1458E-01  9.5648E-02  2.1023E-01  9.629E-02  3.498E-03
3.788588E+02  7.01223E+01  1.4965E-01  9.6057E-02  9.1890E-02  1.8795E-01  8.078E-02  3.273E-03
4.050001E+02  7.01119E+01  1.3412E-01  8.0531E-02  8.8313E-02  1.6884E-01  6.777E-02  3.061E-03
4.329451E+02  7.01023E+01  1.2020E-01  6.7518E-02  8.4897E-02  1.5242E-01  5.686E-02  2.864E-03


