1.067676E+00  3.38779E+01  7.9335E+00  3.4278E+03  5.6036E+00  3.4334E+03  0.000E+00  1.161E+00
1.141345E+00  3.38850E+01  7.2000E+00  2.9101E+03  5.6998E+00  2.9158E+03  0.000E+00  1.086E+00
1.220098E+00  3.38089E+01  6.5408E+00  2.4730E+03  5.7795E+00  2.4788E+03  0.000E+00  1.016E+00
1.304285E+00  3.36698E+01  5.9490E+00  2.1041E+03  5.8423E+00  2.1099E+03  0.000E+00  9.506E-01
1.394281E+00  3.34666E+01  5.3904E+00  1.7835E+03  5.8877E+00  1.7894E+03  0.000E+00  8.892E-01
1.490486E+00  3.31750E+01  4.8740E+00  1.5085E+03  5.9155E+00  1.5144E+03  0.000E+00  8.318E-01
1.593329E+00  3.27836E+01  4.4137E+00  1.2779E+03  5.9257E+00  1.2838E+03  0.000E+00  7.781E-01
1.703269E+00  3.22630E+01  4.0029E+00  1.0841E+03  5.9185E+00  1.0900E+03  0.000E+00  7.279E-01
1.820795E+00  3.15430E+01  3.6307E+00  9.1986E+02  5.8939E+00  9.2575E+02  0.000E+00  6.809E-01
1.946430E+00  3.04556E+01  3.2965E+00  7.8128E+02  5.8526E+00  7.8713E+02  0.000E+00  6.370E-01
2.080733E+00  2.84688E+01  2.9969E+00  6.6443E+02  5.7950E+00  6.7022E+02  0.000E+00  5.959E-01
2.177854E+00  2.50258E+01  2.8100E+00  5.9520E+02  5.7466E+00  6.0095E+02  0.000E+00  5.693E-01
2.211189E+00  2.10778E+01  2.7507E+00  5.7386E+02  5.7289E+00  5.7959E+02  0.000E+00  5.607E-01
2.220078E+00  1.66305E+01  2.7353E+00  5.6836E+02  5.7241E+00  5.7408E+02  0.000E+00  5.585E-01
2.224304E+00  1.62010E+01  1.1335E+01  2.3508E+03  5.7218E+00  2.3565E+03  0.000E+00  5.574E-01
2.233412E+00  2.08476E+01  1.1245E+01  2.3226E+03  5.7169E+00  2.3283E+03  0.000E+00  5.551E-01
2.260566E+00  2.38230E+01  1.0983E+01  2.2413E+03  5.7018E+00  2.2470E+03  0.000E+00  5.485E-01
2.266746E+00  2.40772E+01  1.0925E+01  2.2234E+03  5.6984E+00  2.2291E+03  0.000E+00  5.470E-01
2.295166E+00  2.39079E+01  1.0663E+01  2.1432E+03  5.6823E+00  2.1489E+03  0.000E+00  5.402E-01
2.304393E+00  2.21098E+01  1.0581E+01  2.1181E+03  5.6770E+00  2.1238E+03  0.000E+00  5.380E-01
2.318233E+00  2.47235E+01  1.4670E+01  2.9191E+03  5.6690E+00  2.9248E+03  0.000E+00  5.348E-01
2.352834E+00  2.75108E+01  1.4271E+01  2.7981E+03  5.6487E+00  2.8037E+03  0.000E+00  5.270E-01
2.377781E+00  2.85758E+01  1.4007E+01  2.7174E+03  5.6339E+00  2.7230E+03  0.000E+00  5.214E-01
2.480968E+00  3.07315E+01  1.3041E+01  2.4248E+03  5.5706E+00  2.4304E+03  0.000E+00  4.997E-01
2.518942E+00  3.05892E+01  1.2728E+01  2.3310E+03  5.5467E+00  2.3365E+03  0.000E+00  4.922E-01
2.529068E+00  2.97840E+01  1.2648E+01  2.3070E+03  5.5402E+00  2.3125E+03  0.000E+00  4.902E-01
2.541848E+00  3.08105E+01  1.4446E+01  2.6218E+03  5.5321E+00  2.6273E+03  0.000E+00  4.878E-01
2.544258E+00  3.09762E+01  1.4426E+01  2.6156E+03  5.5306E+00  2.6211E+03  0.000E+00  4.873E-01
2.582232E+00  3.23607E+01  1.4114E+01  2.5214E+03  5.5061E+00  2.5269E+03  0.000E+00  4.801E-01
2.717235E+00  3.45926E+01  1.3113E+01  2.2262E+03  5.4174E+00  2.2316E+03  0.000E+00  4.563E-01
2.904724E+00  3.63503E+01  1.1927E+01  1.8941E+03  5.2910E+00  1.8994E+03  0.000E+00  4.268E-01
3.105150E+00  3.75776E+01  1.0765E+01  1.5993E+03  5.1539E+00  1.6045E+03  0.000E+00  3.993E-01
3.319406E+00  3.84098E+01  9.6735E+00  1.3444E+03  5.0073E+00  1.3494E+03  0.000E+00  3.735E-01
3.548445E+00  3.89875E+01  8.6866E+00  1.1293E+03  4.8525E+00  1.1342E+03  0.000E+00  3.494E-01
3.793288E+00  3.93928E+01  7.8053E+00  9.4921E+02  4.6907E+00  9.5390E+02  0.000E+00  3.269E-01
4.055024E+00  3.96799E+01  7.0192E+00  7.9851E+02  4.5230E+00  8.0303E+02  0.000E+00  3.058E-01
4.334821E+00  3.98855E+01  6.3175E+00  6.7230E+02  4.3506E+00  6.7665E+02  0.000E+00  2.860E-01
4.633924E+00  4.01747E+01  5.6673E+00  5.6418E+02  4.1749E+00  5.6835E+02  0.000E+00  2.676E-01
4.953664E+00  4.02531E+01  5.0616E+00  4.7136E+02  3.9968E+00  4.7536E+02  0.000E+00  2.503E-01
5.295467E+00  4.03220E+01  4.5149E+00  3.9331E+02  3.8175E+00  3.9713E+02  0.000E+00  2.341E-01
5.660855E+00  4.03110E+01  4.0262E+00  3.2810E+02  3.6380E+00  3.3174E+02  0.000E+00  2.190E-01
6.051453E+00  4.02733E+01  3.5936E+00  2.7394E+02  3.4593E+00  2.7740E+02  0.000E+00  2.049E-01
6.469004E+00  4.02179E+01  3.2086E+00  2.2881E+02  3.2822E+00  2.3209E+02  0.000E+00  1.917E-01
6.915365E+00  4.01495E+01  2.8651E+00  1.9113E+02  3.1077E+00  1.9424E+02  0.000E+00  1.793E-01
7.392525E+00  4.00724E+01  2.5609E+00  1.5980E+02  2.9364E+00  1.6274E+02  0.000E+00  1.677E-01
7.902609E+00  3.99904E+01  2.2911E+00  1.3374E+02  2.7689E+00  1.3651E+02  0.000E+00  1.569E-01
8.447890E+00  3.99071E+01  2.0510E+00  1.1200E+02  2.6060E+00  1.1461E+02  0.000E+00  1.468E-01
9.030794E+00  3.98312E+01  1.8332E+00  9.3641E+01  2.4480E+00  9.6089E+01  0.000E+00  1.373E-01
9.653919E+00  3.97383E+01  1.6261E+00  7.7700E+01  2.2955E+00  7.9996E+01  0.000E+00  1.284E-01
1.032004E+01  3.96345E+01  1.4376E+00  6.4262E+01  2.1487E+00  6.6411E+01  0.000E+00  1.201E-01
1.103212E+01  3.95203E+01  1.2709E+00  5.3142E+01  2.0079E+00  5.5150E+01  0.000E+00  1.124E-01
1.179334E+01  3.93936E+01  1.1197E+00  4.3798E+01  1.8734E+00  4.5671E+01  0.000E+00  1.051E-01
1.260708E+01  3.92506E+01  9.8744E-01  3.6131E+01  1.7452E+00  3.7876E+01  0.000E+00  9.834E-02
1.347697E+01  3.90847E+01  8.7156E-01  2.9833E+01  1.6235E+00  3.1456E+01  0.000E+00  9.200E-02
1.440688E+01  3.88813E+01  7.6995E-01  2.4654E+01  1.5083E+00  2.6162E+01  0.000E+00  8.606E-02
1.540095E+01  3.86073E+01  6.8082E-01  2.0393E+01  1.3996E+00  2.1793E+01  0.000E+00  8.050E-02
1.646362E+01  3.81655E+01  6.0256E-01  1.6884E+01  1.2973E+00  1.8181E+01  0.000E+00  7.531E-02
1.759961E+01  3.69666E+01  5.3379E-01  1.3991E+01  1.2012E+00  1.5192E+01  0.000E+00  7.045E-02
1.763765E+01  3.68730E+01  5.3171E-01  1.3907E+01  1.1982E+00  1.5105E+01  0.000E+00  7.030E-02
1.790761E+01  3.55375E+01  5.1731E-01  1.3326E+01  1.1772E+00  1.4503E+01  0.000E+00  6.924E-02
1.797960E+01  3.39278E+01  5.1357E-01  1.3177E+01  1.1718E+00  1.4349E+01  0.000E+00  6.896E-02
1.808759E+01  3.55694E+01  3.6815E+00  9.3892E+01  1.1636E+00  9.5056E+01  8.094E+01  6.855E-02
1.835755E+01  3.70539E+01  3.5783E+00  8.9920E+01  1.1437E+00  9.1064E+01  7.749E+01  6.754E-02
1.881398E+01  3.79492E+01  3.4138E+00  8.3703E+01  1.1113E+00  8.4814E+01  7.210E+01  6.590E-02
2.011215E+01  3.89585E+01  3.0491E+00  6.9936E+01  1.0273E+00  7.0963E+01  6.030E+01  6.165E-02
2.149988E+01  3.94548E+01  2.7406E+00  5.8803E+01  9.4915E-01  5.9752E+01  5.080E+01  5.767E-02
2.298338E+01  3.97696E+01  2.4665E+00  4.9506E+01  8.7651E-01  5.0383E+01  4.285E+01  5.395E-02
2.456923E+01  3.99873E+01  2.2109E+00  4.1511E+01  8.0919E-01  4.2320E+01  3.597E+01  5.046E-02
2.626450E+01  4.01362E+01  1.9773E+00  3.4728E+01  7.4693E-01  3.5475E+01  3.011E+01  4.721E-02
2.807676E+01  4.02404E+01  1.7610E+00  2.8934E+01  6.8948E-01  2.9623E+01  2.513E+01  4.416E-02
3.001405E+01  4.03063E+01  1.5667E+00  2.4079E+01  6.3658E-01  2.4716E+01  2.096E+01  4.131E-02
3.208502E+01  4.03483E+01  1.3939E+00  2.0041E+01  5.8797E-01  2.0629E+01  1.748E+01  3.864E-02
3.429889E+01  4.03736E+01  1.2404E+00  1.6682E+01  5.4338E-01  1.7225E+01  1.457E+01  3.615E-02
3.666551E+01  4.04228E+01  1.1015E+00  1.3859E+01  5.0255E-01  1.4362E+01  1.212E+01  3.381E-02
3.919543E+01  4.04242E+01  9.7302E-01  1.1452E+01  4.6524E-01  1.1917E+01  1.002E+01  3.163E-02
4.189992E+01  4.04164E+01  8.5957E-01  9.4637E+00  4.3118E-01  9.8949E+00  8.285E+00  2.959E-02
4.479101E+01  4.04028E+01  7.5942E-01  7.8213E+00  4.0015E-01  8.2215E+00  6.850E+00  2.768E-02
4.788159E+01  4.03857E+01  6.7097E-01  6.4643E+00  3.7190E-01  6.8362E+00  5.663E+00  2.589E-02
5.118542E+01  4.03663E+01  5.9279E-01  5.3425E+00  3.4622E-01  5.6887E+00  4.682E+00  2.422E-02
5.471721E+01  4.03456E+01  5.2368E-01  4.4150E+00  3.2290E-01  4.7379E+00  3.870E+00  2.266E-02
5.849270E+01  4.03244E+01  4.6240E-01  3.6467E+00  3.0174E-01  3.9484E+00  3.200E+00  2.120E-02
6.252870E+01  4.03032E+01  4.0832E-01  3.0124E+00  2.8254E-01  3.2949E+00  2.645E+00  1.983E-02
6.684318E+01  4.02823E+01  3.6059E-01  2.4885E+00  2.6513E-01  2.7536E+00  2.187E+00  1.855E-02
7.145536E+01  4.02622E+01  3.1845E-01  2.0559E+00  2.4934E-01  2.3052E+00  1.808E+00  1.735E-02
7.638578E+01  4.02432E+01  2.8126E-01  1.6986E+00  2.3503E-01  1.9336E+00  1.495E+00  1.623E-02
8.165640E+01  4.02252E+01  2.4752E-01  1.3983E+00  2.2204E-01  1.6203E+00  1.231E+00  1.518E-02
8.729069E+01  4.02075E+01  2.1714E-01  1.1475E+00  2.1025E-01  1.3578E+00  1.010E+00  1.420E-02
9.331374E+01  4.01904E+01  1.9051E-01  9.4179E-01  1.9953E-01  1.1413E+00  8.285E-01  1.329E-02
9.975239E+01  4.01742E+01  1.6714E-01  7.7296E-01  1.8976E-01  9.6272E-01  6.798E-01  1.243E-02
1.066353E+02  4.01590E+01  1.4666E-01  6.3443E-01  1.8086E-01  8.1529E-01  5.578E-01  1.163E-02
1.139931E+02  4.01449E+01  1.2868E-01  5.2075E-01  1.7272E-01  6.9347E-01  4.577E-01  1.088E-02
1.218587E+02  4.01318E+01  1.1292E-01  4.2747E-01  1.6525E-01  5.9272E-01  3.755E-01  1.017E-02
1.302669E+02  4.01196E+01  9.9091E-02  3.5090E-01  1.5839E-01  5.0929E-01  3.081E-01  9.518E-03
1.392553E+02  4.01085E+01  8.6960E-02  2.8807E-01  1.5207E-01  4.4014E-01  2.528E-01  8.903E-03
1.488640E+02  4.00982E+01  7.6317E-02  2.3649E-01  1.4621E-01  3.8270E-01  2.074E-01  8.329E-03
1.591356E+02  4.00888E+01  6.6979E-02  1.9416E-01  1.4077E-01  3.3493E-01  1.702E-01  7.791E-03
1.701159E+02  4.00803E+01  5.8786E-02  1.5941E-01  1.3569E-01  2.9510E-01  1.397E-01  7.288E-03
1.818539E+02  4.00724E+01  5.1598E-02  1.3089E-01  1.3093E-01  2.6182E-01  1.146E-01  6.818E-03
1.944018E+02  4.00653E+01  4.5290E-02  1.0747E-01  1.2645E-01  2.3392E-01  9.402E-02  6.378E-03
2.078156E+02  4.00588E+01  3.9755E-02  8.8246E-02  1.2222E-01  2.1047E-01  7.715E-02  5.966E-03
2.221548E+02  4.00530E+01  3.4897E-02  7.2464E-02  1.1821E-01  1.9067E-01  6.330E-02  5.581E-03
2.374835E+02  4.00477E+01  3.0634E-02  5.9506E-02  1.1439E-01  1.7390E-01  5.194E-02  5.221E-03
2.538699E+02  4.00428E+01  2.6893E-02  4.8867E-02  1.1073E-01  1.5960E-01  4.262E-02  4.884E-03
2.713869E+02  4.00385E+01  2.3609E-02  4.0131E-02  1.0722E-01  1.4735E-01  3.497E-02  4.569E-03
2.901126E+02  4.00346E+01  2.0727E-02  3.2959E-02  1.0384E-01  1.3680E-01  2.869E-02  4.274E-03
3.101304E+02  4.00310E+01  1.8198E-02  2.7069E-02  1.0057E-01  1.2764E-01  2.354E-02  3.998E-03
3.315294E+02  4.00278E+01  1.5978E-02  2.2232E-02  9.7404E-02  1.1964E-01  1.932E-02  3.740E-03
3.544049E+02  4.00249E+01  1.4029E-02  1.8260E-02  9.4330E-02  1.1259E-01  1.585E-02  3.498E-03
3.788588E+02  4.00223E+01  1.2318E-02  1.4998E-02  9.1338E-02  1.0634E-01  1.300E-02  3.273E-03
4.050001E+02  4.00200E+01  1.0816E-02  1.2319E-02  8.8421E-02  1.0074E-01  1.067E-02  3.061E-03
4.329451E+02  4.00179E+01  9.4972E-03  1.0119E-02  8.5572E-02  9.5691E-02  8.755E-03  2.864E-03


